0.220	13.979	18.204
2.219	13.985	18.307
4.219	13.975	17.910
6.219	13.979	17.802
8.219	13.975	18.060
10.219	13.969	18.017
12.219	13.972	18.009
14.219	13.941	17.956
16.219	13.988	18.416
18.219	14.000	18.532
20.219	13.966	18.138
22.219	13.945	18.058
24.219	14.057	18.135
26.219	14.033	18.178
28.219	14.039	18.170
30.219	14.048	18.181
32.219	13.961	18.081
34.219	14.031	18.216
36.219	14.052	18.210
38.219	14.049	18.273
40.219	14.049	18.062
42.219	14.046	19.751
44.219	14.049	18.168
46.219	14.048	18.112
48.219	14.036	18.048
50.219	14.037	18.033
52.219	14.038	18.034
54.219	14.043	18.027
56.219	14.059	18.042
58.219	14.059	18.109
60.219	14.065	18.120
62.219	14.056	18.098
64.219	14.053	18.129
66.219	14.059	18.106
68.219	14.055	18.143
70.219	14.062	18.150
72.219	14.069	18.184
74.219	14.072	18.202
76.219	14.076	18.136
78.219	14.067	18.153
80.219	14.063	18.052
82.219	14.069	18.048
84.219	14.069	18.057
86.219	14.073	17.928
88.219	14.073	17.920
90.219	14.062	17.899
92.219	14.068	17.860
94.219	14.060	17.853
96.219	14.065	17.870
98.219	14.067	17.852
100.219	14.060	17.878
102.219	14.061	17.886
104.219	14.066	17.905
106.219	14.064	18.862
108.219	14.058	20.544
110.219	14.059	19.454
112.219	14.073	20.447
114.219	14.072	20.674
116.219	14.069	20.816
118.219	14.067	20.785
120.219	14.070	20.783
122.219	14.055	20.768
124.219	14.055	20.755
126.219	14.059	20.766
128.219	14.054	20.760
130.219	14.065	20.766
132.219	14.065	20.774
134.219	14.074	20.782
136.219	14.069	20.785
138.219	14.063	20.775
140.219	14.065	20.776
142.219	14.066	20.773
144.219	14.054	20.756
146.219	14.056	20.766
148.219	14.058	20.771
150.219	14.050	20.747
152.219	14.053	20.759
154.219	14.049	20.751
156.219	14.050	20.755
158.219	14.052	20.753
160.219	14.049	20.749
162.219	14.052	20.758
164.219	14.038	20.737
166.219	14.043	20.743
168.219	14.052	20.749
170.219	14.059	20.763
172.219	14.054	20.763
174.219	14.050	20.750
176.219	14.051	20.748
178.219	14.056	20.812
180.219	14.054	20.818
182.219	14.054	20.794
184.219	14.059	20.811
186.219	14.060	20.804
188.219	14.058	20.811
190.219	14.053	20.788
192.219	14.052	20.772
194.219	14.035	20.708
196.219	14.039	20.758
198.219	14.046	20.800
200.219	14.045	20.788
202.219	14.036	20.746
204.219	14.040	20.861
206.219	14.043	20.907
208.219	14.042	20.901
210.219	14.042	20.921
212.219	14.038	20.898
214.219	14.043	20.887
216.219	14.054	20.951
218.219	14.043	20.895
220.219	14.039	20.738
222.219	14.047	20.761
224.219	14.045	20.768
226.219	14.040	20.760
228.219	14.044	20.677
230.219	14.041	20.467
232.219	14.052	20.520
234.219	14.043	20.502
236.219	14.045	20.231
238.219	14.046	20.178
240.219	14.055	20.182
242.219	14.062	20.236
244.219	14.054	19.901
246.219	14.044	19.812
248.219	14.057	19.883
250.219	14.056	20.003
252.219	14.051	19.895
254.219	14.058	20.171
256.219	14.050	19.180
258.219	14.053	19.215
260.219	14.052	19.283
262.219	14.049	19.636
264.219	14.058	20.293
266.219	14.053	20.265
268.219	14.048	20.224
270.219	14.048	20.289
272.219	14.046	20.242
274.219	14.047	20.251
276.219	14.052	20.171
278.219	14.055	20.388
280.219	14.055	20.401
282.219	14.052	20.340
284.219	14.053	20.235
286.219	14.049	20.207
288.219	14.038	20.229
290.219	14.033	21.291
292.219	14.042	21.944
294.219	14.043	22.492
296.219	14.044	22.512
298.219	14.040	22.544
300.219	14.043	22.507
302.219	14.054	22.497
304.219	14.055	22.483
306.219	14.056	22.675
308.219	14.055	22.730
310.219	14.052	22.810
312.219	14.050	22.846
314.219	14.055	22.849
316.219	14.052	22.784
318.219	14.055	22.656
320.219	14.060	22.744
322.219	14.055	22.764
324.219	14.053	22.755
326.219	14.061	22.724
328.219	14.054	22.679
330.219	14.047	22.483
332.219	14.038	22.452
334.219	14.036	22.378
336.219	14.029	22.197
338.219	14.026	22.177
340.219	13.991	21.905
342.219	14.020	21.882
344.219	14.023	21.833
346.219	14.024	21.869
348.219	14.023	21.916
350.219	14.025	21.821
352.219	14.017	21.725
354.219	14.027	22.036
356.219	14.041	22.131
358.219	14.043	22.112
360.219	14.034	22.146
362.219	14.037	22.097
364.219	14.043	22.099
366.219	14.037	22.086
368.219	14.039	22.318
370.219	14.033	23.912
372.219	14.022	23.872
374.219	14.025	23.854
376.219	14.024	23.867
378.219	14.028	23.887
380.219	14.036	24.048
382.219	14.050	24.213
384.219	14.050	24.138
386.219	14.059	24.273
388.219	14.057	24.164
390.219	14.053	24.154
392.219	14.054	24.159
394.219	14.049	24.135
396.219	14.047	24.143
398.219	14.042	24.125
400.219	14.047	24.216
402.219	14.042	24.230
404.219	14.046	24.281
406.219	14.047	24.336
408.219	14.041	24.245
410.219	14.047	24.249
412.219	14.052	24.281
414.219	14.047	24.226
416.219	14.046	24.245
418.219	14.037	24.077
420.219	14.034	24.044
422.219	14.037	24.069
424.219	14.043	23.792
426.219	14.037	23.777
428.219	14.035	23.795
430.219	14.048	23.820
432.219	14.054	23.828
434.219	14.043	23.678
436.219	14.042	23.671
438.219	14.054	23.695
440.219	14.049	23.669
442.219	14.049	23.678
444.219	14.059	23.663
446.219	14.055	23.689
448.219	14.058	23.626
450.219	14.053	24.208
452.219	14.050	24.882
454.219	14.047	25.019
456.219	14.042	25.003
458.219	14.043	25.010
460.219	14.046	25.036
462.219	14.054	25.037
464.219	14.052	25.228
466.219	14.046	25.221
468.219	14.039	25.224
470.219	14.034	25.227
472.219	14.053	25.197
474.219	14.043	25.286
476.219	14.044	25.275
478.219	14.038	25.307
480.219	14.036	25.271
482.219	14.046	25.266
484.219	14.047	25.274
486.219	14.046	25.293
488.219	14.044	25.278
490.219	14.046	25.286
492.219	14.053	25.303
494.219	14.055	25.302
496.219	14.050	25.179
498.219	14.046	25.109
500.219	14.038	25.104
502.219	14.046	24.971
504.219	14.046	24.917
506.219	14.046	24.941
508.219	14.057	24.955
510.219	14.053	24.956
512.219	14.057	24.812
514.219	14.053	24.809
516.219	14.051	24.829
518.219	14.029	24.761
520.219	14.035	24.777
522.219	14.039	24.844
524.219	14.035	24.778
526.219	14.033	24.774
528.219	14.035	25.389
530.219	14.034	26.053
532.219	14.041	26.049
534.219	14.049	26.031
536.219	14.049	26.043
538.219	14.045	26.030
540.219	14.048	26.036
542.219	14.042	26.032
544.219	14.043	26.023
546.219	14.037	26.015
548.219	14.044	26.063
550.219	14.040	26.128
552.219	14.042	26.112
554.219	14.036	26.185
556.219	14.039	26.212
558.219	14.046	26.225
560.219	14.053	26.275
562.219	14.058	26.258
564.219	14.059	26.187
566.219	14.055	26.135
568.219	14.057	26.148
570.219	14.049	25.993
572.219	14.047	26.006
574.219	14.049	25.991
576.219	14.046	25.965
578.219	14.052	25.881
580.219	14.050	25.878
582.219	14.050	25.874
584.219	14.068	25.925
586.219	14.062	25.936
588.219	14.059	25.917
590.219	14.062	26.389
592.219	14.055	26.753
594.219	14.053	26.796
596.219	14.057	26.765
598.219	14.055	26.764
600.219	14.064	26.786
602.219	14.060	26.782
604.219	14.055	26.777
606.219	14.065	26.770
608.219	14.057	26.852
610.219	14.054	26.844
612.219	14.053	26.843
614.219	14.046	26.880
616.219	14.050	26.885
618.219	14.049	26.876
620.219	14.051	26.865
622.219	14.056	26.892
624.219	14.048	26.843
626.219	14.049	26.779
628.219	14.044	26.783
630.219	14.044	26.725
632.219	14.045	26.651
634.219	14.044	26.640
636.219	14.048	26.556
638.219	14.051	26.619
640.219	14.045	26.582
642.219	14.046	26.578
644.219	14.051	26.621
646.219	14.051	26.605
648.219	14.060	26.722
650.219	14.064	27.420
652.219	14.071	27.337
654.219	14.067	27.346
656.219	14.070	27.351
658.219	14.070	27.345
660.219	14.067	27.349
662.219	14.061	27.347
664.219	14.059	27.330
666.219	14.062	27.336
668.219	14.070	27.355
670.219	14.069	27.376
672.219	14.064	27.379
674.219	14.057	27.431
676.219	14.055	27.425
678.219	14.051	27.412
680.219	14.050	27.422
682.219	14.050	27.407
684.219	14.053	27.418
686.219	14.053	27.366
688.219	14.054	27.338
690.219	14.050	27.263
692.219	14.060	27.262
694.219	14.060	27.202
696.219	14.063	27.187
698.219	14.061	27.234
700.219	14.064	27.299
702.219	14.058	27.831
704.219	14.055	27.737
706.219	14.065	27.756
708.219	14.066	27.765
710.219	14.046	27.714
712.219	14.045	27.724
714.219	14.043	27.720
716.219	14.031	27.716
718.219	14.037	27.743
720.219	14.042	27.784
722.219	14.040	27.787
724.219	14.036	27.789
726.219	14.039	27.773
728.219	14.037	27.767
730.219	14.041	27.739
732.219	14.041	27.703
734.219	14.043	27.667
736.219	14.045	27.680
738.219	14.041	27.647
740.219	14.045	27.636
742.219	14.052	27.666
744.219	14.045	27.651
746.219	14.043	27.940
748.219	14.031	28.087
750.219	14.040	28.072
752.219	14.056	28.111
754.219	14.053	28.111
756.219	14.054	28.105
758.219	14.058	28.111
760.219	14.060	28.161
762.219	14.061	28.162
764.219	14.065	28.165
766.219	14.069	28.174
768.219	14.058	28.123
770.219	14.055	28.117
772.219	14.062	28.119
774.219	14.047	28.136
776.219	14.044	28.118
778.219	14.045	28.156
780.219	14.036	28.148
782.219	14.043	28.156
784.219	14.044	28.168
786.219	14.038	28.125
788.219	14.048	28.135
790.219	14.047	28.082
792.219	14.039	28.057
794.219	14.043	28.008
796.219	14.046	28.004
798.219	14.046	28.014
800.219	14.047	28.249
802.219	14.037	28.453
804.219	14.026	28.362
806.219	14.033	28.390
808.219	14.027	28.379
810.219	14.038	28.382
812.219	14.037	28.426
814.219	14.046	28.429
816.219	14.034	28.452
818.219	14.035	28.450
820.219	14.041	28.478
822.219	14.037	28.476
824.219	14.030	28.474
826.219	14.031	28.439
828.219	14.034	28.411
830.219	14.026	28.385
832.219	14.027	28.378
834.219	14.026	28.356
836.219	14.025	28.325
838.219	14.032	28.347
840.219	14.040	28.458
842.219	14.038	28.888
844.219	14.032	29.168
846.219	14.033	29.179
848.219	14.032	29.238
850.219	14.038	29.333
852.219	14.034	29.339
854.219	14.039	29.336
856.219	14.041	29.347
858.219	14.041	29.346
860.219	14.040	29.341
862.219	14.040	29.358
864.219	14.037	29.331
866.219	14.022	29.327
868.219	14.028	29.321
870.219	14.027	29.331
872.219	14.029	29.348
874.219	14.029	29.372
876.219	14.041	29.395
878.219	14.033	29.391
880.219	14.033	29.382
882.219	14.038	29.373
884.219	14.043	29.389
886.219	14.053	29.387
888.219	14.047	29.368
890.219	14.048	29.360
892.219	14.045	29.352
894.219	14.003	29.232
896.219	14.036	29.313
898.219	14.036	29.445
900.219	14.033	29.625
902.219	14.024	29.808
904.219	14.027	29.835
906.219	14.029	29.844
908.219	14.029	29.845
910.219	14.032	29.842
912.219	14.032	29.852
914.219	14.029	29.843
916.219	14.034	29.852
918.219	14.027	29.845
920.219	14.011	29.815
922.219	14.020	29.825
924.219	14.015	29.825
926.219	14.016	29.826
928.219	14.011	29.833
930.219	14.015	29.824
932.219	14.012	29.825
934.219	14.019	29.836
936.219	14.025	29.842
938.219	14.021	29.836
940.219	14.023	29.832
942.219	14.027	29.865
944.219	14.023	29.856
946.219	14.020	29.839
948.219	14.016	29.842
950.219	14.017	29.823
952.219	14.031	29.853
954.219	14.027	29.837
956.219	14.026	29.827
958.219	14.031	29.846
960.219	14.024	29.825
962.219	14.033	29.850
964.219	14.033	29.928
966.219	14.027	30.050
968.219	14.021	30.133
970.219	14.015	30.124
972.219	14.019	30.133
974.219	14.015	30.123
976.219	14.012	30.118
978.219	14.022	30.129
980.219	14.026	30.149
982.219	14.017	30.125
984.219	14.014	30.135
986.219	14.008	30.128
988.219	14.020	30.150
990.219	14.032	30.184
992.219	14.030	30.164
994.219	14.028	30.173
996.219	14.040	30.170
998.219	14.049	30.211
1000.219	14.047	30.204
1002.219	14.044	30.197
1004.219	14.045	30.198
1006.219	14.035	30.173
1008.219	14.012	30.134
1010.219	14.021	30.177
1012.219	14.015	30.208
1014.219	14.021	30.313
1016.219	14.028	30.363
1018.219	14.036	30.393
1020.219	14.027	30.372
1022.219	14.022	30.352
1024.219	14.020	30.350
1026.219	14.030	30.370
1028.219	14.047	30.405
1030.219	14.044	30.400
1032.219	14.036	30.390
1034.219	14.035	30.382
1036.219	14.026	30.381
1038.219	14.025	30.368
1040.219	14.027	30.395
1042.219	14.022	30.366
1044.219	14.018	30.361
1046.219	14.026	30.372
1048.219	14.033	30.384
1050.219	14.027	30.385
1052.219	14.023	30.363
1054.219	14.023	30.360
1056.219	14.019	30.424
1058.219	14.027	30.518
1060.219	14.037	30.531
1062.219	14.025	30.512
1064.219	14.026	30.518
1066.219	14.025	30.519
1068.219	13.971	30.423
1070.219	14.017	30.500
1072.219	14.020	30.508
1074.219	14.014	30.488
1076.219	14.010	30.485
1078.219	14.008	30.475
1080.219	14.012	30.486
1082.219	14.017	30.505
1084.219	14.018	30.491
1086.219	14.018	30.497
1088.219	14.031	30.533
1090.219	14.025	30.526
1092.219	14.027	30.528
1094.219	14.025	30.531
1096.219	14.030	30.547
1098.219	14.034	30.541
1100.219	14.027	30.531
1102.219	14.032	30.534
1104.219	14.029	30.532
1106.219	14.016	30.491
1108.219	14.020	30.505
1110.219	14.027	30.563
1112.219	14.013	30.596
1114.219	14.022	30.617
1116.219	14.010	30.588
1118.219	14.023	30.603
1120.219	14.028	30.627
1122.219	14.026	30.618
1124.219	14.023	30.611
1126.219	14.028	30.631
1128.219	14.024	30.618
1130.219	14.021	30.620
1132.219	14.019	30.612
1134.219	14.029	30.633
1136.219	14.027	30.633
1138.219	14.030	30.638
1140.219	14.031	30.643
1142.219	14.025	30.641
1144.219	14.021	30.623
1146.219	14.031	30.647
1148.219	14.023	30.623
1150.219	14.032	30.643
1152.219	14.032	30.635
1154.219	14.028	30.627
1156.219	14.030	30.652
1158.219	14.029	30.673
1160.219	14.019	30.668
1162.219	14.026	30.678
1164.219	14.026	30.694
1166.219	14.027	30.687
1168.219	14.026	30.692
1170.219	14.018	30.675
1172.219	14.021	30.683
1174.219	14.019	30.678
1176.219	14.014	30.660
1178.219	14.023	30.674
1180.219	14.022	30.684
1182.219	14.024	30.682
1184.219	14.021	30.673
1186.219	14.027	30.686
1188.219	14.032	30.702
1190.219	14.023	30.694
1192.219	14.024	30.683
1194.219	14.030	30.704
1196.219	14.027	30.698
1198.219	14.029	30.705
1200.219	14.028	30.702
1202.219	14.026	30.706
1204.219	14.036	30.725
1206.219	14.039	30.726
1208.219	14.038	30.733
1210.219	14.041	30.728
1212.219	14.039	30.729
1214.219	14.035	30.718
1216.219	14.036	30.725
1218.219	14.033	30.715
1220.219	14.040	30.721
1222.219	14.037	30.722
1224.219	14.037	30.734
1226.219	14.031	30.736
1228.219	14.036	30.749
1230.219	14.035	30.747
1232.219	14.030	30.744
1234.219	14.033	30.743
1236.219	14.027	30.737
1238.219	14.026	30.731
1240.219	14.027	30.739
1242.219	14.021	30.708
1244.219	14.023	30.721
1246.219	14.023	30.722
1248.219	13.994	30.617
1250.219	14.020	30.721
1252.219	14.021	30.725
1254.219	14.019	30.724
1256.219	14.016	30.724
1258.219	14.019	30.730
1260.219	14.016	30.726
1262.219	14.023	30.737
1264.219	14.022	30.741
1266.219	14.018	30.731
1268.219	14.013	30.717
1270.219	14.011	30.716
1272.219	14.012	30.721
1274.219	14.017	30.715
1276.219	14.014	30.717
1278.219	14.010	30.705
1280.219	14.014	30.702
1282.219	14.003	30.687
1284.219	14.008	30.686
1286.219	13.999	30.685
1288.219	14.010	30.702
1290.219	14.023	30.730
1292.219	14.021	30.744
1294.219	14.015	30.723
1296.219	14.162	30.970
1298.219	14.180	31.084
1300.219	14.177	31.072
1302.219	14.184	31.096
1304.219	14.184	31.095
1306.219	14.193	31.115
1308.219	14.189	31.099
1310.219	14.184	31.098
1312.219	14.182	31.082
1314.219	14.194	31.102
1316.219	14.180	31.079
1318.219	14.196	31.109
1320.219	14.188	31.106
1322.219	14.190	31.104
1324.219	14.193	31.122
1326.219	14.204	31.140
1328.219	14.203	31.156
1330.219	14.202	31.145
1332.219	14.201	31.141
1334.219	14.203	31.151
1336.219	14.193	31.127
1338.219	14.194	31.121
1340.219	14.193	31.136
1342.219	14.192	31.123
1344.219	14.195	31.125
1346.219	14.187	31.120
1348.219	14.184	31.101
1350.219	14.205	31.131
1352.219	14.199	31.132
1354.219	14.187	31.096
1356.219	14.189	31.106
1358.219	14.184	31.091
1360.219	14.190	31.105
1362.219	14.191	31.106
1364.219	14.195	31.120
1366.219	14.199	31.124
1368.219	14.202	31.129
1370.219	14.202	31.127
1372.219	14.205	31.128
1374.219	14.204	31.080
1376.219	14.206	31.137
1378.219	14.215	31.023
1380.219	14.220	31.004
1382.219	14.220	31.005
1384.219	14.210	30.978
1386.219	14.212	30.981
1388.219	14.208	30.980
1390.219	14.206	30.965
1392.219	14.197	30.948
1394.219	14.206	30.970
1396.219	14.207	30.969
1398.219	14.207	30.970
1400.219	14.203	30.959
1402.219	14.192	30.944
1404.219	14.195	30.931
1406.219	14.194	30.938
1408.219	14.196	30.922
1410.219	14.203	30.933
1412.219	14.243	30.996
1414.219	14.246	31.038
1416.219	14.233	31.009
1418.219	14.228	30.889
1420.219	14.223	30.634
1422.219	14.222	30.614
1424.219	14.217	30.661
1426.219	14.215	30.669
1428.219	14.214	30.626
1430.219	14.202	30.524
1432.219	14.205	30.574
1434.219	14.204	30.528
1436.219	14.200	30.548
1438.219	14.195	30.514
1440.219	14.200	30.050
1442.219	14.203	30.083
1444.219	14.208	25.033
1446.219	14.212	20.841
1448.219	14.201	20.838
1450.219	14.197	21.062
1452.219	14.202	20.336
1454.219	14.202	20.266
1456.219	14.202	21.151
1458.219	14.196	25.776
1460.219	14.193	28.321
1462.219	14.207	28.625
1464.219	14.207	28.841
1466.219	14.213	29.086
1468.219	14.221	29.190
1470.219	14.217	20.486
1472.219	14.225	20.435
1474.219	14.220	20.850
1476.219	14.220	20.977
1478.219	14.217	20.900
1480.219	14.218	20.655
1482.219	14.220	21.023
1484.219	14.213	20.840
1486.219	14.225	20.853
1488.219	14.229	20.922
1490.219	14.231	20.947
1492.219	14.230	20.961
1494.219	14.222	20.958
1496.219	14.221	20.955
1498.219	14.222	20.958
1500.219	14.225	20.961
1502.219	14.219	20.966
1504.219	14.218	21.018
1506.219	14.215	20.959
1508.219	14.215	20.604
1510.219	14.212	20.596
1512.219	14.211	20.496
1514.219	14.199	20.241
1516.219	14.198	20.406
1518.219	14.199	20.394
1520.219	14.201	20.385
1522.219	14.203	20.388
1524.219	14.208	20.376
1526.219	14.210	20.411
1528.219	14.219	20.426
1530.219	14.212	20.365
1532.219	14.212	20.468
1534.219	14.219	20.463
1536.219	14.210	20.527
1538.219	14.205	20.521
1540.219	14.198	20.513
1542.219	14.192	20.519
1544.219	14.199	20.521
1546.219	14.202	20.558
1548.219	14.204	20.595
1550.219	14.200	20.600
1552.219	14.200	20.591
1554.219	14.198	20.570
1556.219	14.201	20.562
1558.219	14.197	20.552
1560.219	14.196	20.697
1562.219	14.197	20.667
1564.219	14.206	20.588
1566.219	14.207	20.496
1568.219	14.212	19.820
1570.219	14.173	19.871
1572.219	14.193	20.023
1574.219	14.192	20.028
1576.219	14.180	20.010
1578.219	14.182	20.015
1580.219	14.179	20.018
1582.219	14.184	20.026
1584.219	14.177	20.011
1586.219	14.175	20.008
1588.219	14.174	20.053
1590.219	14.178	20.040
1592.219	14.180	20.029
1594.219	14.175	20.040
1596.219	14.171	20.078
1598.219	14.172	20.093
1600.219	14.171	20.080
1602.219	14.172	20.010
1604.219	14.172	20.055
1606.219	14.173	20.123
1608.219	14.165	20.064
1610.219	14.167	20.020
1612.219	14.183	19.988
1614.219	14.190	20.037
1616.219	14.196	20.045
1618.219	14.189	20.037
1620.219	14.186	20.041
1622.219	14.184	20.037
1624.219	14.181	20.055
1626.219	14.181	20.090
1628.219	14.180	20.135
1630.219	14.180	20.379
1632.219	14.187	20.570
1634.219	14.184	20.570
1636.219	14.187	20.569
1638.219	14.189	20.573
1640.219	14.190	20.575
1642.219	14.194	20.943
1644.219	14.201	20.906
1646.219	14.197	20.919
1648.219	14.192	20.735
1650.219	14.182	20.512
1652.219	14.194	20.575
1654.219	14.191	20.588
1656.219	14.187	20.517
1658.219	14.195	21.308
1660.219	14.190	22.793
1662.219	14.181	22.402
1664.219	14.179	22.150
1666.219	14.179	21.986
1668.219	14.180	21.838
1670.219	14.176	21.318
1672.219	14.176	21.078
1674.219	14.179	21.130
1676.219	14.175	20.396
1678.219	14.174	20.428
1680.219	14.163	20.408
1682.219	14.180	20.460
1684.219	14.177	20.439
1686.219	14.168	20.435
1688.219	14.174	20.439
1690.219	14.181	20.457
1692.219	14.186	20.465
1694.219	14.165	20.475
1696.219	14.176	20.535
1698.219	14.176	20.671
1700.219	14.179	20.686
1702.219	14.178	20.439
1704.219	14.184	20.487
1706.219	14.182	20.486
1708.219	14.181	20.510
1710.219	14.162	20.615
1712.219	14.178	20.834
1714.219	14.184	20.890
1716.219	14.177	20.886
1718.219	14.180	20.891
1720.219	14.168	20.876
1722.219	14.164	20.863
1724.219	14.167	20.872
1726.219	14.168	20.874
1728.219	14.171	20.877
1730.219	14.170	20.873
1732.219	14.168	20.869
1734.219	14.174	20.883
1736.219	14.175	20.883
1738.219	14.180	20.882
1740.219	14.178	20.891
1742.219	14.165	20.867
1744.219	14.177	20.893
1746.219	14.143	20.803
1748.219	14.157	20.889
1750.219	14.157	20.916
1752.219	14.158	20.903
1754.219	14.159	20.903
1756.219	14.163	20.897
1758.219	14.156	20.887
1760.219	14.157	20.857
1762.219	14.152	20.848
1764.219	14.152	20.790
1766.219	14.162	20.814
1768.219	14.163	20.816
1770.219	14.159	20.819
1772.219	14.166	20.812
1774.219	14.168	20.654
1776.219	14.168	20.652
1778.219	14.167	20.573
1780.219	14.167	20.575
1782.219	14.168	20.519
1784.219	14.174	20.502
1786.219	14.165	20.494
1788.219	14.161	20.493
1790.219	14.165	20.360
1792.219	14.177	20.399
1794.219	14.181	19.998
1796.219	14.179	20.128
1798.219	14.178	20.824
1800.219	14.172	20.074
1802.219	14.174	20.271
1804.219	14.166	20.309
1806.219	14.176	20.336
1808.219	14.167	20.329
1810.219	14.179	20.433
1812.219	14.176	20.466
1814.219	14.182	20.452
1816.219	14.185	20.532
1818.219	14.182	20.602
1820.219	14.188	20.625
1822.219	14.181	20.583
1824.219	14.184	20.793
1826.219	14.188	20.776
1828.219	14.182	20.766
1830.219	14.183	20.797
1832.219	14.187	20.790
1834.219	14.182	20.574
1836.219	14.187	21.347
1838.219	14.187	21.437
1840.219	14.186	21.718
1842.219	14.195	21.726
1844.219	14.192	21.684
1846.219	14.196	21.995
1848.219	14.199	22.404
1850.219	14.194	22.619
1852.219	14.194	22.579
1854.219	14.195	22.615
1856.219	14.197	22.659
1858.219	14.192	21.019
1860.219	14.186	20.159
1862.219	14.187	20.096
1864.219	14.190	20.106
1866.219	14.184	20.159
1868.219	14.181	20.502
1870.219	14.182	20.586
1872.219	14.178	20.212
1874.219	14.179	20.262
1876.219	14.178	20.291
1878.219	14.178	20.226
1880.219	14.181	20.272
1882.219	14.178	20.526
1884.219	14.178	20.589
1886.219	14.174	20.348
1888.219	14.175	20.482
1890.219	14.171	20.521
1892.219	14.173	20.506
1894.219	14.172	20.507
1896.219	14.169	20.709
1898.219	14.170	20.752
1900.219	14.179	20.849
1902.219	14.179	20.559
1904.219	14.169	20.593
1906.219	14.178	20.648
1908.219	14.180	20.662
1910.219	14.178	20.671
1912.219	14.169	20.694
1914.219	14.178	20.817
1916.219	14.179	20.875
1918.219	14.179	20.867
1920.219	14.179	20.862
1922.219	14.175	20.659
1924.219	14.174	20.751
1926.219	14.175	20.833
1928.219	14.176	20.979
1930.219	14.168	20.775
1932.219	14.166	20.808
1934.219	14.169	20.707
1936.219	14.164	20.710
1938.219	14.167	20.373
1940.219	14.170	20.195
1942.219	14.115	20.280
1944.219	14.152	20.391
1946.219	14.150	20.456
1948.219	14.145	20.441
1950.219	14.142	20.443
1952.219	14.147	20.455
1954.219	14.150	20.466
1956.219	14.153	20.376
1958.219	14.153	20.326
1960.219	14.153	20.315
1962.219	14.152	20.424
1964.219	14.151	20.364
1966.219	14.158	21.046
1968.219	14.153	23.142
1970.219	14.148	23.171
1972.219	14.151	23.242
1974.219	14.151	23.966
1976.219	14.154	24.048
1978.219	14.150	22.036
1980.219	14.159	22.468
1982.219	14.153	22.346
1984.219	14.161	22.349
1986.219	14.161	22.369
1988.219	14.159	22.311
1990.219	14.155	22.344
1992.219	14.155	22.344
1994.219	14.157	22.796
1996.219	14.151	23.575
1998.219	14.159	23.561
2000.219	14.163	23.643
2002.219	14.164	23.541
2004.219	14.167	23.536
2006.219	14.165	22.529
2008.219	14.169	22.148
2010.219	14.165	22.176
2012.219	14.160	22.207
2014.219	14.158	22.169
2016.219	14.163	22.166
2018.219	14.154	22.167
2020.219	14.151	22.151
2022.219	14.152	22.214
2024.219	14.153	22.472
2026.219	14.152	22.249
2028.219	14.151	22.178
2030.219	14.152	22.177
2032.219	14.149	22.261
2034.219	14.147	22.338
2036.219	14.153	22.375
2038.219	14.156	22.356
2040.219	14.155	22.549
2042.219	14.149	22.572
2044.219	14.144	22.559
2046.219	14.144	22.648
2048.219	14.171	22.663
2050.219	14.161	22.794
2052.219	14.160	22.739
2054.219	14.155	22.629
2056.219	14.158	22.594
2058.219	14.159	22.592
2060.219	14.158	22.585
2062.219	14.154	22.544
2064.219	14.155	22.537
2066.219	14.146	22.407
2068.219	14.155	22.440
2070.219	14.162	22.540
2072.219	14.158	22.554
2074.219	14.160	22.472
2076.219	14.157	22.410
2078.219	14.154	22.402
2080.219	14.161	22.622
2082.219	14.154	23.487
2084.219	14.154	23.944
2086.219	14.157	23.905
2088.219	14.156	23.809
2090.219	14.160	23.805
2092.219	14.149	23.789
2094.219	14.140	23.747
2096.219	14.146	23.751
2098.219	14.148	23.762
2100.219	14.148	23.771
2102.219	14.148	23.868
2104.219	14.147	23.869
2106.219	14.135	23.826
2108.219	14.149	23.835
2110.219	14.139	23.983
2112.219	14.139	23.999
2114.219	14.143	23.984
2116.219	14.139	23.996
2118.219	14.144	24.165
2120.219	14.148	24.186
2122.219	14.158	24.160
2124.219	14.096	24.127
2126.219	14.139	24.144
2128.219	14.138	24.157
2130.219	14.132	24.233
2132.219	14.136	24.198
2134.219	14.136	24.176
2136.219	14.117	24.147
2138.219	14.134	24.123
2140.219	14.141	24.187
2142.219	14.146	24.194
2144.219	14.145	24.176
2146.219	14.148	24.072
2148.219	14.151	24.096
2150.219	14.149	24.067
2152.219	14.142	24.037
2154.219	14.138	24.052
2156.219	14.142	24.002
2158.219	14.138	23.887
2160.219	14.132	23.815
2162.219	14.135	23.810
2164.219	14.141	24.626
2166.219	14.145	24.988
2168.219	14.146	25.001
2170.219	14.146	25.003
2172.219	14.149	24.995
2174.219	14.145	24.973
2176.219	14.151	24.971
2178.219	14.141	24.940
2180.219	14.143	24.923
2182.219	14.149	24.947
2184.219	14.145	25.003
2186.219	14.153	25.008
2188.219	14.148	25.101
2190.219	14.143	25.086
2192.219	14.149	25.095
2194.219	14.153	25.086
2196.219	14.145	25.094
2198.219	14.154	24.981
2200.219	14.151	24.971
2202.219	14.168	24.974
2204.219	14.168	25.013
2206.219	14.177	25.023
2208.219	14.167	25.005
2210.219	14.166	25.004
2212.219	14.163	25.149
2214.219	14.172	24.988
2216.219	14.166	24.969
2218.219	14.159	24.954
2220.219	14.165	24.956
2222.219	14.160	24.956
2224.219	14.156	25.064
2226.219	14.151	25.151
2228.219	14.154	25.154
2230.219	14.149	25.147
2232.219	14.149	25.277
2234.219	14.157	25.323
2236.219	14.149	25.316
2238.219	14.148	25.292
2240.219	14.150	25.290
2242.219	14.151	25.330
2244.219	14.151	25.327
2246.219	14.163	25.290
2248.219	14.156	25.280
2250.219	14.150	25.266
2252.219	14.146	25.138
2254.219	14.143	25.141
2256.219	14.143	25.050
2258.219	14.148	25.069
2260.219	14.148	25.062
2262.219	14.150	25.364
2264.219	14.150	25.319
2266.219	14.150	25.966
2268.219	14.153	25.981
2270.219	14.147	25.971
2272.219	14.137	25.966
2274.219	14.141	25.961
2276.219	14.148	25.944
2278.219	14.151	25.954
2280.219	14.148	25.949
2282.219	14.156	26.024
2284.219	14.153	26.000
2286.219	14.150	26.003
2288.219	14.163	25.994
2290.219	14.163	26.117
2292.219	14.162	26.108
2294.219	14.158	26.107
2296.219	14.151	26.109
2298.219	14.142	26.170
2300.219	14.146	26.180
2302.219	14.150	26.215
2304.219	14.151	26.235
2306.219	14.156	26.200
2308.219	14.153	26.180
2310.219	14.147	26.082
2312.219	14.135	26.121
2314.219	14.144	26.097
2316.219	14.147	26.088
2318.219	14.144	26.017
2320.219	14.143	26.009
2322.219	14.146	26.002
2324.219	14.145	26.411
2326.219	14.143	26.721
2328.219	14.145	26.706
2330.219	14.154	26.714
2332.219	14.157	26.717
2334.219	14.154	26.725
2336.219	14.150	26.698
2338.219	14.155	26.772
2340.219	14.162	26.762
2342.219	14.151	26.738
2344.219	14.160	26.823
2346.219	14.171	26.832
2348.219	14.163	26.857
2350.219	14.157	26.910
2352.219	14.159	26.899
2354.219	14.165	26.930
2356.219	14.163	26.921
2358.219	14.159	26.884
2360.219	14.164	26.876
2362.219	14.170	26.879
2364.219	14.170	26.903
2366.219	14.170	26.877
2368.219	14.158	26.811
2370.219	14.177	26.812
2372.219	14.177	26.783
2374.219	14.167	26.778
2376.219	14.164	26.768
2378.219	14.163	27.149
2380.219	14.166	27.177
2382.219	14.170	27.252
2384.219	14.165	27.376
2386.219	14.157	27.305
2388.219	14.159	27.312
2390.219	14.161	27.310
2392.219	14.164	27.314
2394.219	14.169	27.379
2396.219	14.167	27.373
2398.219	14.164	27.380
2400.219	14.163	27.415
2402.219	14.174	27.431
2404.219	14.174	27.437
2406.219	14.172	27.469
2408.219	14.169	27.455
2410.219	14.167	27.442
2412.219	14.162	27.453
2414.219	14.165	27.509
2416.219	14.164	27.504
2418.219	14.166	27.483
2420.219	14.163	27.428
2422.219	14.165	27.426
2424.219	14.166	27.418
2426.219	14.166	27.400
2428.219	14.164	27.376
2430.219	14.171	27.383
2432.219	14.170	27.361
2434.219	14.166	27.342
2436.219	14.161	27.530
2438.219	14.156	27.666
2440.219	14.163	27.744
2442.219	14.164	27.739
2444.219	14.168	27.751
2446.219	14.163	27.742
2448.219	14.166	27.741
2450.219	14.161	27.751
2452.219	14.156	27.756
2454.219	14.159	27.785
2456.219	14.159	27.783
2458.219	14.165	27.800
2460.219	14.155	27.844
2462.219	14.160	27.839
2464.219	14.165	27.836
2466.219	14.157	27.856
2468.219	14.168	27.864
2470.219	14.177	27.867
2472.219	14.172	27.840
2474.219	14.175	27.845
2476.219	14.161	27.830
2478.219	14.161	27.785
2480.219	14.133	27.694
2482.219	14.142	27.743
2484.219	14.152	27.737
2486.219	14.143	27.716
2488.219	14.143	27.743
2490.219	14.156	28.025
2492.219	14.152	28.088
2494.219	14.152	28.087
2496.219	14.139	28.074
2498.219	14.135	28.059
2500.219	14.141	28.055
2502.219	14.145	28.077
2504.219	14.143	28.075
2506.219	14.141	28.087
2508.219	14.135	28.087
2510.219	14.140	28.105
2512.219	14.137	28.133
2514.219	14.135	28.131
2516.219	14.134	28.152
2518.219	14.133	28.172
2520.219	14.150	28.175
2522.219	14.174	28.227
2524.219	14.177	28.241
2526.219	14.169	28.214
2528.219	14.168	28.229
2530.219	14.170	28.234
2532.219	14.168	28.225
2534.219	14.168	28.224
2536.219	14.163	28.219
2538.219	14.171	28.196
2540.219	14.173	28.196
2542.219	14.180	28.199
2544.219	14.170	28.179
2546.219	14.171	28.166
2548.219	14.171	28.168
2550.219	14.170	28.136
2552.219	14.170	28.159
2554.219	14.169	28.144
2556.219	14.170	28.331
2558.219	14.179	28.611
2560.219	14.179	28.609
2562.219	14.174	28.538
2564.219	14.170	28.485
2566.219	14.166	28.487
2568.219	14.168	28.494
2570.219	14.168	28.488
2572.219	14.162	28.470
2574.219	14.158	28.462
2576.219	14.153	28.442
2578.219	14.150	28.451
2580.219	14.157	28.450
2582.219	14.163	28.510
2584.219	14.154	28.500
2586.219	14.152	28.489
2588.219	14.150	28.486
2590.219	14.147	28.476
2592.219	14.149	28.487
2594.219	14.147	28.486
2596.219	14.154	28.503
2598.219	14.173	28.536
2600.219	14.163	28.523
2602.219	14.154	28.519
2604.219	14.153	28.511
2606.219	14.145	28.497
2608.219	14.152	28.498
2610.219	14.154	28.496
2612.219	14.151	28.474
2614.219	14.156	28.475
2616.219	14.159	28.473
2618.219	14.158	28.469
2620.219	14.153	28.459
2622.219	14.158	28.484
2624.219	14.151	28.464
2626.219	14.151	28.473
2628.219	14.150	28.569
2630.219	14.148	28.661
2632.219	14.140	28.681
2634.219	14.148	28.689
2636.219	14.148	28.708
2638.219	14.161	28.719
2640.219	14.161	28.726
2642.219	14.155	28.720
2644.219	14.141	28.701
2646.219	14.145	28.709
2648.219	14.127	28.699
2650.219	14.127	28.668
2652.219	14.124	28.703
2654.219	14.128	28.703
2656.219	14.133	28.718
2658.219	14.135	28.725
2660.219	14.131	28.730
2662.219	14.137	28.732
2664.219	14.139	28.725
2666.219	14.137	28.709
2668.219	14.138	28.706
2670.219	14.136	28.683
2672.219	14.139	28.696
2674.219	14.136	28.683
2676.219	14.131	28.695
2678.219	14.133	28.697
2680.219	14.132	28.723
2682.219	14.127	28.881
2684.219	14.128	29.410
2686.219	14.138	29.590
2688.219	14.144	29.613
2690.219	14.137	29.599
2692.219	14.137	29.589
2694.219	14.142	29.592
2696.219	14.140	29.590
2698.219	14.143	29.609
2700.219	14.133	29.597
2702.219	14.138	29.595
2704.219	14.135	29.582
2706.219	14.144	29.617
2708.219	14.146	29.608
2710.219	14.144	29.612
2712.219	14.142	29.603
2714.219	14.139	29.603
2716.219	14.141	29.601
2718.219	14.138	29.589
2720.219	14.139	29.586
2722.219	14.142	29.597
2724.219	14.143	29.589
2726.219	14.142	29.591
2728.219	14.142	29.594
2730.219	14.141	29.591
2732.219	14.137	29.578
2734.219	14.130	29.569
2736.219	14.124	29.550
2738.219	14.131	29.558
2740.219	14.128	29.560
2742.219	14.132	29.567
2744.219	14.136	29.595
2746.219	14.136	29.694
2748.219	14.133	30.030
2750.219	14.139	30.048
2752.219	14.135	30.054
2754.219	14.161	30.097
2756.219	14.150	30.090
2758.219	14.140	30.060
2760.219	14.137	30.061
2762.219	14.134	30.044
2764.219	14.138	30.070
2766.219	14.132	30.052
2768.219	14.126	30.055
2770.219	14.115	30.009
2772.219	14.128	30.019
2774.219	14.128	30.022
2776.219	14.125	30.023
2778.219	14.121	30.037
2780.219	14.123	30.038
2782.219	14.129	30.052
2784.219	14.120	30.054
2786.219	14.129	30.054
2788.219	14.133	30.061
2790.219	14.131	30.066
2792.219	14.137	30.066
2794.219	14.159	30.099
2796.219	14.139	30.077
2798.219	14.139	30.079
2800.219	14.136	30.074
2802.219	14.132	30.068
2804.219	14.112	30.001
2806.219	14.117	30.034
2808.219	14.116	30.032
2810.219	14.123	30.038
2812.219	14.126	30.045
2814.219	14.128	30.048
2816.219	14.124	30.041
2818.219	14.123	30.042
2820.219	14.121	30.068
2822.219	14.114	30.319
2824.219	14.116	30.342
2826.219	14.124	30.352
2828.219	14.122	30.349
2830.219	14.117	30.342
2832.219	14.119	30.348
2834.219	14.120	30.346
2836.219	14.124	30.354
2838.219	14.126	30.364
2840.219	14.139	30.376
2842.219	14.141	30.391
2844.219	14.134	30.374
2846.219	14.136	30.371
2848.219	14.137	30.374
2850.219	14.136	30.379
2852.219	14.131	30.371
2854.219	14.139	30.379
2856.219	14.140	30.387
2858.219	14.144	30.395
2860.219	14.144	30.397
2862.219	14.142	30.392
2864.219	14.140	30.389
2866.219	14.134	30.378
2868.219	14.131	30.374
2870.219	14.111	30.340
2872.219	14.125	30.418
2874.219	14.130	30.626
2876.219	14.122	30.572
2878.219	14.143	30.590
2880.219	14.148	30.619
2882.219	14.140	30.596
2884.219	14.145	30.611
2886.219	14.140	30.604
2888.219	14.134	30.591
2890.219	14.132	30.579
2892.219	14.140	30.599
2894.219	14.159	30.612
2896.219	14.162	30.657
2898.219	14.168	30.643
2900.219	14.185	30.701
2902.219	14.161	30.648
2904.219	14.145	30.622
2906.219	14.146	30.610
2908.219	14.145	30.609
2910.219	14.145	30.607
2912.219	14.144	30.616
2914.219	14.137	30.632
2916.219	14.140	30.740
2918.219	14.137	30.740
2920.219	14.140	30.742
2922.219	14.145	30.757
2924.219	14.143	30.760
2926.219	14.139	30.758
2928.219	14.140	30.756
2930.219	14.135	30.757
2932.219	14.138	30.756
2934.219	14.133	30.747
2936.219	14.132	30.739
2938.219	14.137	30.758
2940.219	14.126	30.736
2942.219	14.117	30.771
2944.219	14.121	30.819
2946.219	14.123	30.825
2948.219	14.151	30.868
2950.219	14.141	30.864
2952.219	14.126	30.839
2954.219	14.136	30.839
2956.219	14.139	30.861
2958.219	14.138	30.850
2960.219	14.132	30.839
2962.219	14.136	30.852
2964.219	14.109	30.764
2966.219	14.112	30.802
2968.219	14.113	30.803
2970.219	14.114	30.794
2972.219	14.117	30.805
2974.219	14.136	30.826
2976.219	14.122	30.817
2978.219	14.112	30.817
2980.219	14.105	30.782
2982.219	14.117	30.807
2984.219	14.118	30.818
2986.219	14.122	30.819
2988.219	14.122	30.832
2990.219	14.129	30.852
2992.219	14.122	30.833
2994.219	14.113	30.823
2996.219	14.105	30.794
2998.219	14.115	30.807
3000.219	14.118	30.816
3002.219	14.122	30.824
3004.219	14.133	30.888
3006.219	14.138	30.907
3008.219	14.141	30.944
3010.219	14.143	30.935
3012.219	14.147	30.941
3014.219	14.147	30.946
3016.219	14.173	30.995
3018.219	14.179	31.026
3020.219	14.182	31.026
3022.219	14.176	31.026
3024.219	14.179	31.023
3026.219	14.178	31.029
3028.219	14.175	31.016
3030.219	14.177	31.021
3032.219	14.175	31.021
3034.219	14.185	31.033
3036.219	14.177	31.035
3038.219	14.175	31.032
3040.219	14.182	31.036
3042.219	14.185	31.040
3044.219	14.186	31.040
3046.219	14.176	31.028
3048.219	14.182	31.026
3050.219	14.178	31.015
3052.219	14.181	31.021
3054.219	14.175	31.018
3056.219	14.173	31.019
3058.219	14.185	31.053
3060.219	14.185	31.078
3062.219	14.185	31.073
3064.219	14.182	31.074
3066.219	14.183	31.065
3068.219	14.183	31.064
3070.219	14.182	31.074
3072.219	14.182	31.069
3074.219	14.182	31.067
3076.219	14.182	31.068
3078.219	14.186	31.076
3080.219	14.178	31.067
3082.219	14.175	31.066
3084.219	14.182	31.087
3086.219	14.179	31.081
3088.219	14.182	31.077
3090.219	14.186	31.093
3092.219	14.180	31.084
3094.219	14.183	31.075
3096.219	14.206	31.118
3098.219	14.201	31.120
3100.219	14.198	31.110
3102.219	14.203	31.122
3104.219	14.198	31.107
3106.219	14.194	31.123
3108.219	14.190	31.100
3110.219	14.186	31.105
3112.219	14.193	31.124
3114.219	14.185	31.102
3116.219	14.182	31.086
3118.219	14.189	31.100
3120.219	14.194	31.115
3122.219	14.186	31.107
3124.219	14.182	31.094
3126.219	14.184	31.094
3128.219	14.179	31.100
3130.219	14.153	31.053
3132.219	14.157	31.047
3134.219	14.166	31.058
3136.219	14.172	31.085
3138.219	14.170	31.084
3140.219	14.171	31.079
3142.219	14.162	31.061
3144.219	14.163	31.065
3146.219	14.165	31.059
3148.219	14.143	30.970
3150.219	14.158	31.046
3152.219	14.156	31.044
3154.219	14.150	31.030
3156.219	14.147	31.024
3158.219	14.139	31.008
3160.219	14.149	31.010
3162.219	14.147	31.020
3164.219	14.153	31.021
3166.219	14.162	31.044
3168.219	14.156	31.059
3170.219	14.160	31.045
3172.219	14.150	31.024
3174.219	14.154	31.028
3176.219	14.151	31.017
3178.219	14.157	31.033
3180.219	14.152	31.026
3182.219	14.153	31.028
3184.219	14.145	31.013
3186.219	14.142	31.002
3188.219	14.149	31.010
3190.219	14.148	31.006
3192.219	14.160	31.039
3194.219	14.159	31.029
3196.219	14.165	31.043
3198.219	14.165	31.040
3200.219	14.164	30.970
3202.219	14.168	30.615
3204.219	14.164	30.257
3206.219	14.168	28.811
3208.219	14.176	25.936
3210.219	14.174	25.930
3212.219	14.183	25.942
3214.219	14.182	25.953
3216.219	14.176	25.946
3218.219	14.173	25.935
3220.219	14.176	25.978
3222.219	14.176	26.022
3224.219	14.184	26.018
3226.219	14.179	26.411
3228.219	14.176	26.293
3230.219	14.167	26.697
3232.219	14.171	27.363
3234.219	14.173	27.176
3236.219	14.172	27.323
3238.219	14.166	27.349
3240.219	14.168	27.346
3242.219	14.168	27.158
3244.219	14.182	27.399
3246.219	14.174	26.464
3248.219	14.163	26.947
3250.219	14.163	26.932
3252.219	14.163	26.947
3254.219	14.159	26.945
3256.219	14.165	27.861
3258.219	14.178	27.748
3260.219	14.177	27.785
3262.219	14.177	27.804
3264.219	14.164	27.687
3266.219	14.152	27.499
3268.219	14.159	27.549
3270.219	14.151	27.224
3272.219	14.158	27.155
3274.219	14.158	27.050
3276.219	14.144	26.926
3278.219	14.147	0.066
3280.219	14.156	-0.046
3282.219	14.152	0.003
3284.219	14.158	-0.017
3286.219	14.159	-0.015
3288.219	14.175	-0.012
3290.219	14.173	-0.010
3292.219	14.153	-0.007
3294.219	14.165	-0.013
3296.219	14.163	-0.014
3298.219	14.157	-0.007
3300.219	14.152	-0.008
3302.219	14.160	-0.010
3304.219	14.154	-0.011
3306.219	14.154	-0.008
3308.219	14.154	-0.011
3310.219	14.154	-0.009
3312.219	14.148	-0.012
3314.219	14.146	-0.011
3316.219	14.147	-0.010
3318.219	14.151	-0.029
3320.219	14.145	0.005
3322.219	14.149	0.007
3324.219	14.151	0.006
3326.219	14.158	0.004
3328.219	14.150	0.003
3330.219	14.144	0.011
3332.219	14.119	0.006
3334.219	14.121	0.005
3336.219	14.122	0.002
3338.219	14.137	0.003
3340.219	14.128	-0.005
3342.219	14.127	0.006
3344.219	14.129	-0.018
3346.219	14.122	-0.016
3348.219	14.121	-0.007
3350.219	14.120	-0.017
3352.219	14.126	0.008
3354.219	14.130	0.004
3356.219	14.129	0.004
3358.219	14.123	0.007
3360.219	14.123	0.009
3362.219	14.122	0.007
3364.219	14.116	-0.017
3366.219	14.120	-0.004
3368.219	14.118	-0.001
3370.219	14.134	0.007
3372.219	14.139	0.007
3374.219	14.144	0.004
3376.219	14.146	0.009
3378.219	14.149	0.008
3380.219	14.144	-0.011
3382.219	14.143	-0.016
3384.219	14.150	-0.017
3386.219	14.145	-0.012
3388.219	14.149	-0.008
3390.219	14.142	-0.009
3392.219	14.159	-0.007
3394.219	14.148	-0.009
3396.219	14.151	-0.009
3398.219	14.150	-0.009
3400.219	14.145	0.000
3402.219	14.150	-0.007
3404.219	14.143	-0.008
3406.219	14.141	-0.031
3408.219	14.149	-0.014
3410.219	14.146	-0.016
3412.219	14.138	-0.021
3414.219	14.142	-0.028
3416.219	14.140	-0.030
3418.219	14.140	-0.024
3420.219	14.141	-0.019
3422.219	14.141	-0.027
3424.219	14.143	-0.027
3426.219	14.136	-0.029
3428.219	14.139	-0.036
3430.219	14.137	-0.031
3432.219	14.132	-0.019
3434.219	14.138	-0.054
3436.219	14.138	-0.057
3438.219	14.131	-0.069
3440.219	14.137	-0.068
3442.219	14.129	-0.067
3444.219	14.128	-0.061
3446.219	14.132	-0.067
3448.219	14.131	-0.047
3450.219	14.136	-0.040
3452.219	14.135	-0.036
3454.219	14.127	-0.037
3456.219	14.130	-0.036
3458.219	14.132	-0.030
3460.219	14.133	-0.035
3462.219	14.133	-0.034
3464.219	14.142	-0.032
3466.219	14.139	-0.029
3468.219	14.141	-0.032
3470.219	14.131	-0.032
3472.219	14.130	-0.036
3474.219	14.152	-0.032
3476.219	14.154	-0.036
3478.219	14.161	-0.030
3480.219	14.164	-0.032
3482.219	14.163	-0.032
3484.219	14.151	-0.031
3486.219	14.142	-0.039
3488.219	14.149	-0.037
3490.219	14.159	-0.034
3492.219	14.149	-0.036
3494.219	14.140	-0.036
3496.219	14.129	-0.036
3498.219	14.121	-0.034
3500.219	14.115	-0.034
3502.219	14.119	-0.028
3504.219	14.141	-0.032
3506.219	14.122	-0.028
3508.219	14.110	-0.031
3510.219	14.110	-0.029
3512.219	14.118	-0.029
3514.219	14.118	-0.027
3516.219	14.119	-0.031
3518.219	14.115	-0.031
3520.219	14.120	-0.024
3522.219	14.117	-0.027
3524.219	14.115	0.007
3526.219	14.121	-0.021
3528.219	14.116	-0.001
3530.219	14.112	0.005
3532.219	14.114	-0.009
3534.219	14.120	-0.014
3536.219	14.126	-0.001
3538.219	14.127	0.007
3540.219	14.127	0.009
3542.219	14.124	-0.002
3544.219	14.135	-0.018
3546.219	14.140	-0.026
3548.219	14.133	-0.022
3550.219	14.129	-0.017
3552.219	14.119	-0.027
3554.219	14.123	-0.023
3556.219	14.135	-0.029
3558.219	14.142	-0.019
3560.219	14.138	-0.026
3562.219	14.137	-0.026
3564.219	14.143	-0.032
3566.219	14.145	-0.029
3568.219	14.139	-0.019
3570.219	14.141	-0.019
3572.219	14.144	-0.016
3574.219	14.143	-0.017
3576.219	14.151	-0.022
3578.219	14.143	-0.022
3580.219	14.141	-0.018
3582.219	14.143	-0.020
3584.219	14.141	-0.025
3586.219	14.136	-0.019
3588.219	14.133	-0.028
3590.219	14.146	-0.028
3592.219	14.158	-0.013
3594.219	14.160	-0.018
3596.219	14.155	-0.017
3598.219	14.140	-0.009
3600.219	14.139	-0.009
3602.219	14.140	-0.012
3604.219	14.144	-0.007
3606.219	14.144	-0.011
3608.219	14.143	-0.005
3610.219	14.148	-0.009
3612.219	14.140	-0.011
3614.219	14.131	-0.008
3616.219	14.133	-0.011
3618.219	14.141	-0.011
3620.219	14.163	-0.006
3622.219	14.136	-0.013
3624.219	14.134	-0.007
3626.219	14.133	-0.004
3628.219	14.127	-0.016
3630.219	14.122	-0.009
3632.219	14.117	-0.008
3634.219	14.121	-0.011
3636.219	14.125	-0.009
3638.219	14.128	-0.011
3640.219	14.146	-0.010
3642.219	14.150	-0.008
3644.219	14.135	-0.016
3646.219	14.138	-0.026
3648.219	14.144	-0.019
3650.219	14.147	-0.021
3652.219	14.145	-0.008
3654.219	14.142	-0.004
3656.219	14.145	-0.009
3658.219	14.138	-0.009
3660.219	14.134	-0.009
3662.219	14.131	-0.008
3664.219	14.129	-0.014
3666.219	14.133	-0.012
3668.219	14.138	-0.017
3670.219	14.135	-0.011
3672.219	14.134	-0.011
3674.219	14.131	-0.012
3676.219	14.128	-0.008
3678.219	14.132	-0.005
3680.219	14.130	-0.007
3682.219	14.129	-0.013
3684.219	14.137	-0.014
3686.219	14.126	-0.012
3688.219	14.105	-0.011
3690.219	14.125	-0.012
3692.219	14.123	-0.013
3694.219	14.124	-0.013
3696.219	14.110	-0.015
3698.219	14.114	-0.009
3700.219	14.130	-0.009
3702.219	14.116	-0.016
3704.219	14.122	-0.009
3706.219	14.128	-0.007
3708.219	14.133	-0.010
3710.219	14.136	-0.012
3712.219	14.133	-0.009
3714.219	14.137	-0.011
3716.219	14.139	-0.009
3718.219	14.141	-0.003
3720.219	14.142	-0.016
3722.219	14.151	-0.002
3724.219	14.152	-0.009
3726.219	14.153	-0.008
3728.219	14.150	-0.010
3730.219	14.147	-0.007
3732.219	14.161	-0.008
3734.219	14.164	-0.011
3736.219	14.153	-0.004
3738.219	14.135	-0.009
3740.219	14.133	-0.010
3742.219	14.133	-0.006
3744.219	14.136	-0.009
3746.219	14.135	-0.007
3748.219	14.133	-0.007
3750.219	14.137	-0.020
3752.219	14.139	-0.005
3754.219	14.137	-0.005
3756.219	14.128	-0.003
3758.219	14.126	-0.002
3760.219	14.127	-0.005
3762.219	14.124	-0.005
3764.219	14.122	-0.007
3766.219	14.124	-0.006
3768.219	14.119	-0.004
3770.219	14.126	-0.004
3772.219	14.125	-0.002
3774.219	14.121	-0.004
3776.219	14.119	-0.002
3778.219	14.118	-0.007
3780.219	14.132	-0.004
3782.219	14.124	-0.000
3784.219	14.117	-0.002
3786.219	14.129	-0.002
3788.219	14.124	0.000
3790.219	14.128	-0.006
3792.219	14.130	-0.004
3794.219	14.122	-0.004
3796.219	14.121	-0.004
3798.219	14.123	-0.002
3800.219	14.115	-0.002
3802.219	14.126	-0.003
3804.219	14.122	-0.004
3806.219	14.112	-0.001
3808.219	14.112	-0.005
3810.219	14.141	-0.003
3812.219	14.120	-0.006
3814.219	14.122	-0.001
3816.219	14.137	-0.004
3818.219	14.140	-0.004
3820.219	14.138	-0.004
3822.219	14.137	-0.002
3824.219	14.138	0.001
3826.219	14.141	-0.007
3828.219	14.131	-0.003
3830.219	14.118	-0.001
3832.219	14.113	-0.006
3834.219	14.113	0.000
3836.219	14.111	-0.004
3838.219	14.118	-0.004
3840.219	14.116	-0.005
3842.219	14.110	-0.004
3844.219	14.105	-0.006
3846.219	14.109	-0.007
3848.219	14.113	-0.003
3850.219	14.107	-0.002
3852.219	14.106	-0.005
3854.219	14.119	-0.003
3856.219	14.126	-0.003
3858.219	14.116	-0.001
3860.219	14.110	0.000
3862.219	14.123	-0.001
3864.219	14.121	-0.003
3866.219	14.116	-0.004
3868.219	14.114	-0.006
3870.219	14.112	0.000
3872.219	14.118	-0.002
3874.219	14.098	-0.003
3876.219	14.108	-0.005
3878.219	14.113	-0.007
3880.219	14.095	-0.005
3882.219	14.094	-0.005
3884.219	14.093	-0.002
3886.219	14.089	-0.001
3888.219	14.089	-0.002
3890.219	14.093	-0.004
3892.219	14.098	-0.007
3894.219	14.096	-0.004
3896.219	14.102	-0.006
3898.219	14.104	-0.005
3900.219	14.091	-0.005
3902.219	14.084	-0.007
3904.219	14.091	-0.004
3906.219	14.095	-0.006
3908.219	14.104	-0.006
3910.219	14.104	-0.006
3912.219	14.110	-0.002
3914.219	14.112	0.000
3916.219	14.102	-0.004
3918.219	14.113	-0.001
3920.219	14.110	-0.005
3922.219	14.109	-0.003
3924.219	14.098	-0.004
3926.219	14.097	-0.005
3928.219	14.095	-0.002
3930.219	14.094	-0.007
3932.219	14.097	-0.006
3934.219	14.101	-0.004
3936.219	14.094	-0.006
3938.219	14.099	-0.005
3940.219	14.096	-0.002
3942.219	14.101	-0.007
3944.219	14.103	-0.001
3946.219	14.101	-0.008
3948.219	14.106	-0.002
3950.219	14.119	-0.003
3952.219	14.104	-0.004
3954.219	14.101	-0.006
3956.219	14.099	-0.005
3958.219	14.099	-0.006
3960.219	14.093	0.004
3962.219	14.092	-0.033
3964.219	14.092	-0.008
3966.219	14.105	0.003
3968.219	14.097	0.052
3970.219	14.095	0.089
3972.219	14.096	4.436
3974.219	14.100	15.732
3976.219	14.108	34.407
3978.219	14.100	34.963
3980.219	14.098	35.114
3982.219	14.112	35.160
3984.219	14.131	35.173
3986.219	14.110	31.748
3988.219	14.107	21.238
3990.219	14.109	21.055
3992.219	14.111	20.841
3994.219	14.108	20.652
3996.219	14.100	20.432
3998.219	14.100	20.307
4000.219	14.095	20.255
4002.219	14.100	20.243
4004.219	14.111	20.229
4006.219	14.117	20.223
4008.219	14.117	20.201
4010.219	14.121	20.175
4012.219	14.116	20.149
4014.219	14.115	20.134
4016.219	14.103	20.109
4018.219	14.104	20.098
4020.219	14.107	20.095
4022.219	14.098	20.059
4024.219	14.097	20.048
4026.219	14.103	20.044
4028.219	14.105	20.055
4030.219	14.100	20.042
4032.219	14.100	19.225
4034.219	14.095	19.014
4036.219	14.081	18.864
4038.219	14.093	18.860
4040.219	14.097	18.822
4042.219	14.098	18.795
4044.219	14.087	18.756
4046.219	14.088	18.730
4048.219	14.080	18.700
4050.219	14.099	18.700
4052.219	14.090	18.663
4054.219	14.085	18.739
4056.219	14.086	1.032
4058.219	14.087	0.326
4060.219	14.078	0.006
4062.219	14.079	-0.034
4064.219	14.078	0.004
4066.219	14.079	0.000
4068.219	14.075	-0.056
4070.219	14.074	0.000
4072.219	14.082	0.009
4074.219	14.085	0.004
4076.219	14.091	0.004
4078.219	14.089	0.019
4080.219	14.089	0.003
4082.219	14.088	-0.012
4084.219	14.093	-0.025
4086.219	14.104	-0.036
4088.219	14.108	-0.034
4090.219	14.104	-0.031
4092.219	14.107	-0.032
4094.219	14.104	-0.033
4096.219	14.096	-0.032
4098.219	14.089	-0.036
4100.219	14.090	-0.036
4102.219	14.090	-0.036
4104.219	14.105	-0.034
4106.219	14.116	-0.032
4108.219	14.117	-0.036
4110.219	14.120	-0.039
4112.219	14.122	-0.033
4114.219	14.117	-0.035
4116.219	14.114	-0.033
4118.219	14.109	-0.033
4120.219	14.103	-0.036
4122.219	14.095	-0.036
4124.219	14.090	-0.032
4126.219	14.088	-0.036
4128.219	14.100	-0.034
4130.219	14.110	-0.034
4132.219	14.105	-0.036
4134.219	14.105	-0.033
4136.219	14.100	-0.036
4138.219	14.103	-0.032
4140.219	14.106	-0.037
4142.219	14.109	-0.037
4144.219	14.107	-0.014
4146.219	14.121	0.036
4148.219	14.115	0.037
4150.219	14.098	0.032
4152.219	14.102	-0.037
4154.219	14.104	-0.034
4156.219	14.100	-0.036
4158.219	14.099	-0.036
4160.219	14.095	-0.033
4162.219	14.096	-0.036
4164.219	14.091	-0.033
4166.219	14.090	-0.037
4168.219	14.094	-0.034
4170.219	14.109	-0.034
4172.219	14.098	-0.037
4174.219	14.107	-0.034
4176.219	14.112	-0.033
4178.219	14.112	-0.051
4180.219	14.111	-0.052
4182.219	14.109	-0.053
4184.219	14.108	-0.053
4186.219	14.122	-0.053
4188.219	14.118	-0.051
4190.219	14.123	-0.053
4192.219	14.117	-0.054
4194.219	14.104	-0.056
4196.219	14.102	-0.053
4198.219	14.109	-0.051
4200.219	14.069	-0.054
4202.219	14.084	-0.052
4204.219	14.081	-0.052
4206.219	14.082	-0.055
4208.219	14.089	-0.053
4210.219	14.080	-0.053
4212.219	14.084	-0.052
4214.219	14.086	-0.052
4216.219	14.075	-0.053
4218.219	14.082	-0.053
4220.219	14.074	-0.052
