0.693	-0.009	0.000
1.693	-0.008	-0.000
2.693	-0.010	-0.000
3.693	-0.010	-0.000
4.693	-0.009	-0.000
5.693	-0.009	-0.000
6.693	-0.009	0.000
7.693	-0.009	0.000
8.693	-0.009	-0.000
9.693	-0.010	0.001
10.693	-0.008	-0.000
11.693	-0.010	-0.000
12.693	-0.009	-0.000
13.693	-0.009	0.001
14.693	-0.009	-0.000
15.693	-0.010	-0.000
16.693	-0.010	-0.000
17.693	-0.009	-0.001
18.693	-0.010	-0.000
19.693	-0.009	0.000
20.693	-0.009	-0.000
21.693	-0.009	-0.000
22.693	-0.009	-0.000
23.693	-0.010	-0.000
24.693	-0.008	-0.001
25.693	-0.010	-0.000
26.693	-0.009	-0.000
27.693	-0.009	0.000
28.693	-0.010	-0.000
29.693	-0.009	-0.000
30.693	-0.009	-0.001
31.693	-0.009	-0.000
32.693	-0.009	-0.000
33.693	-0.009	-0.000
34.693	-0.010	-0.000
35.693	-0.009	-0.000
36.693	-0.009	-0.000
37.693	-0.009	-0.000
38.693	-0.008	-0.000
39.693	-0.009	-0.000
40.693	-0.009	-0.000
41.693	-0.009	-0.000
42.693	-0.009	-0.000
43.693	-0.009	-0.000
44.693	-0.008	0.001
45.693	-0.009	0.000
46.693	-0.010	-0.000
47.693	-0.009	-0.000
48.693	-0.009	-0.001
49.693	-0.008	-0.000
50.693	-0.009	-0.000
51.693	-0.008	-0.000
52.693	-0.010	-0.000
53.693	-0.009	0.001
54.693	-0.008	-0.000
55.693	-0.008	-0.000
56.693	-0.008	-0.000
57.693	-0.008	-0.000
58.693	-0.008	-0.000
59.693	-0.008	-0.000
60.693	-0.009	-0.000
61.693	-0.009	0.000
62.693	-0.008	0.000
63.693	-0.008	-0.000
64.693	-0.008	-0.000
65.693	-0.009	-0.000
66.693	-0.007	-0.000
67.693	-0.009	0.000
68.693	-0.008	0.000
69.693	-0.008	-0.000
70.693	-0.008	-0.000
71.693	-0.008	-0.000
72.693	-0.008	-0.000
73.693	-0.008	-0.000
74.693	-0.008	-0.000
75.693	-0.009	-0.000
76.693	-0.008	-0.000
77.693	-0.009	-0.000
78.693	-0.008	0.001
79.693	-0.008	-0.000
80.693	-0.008	-0.000
81.693	-0.008	-0.001
82.693	-0.009	-0.000
83.693	-0.007	-0.001
84.693	-0.008	-0.000
85.693	-0.008	-0.000
86.693	-0.008	-0.000
87.693	-0.007	-0.000
88.693	-0.008	-0.000
89.693	-0.008	-0.000
90.693	-0.008	-0.000
91.693	-0.008	-0.000
92.693	-0.008	-0.000
93.693	-0.008	-0.000
94.693	-0.009	-0.000
95.693	-0.009	-0.000
96.693	-0.007	-0.000
97.693	-0.008	-0.000
98.693	-0.008	-0.000
99.693	-0.008	-0.000
100.693	-0.008	-0.001
101.693	-0.008	-0.000
102.693	-0.007	-0.000
103.693	-0.009	-0.000
104.693	-0.008	-0.000
105.693	-0.008	-0.000
106.693	-0.008	-0.000
107.693	-0.008	-0.000
108.693	-0.008	-0.000
109.693	-0.008	-0.000
110.693	-0.007	-0.000
111.693	-0.008	-0.000
112.693	-0.008	-0.000
113.693	-0.008	-0.000
114.693	-0.008	-0.001
115.693	-0.007	-0.000
116.693	-0.008	-0.000
117.693	-0.008	-0.000
118.693	-0.008	-0.000
119.693	-0.008	-0.000
120.694	-0.008	-0.000
121.693	-0.008	-0.000
122.693	-0.008	-0.001
123.693	-0.008	-0.000
124.693	-0.008	0.000
125.693	-0.007	-0.000
126.693	-0.008	-0.000
127.693	-0.007	-0.000
128.693	-0.007	-0.000
129.693	-0.008	-0.000
130.693	-0.007	-0.000
131.693	-0.007	-0.000
132.693	-0.007	-0.001
133.693	-0.007	-0.001
134.693	-0.007	0.001
135.693	-0.007	-0.000
136.693	-0.007	-0.000
137.693	-0.007	-0.000
138.693	-0.008	-0.000
139.693	-0.007	-0.000
140.693	-0.007	-0.000
141.693	-0.007	-0.000
142.693	-0.007	-0.000
143.693	-0.007	-0.000
144.693	-0.006	-0.000
145.693	-0.007	-0.000
146.693	-0.007	-0.000
147.693	-0.008	-0.000
148.693	-0.007	-0.000
149.693	-0.007	-0.000
150.693	-0.008	-0.000
151.693	-0.007	0.001
152.693	-0.007	-0.000
153.693	-0.007	-0.000
154.693	-0.007	-0.000
155.693	-0.007	-0.000
156.693	-0.007	-0.000
157.693	-0.008	-0.001
158.693	-0.008	-0.000
159.693	-0.007	-0.000
160.693	-0.006	-0.000
161.693	-0.006	0.000
162.693	-0.008	-0.000
163.693	-0.007	-0.000
164.693	-0.007	-0.000
165.693	-0.007	-0.000
166.693	-0.007	-0.000
167.693	-0.008	-0.000
168.693	-0.008	-0.000
169.693	-0.007	-0.000
170.693	-0.007	-0.000
171.693	-0.007	-0.000
172.693	-0.007	-0.000
173.693	-0.007	-0.000
174.693	-0.007	-0.000
175.693	-0.007	-0.000
176.693	-0.007	-0.000
177.693	-0.007	-0.000
178.693	-0.006	-0.000
179.693	-0.008	-0.000
180.693	-0.006	-0.000
181.693	-0.007	-0.000
182.693	-0.007	-0.000
183.693	-0.007	-0.000
184.693	-0.007	-0.000
185.693	-0.007	-0.000
186.693	-0.006	-0.000
187.693	-0.007	-0.000
188.693	-0.007	-0.000
189.693	-0.007	-0.000
190.693	-0.006	-0.000
191.693	-0.008	-0.000
192.693	-0.007	-0.000
193.693	-0.007	-0.000
194.693	-0.006	-0.000
195.693	-0.007	-0.000
196.693	-0.006	-0.000
197.693	-0.006	-0.000
198.693	-0.007	-0.000
199.693	-0.007	0.001
200.693	-0.006	-0.000
201.693	-0.006	-0.000
202.693	-0.006	-0.000
203.693	-0.008	-0.000
204.693	-0.006	-0.000
205.693	-0.007	-0.000
206.693	-0.006	-0.000
207.693	-0.006	-0.000
208.693	-0.006	-0.000
209.693	-0.007	-0.000
210.693	-0.006	-0.000
211.693	-0.006	-0.000
212.693	-0.006	-0.000
213.693	-0.006	-0.000
214.693	-0.006	-0.000
215.693	-0.006	-0.000
216.693	-0.006	0.000
217.693	-0.006	-0.000
218.693	-0.008	-0.000
219.693	-0.007	-0.000
220.693	-0.006	-0.000
221.693	-0.006	-0.000
222.693	-0.007	-0.000
223.693	-0.006	-0.000
224.693	-0.006	-0.000
225.693	-0.006	-0.000
226.693	-0.006	-0.000
227.693	-0.007	-0.000
228.693	-0.006	-0.000
229.693	-0.007	-0.000
230.693	-0.006	-0.000
231.693	-0.006	-0.000
232.693	-0.006	-0.000
233.693	-0.006	-0.000
234.693	-0.006	-0.000
235.693	-0.007	-0.000
236.693	-0.007	-0.000
237.693	-0.006	-0.000
238.693	-0.006	-0.000
239.693	-0.006	-0.000
240.693	-0.007	-0.000
241.693	-0.006	-0.000
242.693	-0.006	-0.000
243.693	-0.005	-0.000
244.693	-0.005	-0.000
245.693	-0.006	-0.000
246.693	-0.006	-0.000
247.693	-0.006	-0.000
248.693	-0.006	-0.000
249.693	-0.006	-0.001
250.693	-0.006	-0.000
251.693	-0.005	-0.000
252.693	-0.007	-0.000
253.693	-0.005	-0.000
254.693	-0.006	-0.000
255.693	-0.006	-0.000
256.693	-0.006	-0.000
257.693	-0.006	-0.000
258.693	-0.006	-0.000
259.693	-0.007	-0.000
260.693	-0.005	-0.000
261.693	-0.006	-0.000
262.693	-0.006	-0.000
263.693	-0.006	-0.000
264.693	-0.006	-0.000
265.693	-0.005	-0.000
266.693	-0.005	-0.000
267.693	-0.007	-0.000
268.693	-0.006	-0.000
269.693	-0.006	-0.000
270.693	-0.006	-0.000
271.693	-0.006	-0.000
272.693	-0.006	-0.000
273.693	-0.006	-0.000
274.693	-0.006	-0.000
275.693	-0.006	-0.000
276.693	-0.006	-0.000
277.693	-0.006	-0.000
278.693	-0.006	-0.000
279.693	-0.006	-0.000
280.693	-0.005	-0.000
281.693	-0.005	-0.000
282.693	-0.007	-0.000
283.693	-0.006	-0.000
284.693	-0.005	-0.000
285.693	-0.005	-0.000
286.693	-0.006	-0.000
287.693	-0.005	-0.000
288.693	-0.006	-0.000
289.693	-0.005	-0.000
290.693	-0.005	-0.000
291.693	-0.005	-0.000
292.693	-0.005	-0.000
293.693	-0.006	-0.000
294.693	-0.007	-0.000
295.693	-0.005	-0.000
296.693	-0.006	-0.000
297.693	-0.006	-0.000
298.693	-0.006	-0.000
299.693	-0.005	-0.000
300.693	-0.006	-0.000
