0.179	4268.267	-1.900
0.679	4268.649	-1.901
1.179	4268.576	-1.898
1.679	4268.921	-1.899
2.179	4268.394	-1.902
2.679	4268.389	-1.899
3.179	4268.356	-1.899
3.679	4268.363	-1.900
4.179	4268.236	-1.896
4.679	4268.171	-1.899
5.179	4268.165	-1.900
5.679	4268.168	-1.900
6.179	4268.470	-1.898
6.679	4268.781	-1.897
7.179	4268.508	-1.897
7.679	4268.251	-1.897
8.179	4268.729	-1.896
8.679	4268.770	-1.896
9.179	4268.342	-1.892
9.679	4268.479	-1.898
10.179	4268.427	-1.893
10.679	4268.441	-1.893
11.179	4268.000	-1.893
11.679	4267.786	-1.895
12.179	4268.025	-1.894
12.679	4268.473	-1.891
13.179	4268.543	-1.894
13.679	4268.432	-1.895
14.179	4268.504	-1.891
14.679	4268.501	-1.893
15.179	4268.359	-1.893
15.679	4268.468	-1.895
16.179	4268.567	-1.891
16.679	4268.551	-1.890
17.179	4268.434	-1.892
17.679	4268.388	-1.891
18.179	4268.520	-1.894
18.679	4268.555	-1.888
19.179	4268.603	-1.891
19.679	4268.559	-1.893
20.179	4268.558	-1.890
20.679	4268.529	-1.890
21.179	4268.464	-1.889
21.679	4268.314	-1.889
22.179	4268.332	-1.890
22.679	4268.491	-1.888
23.179	4268.356	-1.890
23.679	4268.387	-1.890
24.179	4268.178	-1.889
24.679	4268.212	-1.886
25.179	4268.209	-1.885
25.679	4268.227	-1.887
26.179	4267.588	-1.888
26.679	4267.588	-1.885
27.179	4267.735	-1.887
27.679	4267.779	-1.890
28.179	4267.779	-1.887
28.679	4267.693	-1.886
29.179	4267.570	-1.885
29.679	4267.459	-1.885
30.179	4267.531	-1.884
30.679	4267.441	-1.882
31.179	4267.554	-1.883
31.679	4267.475	-1.882
32.179	4267.645	-1.885
32.679	4267.928	-1.883
33.179	4267.808	-1.880
33.679	4267.632	-1.884
34.179	4268.396	-1.880
34.679	4268.122	-1.880
35.179	4268.005	-1.880
35.679	4267.433	-1.879
36.179	4267.836	-1.883
36.679	4267.992	-1.880
37.179	4268.008	-1.878
37.679	4267.668	-1.878
38.179	4267.662	-1.876
38.679	4267.754	-1.879
39.179	4267.677	-1.879
39.679	4267.709	-1.877
40.179	4267.571	-1.877
40.679	4267.574	-1.878
41.179	4267.638	-1.876
41.679	4267.594	-1.877
42.179	4267.619	-1.878
42.679	4267.610	-1.876
43.179	4267.794	-1.876
43.679	4267.850	-1.879
44.179	4267.608	-1.874
44.679	4267.618	-1.875
45.179	4267.546	-1.875
45.679	4267.458	-1.874
46.179	4267.462	-1.872
46.679	4267.005	-1.873
47.179	4267.153	-1.875
47.679	4267.435	-1.871
48.179	4267.604	-1.874
48.679	4267.348	-1.871
49.179	4267.678	-1.873
49.679	4267.538	-1.874
50.179	4267.118	-1.872
50.679	4267.501	-1.872
51.179	4267.421	-1.871
51.679	4267.477	-1.872
52.179	4267.509	-1.870
52.679	4267.301	-1.872
53.179	4267.184	-1.871
53.679	4267.268	-1.867
54.179	4267.369	-1.869
54.679	4267.389	-1.870
55.179	4267.020	-1.869
55.679	4266.935	-1.868
56.179	4266.858	-1.868
56.679	4266.858	-1.872
57.179	4266.921	-1.869
57.679	4266.815	-1.871
58.179	4266.773	-1.869
58.679	4266.707	-1.865
59.179	4266.755	-1.869
59.679	4266.779	-1.867
60.179	4266.952	-1.869
60.679	4267.229	-1.866
61.179	4267.119	-1.867
61.679	4267.006	-1.862
62.179	4266.958	-1.866
62.679	4266.971	-1.867
63.179	4266.720	-1.862
63.679	4266.579	-1.866
64.179	4266.532	-1.862
64.679	4266.428	-1.863
65.179	4266.241	-1.863
65.679	4266.168	-1.867
66.179	4266.567	-1.861
66.679	4266.538	-1.862
67.179	4266.441	-1.862
67.679	4266.736	-1.865
68.179	4266.839	-1.857
68.679	4266.928	-1.862
69.179	4266.779	-1.863
69.679	4266.447	-1.861
70.179	4266.657	-1.860
70.679	4266.395	-1.863
71.179	4266.527	-1.860
71.679	4266.520	-1.856
72.179	4266.360	-1.858
72.679	4266.799	-1.859
73.179	4266.550	-1.859
73.679	4266.414	-1.857
74.179	4266.379	-1.858
74.679	4266.257	-1.858
75.179	4266.397	-1.861
75.679	4266.352	-1.857
76.179	4266.092	-1.855
76.679	4266.011	-1.855
77.179	4266.044	-1.859
77.679	4266.144	-1.857
78.179	4265.817	-1.853
78.679	4266.022	-1.853
79.179	4266.182	-1.854
79.679	4266.211	-1.855
80.179	4265.858	-1.854
80.679	4265.850	-1.853
81.179	4265.820	-1.853
81.679	4265.795	-1.851
82.179	4265.990	-1.853
82.679	4265.818	-1.850
83.179	4265.636	-1.852
83.679	4265.734	-1.853
84.179	4265.927	-1.853
84.679	4266.033	-1.851
85.179	4265.936	-1.851
85.679	4265.759	-1.852
86.179	4265.720	-1.848
86.679	4265.523	-1.849
87.179	4265.353	-1.847
87.679	4265.556	-1.848
88.179	4266.105	-1.850
88.679	4265.964	-1.849
89.179	4265.928	-1.848
89.679	4265.905	-1.849
90.179	4265.873	-1.846
90.679	4265.618	-1.846
91.179	4265.471	-1.847
91.679	4265.397	-1.849
92.179	4265.440	-1.846
92.679	4265.395	-1.848
93.179	4265.335	-1.846
93.679	4265.267	-1.848
94.179	4265.342	-1.845
94.679	4265.336	-1.844
95.179	4265.406	-1.848
95.679	4265.459	-1.844
96.179	4265.420	-1.847
96.679	4265.448	-1.845
97.179	4265.491	-1.844
97.679	4265.222	-1.846
98.179	4265.287	-1.845
98.679	4265.297	-1.847
99.179	4265.213	-1.844
99.679	4265.567	-1.843
100.179	4265.228	-1.843
100.679	4265.353	-1.841
101.179	4265.395	-1.845
101.679	4265.360	-1.839
102.179	4265.534	-1.844
102.679	4264.963	-1.845
103.179	4265.036	-1.841
103.679	4265.402	-1.843
104.179	4265.244	-1.843
104.679	4265.203	-1.840
105.179	4265.456	-1.843
105.679	4265.459	-1.841
106.179	4265.360	-1.840
106.679	4265.386	-1.841
107.179	4265.381	-1.843
107.679	4265.301	-1.839
108.179	4265.252	-1.840
108.679	4265.263	-1.841
109.179	4265.161	-1.838
109.679	4265.191	-1.841
110.179	4265.128	-1.837
110.679	4265.054	-1.841
111.179	4264.668	-1.840
111.679	4264.900	-1.841
112.179	4265.075	-1.841
112.679	4265.036	-1.840
113.179	4265.108	-1.837
113.679	4265.001	-1.838
114.179	4264.680	-1.837
114.679	4265.000	-1.840
115.179	4265.183	-1.839
115.679	4265.210	-1.837
116.179	4265.110	-1.838
116.679	4265.024	-1.840
117.179	4264.983	-1.837
117.679	4264.560	-1.837
118.179	4264.863	-1.837
118.679	4264.709	-1.837
119.179	4264.759	-1.835
119.679	4264.726	-1.834
120.179	4264.739	-1.836
120.679	4264.522	-1.832
121.179	4264.673	-1.834
121.679	4264.604	-1.834
122.179	4264.734	-1.834
122.679	4264.662	-1.833
123.179	4264.631	-1.835
123.679	4264.749	-1.833
124.179	4264.738	-1.834
124.679	4264.740	-1.828
125.179	4264.921	-1.833
125.679	4264.672	-1.833
126.179	4264.566	-1.831
126.679	4264.327	-1.828
127.179	4264.475	-1.831
127.679	4264.830	-1.833
128.179	4264.801	-1.832
128.679	4264.780	-1.831
129.179	4264.765	-1.830
129.679	4264.422	-1.830
130.179	4264.414	-1.831
130.679	4264.383	-1.829
131.179	4264.367	-1.829
131.679	4264.406	-1.827
132.179	4264.519	-1.829
132.679	4264.434	-1.828
133.179	4264.409	-1.828
133.679	4264.441	-1.829
134.179	4264.146	-1.829
134.679	4264.077	-1.828
135.179	4264.061	-1.827
135.679	4264.204	-1.827
136.179	4264.359	-1.830
136.679	4264.568	-1.828
137.179	4264.312	-1.826
137.679	4264.188	-1.825
138.179	4264.108	-1.827
138.679	4264.266	-1.823
139.179	4263.963	-1.826
139.679	4264.040	-1.826
140.179	4263.997	-1.824
140.679	4263.876	-1.828
141.179	4264.380	-1.823
141.679	4263.987	-1.827
142.179	4263.784	-1.824
142.679	4263.704	-1.823
143.179	4264.148	-1.827
143.679	4264.161	-1.825
144.179	4264.122	-1.825
144.679	4264.073	-1.824
145.179	4263.802	-1.824
145.679	4264.051	-1.823
146.179	4263.641	-1.820
146.679	4263.714	-1.825
147.179	4263.714	-1.819
147.679	4263.783	-1.823
148.179	4263.816	-1.821
148.679	4263.794	-1.823
149.179	4263.740	-1.822
149.679	4263.629	-1.820
150.179	4263.596	-1.824
150.679	4263.804	-1.820
151.179	4263.732	-1.823
151.679	4263.734	-1.820
152.179	4263.673	-1.819
152.679	4263.259	-1.822
153.179	4263.638	-1.818
153.679	4263.728	-1.819
154.179	4263.189	-1.819
154.679	4263.497	-1.821
155.179	4263.505	-1.817
155.679	4263.370	-1.819
156.179	4263.212	-1.820
156.679	4263.491	-1.819
157.179	4263.732	-1.820
157.679	4263.398	-1.819
158.179	4263.243	-1.818
158.679	4263.186	-1.819
159.179	4263.190	-1.817
159.679	4263.166	-1.820
160.179	4263.194	-1.818
160.679	4263.154	-1.819
161.179	4263.301	-1.817
161.679	4263.392	-1.816
162.179	4263.212	-1.816
162.679	4263.354	-1.818
163.179	4263.246	-1.817
163.679	4263.312	-1.815
164.179	4263.171	-1.815
164.679	4263.321	-1.815
165.179	4263.223	-1.813
165.679	4262.964	-1.816
166.179	4262.935	-1.814
166.679	4262.912	-1.813
167.179	4263.139	-1.814
167.679	4262.937	-1.815
168.179	4263.036	-1.815
168.679	4262.834	-1.814
169.179	4263.106	-1.813
169.679	4263.054	-1.810
170.179	4262.928	-1.812
170.679	4262.868	-1.813
171.179	4262.791	-1.811
171.679	4262.632	-1.810
172.179	4263.087	-1.813
172.679	4263.190	-1.815
173.179	4262.570	-1.815
173.679	4262.769	-1.816
174.179	4262.783	-1.814
174.679	4262.924	-1.810
175.179	4263.081	-1.815
175.679	4262.343	-1.815
176.179	4262.793	-1.811
176.679	4262.747	-1.811
177.179	4263.000	-1.812
177.679	4263.105	-1.811
178.179	4263.198	-1.810
178.679	4263.186	-1.810
179.179	4263.055	-1.811
179.679	4262.757	-1.808
180.179	4262.792	-1.810
180.679	4262.856	-1.809
181.179	4262.826	-1.809
181.679	4262.851	-1.811
182.179	4263.156	-1.810
182.679	4263.255	-1.813
183.179	4263.012	-1.810
183.679	4262.899	-1.810
184.179	4263.179	-1.807
184.679	4262.911	-1.810
185.179	4263.015	-1.805
185.679	4263.009	-1.807
186.179	4263.455	-1.812
186.679	4263.557	-1.810
187.179	4263.619	-1.809
187.679	4263.316	-1.807
188.179	4263.268	-1.809
188.679	4263.685	-1.810
189.179	4263.576	-1.804
189.679	4263.329	-1.810
190.179	4263.468	-1.807
190.679	4263.310	-1.809
191.179	4263.097	-1.805
191.679	4263.602	-1.808
192.179	4263.472	-1.811
192.679	4263.330	-1.805
193.179	4263.158	-1.806
193.679	4263.241	-1.807
194.179	4263.303	-1.805
194.679	4263.250	-1.806
195.179	4263.358	-1.806
195.679	4263.242	-1.806
196.179	4263.206	-1.805
196.679	4263.223	-1.809
197.179	4263.263	-1.804
197.679	4263.341	-1.808
198.179	4263.323	-1.805
198.679	4263.276	-1.804
199.179	4263.263	-1.804
199.679	4263.290	-1.805
200.179	4263.387	-1.807
200.679	4263.398	-1.803
201.179	4263.659	-1.804
201.679	4263.668	-1.805
202.179	4263.671	-1.801
202.679	4263.588	-1.806
203.179	4263.689	-1.803
203.679	4263.657	-1.805
204.179	4263.668	-1.807
204.679	4263.663	-1.804
205.179	4263.689	-1.802
205.679	4263.720	-1.801
206.179	4263.239	-1.801
206.679	4263.432	-1.802
207.179	4263.345	-1.804
207.679	4263.232	-1.803
208.179	4263.326	-1.803
208.679	4263.398	-1.800
209.179	4263.434	-1.801
209.679	4263.450	-1.800
210.179	4263.383	-1.803
210.679	4263.250	-1.801
211.179	4263.284	-1.803
211.679	4263.395	-1.803
212.179	4263.302	-1.805
212.679	4263.304	-1.801
213.179	4263.341	-1.799
213.679	4263.435	-1.802
214.179	4263.385	-1.800
214.679	4263.432	-1.801
215.179	4263.355	-1.799
215.679	4263.438	-1.801
216.179	4263.360	-1.800
216.679	4263.204	-1.799
217.179	4263.203	-1.801
217.679	4263.165	-1.797
218.179	4263.206	-1.798
218.679	4263.193	-1.795
219.179	4263.158	-1.798
219.679	4263.160	-1.797
220.179	4263.086	-1.796
220.679	4262.992	-1.797
221.179	4263.320	-1.797
221.679	4263.347	-1.798
222.179	4263.285	-1.799
222.679	4263.345	-1.796
223.179	4263.315	-1.796
223.679	4263.308	-1.793
224.179	4263.263	-1.798
224.679	4263.222	-1.797
225.179	4263.173	-1.795
225.679	4263.197	-1.796
226.179	4263.152	-1.796
226.679	4263.113	-1.794
227.179	4263.167	-1.794
227.679	4263.122	-1.793
228.179	4263.038	-1.796
228.679	4263.010	-1.796
229.179	4263.032	-1.795
229.679	4262.934	-1.795
230.179	4262.883	-1.795
230.679	4262.884	-1.797
231.179	4262.821	-1.793
231.679	4262.843	-1.793
232.179	4262.784	-1.793
232.679	4262.760	-1.793
233.179	4262.734	-1.792
233.679	4262.545	-1.793
234.179	4262.822	-1.791
234.679	4262.730	-1.793
235.179	4262.442	-1.794
235.679	4262.461	-1.793
236.179	4262.396	-1.790
236.679	4262.394	-1.792
237.179	4262.376	-1.794
237.679	4262.473	-1.791
238.179	4262.607	-1.794
238.679	4262.718	-1.791
239.179	4262.751	-1.792
239.679	4262.677	-1.793
240.179	4262.612	-1.792
240.679	4262.650	-1.793
241.179	4262.617	-1.790
241.679	4262.585	-1.790
242.179	4262.581	-1.790
242.679	4262.531	-1.789
243.179	4262.544	-1.789
243.679	4262.498	-1.790
244.179	4262.739	-1.788
244.679	4262.600	-1.792
245.179	4262.375	-1.787
245.679	4262.214	-1.790
246.179	4262.120	-1.789
246.679	4262.087	-1.789
247.179	4262.254	-1.793
247.679	4262.325	-1.788
248.179	4262.267	-1.789
248.679	4262.210	-1.788
249.179	4262.257	-1.789
249.679	4262.170	-1.787
250.179	4262.297	-1.790
250.679	4262.360	-1.786
251.179	4262.194	-1.787
251.679	4262.360	-1.787
252.179	4262.175	-1.791
252.679	4262.242	-1.787
253.179	4262.268	-1.786
253.679	4262.293	-1.788
254.179	4262.210	-1.785
254.679	4262.251	-1.785
255.179	4262.234	-1.785
255.679	4262.236	-1.784
256.179	4262.197	-1.788
256.679	4262.248	-1.785
257.179	4262.310	-1.785
257.679	4262.162	-1.785
258.179	4261.905	-1.786
258.679	4261.863	-1.784
259.179	4261.862	-1.785
259.679	4261.847	-1.784
260.179	4261.763	-1.785
260.679	4262.235	-1.782
261.179	4261.974	-1.784
261.679	4261.938	-1.785
262.179	4261.761	-1.783
262.679	4261.748	-1.782
263.179	4261.823	-1.780
263.679	4262.070	-1.784
264.179	4261.995	-1.784
264.679	4262.028	-1.782
265.179	4261.997	-1.786
265.679	4262.040	-1.785
266.179	4261.970	-1.786
266.679	4262.009	-1.784
267.179	4261.909	-1.784
267.679	4261.801	-1.782
268.179	4261.872	-1.780
268.679	4261.969	-1.782
269.179	4261.872	-1.784
269.679	4261.887	-1.785
270.179	4261.784	-1.785
270.679	4261.817	-1.781
271.179	4261.858	-1.780
271.679	4261.968	-1.781
272.179	4261.785	-1.781
272.679	4261.813	-1.778
273.179	4261.800	-1.781
273.679	4261.863	-1.781
274.179	4261.875	-1.781
274.679	4261.639	-1.782
275.179	4261.436	-1.780
275.679	4261.513	-1.782
276.179	4261.595	-1.781
276.679	4261.632	-1.778
277.179	4261.439	-1.778
277.679	4261.553	-1.779
278.179	4261.773	-1.781
278.679	4261.683	-1.778
279.179	4261.554	-1.779
279.679	4261.618	-1.777
280.179	4261.645	-1.778
280.679	4261.628	-1.780
281.179	4261.638	-1.775
281.679	4261.668	-1.777
282.179	4261.609	-1.776
282.679	4261.528	-1.779
283.179	4261.340	-1.777
283.679	4261.396	-1.773
284.179	4261.233	-1.773
284.679	4261.195	-1.777
285.179	4260.783	-1.777
285.679	4260.838	-1.773
286.179	4260.879	-1.775
286.679	4260.692	-1.776
287.179	4260.866	-1.779
287.679	4260.986	-1.779
288.179	4260.737	-1.774
288.679	4260.840	-1.778
289.179	4260.752	-1.774
289.679	4260.808	-1.777
290.179	4260.782	-1.776
290.679	4260.747	-1.775
291.179	4260.838	-1.776
291.679	4260.705	-1.771
292.179	4260.688	-1.776
292.679	4260.681	-1.775
293.179	4260.684	-1.774
293.679	4260.467	-1.778
294.179	4260.602	-1.773
294.679	4260.721	-1.776
295.179	4260.621	-1.771
295.679	4260.557	-1.771
296.179	4260.741	-1.774
296.679	4260.599	-1.771
297.179	4260.937	-1.777
297.679	4260.928	-1.771
298.179	4260.865	-1.771
298.679	4260.980	-1.775
299.179	4260.826	-1.774
299.679	4260.951	-1.773
300.179	4260.869	-1.774
300.679	4260.742	-1.773
301.179	4260.768	-1.772
301.679	4260.605	-1.774
302.179	4260.674	-1.773
302.679	4260.266	-1.771
303.179	4260.123	-1.772
303.679	4260.378	-1.770
304.179	4260.177	-1.770
304.679	4260.168	-1.769
305.179	4260.140	-1.772
305.679	4260.045	-1.771
306.179	4259.988	-1.768
306.679	4260.033	-1.767
307.179	4260.037	-1.769
307.679	4260.052	-1.771
308.179	4260.083	-1.769
308.679	4260.093	-1.772
309.179	4259.926	-1.772
309.679	4259.997	-1.768
310.179	4259.992	-1.771
310.679	4259.946	-1.768
311.179	4260.227	-1.770
311.679	4260.699	-1.770
312.179	4260.514	-1.769
312.679	4260.261	-1.768
313.179	4260.224	-1.770
313.679	4260.145	-1.769
314.179	4260.190	-1.770
314.679	4260.126	-1.765
315.179	4259.914	-1.768
315.679	4259.745	-1.765
316.179	4259.737	-1.768
316.679	4259.719	-1.766
317.179	4259.732	-1.767
317.679	4259.708	-1.767
318.179	4259.733	-1.767
318.679	4259.685	-1.769
319.179	4259.664	-1.765
319.679	4259.677	-1.766
320.179	4259.655	-1.764
320.679	4259.724	-1.765
321.179	4259.783	-1.764
321.679	4259.644	-1.764
322.179	4259.588	-1.766
322.679	4259.584	-1.763
323.179	4259.613	-1.765
323.679	4259.595	-1.765
324.179	4259.633	-1.763
324.679	4259.776	-1.766
325.179	4260.050	-1.766
325.679	4259.992	-1.767
326.179	4259.968	-1.765
326.679	4260.036	-1.761
327.179	4259.961	-1.767
327.679	4259.914	-1.764
328.179	4260.098	-1.763
328.679	4260.101	-1.762
329.179	4260.149	-1.765
329.679	4260.320	-1.765
330.179	4260.338	-1.762
330.679	4260.310	-1.767
331.179	4260.573	-1.764
331.679	4260.479	-1.765
332.179	4260.434	-1.764
332.679	4260.538	-1.763
333.179	4260.711	-1.763
333.679	4260.596	-1.762
334.179	4260.482	-1.762
334.679	4260.694	-1.763
335.179	4260.705	-1.761
335.679	4260.436	-1.763
336.179	4260.627	-1.762
336.679	4260.726	-1.764
337.179	4260.758	-1.763
337.679	4260.719	-1.765
338.179	4260.679	-1.765
338.679	4260.387	-1.761
339.179	4260.457	-1.759
339.679	4260.622	-1.761
340.179	4260.553	-1.758
340.679	4260.499	-1.759
341.179	4260.441	-1.761
341.679	4260.577	-1.761
342.179	4260.793	-1.764
342.679	4260.718	-1.762
343.179	4260.472	-1.759
343.679	4260.734	-1.761
344.179	4260.629	-1.762
344.679	4261.049	-1.756
345.179	4261.050	-1.761
345.679	4261.005	-1.760
346.179	4261.143	-1.760
346.679	4260.963	-1.759
347.179	4260.657	-1.760
347.679	4260.686	-1.761
348.179	4260.522	-1.759
348.679	4260.586	-1.763
349.179	4260.416	-1.761
349.679	4260.325	-1.760
350.179	4260.348	-1.759
350.679	4260.449	-1.760
351.179	4260.399	-1.761
351.679	4260.407	-1.759
352.179	4260.565	-1.761
352.679	4260.396	-1.759
353.179	4260.522	-1.757
353.679	4260.324	-1.761
354.179	4260.291	-1.755
354.679	4260.707	-1.760
355.179	4260.791	-1.760
355.679	4260.576	-1.757
356.179	4260.298	-1.758
356.679	4260.102	-1.758
357.179	4259.817	-1.758
357.679	4260.186	-1.756
358.179	4260.133	-1.755
358.679	4260.076	-1.757
359.179	4260.193	-1.753
359.679	4260.077	-1.758
360.179	4259.752	-1.756
360.679	4259.704	-1.758
361.179	4259.728	-1.755
361.679	4259.736	-1.755
362.179	4259.619	-1.757
362.679	4259.845	-1.754
363.179	4259.934	-1.757
363.679	4259.959	-1.754
364.179	4259.999	-1.755
364.679	4260.158	-1.757
365.179	4260.297	-1.755
365.679	4260.481	-1.758
366.179	4260.373	-1.754
366.679	4260.284	-1.756
367.179	4260.128	-1.756
367.679	4260.267	-1.757
368.179	4260.175	-1.755
368.679	4260.181	-1.754
369.179	4260.263	-1.753
369.679	4260.336	-1.754
370.179	4121.926	-1.754
370.679	3253.808	-1.503
371.179	3261.624	-0.904
371.679	3260.886	-0.909
372.179	3260.622	-0.908
372.679	3260.395	-0.907
373.179	3260.295	-0.907
373.679	3260.261	-0.908
374.179	3260.264	-0.904
374.679	3260.189	-0.904
375.179	3260.191	-0.908
375.679	3260.159	-0.908
376.179	3260.095	-0.907
376.679	3260.043	-0.910
377.179	3260.062	-0.907
377.679	3260.042	-0.903
378.179	3260.059	-0.909
378.679	3260.066	-0.906
379.179	3260.062	-0.908
379.679	3260.018	-0.907
380.179	3260.000	-0.908
380.679	3260.004	-0.905
381.179	3260.000	-0.904
381.679	3260.072	-0.906
382.179	3260.112	-0.906
382.679	3260.169	-0.906
383.179	3260.231	-0.910
383.679	3261.557	-0.905
384.179	3276.345	-0.903
384.679	3288.482	-0.921
385.179	3291.430	-0.925
385.679	3309.905	-0.934
386.179	3340.363	-0.949
386.679	3373.410	-0.976
387.179	3394.285	-1.002
387.679	3394.231	-1.023
388.179	3394.138	-1.021
388.679	3394.267	-1.019
389.179	3394.986	-1.018
389.679	3394.957	-1.019
390.179	3394.511	-1.019
390.679	3394.043	-1.019
391.179	3394.224	-1.014
391.679	3394.708	-1.014
392.179	3395.172	-1.017
392.679	3395.222	-1.017
393.179	3395.388	-1.017
393.679	3396.072	-1.016
394.179	3399.620	-1.020
394.679	3415.839	-1.021
395.179	3428.159	-1.034
395.679	3439.241	-1.044
396.179	3451.497	-1.054
396.679	3466.014	-1.067
397.179	3472.464	-1.075
397.679	3477.716	-1.087
398.179	3495.234	-1.084
398.679	3512.726	-1.101
399.179	3514.398	-1.116
399.679	3514.201	-1.120
400.179	3514.393	-1.116
400.679	3514.276	-1.116
401.179	3514.371	-1.116
401.679	3514.440	-1.114
402.179	3514.460	-1.118
402.679	3514.416	-1.117
403.179	3514.387	-1.118
403.679	3514.422	-1.118
404.179	3514.491	-1.117
404.679	3514.458	-1.119
405.179	3514.422	-1.122
405.679	3514.460	-1.117
406.179	3514.460	-1.116
406.679	3514.462	-1.118
407.179	3514.511	-1.116
407.679	3514.500	-1.117
408.179	3514.427	-1.114
408.679	3514.464	-1.114
409.179	3514.410	-1.114
409.679	3514.531	-1.117
410.179	3514.511	-1.115
410.679	3514.516	-1.115
411.179	3514.480	-1.113
411.679	3514.502	-1.115
412.179	3514.476	-1.113
412.679	3514.477	-1.115
413.179	3514.504	-1.118
413.679	3514.499	-1.112
414.179	3514.451	-1.116
414.679	3514.474	-1.116
415.179	3514.476	-1.114
415.679	3514.501	-1.113
416.179	3514.573	-1.113
416.679	3515.381	-1.116
417.179	3516.554	-1.114
417.679	3532.715	-1.114
418.179	3518.230	-1.129
418.679	3540.016	-1.122
419.179	3554.217	-1.136
419.679	3563.468	-1.147
420.179	3578.056	-1.156
420.679	3590.673	-1.170
421.179	3609.385	-1.181
421.679	3635.205	-1.194
422.179	3652.010	-1.218
422.679	3669.550	-1.234
423.179	3669.778	-1.246
423.679	3670.929	-1.245
424.179	3670.870	-1.248
424.679	3670.942	-1.244
425.179	3670.879	-1.246
425.679	3670.872	-1.247
426.179	3670.898	-1.249
426.679	3670.780	-1.246
427.179	3670.803	-1.248
427.679	3670.865	-1.250
428.179	3670.817	-1.247
428.679	3670.791	-1.245
429.179	3670.860	-1.247
429.679	3670.822	-1.246
430.179	3670.840	-1.246
430.679	3670.784	-1.244
431.179	3670.818	-1.246
431.679	3670.783	-1.245
432.179	3671.422	-1.246
432.679	3691.626	-1.247
433.179	3710.142	-1.263
433.679	3730.692	-1.280
434.179	3732.216	-1.295
434.679	3741.213	-1.297
435.179	3764.152	-1.306
435.679	3789.042	-1.323
436.179	3812.565	-1.346
436.679	3818.712	-1.364
437.179	3820.819	-1.372
437.679	3820.825	-1.370
438.179	3820.849	-1.374
438.679	3820.816	-1.370
439.179	3820.813	-1.371
439.679	3820.849	-1.373
440.179	3820.794	-1.373
440.679	3820.842	-1.373
441.179	3820.817	-1.373
441.679	3820.768	-1.371
442.179	3820.817	-1.373
442.679	3820.796	-1.370
443.179	3820.786	-1.372
443.679	3820.856	-1.370
444.179	3820.820	-1.370
444.679	3820.821	-1.374
445.179	3820.841	-1.372
445.679	3820.818	-1.373
446.179	3820.840	-1.371
446.679	3820.793	-1.373
447.179	3820.788	-1.371
447.679	3820.831	-1.370
448.179	3820.806	-1.371
448.679	3820.843	-1.371
449.179	3820.814	-1.370
449.679	3820.835	-1.372
450.179	3820.758	-1.370
450.679	3820.852	-1.370
451.179	3820.838	-1.369
451.679	3820.814	-1.373
452.179	3820.818	-1.370
452.679	3820.794	-1.369
453.179	3820.832	-1.372
453.679	3820.868	-1.373
454.179	3820.856	-1.372
454.679	3820.782	-1.368
455.179	3820.818	-1.373
455.679	3820.856	-1.370
456.179	3820.867	-1.370
456.679	3820.851	-1.371
457.179	3820.779	-1.368
457.679	3820.769	-1.370
458.179	3820.810	-1.369
458.679	3820.821	-1.372
459.179	3820.805	-1.368
459.679	3820.836	-1.371
460.179	3820.811	-1.368
460.679	3820.847	-1.367
461.179	3820.829	-1.370
461.679	3820.812	-1.370
462.179	3820.812	-1.371
462.679	3820.813	-1.369
463.179	3820.840	-1.369
463.679	3820.812	-1.372
464.179	3820.788	-1.368
464.679	3820.838	-1.371
465.179	3820.800	-1.368
465.679	3820.781	-1.367
466.179	3820.781	-1.369
466.679	3820.831	-1.369
467.179	3820.863	-1.370
467.679	3820.859	-1.370
468.179	3820.851	-1.368
468.679	3820.884	-1.366
469.179	3820.855	-1.369
469.679	3820.827	-1.367
470.179	3820.839	-1.368
470.679	3820.933	-1.367
471.179	3820.953	-1.364
471.679	3827.945	-1.365
472.179	3894.031	-1.378
472.679	3900.971	-1.424
473.179	3900.995	-1.434
473.679	3900.945	-1.434
474.179	3900.991	-1.435
474.679	3900.912	-1.434
475.179	3900.939	-1.433
475.679	3901.004	-1.435
476.179	3900.940	-1.435
476.679	3900.924	-1.437
477.179	3900.835	-1.435
477.679	3900.889	-1.435
478.179	3900.915	-1.436
478.679	3900.894	-1.433
479.179	3900.945	-1.435
479.679	3900.822	-1.434
480.179	3900.853	-1.433
480.679	3900.933	-1.431
481.179	3900.829	-1.431
481.679	3900.890	-1.433
482.179	3900.850	-1.431
482.679	3900.763	-1.433
483.179	3900.819	-1.434
483.679	3900.832	-1.435
484.179	3900.825	-1.435
484.679	3900.858	-1.435
485.179	3900.862	-1.435
485.679	3900.820	-1.432
486.179	3900.841	-1.432
486.679	3900.894	-1.431
487.179	3900.851	-1.434
487.679	3900.881	-1.435
488.179	3900.852	-1.430
488.679	3900.856	-1.433
489.179	3900.835	-1.433
489.679	3900.933	-1.435
490.179	3900.927	-1.432
490.679	3900.916	-1.430
491.179	3900.942	-1.436
491.679	3900.923	-1.432
492.179	3900.953	-1.433
492.679	3900.899	-1.432
493.179	3900.796	-1.432
493.679	3900.858	-1.433
494.179	3900.822	-1.431
494.679	3900.794	-1.433
495.179	3900.742	-1.429
495.679	3900.672	-1.432
496.179	3900.725	-1.430
496.679	3900.708	-1.433
497.179	3900.701	-1.432
497.679	3900.767	-1.431
498.179	3900.832	-1.435
498.679	3900.839	-1.428
499.179	3900.786	-1.429
499.679	3900.826	-1.431
500.179	3900.796	-1.431
500.679	3900.757	-1.428
501.179	3900.764	-1.428
501.679	3900.831	-1.428
502.179	3900.731	-1.431
502.679	3900.773	-1.430
503.179	3900.744	-1.429
503.679	3900.733	-1.426
504.179	3900.765	-1.429
504.679	3900.804	-1.427
505.179	3900.751	-1.429
505.679	3900.759	-1.433
506.179	3900.733	-1.428
506.679	3900.786	-1.428
507.179	3900.772	-1.430
507.679	3900.827	-1.431
508.179	3900.812	-1.428
508.679	3900.773	-1.429
509.179	3900.793	-1.427
509.679	3900.820	-1.427
510.179	3900.834	-1.425
510.679	3900.780	-1.428
511.179	3900.760	-1.428
511.679	3900.745	-1.427
512.179	3900.694	-1.427
512.679	3900.783	-1.432
513.179	3900.776	-1.428
513.679	3900.758	-1.427
514.179	3900.771	-1.430
514.679	3900.695	-1.426
515.179	3900.714	-1.430
515.679	3900.727	-1.429
516.179	3900.787	-1.428
516.679	3900.764	-1.429
517.179	3900.748	-1.429
517.679	3900.718	-1.428
518.179	3900.777	-1.426
518.679	3900.683	-1.427
519.179	3900.744	-1.429
519.679	3900.735	-1.430
520.179	3900.732	-1.429
520.679	3900.800	-1.428
521.179	3900.806	-1.429
521.679	3900.673	-1.425
522.179	3900.707	-1.426
522.679	3900.685	-1.426
523.179	3900.735	-1.425
523.679	3900.731	-1.427
524.179	3900.678	-1.426
524.679	3900.706	-1.427
525.179	3900.746	-1.425
525.679	3900.792	-1.424
526.179	3900.672	-1.426
526.679	3900.725	-1.424
527.179	3900.681	-1.425
527.679	3900.755	-1.426
528.179	3900.660	-1.425
528.679	3900.789	-1.427
529.179	3900.751	-1.426
529.679	3900.699	-1.426
530.179	3900.718	-1.424
530.679	3900.766	-1.428
531.179	3900.712	-1.426
531.679	3900.657	-1.426
532.179	3900.704	-1.424
532.679	3900.751	-1.425
533.179	3900.728	-1.424
533.679	3900.764	-1.426
534.179	3900.716	-1.427
534.679	3900.682	-1.424
535.179	3900.683	-1.427
535.679	3900.696	-1.426
536.179	3900.752	-1.428
536.679	3900.687	-1.422
537.179	3900.723	-1.428
537.679	3900.760	-1.425
538.179	3900.722	-1.424
538.679	3900.723	-1.424
539.179	3900.703	-1.423
539.679	3900.749	-1.421
540.179	3900.733	-1.427
540.679	3900.748	-1.423
541.179	3900.730	-1.425
541.679	3900.761	-1.424
542.179	3900.739	-1.424
542.679	3900.797	-1.425
543.179	3900.773	-1.425
543.679	3900.857	-1.424
544.179	3900.784	-1.422
544.679	3900.806	-1.425
545.179	3900.816	-1.424
545.679	3900.789	-1.426
546.179	3900.796	-1.423
546.679	3900.803	-1.423
547.179	3900.862	-1.422
547.679	3900.874	-1.422
548.179	3900.911	-1.421
548.679	3900.841	-1.422
549.179	3900.869	-1.424
549.679	3900.830	-1.422
550.179	3900.830	-1.423
550.679	3900.883	-1.421
551.179	3900.826	-1.421
551.679	3900.941	-1.425
552.179	3900.885	-1.423
552.679	3900.873	-1.422
553.179	3900.948	-1.423
553.679	3900.898	-1.423
554.179	3900.939	-1.423
554.679	3900.896	-1.420
555.179	3900.914	-1.423
555.679	3900.847	-1.420
556.179	3900.912	-1.423
556.679	3900.874	-1.420
557.179	3900.901	-1.419
557.679	3900.843	-1.423
558.179	3900.894	-1.420
558.679	3900.864	-1.422
559.179	3900.789	-1.420
559.679	3900.867	-1.424
560.179	3900.872	-1.419
560.679	3900.882	-1.421
561.179	3900.807	-1.423
561.679	3900.811	-1.420
562.179	3900.831	-1.419
562.679	3900.850	-1.420
563.179	3900.866	-1.418
563.679	3900.869	-1.422
564.179	3900.942	-1.421
564.679	3900.923	-1.419
565.179	3900.920	-1.419
565.679	3900.855	-1.420
566.179	3900.875	-1.420
566.679	3900.867	-1.420
567.179	3900.832	-1.420
567.679	3900.920	-1.420
568.179	3900.942	-1.424
568.679	3900.955	-1.419
569.179	3900.882	-1.420
569.679	3900.944	-1.419
570.179	3900.870	-1.420
570.679	3900.870	-1.421
571.179	3900.888	-1.420
571.679	3900.877	-1.420
572.179	3900.840	-1.418
572.679	3900.826	-1.417
573.179	3900.868	-1.422
573.679	3900.839	-1.417
574.179	3900.794	-1.421
574.679	3900.804	-1.418
575.179	3900.813	-1.417
575.679	3900.761	-1.419
576.179	3900.806	-1.419
576.679	3900.813	-1.419
577.179	3900.793	-1.416
577.679	3900.826	-1.420
578.179	3900.799	-1.419
578.679	3900.797	-1.418
579.179	3900.756	-1.423
579.679	3900.745	-1.416
580.179	3900.771	-1.418
580.679	3900.808	-1.417
581.179	3900.793	-1.420
581.679	3900.788	-1.420
582.179	3900.820	-1.418
582.679	3900.801	-1.418
583.179	3900.853	-1.416
583.679	3900.869	-1.418
584.179	3900.828	-1.417
584.679	3900.822	-1.417
585.179	3900.881	-1.418
585.679	3900.828	-1.415
586.179	3900.764	-1.419
586.679	3900.844	-1.414
587.179	3900.820	-1.416
587.679	3900.824	-1.421
588.179	3900.813	-1.417
588.679	3900.806	-1.417
589.179	3900.848	-1.414
589.679	3900.809	-1.417
590.179	3900.845	-1.416
590.679	3900.863	-1.418
591.179	3900.841	-1.419
591.679	3900.806	-1.416
592.179	3900.841	-1.419
592.679	3900.830	-1.412
593.179	3900.829	-1.416
593.679	3900.788	-1.413
594.179	3900.887	-1.419
594.679	3900.778	-1.419
595.179	3900.886	-1.416
595.679	3900.920	-1.416
596.179	3900.684	-1.418
596.679	3900.501	-1.417
597.179	3900.492	-1.415
597.679	3905.306	-1.414
598.179	3911.733	-1.419
598.679	3921.664	-1.425
599.179	3936.815	-1.433
599.679	3956.079	-1.448
600.179	3971.757	-1.464
