0.280	-0.006	0.000
1.280	-0.010	0.000
2.280	-0.008	0.000
3.280	-0.005	0.000
4.280	-0.001	0.000
5.280	0.002	0.000
6.280	-0.002	-0.000
7.280	-9.870	0.001
8.280	-9.882	0.000
9.280	-9.883	0.000
10.280	-9.884	0.000
11.280	-9.885	0.000
12.280	-9.886	0.000
13.280	-9.885	-0.001
14.280	-9.884	0.000
15.280	-9.884	0.000
16.280	-9.883	0.000
17.280	-9.881	0.000
18.280	-9.879	0.000
19.280	-9.878	0.000
20.280	-9.877	0.000
21.280	-9.875	0.000
22.280	-9.873	0.000
23.280	-9.872	0.000
24.280	-9.885	-1.630
25.280	-9.898	-1.980
26.280	-9.895	-2.000
27.280	-9.891	-2.000
28.280	-9.897	-2.000
29.280	-9.892	-2.000
30.280	-9.890	-2.000
31.280	-9.890	-2.000
32.280	-9.895	-2.000
33.280	-9.896	-2.000
34.280	-9.892	-2.000
35.280	-9.927	-2.000
36.280	-9.956	-2.850
37.280	-9.958	-2.960
38.280	-9.951	-2.970
39.280	-9.955	-2.970
40.280	-9.947	-2.970
41.280	-9.941	-2.970
42.280	-9.945	-2.970
43.280	-9.949	-2.970
44.280	-10.018	-3.140
45.280	-10.060	-4.270
46.280	-10.058	-4.400
47.280	-10.056	-4.410
48.280	-10.046	-4.410
49.280	-10.042	-4.410
50.280	-10.035	-4.410
51.280	-10.035	-4.410
52.280	-10.029	-4.410
53.280	-10.035	-4.410
54.280	-10.034	-4.410
55.280	-10.124	-4.430
56.280	-10.154	-5.630
57.280	-10.154	-5.740
58.280	-10.155	-5.750
59.280	-10.160	-5.750
60.280	-10.159	-5.750
61.280	-10.161	-5.750
62.280	-10.169	-5.750
63.280	-10.167	-5.750
64.280	-10.165	-5.750
65.280	-10.170	-5.750
66.280	-10.168	-5.750
67.280	-10.232	-5.750
68.280	-10.269	-6.670
69.280	-10.266	-6.780
70.280	-10.262	-6.780
71.280	-10.254	-6.780
72.280	-10.256	-6.780
73.280	-10.251	-6.780
74.280	-10.248	-6.790
75.280	-10.243	-6.790
76.280	-10.238	-6.790
77.280	-10.240	-6.780
78.280	-10.251	-6.780
79.280	-10.325	-7.430
80.280	-10.334	-7.570
81.280	-10.331	-7.580
82.280	-10.329	-7.580
83.280	-10.334	-7.580
84.280	-10.322	-7.580
85.280	-10.321	-7.580
86.280	-10.329	-7.580
87.280	-10.328	-7.580
88.280	-10.325	-7.580
89.280	-10.324	-7.580
90.280	-10.464	-8.400
91.280	-10.464	-8.770
92.280	-10.476	-8.790
93.280	-10.479	-8.790
94.280	-10.472	-8.800
95.280	-10.472	-8.790
96.280	-10.471	-8.790
97.280	-10.470	-8.790
98.280	-10.474	-8.800
99.280	-10.474	-8.790
100.280	-10.584	-8.790
101.280	-10.710	-9.960
102.280	-10.724	-10.170
103.280	-10.734	-10.180
104.280	-10.725	-10.180
105.280	-10.727	-10.180
106.280	-10.723	-10.180
107.280	-10.723	-10.170
108.280	-10.718	-10.170
109.280	-10.720	-10.170
110.280	-10.721	-10.170
111.280	-10.722	-10.170
112.280	-10.743	-10.170
113.280	-11.019	-10.170
114.280	-11.093	-11.320
115.280	-11.108	-11.420
116.280	-11.084	-11.430
117.280	-11.084	-11.420
118.280	-11.079	-11.430
119.280	-11.074	-11.430
120.280	-11.083	-11.430
121.280	-11.085	-11.430
122.280	-11.087	-11.430
123.280	-11.071	-11.430
124.280	-11.068	-11.430
125.280	-11.522	-11.430
126.280	-11.861	-12.670
127.280	-11.948	-12.870
128.280	-11.984	-12.880
129.280	-11.955	-12.880
130.280	-11.975	-12.880
131.280	-11.963	-12.880
132.280	-11.982	-12.880
133.280	-11.968	-12.880
134.280	-11.948	-12.880
135.280	-11.939	-12.880
136.280	-12.031	-12.880
137.280	-12.013	-12.880
138.280	-12.008	-12.880
139.280	-13.089	-13.570
140.280	-13.303	-14.160
141.280	-13.324	-14.190
142.280	-13.314	-14.190
143.280	-13.364	-14.200
144.280	-13.380	-14.190
145.280	-13.375	-14.200
146.280	-13.306	-14.200
147.280	-13.366	-14.200
148.280	-13.417	-14.200
149.280	-14.560	-14.690
150.280	-14.899	-15.400
151.280	-14.920	-15.430
152.280	-14.870	-15.430
153.280	-14.835	-15.420
154.280	-14.963	-15.430
155.280	-15.000	-15.430
156.280	-14.969	-15.430
157.280	-14.998	-15.430
158.280	-14.987	-15.430
159.280	-14.976	-15.430
160.280	-15.764	-15.720
161.280	-15.865	-16.170
162.280	-15.849	-16.200
163.280	-15.836	-16.200
164.280	-15.848	-16.200
165.280	-15.815	-16.210
166.280	-15.828	-16.210
167.280	-15.916	-16.210
168.280	-15.910	-16.220
169.280	-15.914	-16.220
170.280	-15.834	-16.210
171.280	-15.815	-16.220
172.280	-15.787	-16.220
173.280	-16.926	-16.220
174.280	-17.061	-17.280
175.280	-17.043	-17.350
176.280	-17.112	-17.350
177.280	-17.123	-17.350
178.280	-17.132	-17.350
179.280	-17.162	-17.340
180.280	-17.165	-17.340
181.280	-17.148	-17.340
182.280	-17.180	-17.340
183.280	-17.133	-17.340
184.280	-17.129	-17.340
185.280	-17.063	-17.340
186.280	-17.099	-17.340
187.280	-18.203	-17.810
188.280	-18.471	-18.490
189.280	-18.521	-18.530
190.280	-18.533	-18.540
191.280	-18.527	-18.540
192.280	-18.582	-18.530
193.280	-18.564	-18.540
194.280	-18.493	-18.540
195.280	-18.570	-18.540
196.280	-18.569	-18.530
197.280	-19.875	-19.080
198.280	-20.263	-19.920
199.280	-20.243	-19.970
200.280	-20.228	-19.970
201.280	-20.254	-19.970
202.280	-20.254	-19.970
203.280	-20.281	-19.980
204.280	-20.299	-19.980
205.280	-20.294	-19.970
206.280	-21.239	-20.600
207.280	-21.395	-20.910
208.280	-21.369	-20.920
209.280	-21.345	-20.920
210.280	-21.349	-20.920
211.280	-21.367	-20.920
212.280	-21.306	-20.930
213.280	-21.251	-20.920
214.280	-21.272	-20.920
215.280	-21.596	-20.910
216.280	-22.074	-21.470
217.280	-22.101	-21.590
218.280	-22.079	-21.580
219.280	-22.048	-21.570
220.280	-22.012	-21.540
221.280	-21.955	-21.530
222.280	-21.938	-21.530
223.280	-21.871	-21.520
224.280	-23.939	-21.520
225.280	-24.819	-23.900
226.280	-24.957	-24.240
227.280	-24.870	-24.170
228.280	-24.780	-24.050
229.280	-24.710	-23.990
230.280	-24.716	-23.990
231.280	-24.733	-23.990
232.280	-25.475	-23.950
233.280	-26.125	-25.150
234.280	-26.161	-25.170
235.280	-26.218	-25.100
236.280	-26.104	-25.060
237.280	-25.887	-25.050
238.280	-25.405	-24.700
239.280	-25.435	-24.650
240.280	-25.465	-24.690
241.280	-25.203	-24.560
242.280	-27.072	-25.510
243.280	-27.110	-26.160
244.280	-27.270	-26.280
245.280	-27.284	-26.270
246.280	-27.193	-26.350
247.280	-27.027	-26.140
248.280	-27.020	-25.980
249.280	-26.855	-25.990
250.280	-26.759	-25.990
251.280	-26.508	-25.790
252.280	-26.528	-25.470
253.280	-25.685	-24.970
254.280	-27.734	-25.890
255.280	-27.779	-26.760
256.280	-27.597	-26.570
257.280	-27.015	-26.290
258.280	-27.451	-26.310
259.280	-27.515	-26.220
260.280	-27.336	-26.260
261.280	-27.250	-26.130
262.280	-27.269	-26.110
263.280	-27.145	-25.950
264.280	-29.415	-26.980
265.280	-29.902	-28.320
266.280	-29.922	-28.480
267.280	-29.828	-28.480
268.280	-30.050	-28.510
269.280	-30.289	-28.800
270.280	-30.246	-28.790
271.280	-30.424	-28.950
272.280	-30.335	-28.860
273.280	-30.218	-28.780
274.280	-30.171	-28.790
275.280	-30.217	-28.810
276.280	-32.211	-29.320
277.280	-32.966	-31.200
278.280	-33.323	-31.600
279.280	-34.109	-32.100
280.280	-34.233	-32.500
281.280	-34.198	-32.500
282.280	-34.183	-32.400
283.280	-33.849	-32.200
284.280	-33.947	-32.200
285.280	-33.987	-32.200
286.280	-35.557	-32.500
287.280	-35.838	-33.800
288.280	-35.907	-34.000
289.280	-35.715	-33.900
290.280	-35.743	-33.900
291.280	-36.082	-34.200
292.280	-35.929	-34.200
293.280	-35.799	-34.100
294.280	-35.965	-34.000
295.280	-36.469	-33.800
296.280	-37.269	-35.000
297.280	-37.770	-35.600
298.280	-37.991	-35.900
299.280	-38.128	-36.000
300.280	-38.068	-35.900
301.280	-38.015	-35.900
302.280	-37.812	-35.900
303.280	-37.765	-35.900
304.280	-37.566	-35.700
305.280	-39.185	-36.000
306.280	-39.827	-37.400
307.280	-40.395	-38.000
308.280	-40.318	-38.000
309.280	-40.431	-38.100
310.280	-40.446	-38.100
311.280	-40.465	-38.100
312.280	-40.450	-38.100
313.280	-40.428	-38.100
314.280	-40.498	-38.200
315.280	-42.503	-38.600
316.280	-43.178	-40.500
317.280	-43.298	-40.700
318.280	-43.338	-40.800
319.280	-43.369	-40.900
320.280	-43.361	-40.900
321.280	-43.378	-40.900
322.280	-43.353	-40.900
323.280	-43.404	-40.900
324.280	-43.464	-40.900
325.280	-43.503	-41.000
326.280	-46.942	-42.600
327.280	-48.697	-45.200
328.280	-49.651	-46.300
329.280	-49.899	-46.700
330.280	-49.959	-46.800
331.280	-49.894	-46.800
332.280	-49.914	-46.900
333.280	-49.955	-46.900
334.280	-49.963	-47.000
335.280	-49.988	-47.000
336.280	-50.051	-47.100
337.280	-50.014	-47.100
338.280	-52.888	-47.900
339.280	-55.875	-51.300
340.280	-56.782	-53.100
341.280	-57.044	-53.400
342.280	-57.101	-53.500
343.280	-57.222	-53.600
344.280	-57.332	-53.700
345.280	-57.422	-53.800
346.280	-57.505	-53.800
347.280	-57.559	-53.900
348.280	-57.466	-53.900
349.280	-57.455	-53.800
350.280	-59.706	-53.800
351.280	-62.587	-57.500
352.280	-63.634	-59.300
353.280	-63.858	-59.600
354.280	-63.837	-59.600
355.280	-63.957	-59.700
356.280	-63.967	-59.700
357.280	-63.954	-59.700
358.280	-63.938	-59.700
359.280	-63.917	-59.600
360.280	-63.638	-59.500
361.280	-63.347	-59.200
362.280	-66.407	-59.900
363.280	-68.495	-63.100
364.280	-69.183	-64.200
365.280	-69.386	-64.500
366.280	-69.807	-64.900
367.280	-69.930	-65.100
368.280	-69.906	-65.200
369.280	-69.856	-65.300
370.280	-69.845	-65.200
371.280	-69.923	-65.300
372.280	-69.937	-65.300
373.280	-69.941	-65.300
374.280	-69.962	-65.400
375.280	-70.013	-65.400
376.280	-69.932	-65.400
377.280	-69.908	-65.400
378.280	-72.652	-65.800
379.280	-75.751	-70.100
380.280	-76.368	-71.300
381.280	-76.554	-71.500
382.280	-76.625	-71.700
383.280	-76.602	-71.600
384.280	-76.788	-71.600
385.280	-77.342	-72.200
386.280	-77.404	-72.300
387.280	-77.396	-72.400
388.280	-77.439	-72.400
389.280	-77.450	-72.400
390.280	-77.273	-72.300
391.280	-80.583	-72.400
392.280	-84.513	-77.400
393.280	-85.051	-79.400
394.280	-85.196	-79.600
395.280	-85.214	-79.600
396.280	-84.895	-79.400
397.280	-84.862	-79.300
398.280	-85.230	-79.500
399.280	-85.991	-80.100
400.280	-86.239	-80.500
401.280	-89.965	-81.300
402.280	-92.237	-85.600
403.280	-92.936	-86.600
404.280	-92.461	-86.500
405.280	-92.570	-86.300
406.280	-92.167	-86.300
407.280	-91.966	-86.000
408.280	-91.971	-86.100
409.280	-91.852	-85.900
410.280	-91.705	-85.700
411.280	-91.647	-85.700
412.280	-94.970	-86.200
413.280	-97.320	-90.300
414.280	-97.972	-91.300
415.280	-97.979	-91.400
416.280	-97.985	-91.400
417.280	-97.860	-91.300
418.280	-98.187	-91.300
419.280	-98.775	-92.100
420.280	-99.178	-92.400
421.280	-100.191	-93.400
422.280	-99.091	-92.700
423.280	-98.806	-92.200
424.280	-102.256	-93.500
425.280	-103.869	-96.500
426.280	-104.069	-97.000
427.280	-104.043	-97.000
428.280	-104.182	-97.000
429.280	-104.274	-97.100
430.280	-104.453	-97.300
431.280	-104.342	-97.200
432.280	-104.011	-97.000
433.280	-103.959	-96.800
434.280	-103.744	-96.700
435.280	-103.789	-96.700
436.280	-107.008	-97.100
437.280	-110.943	-102.200
438.280	-111.264	-103.300
439.280	-111.152	-103.600
440.280	-111.115	-103.500
441.280	-111.004	-103.400
442.280	-111.017	-103.400
443.280	-111.008	-103.400
444.280	-110.812	-103.200
445.280	-110.851	-103.200
446.280	-110.912	-103.300
447.280	-110.864	-103.300
448.280	-110.859	-103.300
449.280	-110.685	-103.200
450.280	-110.469	-102.900
451.280	-110.749	-102.800
452.280	-110.889	-103.200
453.280	-110.807	-103.200
454.280	-110.608	-103.000
455.280	-110.638	-103.100
456.280	-113.638	-103.100
457.280	-117.395	-108.200
458.280	-118.484	-110.300
459.280	-118.581	-110.500
460.280	-118.502	-110.400
461.280	-118.545	-110.400
462.280	-118.603	-110.400
463.280	-118.410	-110.300
464.280	-118.348	-110.300
465.280	-118.282	-110.200
466.280	-118.265	-110.100
467.280	-118.111	-110.000
468.280	-118.224	-110.200
469.280	-118.196	-110.200
470.280	-121.762	-111.300
471.280	-123.931	-114.700
472.280	-124.421	-115.700
473.280	-124.232	-115.700
474.280	-124.205	-115.700
475.280	-124.160	-115.700
476.280	-124.243	-115.700
477.280	-124.315	-115.800
478.280	-124.368	-115.800
479.280	-124.322	-115.800
480.280	-124.368	-115.800
481.280	-124.700	-116.100
482.280	-124.850	-116.300
483.280	-124.695	-116.300
484.280	-124.599	-116.100
485.280	-124.464	-116.000
486.280	-124.602	-116.000
487.280	-124.501	-116.000
