0.231	0.002	0.010
1.231	0.002	0.011
2.231	0.002	0.012
3.231	0.002	0.011
4.231	0.002	0.011
5.231	0.002	0.009
6.231	0.002	0.011
7.231	0.002	0.012
8.231	0.002	0.012
9.231	0.002	0.011
10.231	0.002	0.010
11.231	0.002	0.010
12.231	0.002	0.010
13.231	0.002	0.011
14.231	0.002	0.010
15.231	0.002	0.014
16.231	0.002	0.015
17.231	0.002	0.016
18.231	0.002	0.014
19.231	0.002	0.015
20.231	0.002	0.016
21.231	0.002	0.016
22.231	0.002	0.017
23.231	0.002	0.016
24.231	0.002	0.017
25.231	0.002	0.015
26.231	0.002	0.017
27.244	0.002	0.016
28.231	0.002	0.017
29.231	0.002	0.016
30.231	0.002	0.015
31.231	0.002	0.015
32.231	0.002	0.017
33.231	0.002	0.017
34.231	0.002	0.016
35.231	0.002	0.016
36.231	0.002	0.016
37.231	0.002	0.016
38.231	0.002	0.016
39.231	0.002	0.017
40.231	0.002	0.018
41.231	0.002	0.017
42.231	0.002	0.017
43.231	0.002	0.012
44.231	0.002	0.013
45.231	0.002	0.012
46.231	0.002	0.012
47.231	0.002	0.012
48.231	0.002	0.011
49.231	0.002	0.011
50.231	0.002	0.011
51.231	0.002	0.010
52.231	0.002	0.009
53.231	0.002	0.009
54.231	0.002	0.008
55.231	0.002	0.010
56.231	0.002	0.009
57.231	0.002	0.009
58.231	0.002	0.007
59.231	0.002	0.007
60.231	0.002	0.007
61.231	0.002	0.008
62.231	0.002	0.007
63.231	0.002	0.007
64.231	0.002	0.006
65.231	0.002	0.006
66.231	0.002	0.005
67.231	0.002	0.006
68.231	0.002	0.005
69.231	0.002	0.005
70.231	0.002	0.004
71.231	0.002	0.004
72.231	0.002	0.003
73.231	0.002	0.004
74.231	0.002	0.004
75.231	0.002	0.003
76.231	0.002	0.004
77.231	0.002	0.003
78.231	0.002	0.002
79.231	0.002	0.002
80.231	0.002	0.004
81.231	0.002	0.003
82.231	0.002	0.000
83.231	0.002	0.002
84.231	0.002	0.001
85.231	0.002	0.000
86.231	0.002	0.000
87.231	0.002	0.000
88.231	0.002	-0.000
89.231	0.002	-0.000
90.231	0.002	-0.000
91.231	0.002	-0.001
92.231	0.002	-0.000
93.231	0.002	-0.001
94.231	0.002	-0.000
95.231	0.002	-0.001
96.231	0.002	-0.000
97.231	0.002	-0.003
98.231	0.002	-0.002
99.231	0.002	-0.000
100.231	0.002	-0.002
101.231	0.002	-0.002
102.231	0.002	-0.002
103.231	0.002	-0.002
104.231	0.002	-0.002
105.231	0.002	-0.001
106.231	0.002	-0.000
107.231	0.002	-0.003
108.231	0.002	-0.004
109.231	0.002	-0.003
110.231	0.002	-0.003
111.231	0.002	-0.002
112.231	0.002	-0.003
113.231	0.002	-0.003
114.231	0.002	-0.003
115.231	0.002	-0.004
116.231	0.002	-0.004
117.231	0.002	-0.003
118.231	0.002	-0.002
119.231	0.002	-0.004
120.231	0.002	-0.004
121.231	0.002	-0.004
122.231	0.002	-0.004
123.231	0.002	-0.004
124.231	0.002	-0.004
125.231	0.002	-0.005
126.231	0.002	-0.006
127.231	0.002	-0.005
128.231	0.002	-0.005
129.231	0.002	-0.005
130.231	0.002	-0.004
131.231	0.002	-0.005
132.231	0.002	-0.006
133.231	0.002	-0.005
134.231	0.002	-0.006
135.231	0.002	-0.006
136.231	0.002	-0.005
137.231	0.002	-0.005
138.231	0.002	-0.006
139.231	0.002	-0.006
140.231	0.002	-0.006
141.231	0.002	-0.006
142.231	0.002	-0.004
143.231	0.002	-0.005
144.231	0.002	-0.005
145.231	0.002	-0.006
146.231	0.002	-0.005
147.231	0.002	-0.005
148.231	0.002	-0.005
149.231	0.002	-0.006
150.231	0.002	-0.005
151.231	0.002	-0.006
152.231	0.002	-0.006
153.231	0.002	-0.005
154.231	0.002	-0.006
155.231	0.002	-0.005
156.231	0.002	-0.006
157.231	0.002	-0.007
158.231	0.002	-0.007
159.231	0.002	-0.007
160.231	0.002	-0.007
161.231	0.002	-0.006
162.231	0.002	-0.005
163.231	0.002	-0.006
164.231	0.002	-0.007
165.231	0.002	-0.006
166.231	0.002	-0.005
167.231	0.002	-0.007
168.231	0.002	-0.007
169.231	0.002	-0.007
170.231	0.002	-0.007
171.231	0.002	-0.008
172.231	0.002	-0.006
173.231	0.002	-0.005
174.231	0.002	-0.006
175.231	0.002	-0.006
176.231	0.002	-0.005
177.231	0.002	-0.006
178.231	0.002	-0.004
179.231	0.002	-0.004
180.231	0.002	-0.003
181.231	0.002	-0.004
182.231	0.002	-0.004
183.231	0.002	-0.005
184.231	0.002	-0.004
185.231	0.002	-0.004
186.231	0.002	-0.004
187.231	0.002	-0.007
188.231	0.002	-0.005
189.231	0.002	-0.005
190.231	0.002	-0.005
191.231	0.002	-0.004
192.231	0.002	-0.005
193.231	0.002	-0.006
194.231	0.002	-0.005
195.231	0.002	-0.005
196.231	0.002	-0.003
197.231	0.002	-0.005
198.231	0.002	-0.004
199.231	0.002	-0.005
200.231	0.002	-0.006
201.231	0.002	-0.005
202.231	0.002	-0.004
203.231	0.002	-0.003
204.231	0.002	-0.005
205.231	0.002	-0.004
206.231	0.002	-0.004
207.231	0.002	-0.005
208.231	0.002	-0.005
209.231	0.002	-0.004
210.231	0.002	-0.004
211.231	0.002	-0.003
212.231	0.002	-0.004
213.231	0.002	-0.005
214.231	0.002	-0.005
215.231	0.002	-0.004
216.231	0.002	-0.003
217.231	0.002	-0.004
218.231	0.002	-0.004
219.231	0.002	-0.005
220.231	0.002	-0.004
221.231	0.002	-0.004
222.231	0.002	-0.003
223.231	0.002	-0.004
224.231	0.002	-0.004
225.231	0.002	-0.004
226.231	0.002	-0.005
227.231	0.002	-0.004
228.231	0.002	-0.003
229.231	0.002	-0.003
230.231	0.002	-0.003
231.231	0.002	-0.004
232.231	0.002	-0.004
233.231	0.002	-0.003
234.231	0.002	-0.001
235.231	0.002	-0.000
236.231	0.002	-0.001
237.231	0.002	-0.000
238.231	0.002	-0.000
239.231	0.002	0.000
240.231	0.002	0.000
241.231	0.002	-0.001
242.231	0.002	0.000
243.231	0.002	0.000
244.231	0.002	-0.000
245.231	0.002	-0.000
246.231	0.002	-0.000
247.231	0.002	0.002
248.231	0.002	-0.000
249.231	0.002	0.000
250.231	0.002	-0.001
251.231	0.002	-0.000
252.231	0.001	0.000
253.231	0.001	-0.000
254.231	0.002	-0.000
255.231	0.002	-0.000
256.244	0.002	-0.000
257.231	0.002	-0.000
258.231	0.002	0.000
259.231	0.002	-0.000
260.231	0.002	-0.000
261.231	0.002	-0.000
262.231	0.002	-0.000
263.231	0.001	-0.000
264.231	0.002	-0.000
265.231	0.002	-0.000
266.231	0.001	0.000
267.231	0.002	-0.000
268.231	0.002	-0.000
269.231	0.002	-0.002
270.231	0.002	-0.001
271.231	0.002	-0.000
272.231	0.002	-0.002
273.231	0.002	-0.002
274.231	0.002	-0.002
275.231	0.002	-0.002
276.231	0.002	-0.000
277.231	0.002	-0.001
278.231	0.002	-0.001
279.231	0.002	-0.000
280.231	0.002	-0.000
281.231	0.002	-0.000
282.231	0.002	-0.001
283.231	0.002	-0.000
284.231	0.002	0.000
285.231	0.002	0.000
286.231	0.002	-0.000
287.231	0.002	-0.001
288.231	0.002	-0.000
289.231	0.002	-0.000
290.231	0.002	-0.000
291.231	0.002	0.000
292.231	0.002	-0.000
293.231	0.002	-0.001
294.231	0.002	-0.000
295.231	0.002	0.000
296.231	0.002	0.001
297.231	0.002	0.000
298.231	0.002	0.000
299.231	0.002	-0.000
300.231	0.002	0.000
301.231	0.002	0.001
302.231	0.002	0.002
303.231	0.002	0.003
304.231	0.002	0.002
305.231	0.002	0.002
306.231	0.002	0.002
307.231	0.002	0.002
308.231	0.002	0.001
309.231	0.001	0.003
310.231	0.001	0.001
311.231	0.002	0.001
312.231	0.002	0.002
313.236	0.002	0.001
314.231	0.002	0.002
315.231	0.002	0.001
316.231	0.002	0.002
317.231	0.002	0.002
318.231	0.002	0.001
319.231	0.002	0.001
320.231	0.002	0.002
321.231	0.002	0.002
322.231	0.002	0.002
323.231	0.002	0.002
324.231	0.002	0.001
325.231	0.002	0.003
326.231	0.002	0.002
327.231	0.002	0.002
328.231	0.002	0.002
329.231	0.002	0.001
330.231	0.002	0.001
331.231	0.002	0.001
332.231	0.002	0.000
333.231	0.002	0.002
334.231	0.002	0.002
335.231	0.002	0.002
336.231	0.002	0.002
337.231	0.002	0.001
338.231	0.002	0.002
339.231	0.002	0.002
340.231	0.002	0.004
341.231	0.002	0.003
342.231	0.002	0.003
343.231	0.002	0.001
344.231	0.002	0.004
345.231	0.002	0.003
346.231	0.002	0.002
347.231	0.002	0.002
348.231	0.002	0.002
349.231	0.002	0.002
350.231	0.002	0.003
351.231	0.002	0.003
352.231	0.002	0.003
353.231	0.002	0.001
354.231	0.002	0.003
355.231	0.002	0.003
356.231	0.002	0.001
357.231	0.002	0.003
358.231	0.002	0.002
359.231	0.002	0.002
360.231	0.002	0.002
361.231	0.002	0.002
362.231	0.002	0.004
363.231	0.002	0.003
364.231	0.002	0.003
365.231	0.002	0.002
366.231	0.002	0.004
367.231	0.002	0.001
368.231	0.002	-0.000
369.231	0.002	0.001
370.231	0.002	0.002
371.231	0.002	0.002
372.231	0.002	0.003
373.231	0.002	0.002
374.231	0.002	0.002
375.231	0.002	0.002
376.231	0.002	-0.005
377.231	0.002	0.000
378.231	0.002	0.002
379.231	0.002	-0.003
380.231	0.001	-0.008
381.231	0.002	0.001
382.231	0.002	0.002
383.231	0.002	0.002
384.231	0.002	0.002
385.231	0.001	0.004
386.231	0.002	0.002
387.231	0.002	0.000
388.231	0.002	0.001
389.231	0.002	0.002
390.231	0.002	0.002
391.231	0.002	0.003
392.231	0.002	0.003
393.231	0.002	0.002
394.231	0.002	0.002
395.231	0.001	0.002
396.231	0.001	0.004
397.231	0.001	0.003
398.231	0.002	0.002
399.231	0.002	0.002
400.231	0.001	0.002
401.231	0.002	0.002
402.231	0.002	0.003
403.231	0.002	0.003
404.231	0.002	0.002
405.231	0.002	0.001
406.231	0.002	0.002
407.231	0.002	0.003
408.231	0.002	0.002
409.231	0.002	0.003
410.231	0.002	0.005
411.231	0.001	0.002
412.231	0.002	0.001
413.231	0.002	0.004
414.231	0.002	0.003
415.231	0.002	0.005
416.231	0.001	0.003
417.231	0.002	0.005
418.231	0.002	0.005
419.231	0.002	0.005
420.231	0.001	0.005
421.231	0.002	0.005
422.231	0.002	0.004
423.231	0.002	0.005
424.231	0.002	0.005
425.231	0.002	0.006
426.231	0.002	0.006
427.231	0.002	0.005
428.231	0.002	0.006
429.231	0.002	0.006
430.231	0.002	0.005
431.231	0.002	0.005
432.231	0.002	0.005
433.231	0.002	0.006
434.231	0.002	0.006
435.231	0.002	0.006
436.231	0.002	0.005
437.231	0.002	0.006
438.231	0.002	0.006
439.231	0.002	0.006
440.231	0.002	0.007
441.244	0.002	0.006
442.231	0.002	0.006
443.231	0.002	0.006
444.231	0.002	0.006
445.231	0.002	0.007
446.231	0.002	0.007
447.231	0.002	0.005
448.231	0.002	0.006
449.231	0.002	0.007
450.231	0.002	0.006
451.231	0.002	0.007
452.231	0.002	0.007
453.231	0.002	0.006
454.231	0.002	0.007
455.231	0.002	0.006
456.231	0.002	0.007
457.231	0.002	0.007
458.231	0.002	0.006
459.231	0.002	0.007
460.231	0.002	0.006
461.231	0.002	0.006
462.231	0.002	0.007
463.231	0.002	0.008
464.231	0.002	0.008
465.231	0.002	0.006
466.231	0.002	0.006
467.231	0.002	0.006
468.231	0.002	0.007
469.231	0.002	0.007
470.231	0.002	0.008
471.231	0.002	0.006
472.231	0.002	0.006
473.231	0.002	0.006
474.231	0.002	0.007
475.231	0.002	0.008
476.231	0.002	0.007
477.231	0.002	0.007
478.231	0.002	0.006
479.231	0.002	0.005
480.231	0.002	0.007
481.231	0.002	0.007
482.231	0.002	0.007
483.231	0.002	0.008
484.231	0.002	0.008
485.231	0.002	0.007
486.231	0.002	0.007
487.231	0.002	0.008
488.231	0.002	0.008
489.231	0.002	0.007
490.231	0.002	0.007
491.231	0.002	0.008
492.231	0.002	0.006
493.231	0.002	0.008
494.231	0.002	0.008
495.231	0.002	0.008
496.231	0.002	0.008
497.231	0.002	0.007
498.231	0.002	0.007
499.231	0.002	0.008
500.231	0.002	0.009
501.231	0.002	0.008
502.231	0.002	0.008
503.231	0.002	0.008
504.231	0.002	0.008
505.231	0.002	0.008
506.231	0.002	0.009
507.231	0.002	0.009
508.231	0.002	0.008
509.231	0.002	0.007
510.231	0.002	0.008
511.231	0.002	0.009
512.231	0.002	0.009
513.231	0.002	0.008
514.231	0.002	0.009
515.231	0.002	0.008
516.231	0.002	0.009
517.231	0.002	0.009
518.231	0.002	0.009
519.231	0.002	0.010
520.231	0.002	0.009
521.231	0.002	0.008
522.231	0.002	0.008
523.231	0.002	0.008
524.231	0.002	0.009
525.231	0.002	0.010
526.231	0.002	0.009
527.231	0.002	0.009
528.231	0.002	0.007
529.231	0.002	0.008
530.231	0.002	0.009
531.231	0.002	0.009
532.231	0.002	0.010
533.231	0.002	0.009
534.231	0.002	0.008
535.231	0.002	0.009
536.231	0.002	0.010
537.231	0.002	0.010
538.231	0.002	0.010
539.231	0.002	0.010
540.231	0.002	0.009
541.231	0.002	0.009
542.231	0.002	0.010
543.231	0.002	0.010
544.231	0.002	0.008
545.231	0.002	0.007
546.231	0.002	0.006
547.231	0.002	0.005
548.231	0.002	0.007
549.231	0.002	0.007
550.231	0.002	0.007
551.231	0.002	0.006
552.231	0.002	0.006
553.231	0.002	0.006
554.231	0.002	0.007
555.231	0.002	0.008
556.231	0.002	0.006
557.231	0.002	0.008
558.231	0.002	0.007
559.231	0.002	0.006
560.231	0.002	0.008
561.231	0.002	0.007
562.231	0.002	0.007
563.231	0.002	0.008
564.231	0.002	0.008
565.231	0.002	0.006
566.231	0.002	0.006
567.231	0.002	0.006
568.231	0.002	0.006
569.231	0.002	0.003
570.231	0.002	0.005
571.231	0.002	0.009
572.231	0.002	0.010
573.231	0.002	0.014
574.231	0.002	0.014
575.231	0.002	0.014
576.231	0.002	0.012
577.231	0.002	0.012
578.231	0.002	0.015
579.231	0.002	0.013
580.231	0.002	0.015
581.231	0.002	0.014
582.231	0.002	0.014
583.231	0.002	0.014
584.231	0.002	0.014
585.231	0.002	0.012
586.231	0.002	0.013
587.231	0.002	0.013
588.231	0.002	0.012
589.231	0.002	0.013
590.231	0.002	0.011
591.231	0.002	0.010
592.231	0.002	0.011
593.231	0.002	0.012
594.231	0.002	1291.000
595.231	0.002	0.000
596.231	0.002	0.000
597.231	0.002	0.000
598.231	0.002	0.000
599.231	0.002	-1.500
600.231	0.002	0.000
601.231	0.002	0.000
602.231	0.002	0.000
603.231	0.002	0.000
604.231	0.002	-1.540
605.231	0.002	0.010
606.231	0.002	0.020
607.231	0.002	0.020
608.231	0.002	0.010
609.231	0.002	-1.419
610.231	0.002	0.014
611.231	0.002	0.013
612.231	0.002	0.015
613.231	0.002	0.015
614.231	0.002	-0.002
615.231	0.002	-0.000
616.231	0.002	-0.004
617.231	0.002	-0.002
618.231	0.002	-0.004
619.231	0.002	-0.005
620.231	0.002	-0.006
621.231	0.002	-0.006
622.231	0.002	-0.005
623.231	0.002	-0.004
624.231	0.002	-0.007
625.231	0.002	-0.007
626.231	0.002	-0.007
627.231	0.002	-0.006
628.231	0.002	-0.006
629.231	0.002	-0.007
630.231	0.002	-0.006
631.231	0.002	-0.007
632.231	0.002	-0.007
633.231	0.002	-0.007
634.231	0.002	-0.007
635.231	0.002	-0.006
636.231	0.002	-0.006
637.231	0.002	-0.007
638.231	0.002	-0.007
639.231	0.002	-0.007
640.231	0.002	-0.006
641.231	0.002	-0.007
642.231	0.002	-0.005
643.231	0.002	-0.006
644.231	0.002	-0.007
645.231	0.002	-0.008
646.231	0.002	-0.007
647.231	0.002	-0.007
648.231	0.002	-0.006
649.231	0.002	-0.006
650.231	0.002	-0.008
651.231	0.002	-0.007
652.231	0.002	-0.006
653.231	0.002	-0.006
654.231	-0.043	-0.251
655.231	0.002	-0.278
656.231	0.002	-0.021
657.231	0.002	-0.014
658.231	0.002	-0.015
659.231	0.002	-0.014
660.231	0.002	-0.014
661.231	0.001	-0.015
662.231	0.002	-0.016
663.231	0.002	-0.016
664.231	0.002	-0.016
665.231	0.009	-0.015
666.231	0.002	0.453
667.231	0.006	0.117
668.236	0.002	0.016
669.231	0.002	-0.000
670.231	0.002	-0.000
671.231	0.002	0.000
672.231	0.002	0.001
673.231	0.002	-0.000
674.231	0.002	-0.000
675.231	0.002	-0.002
676.231	0.002	-0.000
677.231	0.002	0.000
678.231	0.002	0.000
679.231	0.002	0.000
680.231	0.002	0.000
681.231	0.002	0.000
682.231	0.002	-0.000
683.231	0.002	0.000
684.231	0.002	-0.000
685.231	0.002	0.000
686.231	0.002	0.000
687.231	0.002	-0.000
688.231	0.002	-0.000
689.231	0.002	0.000
690.231	0.002	0.000
691.231	0.002	0.000
692.231	0.002	0.000
693.231	0.002	-0.000
694.231	0.002	0.000
695.231	0.002	-0.000
696.231	0.002	-0.000
697.231	0.002	-0.000
698.231	0.002	-0.000
699.231	0.002	-0.000
700.231	0.002	0.001
701.231	0.002	0.001
702.231	0.002	0.001
703.231	0.001	0.001
704.231	0.002	0.000
705.231	0.002	0.000
706.231	0.002	0.000
707.231	0.002	0.000
708.231	0.002	0.002
709.231	0.002	0.002
710.231	0.001	0.001
711.231	0.002	0.000
712.231	0.001	0.000
713.231	0.002	0.000
714.231	0.002	0.001
715.231	0.002	0.002
716.231	0.002	0.002
717.231	0.002	0.001
718.231	0.002	0.000
719.231	0.002	-0.000
720.231	0.002	0.001
721.231	0.001	0.001
722.231	0.002	0.000
723.231	0.002	0.000
724.231	0.002	0.000
725.231	0.002	0.000
726.231	0.002	0.002
727.231	0.002	0.001
728.231	0.002	0.000
729.231	0.002	0.002
730.231	0.002	0.001
731.231	0.002	0.000
732.231	0.001	0.000
733.231	0.002	0.002
734.231	0.002	0.000
735.231	0.002	0.000
736.231	0.002	0.001
737.231	0.002	0.000
738.231	0.002	0.002
739.231	0.002	0.001
740.231	0.002	0.001
741.231	0.002	0.002
742.231	0.002	0.000
743.231	0.002	0.001
744.231	0.002	0.000
745.231	0.002	0.002
746.231	0.002	0.000
747.231	0.002	0.002
748.231	0.002	0.001
749.231	0.002	0.000
750.231	0.002	0.002
751.231	0.002	0.002
752.231	0.002	0.002
753.231	0.002	0.002
754.231	0.002	0.002
755.231	0.002	0.000
756.231	0.002	0.001
757.236	0.002	0.000
758.231	0.002	0.002
759.231	0.002	0.002
760.231	0.002	0.001
761.231	0.002	0.002
762.231	0.002	0.002
763.231	0.001	0.002
764.231	0.001	0.001
765.231	0.002	0.003
766.231	0.002	0.001
767.231	0.002	0.000
768.231	0.002	0.002
769.231	0.002	0.002
770.231	0.002	0.001
771.231	0.002	0.003
772.231	0.002	0.001
773.231	0.002	0.001
774.231	0.002	0.002
775.231	0.002	0.002
776.231	0.002	0.002
777.231	0.002	0.003
778.231	0.002	0.001
779.231	0.002	0.002
780.231	0.002	0.003
781.231	0.002	0.002
782.231	0.001	0.002
783.231	0.001	0.003
784.231	0.001	0.002
785.231	0.002	0.002
786.231	0.002	0.003
787.231	0.002	0.002
788.231	0.002	0.002
789.231	0.002	0.002
790.231	0.002	0.002
791.231	0.001	0.003
792.231	0.001	0.003
793.231	0.001	0.002
794.246	0.001	0.002
795.231	0.001	0.003
796.231	0.002	0.002
797.231	0.001	0.003
798.231	0.002	0.002
799.231	0.002	0.001
800.231	0.001	0.003
801.231	0.001	0.002
802.231	0.001	0.002
803.231	0.001	0.001
804.231	0.001	0.002
805.231	0.001	0.002
806.231	0.001	0.001
807.231	0.001	0.001
808.231	0.001	0.002
809.231	0.001	0.002
810.231	0.001	0.001
811.231	0.001	0.000
812.231	0.001	0.002
813.231	0.002	0.002
814.231	0.001	0.002
815.231	0.001	0.001
816.231	0.001	0.002
817.231	0.001	0.000
818.231	0.001	0.003
819.231	0.001	0.003
820.231	0.001	0.002
821.231	0.001	0.003
822.231	0.001	0.001
823.231	0.002	0.000
824.231	0.001	0.002
825.231	0.001	0.001
826.231	0.001	0.003
827.231	0.001	0.003
828.231	0.001	0.002
829.231	0.001	-0.000
830.231	0.001	0.003
831.231	0.001	0.003
832.231	0.001	0.003
833.231	0.001	0.002
834.231	0.001	0.002
835.231	0.001	0.003
836.231	0.001	0.003
837.231	0.001	0.002
838.231	0.001	0.003
839.231	0.001	0.003
840.231	0.001	0.002
841.231	0.001	0.002
842.231	0.001	0.002
843.231	0.001	0.003
844.231	0.001	0.003
845.231	0.001	0.002
846.231	0.001	0.002
847.231	0.001	0.002
848.231	0.001	0.002
849.231	0.001	0.003
850.231	0.001	0.003
851.231	0.001	0.002
852.231	0.001	0.003
853.231	0.001	0.002
854.231	0.001	0.004
855.231	0.001	0.004
856.231	0.001	0.003
857.231	0.001	0.003
858.231	0.001	0.002
859.231	0.001	0.003
860.231	0.001	0.003
861.231	0.001	0.003
862.231	0.001	0.004
863.231	0.001	0.004
864.231	0.001	0.003
865.231	0.001	0.003
866.231	0.001	0.003
867.231	0.001	0.003
868.231	0.001	0.003
869.231	0.001	0.002
870.231	0.001	0.003
871.231	0.001	0.003
872.231	0.001	0.003
873.231	0.001	0.004
874.231	0.001	0.005
875.231	0.001	0.003
876.231	0.001	0.001
877.232	0.001	0.003
878.231	0.001	0.002
879.231	0.001	0.003
880.231	0.001	0.002
881.231	0.001	0.003
882.231	0.001	0.003
883.231	0.001	0.001
884.231	0.001	0.002
885.231	0.001	0.003
886.231	0.001	0.002
887.231	0.001	0.003
888.231	0.001	0.002
889.231	0.001	0.002
890.231	0.001	0.002
891.231	0.002	0.002
892.231	0.001	0.004
893.231	0.001	0.002
894.231	0.002	0.002
895.231	0.001	0.003
896.231	0.002	0.001
897.231	0.001	0.002
898.231	0.001	0.003
899.231	0.001	0.003
900.231	0.002	0.001
901.231	0.002	0.000
902.231	0.002	0.000
903.231	0.001	0.003
904.231	0.001	0.003
905.231	0.001	0.002
906.231	0.001	0.004
907.231	0.001	0.002
908.231	0.001	0.002
909.231	0.001	0.002
910.231	0.001	0.003
911.231	0.001	0.002
912.231	0.002	0.002
913.231	0.001	0.001
914.231	0.001	0.001
915.231	0.001	0.002
916.231	0.001	0.000
917.231	0.001	0.002
918.231	0.002	0.002
919.231	0.002	0.002
