0.035	0.000	0.000
1.035	0.000	0.000
2.035	0.000	-0.000
3.035	0.000	0.001
4.035	0.000	0.000
5.035	0.000	0.003
6.035	0.000	0.001
7.035	0.000	0.002
8.035	0.000	0.002
9.035	0.000	0.000
10.035	0.000	0.000
11.035	0.000	-0.000
12.035	0.000	0.000
13.035	0.000	0.000
14.035	0.000	0.000
15.035	0.000	0.000
16.035	0.000	0.001
17.035	0.000	0.002
18.035	0.000	0.002
19.035	0.000	0.003
20.035	0.000	0.002
21.035	0.000	-0.000
22.035	0.000	-0.003
23.035	0.000	-0.006
24.035	0.000	-0.008
25.035	0.000	-0.012
26.035	0.000	-0.014
27.035	0.000	-0.013
28.035	0.000	-0.013
29.035	0.000	-0.012
30.035	0.000	-0.012
31.035	0.000	-0.012
32.035	0.000	-0.013
33.035	0.000	-0.013
34.035	0.000	-0.013
35.035	0.000	-0.013
36.035	0.000	-0.012
37.035	0.000	-0.013
38.035	0.000	-0.012
39.035	0.000	-0.012
40.035	0.000	-0.012
41.035	0.000	-0.014
42.035	0.000	-0.013
43.035	0.000	-0.013
44.035	0.000	-0.015
45.035	0.000	-0.013
46.035	0.000	-0.014
47.035	0.000	-0.013
48.035	0.000	-0.014
49.035	0.000	-0.015
50.035	0.000	-0.013
51.035	0.000	-0.013
52.035	0.000	-0.013
53.035	0.000	-0.013
54.035	0.000	-0.012
55.035	0.000	-0.013
56.035	0.000	-0.014
57.035	0.000	-0.014
58.035	0.000	-0.014
59.035	0.000	-0.012
60.035	0.000	-0.014
61.035	0.000	-0.013
62.035	0.000	-0.015
63.035	0.000	-0.015
64.035	0.000	-0.013
65.035	0.000	-0.013
66.035	0.000	-0.013
67.035	0.000	-0.014
68.035	0.000	-0.014
69.035	0.000	-0.014
70.035	0.000	-0.013
71.035	0.000	-0.013
72.035	0.000	-0.013
73.035	0.000	-0.014
74.035	0.000	-0.014
75.035	0.000	-0.014
76.035	0.000	-0.014
77.035	0.000	-0.013
78.035	0.000	-0.014
79.035	0.000	-0.013
80.035	0.000	-0.014
81.035	0.000	-0.014
82.035	0.000	-0.014
83.035	0.000	-0.014
84.035	0.000	-0.013
85.035	0.000	-0.012
86.035	0.000	-0.013
87.035	0.000	-0.014
88.035	0.000	-0.014
89.035	0.000	-0.012
90.035	0.000	-0.012
91.035	0.000	-0.013
92.035	0.000	-0.013
93.035	0.000	-0.012
94.035	0.000	-0.012
95.035	0.000	-0.012
96.035	0.000	-0.011
97.035	0.000	-0.012
98.035	0.000	-0.013
99.035	0.000	-0.014
100.035	0.000	-0.011
101.035	0.000	-0.012
102.035	0.000	-0.012
103.035	0.000	-0.012
104.035	0.000	-0.013
105.035	0.000	-0.012
106.035	0.000	-0.011
107.035	0.000	-0.010
108.035	0.000	-0.011
109.035	0.000	-0.011
110.035	0.000	-0.011
111.035	0.000	-0.011
112.035	0.000	-0.013
113.035	0.000	-0.011
114.035	0.000	-0.009
115.035	0.000	-0.010
116.035	0.000	-0.010
117.035	0.000	-0.010
118.035	0.000	-0.009
119.035	0.000	-0.008
120.035	0.000	-0.008
121.035	0.000	-0.009
122.035	0.000	-0.011
123.035	0.000	-0.010
124.035	0.000	-0.010
125.035	0.000	-0.008
126.035	0.000	-0.008
127.035	0.000	-0.008
128.035	0.000	-0.011
129.035	0.000	-0.011
130.035	0.000	-0.012
131.035	0.000	-0.014
132.035	0.000	-0.016
133.035	0.000	-0.017
134.035	0.000	-0.017
135.035	0.000	-0.017
136.035	0.000	-0.016
137.035	0.000	-0.015
138.035	0.000	-0.015
139.035	0.000	-0.014
140.035	0.000	-0.015
141.035	0.000	-0.015
142.035	0.000	-0.015
143.035	0.000	-0.014
144.035	0.000	-0.014
145.035	0.000	-0.016
146.035	0.000	-0.017
147.035	0.000	-0.016
148.035	0.000	-0.016
149.035	0.000	-0.016
150.035	0.000	-0.016
151.035	0.000	-0.016
152.035	0.000	-0.016
153.035	0.000	-0.018
154.035	0.000	-0.017
155.035	0.000	-0.017
156.035	0.000	-0.017
157.035	0.000	-0.017
158.035	0.000	-0.018
159.035	0.000	-0.018
160.035	0.000	-0.017
161.035	0.000	-0.016
162.035	0.000	-0.018
163.035	0.000	-0.017
164.035	0.000	-0.019
165.035	0.000	-0.019
166.035	0.000	-0.019
167.035	0.000	-0.019
168.035	0.000	-0.018
169.035	0.000	-0.018
170.035	0.000	-0.018
171.035	0.000	-0.020
172.035	0.000	-0.018
173.035	0.000	-0.019
174.035	0.000	-0.017
175.035	0.000	-0.017
176.035	0.000	-0.018
177.035	0.000	-0.017
178.035	0.000	-0.019
179.035	0.000	-0.017
180.035	0.000	-0.018
181.035	0.000	-0.017
182.035	0.000	-0.017
183.035	0.000	-0.017
184.035	0.000	-0.018
185.035	0.000	-0.018
186.035	0.000	-0.018
187.035	0.000	-0.018
188.035	0.000	-0.017
189.035	0.000	-0.017
190.035	0.000	-0.018
191.035	0.000	-0.018
192.035	0.000	-0.018
193.035	0.000	-0.017
194.035	0.000	-0.018
195.035	0.000	-0.017
196.035	0.000	-0.019
197.035	0.000	-0.016
198.035	0.000	-0.015
199.035	0.000	-0.017
200.035	0.000	-0.017
201.035	0.000	-0.017
202.035	0.000	-0.017
203.035	0.000	-0.015
204.035	0.000	-0.015
205.035	0.000	-0.015
206.035	0.000	-0.016
207.035	0.000	-0.016
208.035	0.000	-0.016
209.035	0.000	-0.015
210.035	0.000	-0.013
211.035	0.000	-0.014
212.035	0.000	-0.014
213.035	0.000	-0.015
214.035	0.000	-0.015
215.035	0.000	-0.014
216.035	0.000	-0.014
217.035	0.000	-0.014
218.035	0.000	-0.013
219.035	0.000	-0.014
220.035	0.000	-0.014
221.035	0.000	-0.012
222.035	0.000	-0.012
223.035	0.000	-0.012
224.035	0.000	-0.012
225.035	0.000	-0.012
226.035	0.000	-0.012
227.035	0.000	-0.012
228.035	0.000	-0.011
229.035	0.000	-0.010
230.035	0.000	-0.011
231.035	0.000	-0.012
232.035	0.000	-0.013
233.035	0.000	-0.012
234.035	0.000	-0.010
235.035	0.000	-0.009
236.035	0.000	-0.011
237.035	0.000	-0.010
238.035	0.000	-0.010
239.035	0.000	-0.010
240.035	0.000	-0.010
241.035	0.000	-0.009
242.035	0.000	-0.009
243.035	0.000	-0.010
244.035	0.000	-0.010
245.035	0.000	-0.010
246.035	0.000	-0.009
247.035	0.000	-0.008
248.035	0.000	-0.009
249.035	0.000	-0.010
250.035	0.000	-0.008
251.035	0.000	-0.008
252.035	0.000	-0.007
253.035	0.000	-0.007
254.035	0.000	-0.008
255.035	0.000	-0.007
256.035	0.000	-0.009
257.035	0.000	-0.008
258.035	0.000	-0.006
259.035	0.000	-0.005
260.035	0.000	-0.007
261.035	0.000	-0.007
262.035	0.000	-0.008
263.035	0.000	-0.007
264.035	0.000	-0.005
265.035	0.000	-0.005
266.035	0.000	-0.006
267.035	0.000	-0.006
268.035	0.000	-0.006
269.035	0.000	-0.005
270.035	0.000	-0.004
271.035	0.000	-0.005
272.035	0.000	-0.005
273.035	0.000	-0.004
274.035	0.000	-0.004
275.035	0.000	-0.003
276.035	0.000	-0.002
277.035	0.000	-0.003
278.035	0.000	-0.003
279.035	0.000	-0.003
280.035	0.000	-0.003
281.035	0.000	-0.004
282.035	0.000	-0.002
283.035	0.000	-0.002
284.035	0.000	-0.002
285.035	0.000	-0.002
286.035	0.000	-0.003
287.035	0.000	-0.002
288.035	0.000	-0.000
289.035	0.000	-0.000
290.035	0.000	-0.002
291.035	0.000	-0.001
292.035	0.000	-0.002
293.035	0.000	-0.000
294.035	0.000	0.000
295.035	0.000	-0.001
296.035	0.000	-0.002
297.035	0.000	-0.001
298.035	0.000	-0.001
299.035	0.000	-0.000
300.035	0.000	-0.001
301.035	0.000	-0.000
302.035	0.000	-0.003
303.035	0.000	-0.008
304.035	0.000	-0.010
305.035	0.000	-0.011
306.035	0.000	-0.018
307.035	0.000	-0.018
308.035	0.000	-0.017
309.035	0.000	-0.019
310.035	0.000	-0.019
311.035	0.000	-0.018
312.035	0.000	-0.016
313.035	0.000	-0.017
314.035	0.000	-0.017
315.035	0.000	-0.018
316.035	0.000	-0.018
317.035	0.000	-0.018
318.035	0.000	-0.017
319.035	0.000	-0.016
320.035	0.000	-0.016
321.035	0.000	-0.017
322.035	0.000	-0.017
323.035	0.000	-0.017
324.035	0.000	-0.016
325.035	0.000	-0.015
326.035	0.000	-0.015
327.035	0.000	-0.015
328.035	0.000	-0.016
329.035	0.000	-0.016
330.035	0.000	-0.015
331.035	0.000	-0.016
332.035	0.000	-0.016
333.035	0.000	-0.018
334.036	0.000	-0.018
335.035	0.000	-0.017
336.035	0.000	-0.016
337.035	0.000	-0.016
338.035	0.000	-0.015
339.035	0.000	-0.015
340.035	0.000	-0.015
341.035	0.000	-0.016
342.035	0.000	-0.016
343.035	0.000	-0.014
344.035	0.000	-0.015
345.035	0.000	-0.015
346.035	0.000	-0.015
347.035	0.000	-0.015
348.035	0.000	-0.014
349.035	0.000	-0.015
350.035	0.000	-0.015
351.035	0.000	-0.017
352.035	0.000	-0.017
353.035	0.000	-0.016
354.035	0.000	-0.015
355.035	0.000	-0.015
356.035	0.000	-0.015
357.035	0.000	-0.017
358.035	0.000	-0.017
359.035	0.000	-0.016
360.035	0.000	-0.016
361.035	0.000	-0.015
362.035	0.000	-0.016
363.035	0.000	-0.016
364.035	0.000	-0.017
365.035	0.000	-0.016
366.035	0.000	-0.017
367.035	0.000	-0.016
368.035	0.000	-0.015
369.035	0.000	-0.016
370.035	0.000	-0.018
371.035	0.000	-0.015
372.035	0.000	-0.016
373.035	0.000	-0.014
374.035	0.000	-0.015
375.035	0.000	-0.015
376.035	0.000	-0.014
377.035	0.000	-0.014
378.035	0.000	-0.014
379.035	0.000	-0.013
380.035	0.000	-0.012
381.035	0.000	-0.012
382.035	0.000	-0.014
383.035	0.000	-0.013
384.035	0.000	-0.013
385.035	0.000	-0.012
386.035	0.000	-0.013
387.035	0.000	-0.013
388.035	0.000	-0.014
389.035	0.000	-0.013
390.035	0.000	-0.012
391.035	0.000	-0.011
392.035	0.000	-0.010
393.035	0.000	-0.010
394.035	0.000	-0.012
395.035	0.000	-0.012
396.035	0.000	-0.011
397.035	0.000	-0.012
398.035	0.000	-0.010
399.035	0.000	-0.010
400.035	0.000	-0.011
401.035	0.000	-0.011
402.035	0.000	-0.009
403.035	0.000	-0.010
404.035	0.000	-0.010
405.035	0.000	-0.009
406.035	0.000	-0.010
407.035	0.000	-0.010
408.035	0.000	-0.009
409.035	0.000	-0.008
410.035	0.000	-0.008
411.035	0.000	-0.007
412.035	0.000	-0.009
413.035	0.000	-0.009
414.035	0.000	-0.007
415.035	0.000	-0.007
416.035	0.000	-0.007
417.035	0.000	-0.009
418.035	0.000	-0.008
419.035	0.000	-0.008
420.035	0.000	-0.005
421.035	0.000	-0.006
422.035	0.000	-0.006
423.035	0.000	-0.007
424.035	0.000	-0.007
425.035	0.000	-0.006
426.035	0.000	-0.006
427.035	0.000	-0.005
428.035	0.000	-0.006
429.035	0.000	-0.006
430.035	0.000	-0.006
431.035	0.000	-0.006
432.035	0.000	-0.005
433.035	0.000	-0.004
434.035	0.000	-0.004
435.035	0.000	-0.006
436.035	0.000	-0.007
437.035	0.000	-0.006
438.035	0.000	-0.006
439.035	0.000	-0.004
440.035	0.000	-0.004
441.035	0.000	-0.005
442.035	0.000	-0.005
443.035	0.000	-0.006
444.035	0.000	-0.005
445.035	0.000	-0.004
446.035	0.000	-0.002
447.035	0.000	-0.004
448.035	0.000	-0.004
449.035	0.000	-0.005
450.035	0.000	-0.003
451.035	0.000	-0.003
452.035	0.000	-0.002
453.035	0.000	-0.003
454.035	0.000	-0.002
455.035	0.000	-0.002
456.035	0.000	-0.002
457.035	0.000	-0.001
458.035	0.000	-0.000
459.035	0.000	-0.002
460.035	0.000	-0.002
461.035	0.000	-0.001
462.035	0.000	-0.000
463.035	0.000	-0.000
464.035	0.000	0.000
465.035	0.000	-0.000
466.035	0.000	-0.001
467.035	0.000	-0.000
468.035	0.000	0.000
469.035	0.000	0.000
470.035	0.000	0.000
471.035	0.000	0.000
472.035	0.000	-0.000
473.035	0.000	-0.000
474.035	0.000	0.000
475.035	0.000	0.000
476.035	0.000	0.000
477.035	0.000	0.000
478.035	0.000	0.000
479.035	0.000	0.000
480.035	0.000	0.000
481.035	0.000	0.002
482.035	0.000	0.002
483.035	0.000	0.000
484.035	0.000	-0.006
485.035	0.000	-0.011
486.035	0.000	-0.017
487.035	0.000	-0.022
488.035	0.000	-0.023
489.035	0.000	-0.021
490.035	0.000	-0.017
491.035	0.000	-0.015
492.035	0.000	-0.014
493.035	0.000	-0.012
494.035	0.000	-0.012
495.035	0.000	-0.011
496.035	0.000	-0.012
497.035	0.000	-0.010
498.035	0.000	-0.009
499.035	0.000	-0.008
500.035	0.000	-0.010
501.035	0.000	-0.012
502.035	0.000	-0.013
503.035	0.000	-0.011
504.035	0.000	-0.011
505.035	0.000	-0.012
506.035	0.000	-0.013
507.035	0.000	-0.015
508.035	0.000	-0.016
509.035	0.000	-0.017
510.035	0.000	-0.017
511.035	0.000	-0.016
512.035	0.000	-0.015
513.035	0.000	-0.017
514.035	0.000	-0.017
515.035	0.000	-0.018
516.035	0.000	-0.018
517.035	0.000	-0.019
518.035	0.000	-0.018
519.035	0.000	-0.018
520.035	0.000	-0.018
521.035	0.000	-0.020
522.035	0.000	-0.020
523.035	0.000	-0.020
524.035	0.000	-0.019
525.035	0.000	-0.020
526.035	0.000	-0.020
527.035	0.000	-0.020
528.035	0.000	-0.021
529.035	0.000	-0.022
530.035	0.000	-0.021
531.035	0.000	-0.021
532.035	0.000	-0.020
533.035	0.000	-0.021
534.035	0.000	-0.021
535.035	0.000	-0.023
536.035	0.000	-0.021
537.035	0.000	-0.022
538.035	0.000	-0.021
539.035	0.000	-0.022
540.035	0.000	-0.022
541.035	0.000	-0.023
542.035	0.000	-0.021
543.035	0.000	-0.021
544.035	0.000	-0.020
545.035	0.000	-0.022
546.035	0.000	-0.021
547.035	0.000	-0.022
548.035	0.000	-0.021
549.035	0.000	-0.022
550.035	0.000	-0.022
551.035	0.000	-0.022
552.035	0.000	-0.023
553.035	0.000	-0.023
554.035	0.000	-0.023
555.035	0.000	-0.021
556.035	0.000	-0.023
557.035	0.000	-0.023
558.035	0.000	-0.023
559.035	0.000	-0.023
560.035	0.000	-0.023
561.035	0.000	-0.021
562.035	0.000	-0.022
563.035	0.000	-0.022
564.035	0.000	-0.022
565.035	0.000	-0.023
566.035	0.000	-0.023
567.035	0.000	-0.021
568.035	0.000	-0.021
569.035	0.000	-0.022
570.035	0.000	-0.022
571.035	0.000	-0.024
572.035	0.000	-0.022
573.035	0.000	-0.022
574.035	0.000	-0.021
575.035	0.000	-0.021
576.035	0.000	-0.022
577.035	0.000	-0.022
578.035	0.000	-0.022
579.035	0.000	-0.021
580.035	0.000	-0.020
581.035	0.000	-0.019
582.035	0.000	-0.020
583.035	0.000	-0.021
584.035	0.000	-0.020
585.035	0.000	-0.020
586.035	0.000	-0.019
587.035	0.000	-0.020
588.035	0.000	-0.020
589.035	0.000	-0.020
590.035	0.000	-0.020
591.035	0.000	-0.017
592.035	0.000	-0.019
593.035	0.000	-0.018
594.035	0.000	-0.018
595.035	0.000	-0.018
596.035	0.000	-0.018
597.035	0.000	-0.018
598.035	0.000	-0.018
599.035	0.000	-0.018
600.035	0.000	-0.019
601.035	0.000	-0.019
602.035	0.000	-0.017
603.035	0.000	-0.017
604.035	0.000	-0.016
605.035	0.000	-0.016
606.035	0.000	-0.017
607.035	0.000	-0.016
608.035	0.000	-0.017
609.035	0.000	-0.015
610.035	0.000	-0.015
611.035	0.000	-0.015
612.035	0.000	-0.014
613.035	0.000	-0.015
614.035	0.000	-0.015
615.035	0.000	-0.014
616.035	0.000	-0.012
617.035	0.000	-0.014
618.035	0.000	-0.013
619.035	0.000	-0.013
620.035	0.000	-0.013
621.035	0.000	-0.014
622.035	0.000	-0.013
623.035	0.000	-0.013
624.035	0.000	-0.012
625.035	0.000	-0.013
626.035	0.000	-0.014
627.035	0.000	-0.012
628.035	0.000	-0.013
629.035	0.000	-0.013
630.035	0.000	-0.010
631.035	0.000	-0.011
632.035	0.000	-0.012
633.035	0.000	-0.012
634.035	0.000	-0.012
635.035	0.000	-0.011
636.035	0.000	-0.011
637.035	0.000	-0.011
638.035	0.000	-0.011
639.035	0.000	-0.011
640.035	0.000	-0.011
641.035	0.000	-0.009
642.035	0.000	-0.009
643.035	0.000	-0.010
644.035	0.000	-0.009
645.035	0.000	-0.009
646.035	0.000	-0.009
647.035	0.000	-0.009
648.035	0.000	-0.011
649.035	0.000	-0.008
650.035	0.000	-0.006
651.035	0.000	-0.007
652.035	0.000	-0.008
653.035	0.000	-0.009
654.035	0.000	-0.008
655.035	0.000	-0.008
656.035	0.000	-0.006
657.035	0.000	-0.006
658.035	0.000	-0.006
659.035	0.000	-0.007
660.035	0.000	-0.007
661.035	0.000	-0.006
662.035	0.000	-0.005
663.035	0.000	-0.005
664.035	0.000	-0.004
665.035	0.000	-0.005
666.035	0.000	-0.004
667.035	0.000	-0.005
668.035	0.000	-0.003
669.035	0.000	-0.002
670.035	0.000	-0.004
671.035	0.000	-0.004
672.035	0.000	-0.005
673.035	0.000	-0.005
674.035	0.000	-0.004
675.035	0.000	-0.002
676.035	0.000	-0.003
677.035	0.000	-0.002
678.035	0.000	-0.004
679.035	0.000	-0.003
680.035	0.000	-0.004
681.035	0.000	-0.003
682.035	0.000	-0.002
683.035	0.000	-0.002
684.035	0.000	-0.002
685.035	0.000	-0.004
686.035	0.000	-0.003
687.035	0.000	-0.001
688.035	0.000	-0.001
689.035	0.000	-0.000
690.035	0.000	-0.001
691.035	0.000	-0.001
692.035	0.000	-0.002
693.035	0.000	-0.001
694.035	0.000	-0.000
695.035	0.000	-0.000
696.035	0.000	-0.000
697.035	0.000	-0.000
698.035	0.000	-0.000
699.035	0.000	0.000
700.035	0.000	0.000
701.035	0.000	0.002
702.035	0.000	0.000
703.035	0.000	0.002
704.035	0.000	0.000
705.035	0.000	0.000
706.035	0.000	0.002
707.035	0.000	-0.005
708.035	0.000	-0.009
709.035	0.000	-0.006
710.035	0.000	-0.008
711.035	0.000	-0.009
712.035	0.000	-0.007
713.035	0.000	-0.007
714.035	0.000	-0.008
715.035	0.000	-0.004
716.035	0.000	-0.005
717.035	0.000	-0.009
718.035	0.000	-0.017
719.035	0.000	-0.021
720.035	0.000	-0.026
721.035	0.000	-0.027
722.035	0.000	-0.021
723.035	0.000	-0.017
724.035	0.000	-0.016
725.035	0.000	-0.012
726.035	0.000	-0.013
727.035	0.000	-0.012
728.035	0.000	-0.011
729.035	0.000	-0.010
730.035	0.000	-0.013
731.035	0.000	-0.011
732.035	0.000	-0.010
733.035	0.000	-0.011
734.035	0.000	-0.011
735.035	0.000	-0.012
736.035	0.000	-0.011
737.035	0.000	-0.012
738.035	0.000	-0.012
739.035	0.000	-0.015
740.035	0.000	-0.014
741.035	0.000	-0.014
742.035	0.000	-0.014
743.035	0.000	-0.013
744.035	0.000	-0.015
745.035	0.000	-0.017
746.035	0.000	-0.017
747.035	0.000	-0.018
748.035	0.000	-0.018
749.035	0.000	-0.017
750.035	0.000	-0.018
751.035	0.000	-0.019
752.035	0.000	-0.020
753.035	0.000	-0.021
754.035	0.000	-0.019
755.035	0.000	-0.018
756.035	0.000	-0.020
757.035	0.000	-0.022
758.035	0.000	-0.021
759.035	0.000	-0.021
760.035	0.000	-0.020
761.035	0.000	-0.020
762.035	0.000	-0.021
763.035	0.000	-0.021
764.035	0.000	-0.021
765.035	0.000	-0.021
766.035	0.000	-0.019
767.035	0.000	-0.020
768.035	0.000	-0.019
769.035	0.000	-0.020
770.035	0.000	-0.021
771.035	0.000	-0.020
772.035	0.000	-0.020
773.035	0.000	-0.019
774.035	0.000	-0.019
775.035	0.000	-0.021
776.035	0.000	-0.021
777.035	0.000	-0.021
778.035	0.000	-0.020
779.035	0.000	-0.019
780.035	0.000	-0.019
781.035	0.000	-0.021
782.035	0.000	-0.021
783.035	0.000	-0.021
784.035	0.000	-0.022
785.035	0.000	-0.020
786.035	0.000	-0.020
787.035	0.000	-0.023
788.035	0.000	-0.021
789.035	0.000	-0.021
790.035	0.000	-0.021
791.035	0.000	-0.023
792.035	0.000	-0.021
793.035	0.000	-0.021
794.035	0.000	-0.019
795.035	0.000	-0.021
796.035	0.000	-0.022
797.035	0.000	-0.022
798.035	0.000	-0.021
799.035	0.000	-0.020
800.035	0.000	-0.020
801.035	0.000	-0.019
802.035	0.000	-0.020
803.035	0.000	-0.021
804.035	0.000	-0.022
805.035	0.000	-0.019
806.035	0.000	-0.018
807.035	0.000	-0.018
808.035	0.000	-0.018
809.035	0.000	-0.020
810.035	0.000	-0.019
811.035	0.000	-0.019
812.035	0.000	-0.019
813.035	0.000	-0.020
814.035	0.000	-0.019
815.035	0.000	-0.018
816.035	0.000	-0.018
817.035	0.000	-0.017
818.035	0.000	-0.016
819.035	0.000	-0.017
820.035	0.000	-0.018
821.035	0.000	-0.018
822.035	0.000	-0.018
823.035	0.000	-0.017
824.035	0.000	-0.016
825.035	0.000	-0.015
826.035	0.000	-0.017
827.035	0.000	-0.017
828.035	0.000	-0.017
829.035	0.000	-0.015
830.035	0.000	-0.015
831.035	0.000	-0.016
832.035	0.000	-0.014
833.035	0.000	-0.016
834.035	0.000	-0.016
835.035	0.000	-0.016
836.035	0.000	-0.014
837.035	0.000	-0.015
838.035	0.000	-0.014
839.035	0.000	-0.014
840.035	0.000	-0.015
841.035	0.000	-0.014
842.035	0.000	-0.013
843.035	0.000	-0.013
844.035	0.000	-0.012
845.035	0.000	-0.013
846.035	0.000	-0.015
847.035	0.000	-0.013
848.035	0.000	-0.012
849.035	0.000	-0.012
850.035	0.000	-0.012
851.035	0.000	-0.013
852.035	0.000	-0.013
853.035	0.000	-0.014
854.035	0.000	-0.012
855.035	0.000	-0.010
856.035	0.000	-0.011
857.035	0.000	-0.012
858.035	0.000	-0.013
859.035	0.000	-0.013
860.035	0.000	-0.011
861.035	0.000	-0.011
862.035	0.000	-0.011
863.035	0.000	-0.011
864.035	0.000	-0.010
865.035	0.000	-0.012
866.035	0.000	-0.011
867.035	0.000	-0.009
868.035	0.000	-0.009
869.035	0.000	-0.011
870.035	0.000	-0.011
871.035	0.000	-0.009
872.035	0.000	-0.009
873.035	0.000	-0.008
874.035	0.000	-0.010
875.035	0.000	-0.008
876.035	0.000	-0.008
877.035	0.000	-0.008
878.035	0.000	-0.008
879.035	0.000	-0.008
880.035	0.000	-0.007
881.035	0.000	-0.008
882.035	0.000	-0.007
883.035	0.000	-0.007
884.035	0.000	-0.008
885.035	0.000	-0.006
886.035	0.000	-0.006
887.035	0.000	-0.006
888.035	0.000	-0.007
889.035	0.000	-0.008
890.035	0.000	-0.006
891.035	0.000	-0.005
892.035	0.000	-0.005
893.035	0.000	-0.005
894.035	0.000	-0.005
895.035	0.000	-0.006
896.035	0.000	-0.006
897.035	0.000	-0.005
898.035	0.000	-0.005
899.035	0.000	-0.004
900.035	0.000	-0.005
901.035	0.000	-0.005
902.035	0.000	-0.005
903.035	0.000	-0.003
904.035	0.000	-0.003
905.035	0.000	-0.002
906.035	0.000	-0.003
907.035	0.000	-0.004
908.035	0.000	-0.004
909.035	0.000	-0.003
910.035	0.000	-0.002
911.035	0.000	-0.002
912.035	0.000	-0.003
913.035	0.000	-0.003
914.035	0.000	-0.002
915.035	0.000	-0.001
916.035	0.000	-0.002
917.035	0.000	-0.001
918.035	0.000	-0.002
919.035	0.000	-0.000
920.035	0.000	-0.000
921.035	0.000	-0.000
922.035	0.000	0.000
923.035	0.000	0.000
924.035	0.000	-0.000
925.035	0.000	0.000
926.035	0.000	0.000
927.035	0.000	0.000
928.035	0.000	0.001
929.035	0.000	0.001
930.035	0.000	0.001
931.035	0.000	0.000
932.035	0.000	0.000
933.035	0.000	0.002
934.035	0.000	0.002
935.035	0.000	0.004
936.035	0.000	0.003
937.035	0.000	0.002
938.035	0.000	0.002
939.035	0.000	0.002
940.035	0.000	0.004
941.035	0.000	0.004
942.035	0.000	0.004
943.035	0.000	0.004
944.035	0.000	0.005
945.035	0.000	0.004
946.035	0.000	0.005
947.035	0.000	0.004
948.035	0.000	0.005
949.035	0.000	0.004
950.035	0.000	0.006
951.035	0.000	0.006
952.035	0.000	0.007
953.035	0.000	0.007
954.035	0.000	0.005
955.035	0.000	0.006
956.035	0.000	0.007
957.035	0.000	0.007
958.035	0.000	0.008
959.035	0.000	0.007
960.035	0.000	0.007
961.035	0.000	0.007
962.035	0.000	0.007
963.035	0.000	0.008
964.035	0.000	0.008
965.035	0.000	0.008
966.035	0.000	0.009
967.035	0.000	0.009
968.035	0.000	0.008
969.035	0.000	0.008
970.035	0.000	0.008
971.035	0.000	0.009
972.035	0.000	0.009
973.035	0.000	0.008
974.035	0.000	0.007
975.035	0.000	0.010
976.035	0.000	0.012
977.035	0.000	0.009
978.035	0.000	0.008
979.035	0.000	0.004
980.035	0.000	0.002
981.035	0.000	-0.004
982.035	0.000	-0.012
983.035	0.000	-0.012
984.035	0.000	-0.010
985.035	0.000	-0.011
986.035	0.000	-0.011
987.035	0.000	-0.012
988.035	0.000	-0.011
989.035	0.000	-0.009
990.035	0.000	-0.009
991.035	0.000	-0.011
992.035	0.000	-0.011
993.035	0.000	-0.011
994.035	0.000	-0.011
995.035	0.000	-0.009
996.035	0.000	-0.010
997.035	0.000	-0.010
998.035	0.000	-0.012
999.035	0.000	-0.013
1000.035	0.000	-0.012
1001.035	0.000	-0.011
1002.035	0.000	-0.012
1003.035	0.000	-0.013
1004.035	0.000	-0.015
1005.035	0.000	-0.014
1006.035	0.000	-0.016
1007.035	0.000	-0.014
1008.035	0.000	-0.015
1009.035	0.000	-0.015
1010.035	0.000	-0.017
1011.035	0.000	-0.016
1012.035	0.000	-0.017
1013.035	0.000	-0.016
1014.035	0.000	-0.017
1015.035	0.000	-0.017
1016.035	0.000	-0.018
1017.035	0.000	-0.019
1018.035	0.000	-0.019
1019.035	0.000	-0.017
1020.035	0.000	-0.017
1021.035	0.000	-0.017
1022.035	0.000	-0.019
1023.035	0.000	-0.019
1024.035	0.000	-0.019
1025.035	0.000	-0.017
1026.035	0.000	-0.017
1027.035	0.000	-0.018
1028.035	0.000	-0.019
1029.035	0.000	-0.019
1030.035	0.000	-0.020
1031.035	0.000	-0.018
1032.035	0.000	-0.018
1033.035	0.000	-0.019
1034.035	0.000	-0.019
1035.035	0.000	-0.019
1036.035	0.000	-0.021
1037.035	0.000	-0.018
1038.035	0.000	-0.017
1039.035	0.000	-0.018
1040.035	0.000	-0.020
1041.035	0.000	-0.018
1042.035	0.000	-0.018
1043.035	0.000	-0.018
1044.035	0.000	-0.017
1045.035	0.000	-0.017
1046.035	0.000	-0.020
1047.035	0.000	-0.018
1048.035	0.000	-0.018
1049.035	0.000	-0.018
1050.035	0.000	-0.018
1051.035	0.000	-0.017
1052.035	0.000	-0.017
1053.035	0.000	-0.016
1054.035	0.000	-0.017
1055.035	0.000	-0.016
1056.035	0.000	-0.016
1057.035	0.000	-0.016
1058.035	0.000	-0.016
1059.035	0.000	-0.017
1060.035	0.000	-0.016
1061.035	0.000	-0.015
1062.035	0.000	-0.015
1063.035	0.000	-0.014
1064.035	0.000	-0.015
1065.035	0.000	-0.015
1066.035	0.000	-0.015
1067.035	0.000	-0.014
1068.035	0.000	-0.014
1069.035	0.000	-0.012
1070.035	0.000	-0.013
1071.035	0.000	-0.014
1072.035	0.000	-0.013
1073.035	0.000	-0.011
1074.035	0.000	-0.012
1075.035	0.000	-0.013
1076.035	0.000	-0.015
1077.035	0.000	-0.013
1078.035	0.000	-0.013
1079.035	0.000	-0.014
1080.035	0.000	-0.011
1081.035	0.000	-0.012
1082.035	0.000	-0.013
1083.035	0.000	-0.011
1084.035	0.000	-0.012
1085.035	0.000	-0.011
1086.035	0.000	-0.011
1087.035	0.000	-0.012
1088.035	0.000	-0.010
1089.035	0.000	-0.010
1090.035	0.000	-0.011
1091.035	0.000	-0.010
1092.035	0.000	-0.011
1093.035	0.000	-0.011
1094.035	0.000	-0.012
1095.035	0.000	-0.015
1096.035	0.000	-0.016
1097.035	0.000	-0.018
1098.035	0.000	-0.021
1099.035	0.000	-0.026
1100.035	0.000	-0.027
1101.035	0.000	-0.025
1102.035	0.000	-0.024
1103.035	0.000	-0.023
1104.035	0.000	-0.022
1105.035	0.000	-0.022
1106.035	0.000	-0.021
1107.035	0.000	-0.021
1108.035	0.000	-0.019
1109.035	0.000	-0.019
1110.035	0.000	-0.019
1111.035	0.000	-0.019
1112.035	0.000	-0.019
1113.035	0.000	-0.019
1114.035	0.000	-0.019
1115.035	0.000	-0.018
1116.035	0.000	-0.018
1117.035	0.000	-0.018
1118.035	0.000	-0.020
1119.035	0.000	-0.019
1120.035	0.000	-0.020
1121.035	0.000	-0.019
1122.035	0.000	-0.019
1123.035	0.000	-0.020
1124.035	0.000	-0.021
1125.035	0.000	-0.020
1126.035	0.000	-0.022
1127.035	0.000	-0.018
1128.035	0.000	-0.020
1129.035	0.000	-0.020
1130.035	0.000	-0.022
1131.035	0.000	-0.021
1132.035	0.000	-0.020
1133.035	0.000	-0.020
1134.035	0.000	-0.020
1135.035	0.000	-0.021
1136.035	0.000	-0.020
1137.035	0.000	-0.021
1138.035	0.000	-0.021
1139.035	0.000	-0.021
1140.035	0.000	-0.022
1141.035	0.000	-0.022
1142.035	0.000	-0.021
1143.035	0.000	-0.021
1144.035	0.000	-0.020
1145.035	0.000	-0.021
1146.035	0.000	-0.019
1147.035	0.000	-0.021
1148.035	0.000	-0.020
1149.035	0.000	-0.021
1150.035	0.000	-0.020
1151.035	0.000	-0.019
1152.035	0.000	-0.018
1153.035	0.000	-0.018
1154.035	0.000	-0.021
1155.035	0.000	-0.021
1156.035	0.000	-0.020
1157.035	0.000	-0.020
1158.035	0.000	-0.018
1159.035	0.000	-0.021
1160.035	0.000	-0.020
1161.035	0.000	-0.020
1162.035	0.000	-0.020
1163.035	0.000	-0.019
1164.035	0.000	-0.019
1165.035	0.000	-0.019
1166.035	0.000	-0.020
1167.035	0.000	-0.020
1168.035	0.000	-0.020
1169.035	0.000	-0.019
1170.035	0.000	-0.019
1171.035	0.000	-0.018
1172.035	0.000	-0.019
1173.035	0.000	-0.020
1174.035	0.000	-0.019
1175.035	0.000	-0.018
1176.035	0.000	-0.018
1177.035	0.000	-0.018
1178.035	0.000	-0.019
1179.035	0.000	-0.020
1180.035	0.000	-0.019
1181.035	0.000	-0.017
1182.035	0.000	-0.017
1183.035	0.000	-0.018
1184.035	0.000	-0.018
1185.035	0.000	-0.018
1186.035	0.000	-0.018
1187.035	0.000	-0.017
1188.035	0.000	-0.017
1189.035	0.000	-0.017
1190.035	0.000	-0.017
1191.035	0.000	-0.018
1192.035	0.000	-0.017
1193.035	0.000	-0.017
1194.035	0.000	-0.016
1195.035	0.000	-0.016
1196.035	0.000	-0.015
1197.035	0.000	-0.017
1198.035	0.000	-0.017
1199.035	0.000	-0.018
1200.035	0.000	-0.015
1201.035	0.000	-0.014
1202.035	0.000	-0.015
1203.035	0.000	-0.015
1204.035	0.000	-0.017
1205.035	0.000	-0.015
1206.035	0.000	-0.015
1207.035	0.000	-0.012
1208.035	0.000	-0.014
1209.035	0.000	-0.013
1210.035	0.000	-0.014
1211.035	0.000	-0.014
1212.035	0.000	-0.012
1213.035	0.000	-0.012
1214.035	0.000	-0.011
1215.035	0.000	-0.012
1216.035	0.000	-0.013
1217.035	0.000	-0.014
1218.035	0.000	-0.012
1219.035	0.000	-0.011
1220.035	0.000	-0.011
1221.035	0.000	-0.010
1222.035	0.000	-0.012
1223.035	0.000	-0.012
1224.035	0.000	-0.012
1225.035	0.000	-0.011
1226.035	0.000	-0.011
1227.035	0.000	-0.011
1228.035	0.000	-0.010
1229.035	0.000	-0.012
1230.035	0.000	-0.011
1231.035	0.000	-0.010
1232.035	0.000	-0.009
1233.035	0.000	-0.008
1234.035	0.000	-0.010
1235.035	0.000	-0.009
1236.035	0.000	-0.008
1237.035	0.000	-0.006
1238.035	0.000	-0.008
1239.035	0.000	-0.008
1240.035	0.000	-0.008
1241.035	0.000	-0.008
1242.035	0.000	-0.008
1243.035	0.000	-0.007
1244.035	0.000	-0.006
1245.035	0.000	-0.009
1246.035	0.000	-0.009
1247.035	0.000	-0.007
1248.035	0.000	-0.007
1249.035	0.000	-0.007
1250.035	0.000	-0.007
1251.035	0.000	-0.006
1252.035	0.000	-0.004
1253.035	0.000	-0.005
1254.035	0.000	-0.007
1255.035	0.000	-0.007
1256.035	0.000	-0.006
1257.035	0.000	-0.004
1258.035	0.000	-0.004
1259.035	0.000	-0.004
1260.035	0.000	-0.005
1261.035	0.000	-0.004
1262.035	0.000	-0.003
1263.035	0.000	-0.003
1264.035	0.000	-0.002
1265.035	0.000	-0.003
1266.035	0.000	-0.003
1267.035	0.000	-0.004
1268.035	0.000	-0.005
1269.035	0.000	-0.004
1270.035	0.000	-0.003
1271.035	0.000	-0.005
1272.035	0.000	-0.008
1273.035	0.000	-0.012
1274.035	0.000	-0.017
1275.035	0.000	-0.020
1276.035	0.000	-0.023
1277.035	0.000	-0.024
1278.035	0.000	-0.026
1279.035	0.000	-0.022
1280.035	0.000	-0.021
1281.035	0.000	-0.020
1282.035	0.000	-0.019
1283.035	0.000	-0.018
1284.035	0.000	-0.018
1285.035	0.000	-0.018
1286.035	0.000	-0.019
1287.035	0.000	-0.016
1288.035	0.000	-0.017
1289.035	0.000	-0.017
1290.035	0.000	-0.017
1291.035	0.000	-0.017
1292.035	0.000	-0.017
1293.035	0.000	-0.018
1294.035	0.000	-0.017
1295.035	0.000	-0.016
1296.035	0.000	-0.018
1297.035	0.000	-0.019
1298.035	0.000	-0.019
1299.035	0.000	-0.019
1300.035	0.000	-0.016
1301.035	0.000	-0.018
1302.035	0.000	-0.018
1303.035	0.000	-0.020
1304.035	0.000	-0.019
1305.035	0.000	-0.019
1306.035	0.000	-0.020
1307.035	0.000	-0.019
1308.035	0.000	-0.019
1309.035	0.000	-0.021
1310.035	0.000	-0.021
1311.035	0.000	-0.021
1312.035	0.000	-0.021
1313.035	0.000	-0.019
1314.035	0.000	-0.021
1315.035	0.000	-0.021
1316.035	0.000	-0.020
1317.035	0.000	-0.021
1318.035	0.000	-0.021
1319.035	0.000	-0.020
1320.035	0.000	-0.022
1321.035	0.000	-0.021
1322.035	0.000	-0.021
1323.035	0.000	-0.021
1324.035	0.000	-0.019
1325.035	0.000	-0.020
1326.035	0.000	-0.020
1327.035	0.000	-0.021
1328.035	0.000	-0.022
1329.035	0.000	-0.020
1330.035	0.000	-0.022
1331.035	0.000	-0.020
1332.035	0.000	-0.020
1333.035	0.000	-0.020
1334.035	0.000	-0.022
1335.035	0.000	-0.022
1336.035	0.000	-0.020
1337.035	0.000	-0.020
1338.035	0.000	-0.019
1339.035	0.000	-0.021
1340.035	0.000	-0.021
1341.035	0.000	-0.020
1342.035	0.000	-0.020
1343.035	0.000	-0.020
1344.035	0.000	-0.020
1345.035	0.000	-0.020
1346.035	0.000	-0.020
1347.035	0.000	-0.020
1348.035	0.000	-0.020
1349.035	0.000	-0.020
1350.035	0.000	-0.019
1351.035	0.000	-0.021
1352.035	0.000	-0.021
1353.035	0.000	-0.021
1354.035	0.000	-0.019
1355.035	0.000	-0.019
1356.035	0.000	-0.020
1357.035	0.000	-0.021
1358.035	0.000	-0.021
1359.035	0.000	-0.020
1360.035	0.000	-0.020
1361.035	0.000	-0.018
1362.035	0.000	-0.019
1363.035	0.000	-0.019
1364.035	0.000	-0.020
1365.035	0.000	-0.019
1366.035	0.000	-0.018
1367.035	0.000	-0.018
1368.035	0.000	-0.018
1369.035	0.000	-0.019
1370.035	0.000	-0.018
1371.035	0.000	-0.019
1372.035	0.000	-0.017
1373.035	0.000	-0.017
1374.035	0.000	-0.016
1375.035	0.000	-0.017
1376.035	0.000	-0.018
1377.035	0.000	-0.018
1378.035	0.000	-0.017
1379.035	0.000	-0.015
1380.035	0.000	-0.017
1381.035	0.000	-0.016
1382.035	0.000	-0.016
1383.035	0.000	-0.017
1384.035	0.000	-0.015
1385.035	0.000	-0.013
1386.035	0.000	-0.013
1387.035	0.000	-0.015
1388.035	0.000	-0.015
1389.035	0.000	-0.015
1390.035	0.000	-0.013
1391.035	0.000	-0.015
1392.035	0.000	-0.014
1393.035	0.000	-0.014
1394.035	0.000	-0.014
1395.035	0.000	-0.015
1396.035	0.000	-0.014
1397.035	0.000	-0.014
1398.035	0.000	-0.014
1399.035	0.000	-0.013
1400.035	0.000	-0.013
1401.035	0.000	-0.012
1402.035	0.000	-0.012
1403.035	0.000	-0.012
1404.035	0.000	-0.013
1405.035	0.000	-0.012
1406.035	0.000	-0.012
1407.035	0.000	-0.011
1408.035	0.000	-0.009
1409.035	0.000	-0.009
1410.035	0.000	-0.011
1411.035	0.000	-0.011
1412.035	0.000	-0.011
1413.035	0.000	-0.011
1414.035	0.000	-0.008
1415.035	0.000	-0.010
1416.035	0.000	-0.009
1417.035	0.000	-0.010
1418.035	0.000	-0.009
1419.035	0.000	-0.009
1420.035	0.000	-0.011
1421.035	0.000	-0.010
1422.035	0.000	-0.009
1423.035	0.000	-0.007
1424.035	0.000	-0.007
1425.035	0.000	-0.008
1426.035	0.000	-0.008
1427.035	0.000	-0.008
1428.035	0.000	-0.008
1429.035	0.000	-0.006
1430.035	0.000	-0.008
1431.035	0.000	-0.008
1432.035	0.000	-0.007
1433.035	0.000	-0.007
1434.035	0.000	-0.005
1435.035	0.000	-0.007
1436.035	0.000	-0.006
1437.035	0.000	-0.006
1438.035	0.000	-0.006
1439.035	0.000	-0.005
1440.035	0.000	-0.003
1441.035	0.000	-0.004
1442.035	0.000	-0.005
1443.035	0.000	-0.004
1444.035	0.000	-0.006
1445.035	0.000	-0.003
1446.035	0.000	-0.003
1447.035	0.000	-0.004
1448.035	0.000	-0.005
1449.035	0.000	-0.004
1450.035	0.000	-0.005
1451.035	0.000	-0.005
1452.035	0.000	-0.004
1453.035	0.000	-0.003
1454.035	0.000	-0.002
1455.035	0.000	-0.004
1456.035	0.000	-0.004
1457.035	0.000	-0.004
1458.035	0.000	-0.002
1459.035	0.000	-0.002
1460.035	0.000	-0.003
1461.035	0.000	-0.002
1462.035	0.000	-0.003
1463.035	0.000	-0.002
1464.035	0.000	-0.001
1465.035	0.000	-0.000
1466.035	0.000	-0.003
1467.035	0.000	-0.002
1468.035	0.000	-0.002
1469.035	0.000	0.000
1470.035	0.000	-0.000
1471.035	0.000	0.000
1472.035	0.000	-0.000
1473.035	0.000	-0.000
1474.035	0.000	-0.002
1475.035	0.000	-0.000
1476.035	0.000	0.001
1477.035	0.000	0.002
1478.035	0.000	0.001
1479.035	0.000	0.000
1480.035	0.000	0.002
1481.035	0.000	0.001
1482.035	0.000	0.002
1483.035	0.000	0.002
1484.035	0.000	0.003
1485.035	0.000	0.002
1486.035	0.000	0.001
1487.035	0.000	0.003
1488.035	0.000	0.003
1489.035	0.000	0.003
1490.035	0.000	0.004
1491.035	0.000	0.002
1492.035	0.000	0.002
1493.035	0.000	0.002
1494.035	0.000	0.004
1495.035	0.000	0.004
1496.035	0.000	0.004
1497.035	0.000	0.004
1498.035	0.000	0.005
1499.035	0.000	0.004
1500.035	0.000	0.006
1501.035	0.000	0.005
1502.035	0.000	0.006
1503.035	0.000	0.005
1504.035	0.000	0.004
1505.035	0.000	0.006
1506.035	0.000	-0.004
1507.035	0.000	-0.005
1508.035	0.000	-0.006
1509.035	0.000	-0.005
1510.035	0.000	-0.007
1511.035	0.000	-0.009
1512.035	0.000	-0.007
1513.035	0.000	-0.007
1514.035	0.000	-0.006
1515.035	0.000	-0.004
1516.035	0.000	-0.008
1517.035	0.000	-0.014
1518.035	0.000	-0.017
1519.035	0.000	-0.020
1520.035	0.000	-0.025
1521.035	0.000	-0.020
1522.035	0.000	-0.016
1523.035	0.000	-0.014
1524.035	0.000	-0.015
1525.035	0.000	-0.014
1526.035	0.000	-0.014
1527.035	0.000	-0.014
1528.035	0.000	-0.014
1529.035	0.000	-0.014
1530.035	0.000	-0.014
1531.035	0.000	-0.013
1532.035	0.000	-0.014
1533.035	0.000	-0.013
1534.035	0.000	-0.015
1535.035	0.000	-0.015
1536.035	0.000	-0.016
1537.035	0.000	-0.015
1538.035	0.000	-0.013
1539.035	0.000	-0.015
1540.035	0.000	-0.016
1541.035	0.000	-0.016
1542.035	0.000	-0.017
1543.035	0.000	-0.016
1544.035	0.000	-0.016
1545.035	0.000	-0.017
1546.035	0.000	-0.018
1547.035	0.000	-0.019
1548.035	0.000	-0.019
1549.035	0.000	-0.018
1550.035	0.000	-0.020
1551.035	0.000	-0.019
1552.035	0.000	-0.019
1553.035	0.000	-0.021
1554.035	0.000	-0.021
1555.035	0.000	-0.021
1556.035	0.000	-0.021
1557.035	0.000	-0.021
1558.035	0.000	-0.022
1559.035	0.000	-0.021
1560.035	0.000	-0.022
1561.035	0.000	-0.020
1562.035	0.000	-0.021
1563.035	0.000	-0.021
1564.035	0.000	-0.021
1565.035	0.000	-0.020
1566.035	0.000	-0.021
1567.035	0.000	-0.021
1568.035	0.000	-0.021
1569.035	0.000	-0.022
1570.035	0.000	-0.022
1571.035	0.000	-0.020
1572.035	0.000	-0.021
1573.035	0.000	-0.020
1574.035	0.000	-0.023
1575.035	0.000	-0.021
1576.035	0.000	-0.021
1577.035	0.000	-0.021
1578.035	0.000	-0.020
1579.035	0.000	-0.020
1580.035	0.000	-0.022
1581.035	0.000	-0.022
1582.035	0.000	-0.021
1583.035	0.000	-0.021
1584.035	0.000	-0.019
1585.035	0.000	-0.020
1586.035	0.000	-0.021
1587.035	0.000	-0.021
1588.035	0.000	-0.020
1589.035	0.000	-0.019
1590.035	0.000	-0.019
1591.035	0.000	-0.019
1592.035	0.000	-0.021
1593.035	0.000	-0.020
1594.035	0.000	-0.020
1595.035	0.000	-0.019
1596.035	0.000	-0.019
1597.035	0.000	-0.018
1598.035	0.000	-0.019
1599.035	0.000	-0.020
1600.035	0.000	-0.019
1601.035	0.000	-0.018
1602.035	0.000	-0.018
1603.035	0.000	-0.017
1604.035	0.000	-0.019
1605.035	0.000	-0.019
1606.035	0.000	-0.018
1607.035	0.000	-0.017
1608.035	0.000	-0.016
1609.035	0.000	-0.016
1610.035	0.000	-0.018
1611.035	0.000	-0.015
1612.035	0.000	-0.016
1613.035	0.000	-0.015
1614.035	0.000	-0.014
1615.035	0.000	-0.015
1616.035	0.000	-0.014
1617.035	0.000	-0.015
1618.035	0.000	-0.015
1619.035	0.000	-0.013
1620.035	0.000	-0.015
1621.035	0.000	-0.013
1622.035	0.000	-0.013
1623.035	0.000	-0.013
1624.035	0.000	-0.012
1625.035	0.000	-0.013
1626.035	0.000	-0.012
1627.035	0.000	-0.010
1628.035	0.000	-0.013
1629.035	0.000	-0.013
1630.035	0.000	-0.013
1631.035	0.000	-0.012
1632.035	0.000	-0.010
1633.035	0.000	-0.011
1634.035	0.000	-0.010
1635.035	0.000	-0.011
1636.035	0.000	-0.011
1637.035	0.000	-0.010
1638.035	0.000	-0.010
1639.035	0.000	-0.010
1640.035	0.000	-0.009
1641.035	0.000	-0.010
1642.035	0.000	-0.010
1643.035	0.000	-0.009
1644.035	0.000	-0.008
1645.035	0.000	-0.009
1646.035	0.000	-0.009
1647.035	0.000	-0.010
1648.035	0.000	-0.008
1649.035	0.000	-0.008
1650.035	0.000	-0.007
1651.035	0.000	-0.006
1652.035	0.000	-0.007
1653.035	0.000	-0.007
1654.035	0.000	-0.008
1655.035	0.000	-0.006
1656.035	0.000	-0.006
1657.035	0.000	-0.005
1658.035	0.000	-0.005
1659.035	0.000	-0.006
1660.035	0.000	-0.007
1661.035	0.000	-0.005
1662.035	0.000	-0.005
1663.035	0.000	-0.005
1664.035	0.000	-0.004
1665.035	0.000	-0.004
1666.035	0.000	-0.004
1667.035	0.000	-0.006
1668.035	0.000	-0.004
1669.035	0.000	-0.004
1670.035	0.000	-0.002
1671.035	0.000	-0.004
1672.035	0.000	-0.004
1673.035	0.000	-0.003
1674.035	0.000	-0.003
1675.035	0.000	-0.004
1676.035	0.000	-0.002
1677.035	0.000	-0.002
1678.035	0.000	-0.003
1679.035	0.000	-0.002
1680.035	0.000	-0.002
1681.035	0.000	-0.000
1682.035	0.000	-0.000
1683.035	0.000	-0.002
1684.035	0.000	-0.001
1685.035	0.000	-0.002
1686.035	0.000	-0.003
1687.035	0.000	-0.000
1688.035	0.000	-0.000
1689.035	0.000	-0.000
1690.035	0.000	-0.001
1691.035	0.000	-0.000
1692.035	0.000	0.000
1693.035	0.000	0.000
1694.035	0.000	0.000
1695.035	0.000	-0.000
1696.035	0.000	-0.000
1697.035	0.000	0.000
1698.035	0.000	-0.000
1699.035	0.000	0.003
1700.035	0.000	0.000
1701.035	0.000	0.001
1702.035	0.000	0.000
1703.035	0.000	0.000
1704.035	0.000	0.000
1705.035	0.000	0.002
1706.035	0.000	0.002
1707.035	0.000	0.002
1708.035	0.000	0.000
1709.035	0.000	0.003
1710.035	0.000	0.003
1711.035	0.000	0.002
1712.035	0.000	0.002
1713.035	0.000	0.003
1714.035	0.000	0.003
1715.035	0.000	0.003
1716.035	0.000	0.003
1717.035	0.000	0.003
1718.035	0.000	0.003
1719.035	0.000	0.004
1720.035	0.000	0.004
1721.035	0.000	0.006
1722.035	0.000	0.006
1723.035	0.000	0.004
1724.035	0.000	0.005
1725.035	0.000	0.005
1726.035	0.000	0.005
1727.035	0.000	0.006
1728.035	0.000	0.005
1729.035	0.000	0.006
1730.035	0.000	0.006
1731.035	0.000	0.006
1732.035	0.000	0.006
1733.035	0.000	0.007
1734.035	0.000	0.007
1735.035	0.000	0.005
1736.035	0.000	0.006
1737.035	0.000	0.006
1738.035	0.000	0.007
1739.035	0.000	0.008
1740.035	0.000	0.008
1741.035	0.000	0.007
1742.035	0.000	0.008
1743.035	0.000	0.006
1744.035	0.000	0.009
1745.035	0.000	0.009
1746.035	0.000	0.009
1747.035	0.000	0.009
1748.035	0.000	0.007
1749.035	0.000	0.008
1750.035	0.000	0.009
1751.035	0.000	0.010
1752.035	0.000	0.009
1753.035	0.000	0.010
1754.035	0.000	0.009
1755.035	0.000	0.008
1756.035	0.000	0.010
1757.035	0.000	0.010
1758.035	0.000	0.010
1759.035	0.000	0.010
1760.035	0.000	0.010
1761.035	0.000	0.009
1762.035	0.000	0.011
1763.035	0.000	0.011
1764.035	0.000	0.011
1765.035	0.000	0.011
1766.035	0.000	0.010
1767.035	0.000	0.010
1768.035	0.000	0.010
1769.035	0.000	0.011
1770.035	0.000	0.012
1771.035	0.000	0.011
1772.035	0.000	0.012
1773.035	0.000	0.010
1774.035	0.000	0.011
1775.035	0.000	0.012
1776.035	0.000	0.012
1777.035	0.000	0.012
1778.035	0.000	0.012
1779.035	0.000	0.012
1780.035	0.000	0.013
1781.035	0.000	0.012
1782.035	0.000	0.012
1783.035	0.000	0.013
1784.035	0.000	0.012
1785.035	0.000	0.013
1786.035	0.000	0.014
1787.035	0.000	0.009
1788.035	0.000	0.003
1789.035	0.000	0.003
1790.035	0.000	0.002
1791.035	0.000	0.002
1792.035	0.000	0.003
1793.035	0.000	0.003
1794.035	0.000	0.003
1795.035	0.000	0.004
1796.035	0.000	0.003
1797.035	0.000	-0.000
1798.035	0.000	-0.000
1799.035	0.000	-0.001
1800.035	0.000	-0.007
1801.035	0.000	-0.011
1802.035	0.000	-0.016
1803.035	0.000	-0.024
1804.035	0.000	-0.026
1805.035	0.000	-0.024
1806.035	0.000	-0.015
1807.035	0.000	-0.015
1808.035	0.000	-0.015
1809.035	0.000	-0.011
1810.035	0.000	-0.012
1811.035	0.000	-0.010
1812.035	0.000	-0.008
1813.035	0.000	-0.008
1814.035	0.000	-0.008
1815.035	0.000	-0.008
1816.035	0.000	-0.007
1817.035	0.000	-0.009
1818.035	0.000	-0.008
1819.035	0.000	-0.008
1820.035	0.000	-0.009
1821.035	0.000	-0.009
1822.035	0.000	-0.008
1823.035	0.000	-0.010
1824.035	0.000	-0.010
1825.035	0.000	-0.011
1826.035	0.000	-0.012
1827.035	0.000	-0.014
1828.035	0.000	-0.014
1829.035	0.000	-0.012
1830.035	0.000	-0.013
1831.035	0.000	-0.013
1832.035	0.000	-0.014
1833.035	0.000	-0.015
1834.035	0.000	-0.015
1835.035	0.000	-0.015
1836.035	0.000	-0.015
1837.035	0.000	-0.014
1838.035	0.000	-0.015
1839.035	0.000	-0.016
1840.035	0.000	-0.017
1841.035	0.000	-0.016
1842.035	0.000	-0.016
1843.035	0.000	-0.017
1844.035	0.000	-0.018
1845.035	0.000	-0.020
1846.035	0.000	-0.018
1847.035	0.000	-0.019
1848.035	0.000	-0.017
1849.035	0.000	-0.018
1850.035	0.000	-0.019
1851.035	0.000	-0.020
1852.035	0.000	-0.020
1853.035	0.000	-0.019
1854.035	0.000	-0.020
1855.035	0.000	-0.019
1856.035	0.000	-0.020
1857.035	0.000	-0.020
1858.035	0.000	-0.020
1859.035	0.000	-0.021
1860.035	0.000	-0.021
1861.035	0.000	-0.021
1862.035	0.000	-0.020
1863.035	0.000	-0.020
1864.035	0.000	-0.021
1865.035	0.000	-0.021
1866.035	0.000	-0.023
1867.035	0.000	-0.021
1868.035	0.000	-0.020
1869.035	0.000	-0.021
1870.035	0.000	-0.021
1871.035	0.000	-0.019
1872.035	0.000	-0.020
1873.035	0.000	-0.021
1874.035	0.000	-0.021
1875.035	0.000	-0.021
1876.035	0.000	-0.022
1877.035	0.000	-0.022
1878.035	0.000	-0.020
1879.035	0.000	-0.020
1880.035	0.000	-0.021
1881.035	0.000	-0.023
1882.035	0.000	-0.022
1883.035	0.000	-0.021
1884.035	0.000	-0.019
1885.035	0.000	-0.022
1886.035	0.000	-0.022
1887.035	0.000	-0.022
1888.035	0.000	-0.023
1889.035	0.000	-0.020
1890.035	0.000	-0.021
1891.035	0.000	-0.021
1892.035	0.000	-0.021
1893.035	0.000	-0.022
