0.078	0.000	0.000
1.078	0.000	0.000
2.078	0.000	0.000
3.078	0.000	0.000
4.078	0.000	0.000
5.078	0.000	-0.000
6.078	0.000	-0.000
7.078	0.000	-0.000
8.078	0.000	-0.000
9.078	0.000	-0.000
10.078	0.000	-0.000
11.078	0.000	-0.001
12.078	0.000	0.001
13.078	0.000	0.000
14.078	0.000	0.000
15.078	0.000	-0.000
16.078	0.000	-0.000
17.078	0.000	-0.000
18.078	0.000	0.001
19.078	0.000	-0.000
20.078	0.000	-0.000
21.078	0.000	-0.000
22.078	0.000	0.000
23.078	0.000	-0.000
24.078	0.000	0.000
25.078	0.000	0.000
26.078	0.000	-0.000
27.078	0.000	0.000
28.078	0.000	0.000
29.078	0.000	0.000
30.078	0.000	0.001
31.078	0.000	0.000
32.078	0.000	0.000
33.078	0.000	0.001
34.078	0.000	0.000
35.078	0.000	0.000
36.078	0.000	0.000
37.078	0.000	0.000
38.078	0.000	0.000
39.078	0.000	0.000
40.078	0.000	-0.000
41.078	0.000	-0.000
42.078	0.000	0.000
43.078	0.000	0.000
44.078	0.000	0.000
45.078	0.000	0.000
46.078	0.000	0.000
47.078	0.000	0.000
48.078	0.000	0.000
49.078	0.000	0.001
50.078	0.000	0.000
51.078	0.000	-0.000
52.078	0.000	0.000
53.078	0.000	0.000
54.078	0.000	0.000
55.078	0.000	0.000
56.078	0.000	0.000
57.078	0.000	0.000
58.078	0.000	0.000
59.078	0.000	-0.001
60.078	0.000	0.000
61.078	0.000	0.000
62.078	0.000	0.000
63.078	0.000	0.000
64.078	0.000	-0.000
65.078	0.000	0.000
66.078	0.000	0.000
67.078	0.000	0.000
68.078	0.000	-0.001
69.078	0.000	0.001
70.078	0.000	-0.001
71.078	0.000	0.001
72.078	0.000	0.000
73.078	0.000	0.000
74.078	0.000	0.000
75.078	0.000	0.000
76.078	0.000	0.000
77.078	0.000	0.000
78.078	0.000	0.000
79.078	0.000	0.000
80.078	0.000	0.000
81.078	0.000	0.000
82.078	0.000	-0.001
83.078	0.000	-0.001
84.078	0.000	-0.000
85.078	0.000	0.000
86.078	0.000	0.000
87.078	0.000	0.000
88.078	0.000	0.000
89.078	0.000	0.000
90.078	0.000	0.000
91.078	0.000	0.000
92.078	0.000	0.000
93.078	0.000	0.000
94.078	0.000	-0.000
95.078	0.000	0.000
96.078	0.000	0.000
97.078	0.000	0.000
98.078	0.000	0.000
99.078	0.000	0.000
100.078	0.000	0.000
101.078	0.000	0.000
102.078	0.000	0.000
103.078	0.000	0.000
104.078	0.000	0.000
105.078	0.000	0.000
106.078	0.000	-0.001
107.078	0.000	0.000
108.078	0.000	0.000
109.078	0.000	0.000
110.078	0.000	0.000
111.078	0.000	0.001
112.078	0.000	0.000
113.078	0.000	0.001
114.078	0.000	0.000
115.078	0.000	0.000
116.078	0.000	-0.001
117.078	0.000	-0.001
118.078	0.000	0.000
119.078	0.000	0.000
120.078	0.000	0.001
121.078	0.000	0.000
122.078	0.000	0.000
123.078	0.000	0.000
124.078	0.000	0.000
125.078	0.000	0.000
126.078	0.000	0.000
127.078	0.000	-0.000
128.078	0.000	0.000
129.078	0.000	0.000
130.078	0.000	-0.000
131.078	0.000	0.000
132.078	0.000	0.000
133.078	0.000	0.000
134.078	0.000	0.000
135.078	0.000	0.000
136.078	0.000	0.000
137.078	0.000	0.000
138.078	0.000	0.000
139.078	0.000	0.000
140.078	0.000	0.000
141.078	0.000	0.000
142.078	0.000	0.000
143.078	0.000	0.000
144.078	0.000	0.000
145.078	0.000	-0.000
146.078	0.000	0.000
147.078	0.000	0.000
148.078	0.000	0.000
149.078	0.000	0.000
150.078	0.000	0.000
151.078	0.000	0.000
152.078	0.000	0.000
153.078	0.000	0.000
154.078	0.000	0.000
155.078	0.000	0.000
156.078	0.000	0.000
157.078	0.000	-0.000
158.078	0.000	0.000
159.078	0.000	0.000
160.078	0.000	0.000
161.078	0.000	0.000
162.078	0.000	0.000
163.078	0.000	0.000
164.078	0.000	0.000
165.078	0.000	0.000
166.078	0.000	0.000
167.078	0.000	-0.000
168.078	0.000	0.000
169.078	0.000	0.000
170.078	0.000	0.000
171.078	0.000	0.000
172.078	0.000	0.000
173.078	0.000	0.000
174.078	0.000	0.000
175.078	0.000	0.001
176.078	0.000	0.000
177.078	0.000	0.000
178.078	0.000	0.000
179.078	0.000	0.000
180.078	0.000	0.000
181.078	0.000	0.000
182.078	0.000	0.000
183.078	0.000	0.000
184.078	0.000	0.000
185.078	0.000	0.000
186.078	0.000	0.000
187.078	0.000	0.000
188.078	0.000	0.000
189.078	0.000	0.000
190.078	0.000	0.000
191.078	0.000	0.000
192.078	0.000	0.000
193.078	0.000	0.000
194.078	0.000	0.000
195.078	0.000	0.000
196.078	0.000	0.000
197.078	0.000	0.000
198.078	0.000	0.000
199.078	0.000	0.000
200.078	0.000	0.000
201.078	0.000	0.000
202.078	0.000	0.000
203.078	0.000	0.000
204.078	0.000	0.000
205.078	0.000	0.000
206.078	0.000	0.000
207.078	0.000	0.000
208.078	0.000	0.000
209.078	0.000	0.000
210.078	0.000	0.000
211.078	0.000	0.000
212.078	0.000	0.000
213.078	0.000	0.000
214.078	0.000	0.000
215.078	0.000	0.000
216.078	0.000	0.000
217.078	0.000	0.000
218.078	0.000	0.000
219.078	0.000	0.001
220.078	0.000	0.000
221.078	0.000	0.000
222.078	0.000	0.000
223.078	0.000	0.000
224.078	0.000	0.000
225.078	0.000	0.000
226.078	0.000	0.000
227.078	0.000	0.000
228.078	0.000	0.000
229.078	0.000	0.000
230.078	0.000	0.000
231.078	0.000	-0.000
232.078	0.000	0.000
233.078	0.000	0.000
234.078	0.000	0.000
235.078	0.000	0.000
236.078	0.000	0.000
237.078	0.000	0.010
238.078	0.000	0.000
239.078	0.000	0.000
240.078	0.000	0.000
241.078	0.000	0.000
242.078	0.000	0.000
243.078	0.000	0.000
244.078	0.000	0.000
245.078	0.000	0.000
246.078	0.000	0.000
247.078	0.000	0.000
248.078	0.000	0.000
249.078	0.000	0.000
250.078	0.000	0.000
251.078	0.000	0.000
252.078	0.000	0.000
253.078	0.000	0.000
254.078	0.000	0.000
255.078	0.000	0.000
256.078	0.000	0.000
257.078	0.000	0.000
258.078	0.000	0.000
259.078	0.000	0.000
260.078	0.000	0.000
261.078	0.000	-0.000
262.078	0.000	0.000
263.078	0.000	0.000
264.078	0.000	0.000
265.078	0.000	-0.000
266.078	0.000	0.000
267.078	0.000	0.000
268.078	0.000	0.000
269.078	0.000	0.000
270.078	0.000	0.010
271.078	0.000	0.000
272.078	0.000	0.000
273.078	0.000	0.000
274.078	0.000	0.000
275.078	0.000	0.001
276.078	0.000	0.000
277.078	0.000	0.000
278.078	0.000	0.000
279.078	0.000	0.000
280.078	0.000	0.000
281.078	0.000	0.000
282.078	0.000	0.000
283.078	0.000	0.000
284.078	0.000	0.000
285.078	0.000	0.000
286.078	0.000	0.000
287.078	0.000	0.000
288.078	0.000	0.000
289.078	0.000	0.000
290.078	0.000	0.001
291.078	0.000	0.000
292.078	0.000	0.000
293.078	0.000	0.000
294.078	0.000	0.000
295.078	0.000	0.000
296.078	0.000	0.000
297.078	0.000	0.000
298.078	0.000	0.000
299.078	0.000	0.000
300.078	0.000	0.000
301.078	0.000	0.000
302.078	0.000	0.000
303.078	0.000	0.000
304.078	0.000	0.000
305.078	0.000	0.000
306.078	0.000	0.000
307.078	0.000	0.000
308.078	0.000	0.000
309.078	0.000	0.000
310.078	0.000	0.000
311.078	0.000	0.000
312.078	0.000	0.000
313.078	0.000	0.000
314.078	0.000	0.000
315.078	0.000	0.000
316.078	0.000	0.000
317.078	0.000	0.000
318.078	0.000	0.000
319.078	0.000	0.000
320.078	0.000	0.010
321.078	0.000	0.000
322.078	0.000	0.000
323.078	0.000	0.000
324.078	0.000	0.000
325.078	0.000	0.000
326.078	0.000	0.000
327.078	0.000	0.000
328.078	0.000	0.000
329.078	0.000	0.000
330.078	0.000	0.000
331.078	0.000	0.000
332.078	0.000	0.000
333.078	0.000	0.000
334.078	0.000	-0.000
335.078	0.000	0.000
336.078	0.000	0.000
337.078	0.000	0.000
338.078	0.000	0.000
339.078	0.000	0.000
340.078	0.000	0.000
341.078	0.000	0.000
342.078	0.000	0.000
343.078	0.000	0.000
344.078	0.000	0.000
345.078	0.000	0.000
346.078	0.000	0.000
347.078	0.000	0.000
348.078	0.000	0.000
349.078	0.000	0.000
350.078	0.000	0.000
351.078	0.000	0.000
352.078	0.000	0.000
353.078	0.000	0.000
354.078	0.000	0.000
355.078	0.000	0.010
356.078	0.000	0.000
357.078	0.000	0.000
358.078	0.000	0.000
359.078	0.000	0.000
360.078	0.000	0.000
361.078	0.000	0.000
362.078	0.000	0.000
363.078	0.000	0.000
364.078	0.000	0.000
365.078	0.000	0.000
366.078	0.000	0.010
367.078	0.000	0.010
368.078	0.000	0.000
369.078	0.000	0.000
370.078	0.000	0.000
371.078	0.000	0.000
372.078	0.000	0.000
373.078	0.000	0.000
374.078	0.000	0.000
375.078	0.000	0.000
376.078	0.000	0.000
377.078	0.000	0.000
378.078	0.000	0.000
379.078	0.000	0.010
380.078	0.000	0.010
381.078	0.000	0.000
382.078	0.000	0.000
383.078	0.000	0.000
384.078	0.000	0.000
385.078	0.000	0.000
386.078	0.000	0.000
387.078	0.000	0.000
388.078	0.000	0.000
389.078	0.000	0.000
390.078	0.000	0.000
391.078	0.000	0.000
392.078	0.000	0.000
393.078	0.000	0.000
394.078	0.000	0.000
395.078	0.000	0.000
396.078	0.000	0.000
397.078	0.000	0.000
398.078	0.000	0.000
399.078	0.000	0.000
400.078	0.000	0.000
401.078	0.000	0.000
402.078	0.000	0.000
403.078	0.000	0.000
404.078	0.000	0.000
405.078	0.000	0.000
406.078	0.000	0.000
407.078	0.000	0.000
408.078	0.000	0.000
409.078	0.000	0.000
410.078	0.000	0.000
411.078	0.000	0.000
412.078	0.000	0.000
413.078	0.000	0.000
414.078	0.000	0.010
415.078	0.000	0.000
416.078	0.000	0.000
417.078	0.000	0.001
418.078	0.000	-0.000
419.078	0.000	0.000
420.078	0.000	0.000
421.078	0.000	0.000
422.078	0.000	0.000
423.078	0.000	0.000
424.078	0.000	0.000
425.078	0.000	0.000
426.078	0.000	0.000
427.078	0.000	0.000
428.078	0.000	0.000
429.078	0.000	0.000
430.078	0.000	0.010
431.078	0.000	0.000
432.078	0.000	0.000
433.078	0.000	0.000
434.078	0.000	0.000
435.078	0.000	0.000
436.078	0.000	0.000
437.078	0.000	0.000
438.078	0.000	0.000
439.078	0.000	0.010
440.078	0.000	0.000
441.078	0.000	0.000
442.078	0.000	0.000
443.078	0.000	0.000
444.078	0.000	0.000
445.078	0.000	0.000
446.078	0.000	0.000
447.078	0.000	0.000
448.078	0.000	0.000
449.078	0.000	0.000
450.078	0.000	0.000
451.078	0.000	0.000
452.078	0.000	0.000
453.078	0.000	0.000
454.078	0.000	0.000
455.078	0.000	0.000
456.078	0.000	0.000
457.078	0.000	0.010
458.078	0.000	0.000
459.078	0.000	0.000
460.078	0.000	0.000
461.078	0.000	0.000
462.078	0.000	0.000
463.078	0.000	0.000
464.078	0.000	0.000
465.078	0.000	0.000
466.078	0.000	0.000
467.078	0.000	0.000
468.078	0.000	0.000
469.078	0.000	0.000
470.078	0.000	0.000
471.078	0.000	0.000
472.078	0.000	0.000
473.078	0.000	0.000
474.078	0.000	0.000
475.078	0.000	0.000
476.078	0.000	0.000
477.078	0.000	0.010
478.078	0.000	0.000
479.078	0.000	0.000
480.078	0.000	0.000
481.078	0.000	0.000
482.078	0.000	0.000
483.078	0.000	0.000
484.078	0.000	0.000
485.078	0.000	0.000
486.078	0.000	0.000
487.078	0.000	0.000
488.078	0.000	0.000
489.078	0.000	0.000
490.078	0.000	0.000
491.078	0.000	0.000
492.078	0.000	0.010
493.078	0.000	0.000
494.078	0.000	0.000
495.078	0.000	0.000
496.078	0.000	0.000
497.078	0.000	0.000
498.078	0.000	0.000
499.078	0.000	0.000
500.078	0.000	0.000
501.078	0.000	0.000
502.078	0.000	0.000
503.078	0.000	0.000
504.078	0.000	0.000
505.078	0.000	0.000
506.078	0.000	0.000
507.078	0.000	0.000
508.078	0.000	0.000
509.078	0.000	0.000
510.078	0.000	0.000
511.078	0.000	0.000
512.078	0.000	0.000
513.078	0.000	0.000
514.078	0.000	0.000
515.078	0.000	0.000
516.078	0.000	0.000
517.078	0.000	0.000
518.078	0.000	0.000
519.078	0.000	0.000
520.078	0.000	0.000
521.078	0.000	0.000
522.078	0.000	0.000
523.078	0.000	0.000
524.078	0.000	0.000
525.078	0.000	0.000
526.078	0.000	0.000
527.078	0.000	0.000
528.078	0.000	0.000
529.078	0.000	0.000
530.078	0.000	0.010
531.078	0.000	0.000
532.078	0.000	0.000
533.078	0.000	0.000
534.078	0.000	0.000
535.078	0.000	0.000
536.078	0.000	0.000
537.078	0.000	0.010
538.078	0.000	0.000
539.078	0.000	0.000
540.078	0.000	0.000
541.078	0.000	0.010
542.078	0.000	0.000
543.078	0.000	0.000
544.078	0.000	0.010
545.078	0.000	0.000
546.078	0.000	0.000
547.078	0.000	0.000
548.078	0.000	0.020
549.078	0.000	0.010
550.078	0.000	0.000
551.078	0.000	0.000
552.078	0.000	0.000
553.078	0.000	0.010
554.078	0.000	0.000
555.078	0.000	0.000
556.078	0.000	0.000
557.078	0.000	0.000
558.078	0.000	0.000
559.078	0.000	0.000
560.078	0.000	0.000
561.078	0.000	0.000
562.078	0.000	0.000
563.078	0.000	0.000
564.078	0.000	0.000
565.078	0.000	0.000
566.078	0.000	0.000
567.078	0.000	0.000
568.078	0.000	0.000
569.078	0.000	0.010
570.078	0.000	0.000
571.078	0.000	0.000
572.078	0.000	0.000
573.078	0.000	0.010
574.078	0.000	0.000
575.078	0.000	0.000
576.078	0.000	0.000
577.078	0.000	0.000
578.078	0.000	0.010
579.078	0.000	0.000
580.078	0.000	0.000
581.078	0.000	0.000
582.078	0.000	0.010
583.078	0.000	0.010
584.078	0.000	0.000
585.078	0.000	0.000
586.078	0.000	0.000
587.078	0.000	0.000
588.078	0.000	0.000
589.078	0.000	0.000
590.078	0.000	0.000
591.078	0.000	0.000
592.078	0.000	0.010
593.078	0.000	0.000
594.078	0.000	0.000
595.078	0.000	0.000
596.078	0.000	0.000
597.078	0.000	0.010
598.078	0.000	0.000
599.078	0.000	0.000
600.078	0.000	0.000
601.078	0.000	0.000
602.078	0.000	0.000
603.078	0.000	0.000
604.078	0.000	0.000
605.078	0.000	0.000
606.078	0.000	0.000
607.078	0.000	0.000
608.078	0.000	0.000
609.078	0.000	0.000
610.078	0.000	0.000
611.078	0.000	0.000
612.078	0.000	0.000
613.078	0.000	0.000
614.078	0.000	0.000
615.078	0.000	0.000
616.078	0.000	0.000
617.078	0.000	0.000
618.078	0.000	0.000
619.078	0.000	0.000
620.078	0.000	0.000
621.078	0.000	0.000
622.078	0.000	0.000
623.078	0.000	0.000
624.078	0.000	0.000
625.078	0.000	0.000
626.078	0.000	0.000
627.078	0.000	0.000
628.078	0.000	0.000
629.078	0.000	0.000
630.078	0.000	0.000
631.078	0.000	0.000
632.078	0.000	0.010
633.078	0.000	0.000
634.078	0.000	0.000
635.078	0.000	0.000
636.078	0.000	0.000
637.078	0.000	0.000
638.078	0.000	0.000
639.078	0.000	0.000
640.078	0.000	0.000
641.078	0.000	0.000
642.078	0.000	0.000
643.078	0.000	0.010
644.078	0.000	0.000
645.078	0.000	0.010
646.078	0.000	0.000
647.078	0.000	0.000
648.078	0.000	0.000
649.078	0.000	0.000
650.078	0.000	0.000
651.078	0.000	0.001
652.078	0.000	0.000
653.078	0.000	0.000
654.078	0.000	0.000
655.078	0.000	0.000
656.078	0.000	0.000
657.078	0.000	0.000
658.078	0.000	0.000
659.078	0.000	0.000
660.078	0.000	0.000
661.078	0.000	0.010
662.078	0.000	0.000
663.078	0.000	0.000
664.078	0.000	0.000
665.078	0.000	0.000
666.078	0.000	0.000
667.078	0.000	0.000
668.078	0.000	0.000
669.078	0.000	0.000
670.078	0.000	0.000
671.078	0.000	0.000
672.078	0.000	0.000
673.078	0.000	0.010
674.078	0.000	0.000
675.078	0.000	0.000
676.078	0.000	0.000
677.078	0.000	0.000
678.078	0.000	0.000
679.078	0.000	0.010
680.078	0.000	0.000
681.078	0.000	0.000
682.078	0.000	0.000
683.078	0.000	0.000
684.078	0.000	0.000
685.078	0.000	0.000
686.078	0.000	0.000
687.078	0.000	0.000
688.078	0.000	0.000
689.078	0.000	0.000
690.078	0.000	0.010
691.078	0.000	0.010
692.078	0.000	0.000
693.078	0.000	0.000
694.078	0.000	0.000
695.078	0.000	0.000
696.078	0.000	0.010
697.078	0.000	0.000
698.078	0.000	0.010
699.078	0.000	0.000
700.078	0.000	0.000
701.078	0.000	0.000
702.078	0.000	0.000
703.078	0.000	0.000
704.078	0.000	0.000
705.078	0.000	0.000
706.078	0.000	0.000
707.078	0.000	0.000
708.078	0.000	0.000
709.078	0.000	0.000
710.078	0.000	0.000
711.078	0.000	0.000
712.078	0.000	0.000
713.078	0.000	0.000
714.078	0.000	0.000
715.078	0.000	0.000
716.078	0.000	0.000
717.078	0.000	0.000
718.078	0.000	0.000
719.078	0.000	0.000
720.078	0.000	-0.001
721.078	0.000	0.000
722.078	0.000	0.000
723.078	0.000	0.000
724.078	0.000	0.000
725.078	0.000	0.001
726.078	0.000	0.000
727.078	0.000	0.010
728.078	0.000	0.000
729.078	0.000	0.000
730.078	0.000	0.000
731.078	0.000	0.000
732.078	0.000	0.000
733.078	0.000	0.010
734.078	0.000	0.000
735.078	0.000	0.000
736.078	0.000	0.000
737.078	0.000	0.000
738.078	0.000	0.010
739.078	0.000	0.010
740.078	0.000	0.000
741.078	0.000	0.000
742.078	0.000	0.000
743.078	0.000	0.000
744.078	0.000	0.010
745.078	0.000	0.000
746.078	0.000	0.000
747.078	0.000	0.000
748.078	0.000	0.000
749.078	0.000	0.010
750.078	0.000	0.000
751.078	0.000	0.000
752.078	0.000	0.000
753.078	0.000	0.000
754.078	0.000	0.000
755.078	0.000	0.000
756.078	0.000	0.000
757.078	0.000	0.000
758.078	0.000	0.010
759.078	0.000	0.000
760.078	0.000	0.000
761.078	0.000	0.000
762.078	0.000	0.000
763.078	0.000	0.000
764.078	0.000	0.000
765.078	0.000	0.000
766.078	0.000	0.000
767.078	0.000	0.000
768.078	0.000	0.000
769.078	0.000	0.000
770.078	0.000	0.000
771.078	0.000	0.000
772.078	0.000	0.000
773.078	0.000	0.000
774.078	0.000	0.000
775.078	0.000	0.000
776.078	0.000	0.000
777.078	0.000	0.010
778.078	0.000	0.000
779.078	0.000	0.000
780.078	0.000	0.000
781.078	0.000	0.000
782.078	0.000	0.000
783.078	0.000	0.000
784.078	0.000	0.000
785.078	0.000	0.000
786.078	0.000	0.010
787.078	0.000	0.010
788.078	0.000	0.000
789.078	0.000	0.010
790.078	0.000	0.000
791.078	0.000	0.000
792.078	0.000	0.000
793.078	0.000	0.000
794.078	0.000	0.000
795.078	0.000	0.000
796.078	0.000	0.000
797.078	0.000	0.010
798.078	0.000	0.000
799.078	0.000	0.000
800.078	0.000	0.010
801.078	0.000	0.000
802.078	0.000	0.000
803.078	0.000	0.010
804.078	0.000	0.000
805.078	0.000	0.010
806.078	0.000	0.000
807.078	0.000	0.000
808.078	0.000	0.010
809.078	0.000	0.000
810.078	0.000	0.010
811.078	0.000	0.000
812.078	0.000	0.000
813.078	0.000	0.010
814.078	0.000	0.000
815.078	0.000	0.000
816.078	0.000	0.000
817.078	0.000	0.000
818.078	0.000	0.000
819.078	0.000	-0.000
820.078	0.000	0.010
821.078	0.000	0.000
822.078	0.000	0.000
823.078	0.000	0.000
824.078	0.000	0.010
825.078	0.000	0.000
826.078	0.000	0.000
827.078	0.000	0.010
828.078	0.000	0.000
829.078	0.000	0.000
830.078	0.000	0.000
831.078	0.000	0.000
832.078	0.000	0.000
833.078	0.000	0.000
834.078	0.000	0.000
835.078	0.000	0.000
836.078	0.000	0.000
837.078	0.000	0.000
838.078	0.000	0.000
839.078	0.000	0.000
840.078	0.000	0.000
841.078	0.000	0.000
842.078	0.000	0.000
843.078	0.000	0.000
844.078	0.000	0.000
845.078	0.000	0.000
846.078	0.000	0.000
847.078	0.000	0.000
848.078	0.000	0.000
849.078	0.000	0.000
850.078	0.000	0.000
851.078	0.000	0.000
852.078	0.000	0.010
853.078	0.000	0.000
854.078	0.000	0.000
855.078	0.000	0.000
856.078	0.000	0.000
857.078	0.000	0.000
858.078	0.000	0.010
859.078	0.000	0.000
860.078	0.000	0.000
861.078	0.000	0.000
862.078	0.000	0.010
863.078	0.000	0.000
864.078	0.000	0.000
865.078	0.000	0.000
866.078	0.000	0.000
867.078	0.000	0.001
868.078	0.000	0.000
869.078	0.000	0.000
870.078	0.000	0.000
871.078	0.000	0.000
872.078	0.000	0.000
873.078	0.000	0.000
874.078	0.000	0.000
875.078	0.000	0.000
876.078	0.000	0.010
877.078	0.000	0.010
878.078	0.000	0.000
879.078	0.000	0.000
880.078	0.000	0.000
881.078	0.000	0.000
882.078	0.000	0.010
883.078	0.000	0.000
884.078	0.000	0.000
885.078	0.000	0.000
886.078	0.000	0.000
887.078	0.000	0.000
888.078	0.000	0.000
889.078	0.000	0.000
890.078	0.000	0.000
891.078	0.000	0.000
892.078	0.000	0.010
893.078	0.000	0.000
894.078	0.000	0.010
895.078	0.000	0.000
896.078	0.000	0.000
897.078	0.000	0.000
898.078	0.000	0.000
899.078	0.000	0.000
900.078	0.000	0.000
901.078	0.000	0.000
902.078	0.000	0.010
903.078	0.000	0.000
904.078	0.000	0.000
905.078	0.000	0.000
906.078	0.000	0.000
907.078	0.000	0.000
908.078	0.000	0.000
909.078	0.000	0.000
910.078	0.000	0.000
911.078	0.000	0.000
912.078	0.000	0.000
913.078	0.000	0.000
914.078	0.000	0.000
915.078	0.000	0.000
916.078	0.000	0.000
917.078	0.000	0.000
918.078	0.000	0.000
919.078	0.000	0.000
920.078	0.000	0.000
921.078	0.000	0.000
922.078	0.000	0.000
923.078	0.000	0.000
924.078	0.000	0.000
925.078	0.000	0.020
926.078	0.000	0.000
927.078	0.000	0.000
928.078	0.000	0.000
929.078	0.000	0.000
930.078	0.000	0.000
931.078	0.000	0.000
932.078	0.000	0.000
933.078	0.000	0.000
934.078	0.000	0.000
935.078	0.000	0.000
936.078	0.000	0.000
937.078	0.000	0.000
938.078	0.000	0.000
939.078	0.000	0.000
940.078	0.000	0.000
941.078	0.000	0.000
942.078	0.000	0.000
943.078	0.000	0.000
944.078	0.000	0.000
945.078	0.000	0.000
946.078	0.000	0.000
947.078	0.000	0.000
948.078	0.000	0.000
949.078	0.000	0.000
950.078	0.000	0.000
951.078	0.000	0.000
952.078	0.000	0.000
953.078	0.000	0.000
954.078	0.000	0.000
955.078	0.000	0.000
956.078	0.000	0.000
957.078	0.000	0.000
958.078	0.000	0.000
959.078	0.000	0.000
960.078	0.000	0.000
961.078	0.000	0.000
962.078	0.000	0.000
963.078	0.000	0.000
964.078	0.000	0.000
965.078	0.000	0.000
966.078	0.000	0.010
967.078	0.000	0.000
968.078	0.000	0.000
969.078	0.000	0.000
970.078	0.000	0.010
971.078	0.000	0.010
972.078	0.000	0.010
973.078	0.000	0.000
974.078	0.000	0.000
975.078	0.000	0.000
976.078	0.000	0.000
977.078	0.000	0.000
978.078	0.000	0.010
979.078	0.000	0.000
980.078	0.000	0.000
981.078	0.000	0.000
982.078	0.000	0.000
983.078	0.000	0.010
984.078	0.000	0.000
985.078	0.000	0.000
986.078	0.000	0.000
987.078	0.000	0.000
988.078	0.000	0.000
989.078	0.000	0.010
990.078	0.000	0.000
991.078	0.000	0.000
992.078	0.000	0.000
993.078	0.000	0.000
994.078	0.000	0.000
995.078	0.000	0.000
996.078	0.000	0.000
997.078	0.000	0.000
998.078	0.000	0.000
999.078	0.000	0.000
1000.078	0.000	0.000
1001.078	0.000	0.010
1002.078	0.000	0.000
1003.078	0.000	0.000
1004.078	0.000	0.000
1005.078	0.000	0.010
1006.078	0.000	0.000
1007.078	0.000	0.010
1008.078	0.000	0.000
1009.078	0.000	0.000
1010.078	0.000	0.000
1011.078	0.000	0.000
1012.078	0.000	0.000
