0.270	31.133	-24.620
1.270	31.132	-24.620
2.270	31.131	-24.640
3.270	31.130	-24.630
4.270	31.129	-24.620
5.270	31.128	-24.620
6.270	31.127	-24.620
7.270	31.126	-24.620
8.270	31.125	-24.620
9.270	31.125	-24.620
10.270	31.123	-24.620
11.270	31.123	-24.620
12.270	31.122	-24.620
13.270	31.121	-24.620
14.270	31.120	-24.610
15.270	31.119	-24.610
16.270	31.118	-24.610
17.270	31.117	-24.610
18.270	31.116	-24.620
19.270	31.115	-24.610
20.270	31.114	-24.610
21.270	31.114	-24.610
22.270	31.113	-24.610
23.270	31.112	-24.610
24.270	31.111	-24.610
25.270	31.110	-24.610
26.270	31.109	-24.600
27.270	31.108	-24.600
28.270	31.107	-24.600
29.270	31.106	-24.600
30.270	31.105	-24.590
31.270	31.104	-24.600
32.270	31.103	-24.610
33.270	31.102	-24.600
34.270	31.101	-24.600
35.270	31.100	-24.590
36.270	31.099	-24.600
37.270	31.098	-24.600
38.270	31.098	-24.600
39.270	31.097	-24.600
40.270	31.096	-24.590
41.270	31.097	-24.590
42.270	31.099	-24.590
43.270	31.099	-24.600
44.270	31.099	-24.600
45.270	31.098	-24.590
46.270	31.098	-24.590
47.270	31.097	-24.590
48.270	31.096	-24.590
49.270	31.096	-24.590
50.270	31.095	-24.590
51.270	31.094	-24.590
52.270	31.093	-24.590
53.270	31.093	-24.590
54.270	31.094	-24.590
55.270	31.094	-24.590
56.270	31.095	-24.580
57.270	31.094	-24.580
58.270	31.094	-24.590
59.270	31.094	-24.580
60.270	31.093	-24.580
61.270	31.093	-24.570
62.270	31.092	-24.580
63.270	31.092	-24.590
64.270	31.092	-24.580
65.270	31.092	-24.570
66.270	31.090	-24.580
67.270	31.090	-24.580
68.270	31.089	-24.580
69.270	31.089	-24.580
70.270	31.088	-24.570
71.270	31.089	-24.570
72.270	31.090	-24.570
73.270	31.090	-24.580
74.270	31.089	-24.580
75.270	31.089	-24.570
76.270	31.088	-24.570
77.270	31.087	-24.570
78.270	31.086	-24.580
79.270	31.085	-24.570
80.270	31.085	-24.570
81.270	31.085	-24.570
82.270	31.086	-24.570
83.270	31.088	-24.570
84.270	31.088	-24.570
85.270	31.086	-24.570
86.270	31.086	-24.560
87.270	31.085	-24.560
88.270	31.084	-24.570
89.270	31.084	-24.570
90.270	31.083	-24.570
91.270	31.082	-24.560
92.270	31.082	-24.560
93.270	31.081	-24.570
94.270	31.081	-24.570
95.270	31.079	-24.560
96.270	31.077	-24.560
97.270	31.075	-24.560
98.270	31.074	-24.560
99.270	31.072	-24.560
100.270	31.070	-24.560
101.270	31.069	-24.550
102.270	31.067	-24.550
103.270	31.066	-24.560
104.270	31.065	-24.570
105.270	31.064	-24.560
106.270	31.063	-24.550
107.270	31.062	-24.550
108.270	31.061	-24.560
109.270	31.061	-24.560
110.270	31.060	-24.560
111.270	31.059	-24.550
112.270	31.058	-24.550
113.270	31.057	-24.560
114.270	31.056	-24.560
115.270	31.055	-24.560
116.270	31.054	-24.550
117.270	31.053	-24.550
118.270	31.053	-24.550
119.270	31.052	-24.550
120.270	31.051	-24.550
121.270	31.049	-24.550
122.270	31.048	-24.540
123.270	31.048	-24.550
124.270	31.047	-24.550
125.270	31.046	-24.550
126.270	31.046	-24.550
127.270	31.045	-24.540
128.270	31.044	-24.540
129.270	31.043	-24.550
130.270	31.043	-24.540
131.270	31.042	-24.540
132.270	31.041	-24.540
133.270	31.040	-24.550
134.270	31.039	-24.550
135.270	31.038	-24.540
136.270	31.038	-24.530
137.270	31.037	-24.540
138.270	31.036	-24.540
139.270	31.035	-24.540
140.270	31.034	-24.530
141.270	31.033	-24.530
142.270	31.032	-24.530
143.270	31.032	-24.540
144.270	31.031	-24.540
145.270	31.030	-24.540
146.270	31.029	-24.530
147.270	31.029	-24.530
148.270	31.028	-24.540
149.270	31.027	-24.540
150.270	31.026	-24.540
151.270	31.026	-24.530
152.270	31.025	-24.520
153.270	31.024	-24.530
154.270	31.023	-24.530
155.270	31.023	-24.530
156.270	31.022	-24.530
157.270	31.021	-24.530
158.270	31.020	-24.530
159.270	31.020	-24.530
160.270	31.019	-24.530
161.270	31.018	-24.520
162.270	31.017	-24.520
163.270	31.016	-24.530
164.270	31.016	-24.530
165.270	31.015	-24.530
166.270	31.015	-24.520
167.270	31.014	-24.520
168.270	31.013	-24.520
169.270	31.012	-24.530
170.270	31.012	-24.530
171.270	31.011	-24.520
172.270	31.010	-24.520
173.270	31.010	-24.520
174.270	31.009	-24.520
175.270	31.008	-24.520
176.270	31.008	-24.520
177.270	31.007	-24.520
178.270	31.006	-24.520
179.270	31.005	-24.520
180.270	31.004	-24.520
181.270	31.003	-24.510
182.270	31.003	-24.520
183.270	31.002	-24.520
184.270	31.002	-24.520
185.270	31.001	-24.520
186.270	31.000	-24.510
187.270	30.999	-24.510
188.270	30.999	-24.520
189.270	30.998	-24.520
190.270	30.997	-24.520
191.270	30.997	-24.510
192.270	30.996	-24.510
193.270	30.996	-24.510
194.270	30.995	-24.520
195.270	30.995	-24.510
196.270	30.994	-24.500
197.270	30.993	-24.510
198.270	30.992	-24.510
199.270	30.992	-24.510
200.270	30.991	-24.510
201.270	30.990	-24.500
202.270	30.990	-24.500
203.270	30.989	-24.510
204.270	30.989	-24.510
205.270	30.988	-24.510
206.270	30.988	-24.510
207.270	30.988	-24.500
208.270	30.987	-24.500
209.270	30.986	-24.510
210.270	30.985	-24.510
211.270	30.985	-24.500
212.270	30.984	-24.500
213.270	30.983	-24.500
214.270	30.982	-24.510
215.270	30.982	-24.500
216.270	30.981	-24.500
217.270	30.981	-24.500
218.270	30.980	-24.500
219.270	30.980	-24.500
220.270	30.979	-24.500
221.270	30.978	-24.500
222.270	30.978	-24.490
223.270	30.977	-24.500
224.270	30.976	-24.500
225.270	30.975	-24.500
226.270	30.975	-24.490
227.270	30.974	-24.490
228.270	30.974	-24.490
229.270	30.973	-24.500
230.270	30.973	-24.510
231.270	30.972	-24.500
232.270	30.971	-24.480
233.270	30.971	-24.490
234.270	30.970	-24.500
235.270	30.970	-24.490
236.270	30.969	-24.490
237.270	30.969	-24.480
238.270	30.968	-24.490
239.270	30.968	-24.500
240.270	30.968	-24.500
241.270	30.967	-24.490
242.270	30.966	-24.490
243.270	30.966	-24.480
244.270	30.965	-24.490
245.270	30.965	-24.500
246.270	30.964	-24.490
247.270	30.963	-24.480
248.270	30.963	-24.480
249.270	30.962	-24.490
250.270	30.962	-24.490
251.270	30.961	-24.490
252.270	30.961	-24.480
253.270	30.960	-24.480
254.270	30.960	-24.490
255.270	30.959	-24.490
256.270	30.959	-24.490
257.270	30.958	-24.480
258.270	30.957	-24.480
259.270	30.957	-24.480
260.270	30.957	-24.490
261.270	30.956	-24.480
262.270	30.956	-24.480
263.270	30.955	-24.470
264.270	30.955	-24.490
265.270	30.954	-24.480
266.270	30.954	-24.480
267.270	30.953	-24.480
268.270	30.952	-24.480
269.270	30.952	-24.480
270.270	30.952	-24.480
271.270	30.951	-24.480
272.270	30.950	-24.480
273.270	30.950	-24.470
274.270	30.949	-24.480
275.270	30.949	-24.480
276.270	30.948	-24.480
277.270	30.948	-24.470
278.270	30.948	-24.470
279.270	30.947	-24.470
280.270	30.947	-24.480
281.270	30.946	-24.480
282.270	30.946	-24.480
283.270	30.945	-24.470
284.270	30.945	-24.470
285.270	30.944	-24.470
286.270	30.944	-24.470
287.270	30.943	-24.470
288.270	30.943	-24.470
289.270	30.942	-24.470
290.270	30.942	-24.470
291.270	30.941	-24.470
292.270	30.941	-24.470
293.270	30.941	-24.470
294.270	30.940	-24.470
295.270	30.940	-24.470
296.270	30.940	-24.460
297.270	30.939	-24.470
298.270	30.939	-24.460
299.270	30.938	-24.470
300.270	30.938	-24.460
301.270	30.937	-24.470
302.270	30.937	-24.460
303.270	30.936	-24.470
304.270	30.936	-24.470
305.270	30.935	-24.470
306.270	30.935	-24.470
307.270	30.934	-24.450
308.270	30.934	-24.460
309.270	30.933	-24.470
310.270	30.933	-24.470
311.270	30.933	-24.470
312.270	30.932	-24.460
313.270	30.931	-24.460
314.270	30.931	-24.460
315.270	30.931	-24.470
316.270	30.930	-24.470
317.270	30.930	-24.460
318.270	30.929	-24.450
319.270	30.929	-24.460
320.270	30.929	-24.460
321.270	30.928	-24.470
322.270	30.928	-24.460
323.270	30.927	-24.460
324.270	30.927	-24.460
325.270	30.926	-24.460
326.270	30.926	-24.460
327.270	30.926	-24.450
328.270	30.925	-24.460
329.270	30.924	-24.460
330.270	30.924	-24.460
331.270	30.923	-24.460
332.270	30.923	-24.450
333.270	30.922	-24.450
334.270	30.922	-24.450
335.270	30.922	-24.460
336.270	30.921	-24.460
337.270	30.921	-24.450
338.270	30.921	-24.450
339.270	30.920	-24.450
340.270	30.919	-24.460
341.270	30.919	-24.460
342.270	30.918	-24.450
343.270	30.918	-24.450
344.270	30.918	-24.450
345.270	30.917	-24.450
346.270	30.917	-24.460
347.270	30.916	-24.450
348.270	30.916	-24.450
349.270	30.916	-24.450
350.270	30.915	-24.450
351.270	30.915	-24.460
352.270	30.915	-24.450
353.270	30.914	-24.440
354.270	30.914	-24.450
355.270	30.914	-24.450
356.270	30.913	-24.450
357.270	30.913	-24.450
358.270	30.913	-24.450
359.270	30.912	-24.450
360.270	30.912	-24.450
361.270	30.911	-24.450
362.270	30.911	-24.450
363.270	30.911	-24.440
364.270	30.910	-24.440
365.270	30.910	-24.450
366.270	30.910	-24.450
367.270	30.909	-24.440
368.270	30.909	-24.440
369.270	30.908	-24.440
370.270	30.908	-24.450
371.270	30.908	-24.450
372.270	30.908	-24.450
373.270	30.907	-24.440
374.270	30.907	-24.440
375.270	30.906	-24.450
376.270	30.906	-24.450
377.270	30.905	-24.440
378.270	30.905	-24.440
379.270	30.904	-24.440
380.270	30.904	-24.440
381.270	30.904	-24.450
382.270	30.903	-24.440
383.270	30.903	-24.440
384.270	30.902	-24.440
385.270	30.902	-24.450
386.270	30.902	-24.450
387.270	30.901	-24.440
388.270	30.901	-24.440
389.270	30.901	-24.430
390.270	30.900	-24.440
391.270	30.900	-24.450
392.270	30.899	-24.440
393.270	30.899	-24.440
394.270	30.899	-24.430
395.270	30.898	-24.440
396.270	30.898	-24.450
397.270	30.898	-24.440
398.270	30.897	-24.430
399.270	30.897	-24.430
400.270	30.897	-24.430
401.270	30.896	-24.440
402.270	30.896	-24.440
403.270	30.896	-24.430
404.270	30.895	-24.430
405.270	30.895	-24.430
406.270	30.894	-24.440
407.270	30.894	-24.440
408.270	30.894	-24.430
409.270	30.894	-24.430
410.270	30.893	-24.430
411.270	30.893	-24.440
412.270	30.892	-24.430
413.270	30.892	-24.430
414.270	30.892	-24.430
415.270	30.892	-24.430
416.270	30.891	-24.440
417.270	30.891	-24.440
418.270	30.890	-24.440
419.270	30.890	-24.430
420.270	30.890	-24.430
421.270	30.889	-24.440
422.270	30.889	-24.430
423.270	30.889	-24.430
424.270	30.888	-24.420
425.270	30.888	-24.420
426.270	30.887	-24.430
427.270	30.887	-24.430
428.270	30.887	-24.430
429.270	30.886	-24.420
430.270	30.886	-24.430
431.270	30.886	-24.430
432.270	30.886	-24.430
433.270	30.885	-24.430
434.270	30.885	-24.420
435.270	30.885	-24.420
436.270	30.884	-24.430
437.270	30.884	-24.430
438.270	30.884	-24.430
439.270	30.883	-24.430
440.270	30.883	-24.430
441.270	30.883	-24.430
442.270	30.882	-24.430
443.270	30.882	-24.430
444.270	30.882	-24.420
445.270	30.881	-24.420
446.270	30.881	-24.420
447.270	30.880	-24.430
448.270	30.880	-24.430
449.270	30.880	-24.420
450.270	30.880	-24.420
451.270	30.879	-24.430
452.270	30.879	-24.420
453.270	30.879	-24.420
454.270	30.878	-24.420
455.270	30.878	-24.420
456.270	30.878	-24.420
457.270	30.878	-24.420
458.270	30.877	-24.420
459.270	30.877	-24.420
460.270	30.877	-24.420
461.270	30.876	-24.420
462.270	30.876	-24.420
463.270	30.876	-24.430
464.270	30.875	-24.410
465.270	30.875	-24.420
466.270	30.875	-24.430
467.270	30.874	-24.420
468.270	30.874	-24.420
469.270	30.874	-24.410
470.270	30.873	-24.410
471.270	30.873	-24.420
472.270	30.872	-24.420
473.270	30.872	-24.420
474.270	30.872	-24.420
475.270	30.871	-24.410
476.270	30.871	-24.420
477.270	30.871	-24.420
478.270	30.871	-24.420
479.270	30.870	-24.410
480.270	30.870	-24.410
481.270	30.870	-24.420
482.270	30.870	-24.420
483.270	30.870	-24.410
484.270	30.869	-24.410
485.270	30.869	-24.410
486.270	30.869	-24.420
487.270	30.869	-24.420
488.270	30.869	-24.410
489.270	30.869	-24.410
490.270	30.869	-24.410
491.270	30.868	-24.420
492.270	30.868	-24.410
493.270	30.868	-24.420
494.270	30.867	-24.410
495.270	30.867	-24.410
496.270	30.867	-24.410
497.270	30.867	-24.410
498.270	30.867	-24.410
499.270	30.866	-24.410
500.270	30.866	-24.410
501.270	30.866	-24.410
502.270	30.865	-24.410
503.270	30.865	-24.410
504.270	30.865	-24.410
505.270	30.864	-24.410
506.270	30.864	-24.410
507.270	30.864	-24.420
508.270	30.863	-24.420
509.270	30.863	-24.410
510.270	30.863	-24.410
511.270	30.862	-24.410
512.270	30.862	-24.420
513.270	30.862	-24.410
514.270	30.861	-24.400
515.270	30.861	-24.410
516.270	30.861	-24.410
517.270	30.861	-24.410
518.270	30.861	-24.410
519.270	30.861	-24.410
520.270	30.861	-24.400
521.270	30.860	-24.410
522.270	30.860	-24.410
523.270	30.860	-24.410
524.270	30.859	-24.400
525.270	30.859	-24.400
526.270	30.859	-24.410
527.270	30.859	-24.410
528.270	30.858	-24.410
529.270	30.858	-24.400
530.270	30.858	-24.400
531.270	30.858	-24.410
532.270	30.857	-24.420
533.270	30.857	-24.410
534.270	30.856	-24.410
535.270	30.856	-24.400
536.270	30.856	-24.410
537.270	30.856	-24.410
538.270	30.856	-24.410
539.270	30.856	-24.400
540.270	30.855	-24.400
541.270	30.855	-24.400
542.270	30.855	-24.410
543.270	30.855	-24.400
544.270	30.855	-24.400
545.270	30.855	-24.400
546.270	30.855	-24.400
547.270	30.855	-24.410
548.270	30.854	-24.400
549.270	30.854	-24.410
550.270	30.854	-24.400
551.270	30.854	-24.400
552.270	30.854	-24.410
553.270	30.854	-24.410
554.270	30.854	-24.410
555.270	30.853	-24.400
556.270	30.853	-24.400
557.270	30.853	-24.410
558.270	30.853	-24.400
559.270	30.852	-24.400
560.270	30.852	-24.390
561.270	30.852	-24.390
562.270	30.852	-24.400
563.270	30.851	-24.410
564.270	30.851	-24.400
565.270	30.851	-24.390
566.270	30.851	-24.400
567.270	30.851	-24.400
568.270	30.850	-24.400
569.270	30.850	-24.400
570.270	30.850	-24.390
571.270	30.849	-24.400
572.270	30.849	-24.400
573.270	30.849	-24.400
574.270	30.848	-24.400
575.270	30.848	-24.390
576.270	30.848	-24.390
577.270	30.848	-24.390
578.270	30.848	-24.400
579.270	30.847	-24.390
580.270	30.847	-24.390
581.270	30.847	-24.400
582.270	30.847	-24.400
583.270	30.846	-24.410
584.270	30.846	-24.400
585.270	30.846	-24.400
586.270	30.846	-24.390
587.270	30.846	-24.400
588.270	30.845	-24.400
589.270	30.845	-24.400
590.270	30.845	-24.390
591.270	30.845	-24.390
592.270	30.844	-24.400
593.270	30.845	-24.400
594.270	30.844	-24.400
595.270	30.844	-24.390
596.270	30.844	-24.390
597.270	30.844	-24.390
598.270	30.843	-24.400
599.270	30.843	-24.400
600.270	30.843	-24.390
601.270	30.842	-24.390
602.270	30.842	-24.390
603.270	30.842	-24.400
604.270	30.842	-24.390
605.270	30.842	-24.390
606.270	30.841	-24.390
607.270	30.841	-24.390
608.270	30.841	-24.400
609.270	30.841	-24.400
610.270	30.841	-24.390
611.270	30.841	-24.380
612.270	30.841	-24.390
613.270	30.841	-24.400
614.270	30.841	-24.400
615.270	30.840	-24.390
616.270	30.840	-24.380
617.270	30.841	-24.390
618.270	30.840	-24.400
619.270	30.840	-24.400
620.270	30.839	-24.390
621.270	30.839	-24.390
622.270	30.839	-24.400
623.270	30.838	-24.400
624.270	30.838	-24.390
625.270	30.838	-24.390
626.270	30.837	-24.380
627.270	30.837	-24.390
628.270	30.837	-24.400
629.270	30.836	-24.380
630.270	30.836	-24.390
631.270	30.836	-24.380
632.270	30.835	-24.390
633.270	30.835	-24.390
634.270	30.835	-24.390
635.270	30.835	-24.380
636.270	30.834	-24.380
637.270	30.834	-24.390
638.270	30.834	-24.390
639.270	30.834	-24.390
640.270	30.834	-24.390
641.270	30.834	-24.390
642.270	30.834	-24.390
643.270	30.833	-24.400
644.270	30.833	-24.390
645.270	30.833	-24.390
646.270	30.833	-24.390
647.270	30.833	-24.390
648.270	30.832	-24.380
649.270	30.832	-24.390
650.270	30.832	-24.390
651.270	30.832	-24.390
652.270	30.831	-24.380
653.270	30.831	-24.390
654.270	30.831	-24.390
655.270	30.830	-24.380
656.270	30.830	-24.390
657.270	30.830	-24.390
658.270	30.830	-24.390
659.270	30.831	-24.390
660.270	30.830	-24.380
661.270	30.830	-24.380
662.270	30.830	-24.380
663.270	30.830	-24.390
664.270	30.830	-24.390
665.270	30.830	-24.390
666.270	30.830	-24.380
667.270	30.830	-24.380
668.270	30.830	-24.390
669.270	30.829	-24.390
670.270	30.829	-24.380
671.270	30.829	-24.370
672.270	30.829	-24.390
673.270	30.829	-24.390
674.270	30.828	-24.390
675.270	30.828	-24.380
676.270	30.828	-24.380
677.270	30.828	-24.380
678.270	30.828	-24.390
679.270	30.827	-24.390
680.270	30.827	-24.380
681.270	30.827	-24.380
682.270	30.827	-24.380
683.270	30.826	-24.390
684.270	30.826	-24.390
685.270	30.826	-24.380
686.270	30.826	-24.370
687.270	30.826	-24.380
688.270	30.826	-24.390
689.270	30.825	-24.390
690.270	30.825	-24.380
691.270	30.825	-24.380
692.270	30.825	-24.380
693.270	30.825	-24.380
694.270	30.825	-24.390
695.270	30.825	-24.380
696.270	30.825	-24.380
697.270	30.825	-24.380
698.270	30.825	-24.390
699.270	30.824	-24.390
700.270	30.824	-24.380
701.270	30.824	-24.370
702.270	30.824	-24.380
703.270	30.823	-24.380
704.270	30.823	-24.380
705.270	30.822	-24.380
706.270	30.822	-24.370
707.270	30.822	-24.380
708.270	30.822	-24.380
709.270	30.822	-24.380
710.270	30.821	-24.390
711.270	30.822	-24.370
712.270	30.822	-24.370
713.270	30.821	-24.370
714.270	30.821	-24.380
715.270	30.821	-24.380
716.270	30.821	-24.380
717.270	30.821	-24.370
718.270	30.821	-24.370
719.270	30.821	-24.380
720.270	30.820	-24.380
721.270	30.820	-24.380
722.270	30.820	-24.380
723.270	30.820	-24.370
724.270	30.819	-24.380
725.270	30.819	-24.390
726.270	30.819	-24.370
727.270	30.819	-24.380
728.270	30.819	-24.380
729.270	30.819	-24.380
730.270	30.819	-24.380
731.270	30.818	-24.380
732.270	30.818	-24.370
733.270	30.818	-24.370
734.270	30.818	-24.370
735.270	30.818	-24.390
736.270	30.818	-24.370
737.270	30.818	-24.380
738.270	30.818	-24.370
739.270	30.817	-24.380
740.270	30.817	-24.380
741.270	30.817	-24.380
742.270	30.817	-24.370
743.270	30.817	-24.370
744.270	30.817	-24.370
745.270	30.816	-24.380
746.270	30.816	-24.380
747.270	30.816	-24.370
748.270	30.816	-24.370
749.270	30.816	-24.370
750.270	30.816	-24.380
751.270	30.816	-24.370
752.270	30.816	-24.370
753.270	30.816	-24.370
754.270	30.815	-24.370
755.270	30.815	-24.380
756.270	30.815	-24.380
757.270	30.815	-24.370
758.270	30.814	-24.370
759.270	30.814	-24.370
760.270	30.814	-24.380
761.270	30.814	-24.380
762.270	30.814	-24.370
763.270	30.814	-24.370
764.270	30.814	-24.380
765.270	30.814	-24.380
766.270	30.814	-24.380
767.270	30.814	-24.370
768.270	30.814	-24.370
769.270	30.814	-24.370
770.270	30.814	-24.380
771.270	30.814	-24.380
772.270	30.813	-24.370
773.270	30.813	-24.370
774.270	30.813	-24.370
775.270	30.813	-24.380
776.270	30.812	-24.380
777.270	30.812	-24.370
778.270	30.812	-24.370
779.270	30.812	-24.370
780.270	30.812	-24.370
781.270	30.812	-24.370
782.270	30.812	-24.370
783.270	30.812	-24.370
784.270	30.812	-24.370
785.270	30.812	-24.380
786.270	30.811	-24.370
787.270	30.812	-24.370
788.270	30.812	-24.370
789.270	30.812	-24.380
790.270	30.811	-24.370
791.270	30.811	-24.380
792.270	30.812	-24.370
793.270	30.811	-24.360
794.270	30.811	-24.370
795.270	30.811	-24.380
796.270	30.811	-24.380
797.270	30.811	-24.370
798.270	30.810	-24.360
799.270	30.810	-24.370
800.270	30.810	-24.380
801.270	30.810	-24.370
802.270	30.810	-24.360
803.270	30.810	-24.370
804.270	30.810	-24.370
805.270	30.810	-24.370
806.270	30.810	-24.370
807.270	30.810	-24.370
808.270	30.810	-24.370
809.270	30.811	-24.370
810.270	30.810	-24.380
811.270	30.810	-24.370
812.270	30.810	-24.370
813.270	30.809	-24.360
814.270	30.809	-24.370
815.270	30.809	-24.370
816.270	30.809	-24.370
817.270	30.809	-24.370
818.270	30.809	-24.370
819.270	30.808	-24.370
820.270	30.808	-24.370
821.270	30.808	-24.370
822.270	30.808	-24.370
823.270	30.808	-24.360
824.270	30.808	-24.360
825.270	30.807	-24.370
826.270	30.808	-24.370
827.270	30.807	-24.370
828.270	30.807	-24.360
829.270	30.807	-24.370
830.270	30.807	-24.370
831.270	30.807	-24.370
832.270	30.807	-24.370
833.270	30.807	-24.370
834.270	30.807	-24.370
835.270	30.807	-24.370
836.270	30.807	-24.370
837.270	30.807	-24.370
838.270	30.807	-24.360
839.270	30.806	-24.360
840.270	30.806	-24.370
841.270	30.806	-24.370
842.270	30.806	-24.370
843.270	30.806	-24.360
844.270	30.806	-24.360
845.270	30.806	-24.370
846.270	30.806	-24.360
847.270	30.806	-24.370
848.270	30.806	-24.370
849.270	30.805	-24.370
850.270	30.805	-24.360
851.270	30.805	-24.370
852.270	30.805	-24.370
853.270	30.804	-24.360
854.270	30.804	-24.350
855.270	30.804	-24.370
856.270	30.803	-24.370
857.270	30.803	-24.370
858.270	30.803	-24.360
859.270	30.803	-24.360
860.270	30.803	-24.360
861.270	30.803	-24.370
862.270	30.803	-24.370
863.270	30.803	-24.370
864.270	30.803	-24.360
865.270	30.803	-24.370
866.270	30.803	-24.360
867.270	30.803	-24.370
868.270	30.802	-24.360
869.270	30.803	-24.360
870.270	30.803	-24.360
871.270	30.802	-24.370
872.270	30.802	-24.370
873.270	30.802	-24.370
874.270	30.802	-24.370
875.270	30.802	-24.360
876.270	30.802	-24.360
877.270	30.802	-24.370
878.270	30.802	-24.360
879.270	30.802	-24.350
880.270	30.802	-24.360
881.270	30.802	-24.370
882.270	30.802	-24.370
883.270	30.802	-24.360
884.270	30.802	-24.360
885.270	30.802	-24.360
886.270	30.802	-24.360
887.270	30.802	-24.370
888.270	30.802	-24.370
889.270	30.803	-24.360
890.270	30.803	-24.360
891.270	30.802	-24.360
892.270	30.802	-24.370
893.270	30.802	-24.370
894.270	30.802	-24.360
895.270	30.802	-24.350
896.270	30.802	-24.360
897.270	30.802	-24.360
898.270	30.801	-24.370
899.270	30.801	-24.360
900.270	30.801	-24.360
