0.280	41.738	-31.900
1.280	41.735	-31.900
2.280	41.731	-31.900
3.280	41.728	-31.900
4.280	41.724	-31.900
5.280	41.721	-31.900
6.280	41.717	-31.900
7.280	41.714	-31.900
8.280	41.711	-31.900
9.280	41.707	-31.800
10.280	41.704	-31.800
11.280	41.700	-31.800
12.280	41.697	-31.800
13.280	41.694	-31.800
14.280	41.691	-31.800
15.280	41.687	-31.800
16.280	41.684	-31.800
17.280	41.681	-31.800
18.280	41.678	-31.800
19.280	41.675	-31.800
20.280	41.671	-31.800
21.280	41.668	-31.800
22.280	41.665	-31.800
23.280	41.662	-31.800
24.280	41.659	-31.800
25.280	41.655	-31.800
26.280	41.652	-31.800
27.280	41.649	-31.800
28.280	41.646	-31.800
29.280	41.643	-31.800
30.280	41.639	-31.800
31.280	41.636	-31.800
32.280	41.633	-31.800
33.280	41.630	-31.800
34.280	41.628	-31.800
35.280	41.625	-31.800
36.280	41.621	-31.800
37.280	41.618	-31.800
38.280	41.615	-31.800
39.280	41.612	-31.800
40.280	41.609	-31.800
41.280	41.606	-31.800
42.280	41.603	-31.800
43.280	41.600	-31.800
44.280	41.597	-31.800
45.280	41.594	-31.800
46.280	41.591	-31.800
47.280	41.588	-31.800
48.280	41.585	-31.800
49.280	41.582	-31.800
50.280	41.580	-31.800
51.280	41.577	-31.800
52.280	41.574	-31.700
53.280	41.572	-31.700
54.280	41.569	-31.800
55.280	41.566	-31.700
56.280	41.563	-31.700
57.280	41.560	-31.700
58.280	41.557	-31.700
59.280	41.555	-31.700
60.280	41.551	-31.700
61.280	41.549	-31.700
62.280	41.546	-31.700
63.280	41.544	-31.700
64.280	41.541	-31.700
65.280	41.538	-31.700
66.280	41.536	-31.700
67.280	41.532	-31.700
68.280	41.530	-31.700
69.280	41.527	-31.700
70.280	41.524	-31.700
71.280	41.521	-31.700
72.280	41.519	-31.700
73.280	41.516	-31.700
74.280	41.513	-31.700
75.280	41.510	-31.700
76.280	41.507	-31.700
77.280	41.505	-31.700
78.280	41.502	-31.700
79.280	41.500	-31.700
80.280	41.497	-31.700
81.280	41.494	-31.700
82.280	41.491	-31.700
83.280	41.489	-31.700
84.280	41.486	-31.700
85.280	41.483	-31.700
86.280	41.480	-31.700
87.280	41.478	-31.700
88.280	41.475	-31.700
89.280	41.473	-31.700
90.280	41.470	-31.700
91.280	41.468	-31.700
92.280	41.465	-31.700
93.280	41.463	-31.700
94.280	41.460	-31.700
95.280	41.457	-31.700
96.280	41.455	-31.700
97.280	41.452	-31.700
98.280	41.450	-31.700
99.280	41.447	-31.700
100.280	41.445	-31.700
101.280	41.442	-31.700
102.280	41.440	-31.700
103.280	41.438	-31.700
104.280	41.435	-31.600
105.280	41.433	-31.600
106.280	41.431	-31.600
107.280	41.429	-31.600
108.280	41.426	-31.600
109.280	41.424	-31.600
110.280	41.422	-31.600
111.280	41.419	-31.600
112.280	41.417	-31.600
113.280	41.415	-31.600
114.280	41.413	-31.600
115.280	41.410	-31.600
116.280	41.408	-31.600
117.280	41.405	-31.600
118.280	41.403	-31.600
119.280	41.401	-31.600
120.280	41.399	-31.600
121.280	41.397	-31.600
122.280	41.395	-31.600
123.280	41.393	-31.600
124.280	41.391	-31.600
125.280	41.388	-31.600
126.280	41.386	-31.600
127.280	41.384	-31.600
128.280	41.382	-31.600
129.280	41.379	-31.600
130.280	41.377	-31.600
131.280	41.375	-31.600
132.280	41.372	-31.600
133.280	41.370	-31.600
134.280	41.368	-31.600
135.280	41.366	-31.600
136.280	41.363	-31.600
137.280	41.361	-31.600
138.280	41.359	-31.600
139.280	41.357	-31.600
140.280	41.355	-31.600
141.280	41.352	-31.600
142.280	41.350	-31.600
143.280	41.348	-31.600
144.280	41.346	-31.600
145.280	41.344	-31.600
146.280	41.342	-31.600
147.280	41.340	-31.600
148.280	41.337	-31.600
149.280	41.335	-31.600
150.280	41.333	-31.600
151.280	41.331	-31.600
152.280	41.329	-31.600
153.280	41.327	-31.600
154.280	41.325	-31.600
155.280	41.323	-31.600
156.280	41.321	-31.600
157.280	41.319	-31.600
158.280	41.316	-31.600
159.280	41.314	-31.600
160.280	41.312	-31.600
161.280	41.310	-31.600
162.280	41.308	-31.600
163.280	41.306	-31.600
164.280	41.304	-31.600
165.280	41.301	-31.600
166.280	41.299	-31.500
167.280	41.297	-31.500
168.280	41.295	-31.500
169.280	41.293	-31.500
170.280	41.291	-31.500
171.280	41.289	-31.500
172.280	41.287	-31.500
173.280	41.284	-31.500
174.280	41.282	-31.500
175.280	41.281	-31.500
176.280	41.279	-31.500
177.280	41.277	-31.500
178.280	41.275	-31.500
179.280	41.273	-31.500
180.280	41.271	-31.500
181.280	41.268	-31.500
182.280	41.266	-31.500
183.280	41.264	-31.500
184.280	41.262	-31.500
185.280	41.260	-31.500
186.280	41.258	-31.500
187.280	41.256	-31.500
188.280	41.255	-31.500
189.280	41.253	-31.500
190.280	41.251	-31.500
191.280	41.249	-31.500
192.280	41.247	-31.500
193.280	41.245	-31.500
194.280	41.243	-31.500
195.280	41.241	-31.500
196.280	41.239	-31.500
197.280	41.238	-31.500
198.280	41.235	-31.500
199.280	41.234	-31.500
200.280	41.231	-31.500
201.280	41.230	-31.500
202.280	41.228	-31.500
203.280	41.226	-31.500
204.280	41.225	-31.500
205.280	41.223	-31.500
206.280	41.221	-31.500
207.280	41.219	-31.500
208.280	41.217	-31.500
209.280	41.215	-31.500
210.280	41.213	-31.500
211.280	41.212	-31.500
212.280	41.210	-31.500
213.280	41.208	-31.500
214.280	41.207	-31.500
215.280	41.205	-31.500
216.280	41.203	-31.500
217.280	41.201	-31.500
218.280	41.200	-31.500
219.280	41.198	-31.500
220.280	41.196	-31.500
221.280	41.194	-31.500
222.280	41.193	-31.500
223.280	41.191	-31.500
224.280	41.190	-31.500
225.280	41.188	-31.500
226.280	41.186	-31.500
227.280	41.185	-31.500
228.280	41.183	-31.500
229.280	41.182	-31.500
230.280	41.180	-31.500
231.280	41.178	-31.500
232.280	41.177	-31.500
233.280	41.175	-31.500
234.280	41.174	-31.500
235.280	41.172	-31.500
236.280	41.171	-31.500
237.280	41.169	-31.500
238.280	41.167	-31.500
239.280	41.166	-31.400
240.280	41.164	-31.500
241.280	41.162	-31.500
242.280	41.161	-31.400
243.280	41.159	-31.500
244.280	41.158	-31.400
245.280	41.156	-31.400
246.280	41.155	-31.400
247.280	41.153	-31.400
248.280	41.151	-31.400
249.280	41.150	-31.400
250.280	41.149	-31.400
251.280	41.147	-31.400
252.280	41.145	-31.400
253.280	41.144	-31.400
254.280	41.142	-31.400
255.280	41.141	-31.400
256.280	41.139	-31.400
257.280	41.138	-31.400
258.280	41.136	-31.400
259.280	41.135	-31.400
260.280	41.133	-31.400
261.280	41.132	-31.400
262.280	41.130	-31.400
263.280	41.129	-31.400
264.280	41.127	-31.400
265.280	41.126	-31.400
266.280	41.124	-31.400
267.280	41.122	-31.400
268.280	41.121	-31.400
269.280	41.120	-31.400
270.280	41.118	-31.400
271.280	41.117	-31.400
272.280	41.115	-31.400
273.280	41.114	-31.400
274.280	41.112	-31.400
275.280	41.111	-31.400
276.280	41.109	-31.400
277.280	41.108	-31.400
278.280	41.106	-31.400
279.280	41.105	-31.400
280.280	41.103	-31.400
281.280	41.102	-31.400
282.280	41.100	-31.400
283.280	41.099	-31.400
284.280	41.097	-31.400
285.280	41.096	-31.400
286.280	41.095	-31.400
287.280	41.094	-31.400
288.280	41.093	-31.400
289.280	41.092	-31.400
290.280	41.091	-31.400
291.280	41.090	-31.400
292.280	41.089	-31.400
293.280	41.088	-31.400
294.280	41.086	-31.400
295.280	41.085	-31.400
296.280	41.083	-31.400
297.280	41.082	-31.400
298.280	41.080	-31.400
299.280	41.079	-31.400
300.280	41.077	-31.400
301.280	41.076	-31.400
302.280	41.075	-31.400
303.280	41.074	-31.400
304.280	41.072	-31.400
305.280	41.071	-31.400
306.280	41.070	-31.400
307.280	41.068	-31.400
308.280	41.066	-31.400
309.280	41.065	-31.400
310.280	41.063	-31.400
311.280	41.062	-31.400
312.280	41.061	-31.400
313.280	41.059	-31.400
314.280	41.058	-31.400
315.280	41.057	-31.400
316.280	41.056	-31.400
317.280	41.054	-31.400
318.280	41.053	-31.400
319.280	41.052	-31.400
320.280	41.051	-31.400
321.280	41.049	-31.400
322.280	41.048	-31.400
323.280	41.047	-31.400
324.280	41.045	-31.400
325.280	41.044	-31.400
326.280	41.042	-31.400
327.280	41.040	-31.400
328.280	41.039	-31.400
329.280	41.037	-31.400
330.280	41.036	-31.400
331.280	41.034	-31.400
332.280	41.033	-31.400
333.280	41.031	-31.400
334.280	41.030	-31.400
335.280	41.029	-31.400
336.280	41.028	-31.400
337.280	41.027	-31.400
338.280	41.025	-31.400
339.280	41.024	-31.300
340.280	41.023	-31.300
341.280	41.022	-31.400
342.280	41.021	-31.400
343.280	41.020	-31.300
344.280	41.018	-31.300
345.280	41.017	-31.300
346.280	41.016	-31.300
347.280	41.014	-31.300
348.280	41.013	-31.300
349.280	41.012	-31.300
350.280	41.011	-31.300
351.280	41.009	-31.300
352.280	41.008	-31.300
353.280	41.006	-31.300
354.280	41.006	-31.300
355.280	41.005	-31.300
356.280	41.003	-31.300
357.280	41.002	-31.300
358.280	41.001	-31.300
359.280	41.000	-31.300
360.280	40.999	-31.300
361.280	40.998	-31.300
362.280	40.997	-31.300
363.280	40.996	-31.300
364.280	40.995	-31.300
365.280	40.994	-31.300
366.280	40.993	-31.300
367.280	40.992	-31.300
368.280	40.991	-31.300
369.280	40.990	-31.300
370.280	40.989	-31.300
371.280	40.988	-31.300
372.280	40.987	-31.300
373.280	40.985	-31.300
374.280	40.984	-31.300
375.280	40.982	-31.300
376.280	40.981	-31.300
377.280	40.980	-31.300
378.280	40.978	-31.300
379.280	40.977	-31.300
380.280	40.976	-31.300
381.280	40.975	-31.300
382.280	40.974	-31.300
383.280	40.973	-31.300
384.280	40.972	-31.300
385.280	40.971	-31.300
386.280	40.970	-31.300
387.280	40.969	-31.300
388.280	40.968	-31.300
389.280	40.967	-31.300
390.280	40.966	-31.300
391.280	40.965	-31.300
392.280	40.964	-31.300
393.280	40.963	-31.300
394.280	40.961	-31.300
395.280	40.960	-31.300
396.280	40.959	-31.300
397.280	40.958	-31.300
398.280	40.957	-31.300
399.280	40.956	-31.300
400.280	40.955	-31.300
401.280	40.954	-31.300
402.280	40.953	-31.300
403.280	40.953	-31.300
404.280	40.952	-31.300
405.280	40.951	-31.300
406.280	40.950	-31.300
407.280	40.949	-31.300
408.280	40.948	-31.300
409.280	40.947	-31.300
410.280	40.946	-31.300
411.280	40.945	-31.300
412.280	40.943	-31.300
413.280	40.942	-31.300
414.280	40.941	-31.300
415.280	40.940	-31.300
416.280	40.939	-31.300
417.280	40.938	-31.300
418.280	40.937	-31.300
419.280	40.936	-31.300
420.280	40.935	-31.300
421.280	40.934	-31.300
422.280	40.933	-31.300
423.280	40.932	-31.300
424.280	40.931	-31.300
425.280	40.930	-31.300
426.280	40.929	-31.300
427.280	40.928	-31.300
428.280	40.927	-31.300
429.280	40.926	-31.300
430.280	40.925	-31.300
431.280	40.924	-31.300
432.280	40.924	-31.300
433.280	40.923	-31.300
434.280	40.922	-31.300
435.280	40.921	-31.300
436.280	40.920	-31.300
437.280	40.919	-31.300
438.280	40.918	-31.300
439.280	40.917	-31.300
440.280	40.916	-31.300
441.280	40.915	-31.300
442.280	40.915	-31.300
443.280	40.914	-31.300
444.280	40.913	-31.300
445.280	40.912	-31.300
446.280	40.911	-31.300
447.280	40.910	-31.300
448.280	40.909	-31.300
449.280	40.909	-31.300
450.280	40.908	-31.300
451.280	40.906	-31.300
452.280	40.905	-31.300
453.280	40.904	-31.300
454.280	40.903	-31.300
455.280	40.902	-31.300
456.280	40.901	-31.300
457.280	40.900	-31.300
458.280	40.900	-31.300
459.280	40.898	-31.300
460.280	40.898	-31.300
461.280	40.897	-31.300
462.280	40.896	-31.300
463.280	40.895	-31.300
464.280	40.894	-31.300
465.280	40.893	-31.300
466.280	40.892	-31.300
467.280	40.891	-31.300
468.280	40.890	-31.300
469.280	40.889	-31.300
470.280	40.888	-31.300
471.280	40.887	-31.300
472.280	40.886	-31.300
473.280	40.886	-31.300
474.280	40.885	-31.300
475.280	40.884	-31.300
476.280	40.883	-31.300
477.280	40.883	-31.300
478.280	40.882	-31.300
479.280	40.881	-31.300
480.280	40.880	-31.300
481.280	40.880	-31.300
482.280	40.879	-31.300
483.280	40.878	-31.200
484.280	40.878	-31.200
485.280	40.877	-31.200
486.280	40.876	-31.300
487.280	40.876	-31.200
488.280	40.875	-31.300
489.280	40.875	-31.200
490.280	40.874	-31.200
491.280	40.873	-31.200
492.280	40.872	-31.200
493.280	40.872	-31.300
494.280	40.871	-31.200
495.280	40.870	-31.200
496.280	40.870	-31.200
497.280	40.869	-31.200
498.280	40.868	-31.200
499.280	40.868	-31.200
500.280	40.866	-31.200
501.280	40.866	-31.200
502.280	40.865	-31.200
503.280	40.864	-31.200
504.280	40.863	-31.200
505.280	40.862	-31.200
506.280	40.862	-31.200
507.280	40.861	-31.200
508.280	40.860	-31.200
509.280	40.859	-31.200
510.280	40.858	-31.200
511.280	40.858	-31.200
512.280	40.857	-31.200
513.280	40.856	-31.200
514.280	40.855	-31.200
515.280	40.855	-31.200
516.280	40.854	-31.200
517.280	40.853	-31.200
518.280	40.853	-31.200
519.280	40.852	-31.200
520.280	40.851	-31.200
521.280	40.850	-31.200
522.280	40.850	-31.200
523.280	40.849	-31.200
524.280	40.849	-31.200
525.280	40.848	-31.200
526.280	40.847	-31.200
527.280	40.846	-31.200
528.280	40.845	-31.200
529.280	40.844	-31.200
530.280	40.844	-31.200
531.280	40.843	-31.200
532.280	40.842	-31.200
533.280	40.841	-31.200
534.280	40.841	-31.200
535.280	40.840	-31.200
536.280	40.839	-31.200
537.280	40.838	-31.200
538.280	40.837	-31.200
539.280	40.836	-31.200
540.280	40.836	-31.200
541.280	40.835	-31.200
542.280	40.834	-31.200
543.280	40.833	-31.200
544.280	40.832	-31.200
545.280	40.832	-31.200
546.280	40.831	-31.200
547.280	40.831	-31.200
548.280	40.831	-31.200
549.280	40.831	-31.200
550.280	40.830	-31.200
551.280	40.829	-31.200
552.280	40.830	-31.200
553.280	40.830	-31.200
554.280	40.829	-31.200
555.280	40.829	-31.200
556.280	40.829	-31.200
557.280	40.829	-31.200
558.280	40.828	-31.200
559.280	40.828	-31.200
560.280	40.827	-31.200
561.280	40.826	-31.200
562.280	40.826	-31.200
563.280	40.825	-31.200
564.280	40.825	-31.200
565.280	40.825	-31.200
566.280	40.825	-31.200
567.280	40.825	-31.200
568.280	40.824	-31.200
569.280	40.823	-31.200
570.280	40.821	-31.200
571.280	40.820	-31.200
572.280	40.819	-31.200
573.280	40.818	-31.200
574.280	40.817	-31.200
575.280	40.816	-31.200
576.280	40.815	-31.200
577.280	40.815	-31.200
578.280	40.814	-31.200
579.280	40.814	-31.200
580.280	40.813	-31.200
581.280	40.812	-31.200
582.280	40.811	-31.200
583.280	40.810	-31.200
584.280	40.810	-31.200
585.280	40.809	-31.200
586.280	40.808	-31.200
587.280	40.807	-31.200
588.280	40.807	-31.200
589.280	40.806	-31.200
590.280	40.806	-31.200
591.280	40.805	-31.200
592.280	40.805	-31.200
593.280	40.804	-31.200
594.280	40.804	-31.200
595.280	40.804	-31.200
596.280	40.804	-31.200
597.280	40.804	-31.200
598.280	40.803	-31.200
599.280	40.803	-31.200
600.280	40.802	-31.200
601.280	40.802	-31.200
602.280	40.802	-31.200
603.280	40.802	-31.200
604.280	40.802	-31.200
605.280	40.801	-31.200
606.280	40.800	-31.200
607.280	40.799	-31.200
608.280	40.799	-31.200
609.280	40.799	-31.200
610.280	40.798	-31.200
611.280	40.798	-31.200
612.280	40.797	-31.200
613.280	40.796	-31.200
614.280	40.796	-31.200
615.280	40.795	-31.200
616.280	40.794	-31.200
617.280	40.793	-31.200
618.280	40.792	-31.200
619.280	40.792	-31.200
620.280	40.791	-31.200
621.280	40.790	-31.200
622.280	40.789	-31.200
623.280	40.788	-31.200
624.280	40.788	-31.200
625.280	40.788	-31.200
626.280	40.787	-31.200
627.280	40.786	-31.200
628.280	40.786	-31.200
629.280	40.785	-31.200
630.280	40.784	-31.200
631.280	40.783	-31.200
632.280	40.783	-31.200
633.280	40.782	-31.200
634.280	40.781	-31.200
635.280	40.781	-31.200
636.280	40.780	-31.200
637.280	40.779	-31.200
638.280	40.779	-31.200
639.280	40.778	-31.200
640.280	40.778	-31.200
641.280	40.778	-31.200
642.280	40.778	-31.200
643.280	40.777	-31.200
644.280	40.777	-31.200
645.280	40.776	-31.200
646.280	40.775	-31.200
647.280	40.775	-31.200
648.280	40.774	-31.200
649.280	40.774	-31.200
650.280	40.773	-31.200
651.280	40.772	-31.200
652.280	40.772	-31.200
653.280	40.771	-31.200
654.280	40.770	-31.200
655.280	40.770	-31.200
656.280	40.769	-31.200
657.280	40.768	-31.200
658.280	40.768	-31.200
659.280	40.767	-31.200
660.280	40.767	-31.200
661.280	40.766	-31.200
662.280	40.766	-31.200
663.280	40.765	-31.200
664.280	40.764	-31.200
665.280	40.764	-31.200
666.280	40.763	-31.200
667.280	40.763	-31.200
668.280	40.763	-31.200
669.280	40.762	-31.200
670.280	40.761	-31.200
671.280	40.761	-31.200
672.280	40.761	-31.200
673.280	40.760	-31.200
674.280	40.760	-31.200
675.280	40.760	-31.200
676.280	40.759	-31.200
677.280	40.759	-31.200
678.280	40.758	-31.200
679.280	40.758	-31.200
680.280	40.757	-31.200
681.280	40.756	-31.200
682.280	40.756	-31.200
683.280	40.755	-31.200
684.280	40.755	-31.200
685.280	40.754	-31.200
686.280	40.754	-31.200
687.280	40.753	-31.200
688.280	40.753	-31.200
689.280	40.752	-31.200
690.280	40.752	-31.200
691.280	40.751	-31.200
692.280	40.750	-31.200
693.280	40.750	-31.200
694.280	40.749	-31.200
695.280	40.749	-31.200
696.280	40.748	-31.200
697.280	40.748	-31.200
698.280	40.747	-31.200
699.280	40.747	-31.200
700.280	40.747	-31.200
701.280	40.747	-31.200
702.280	40.746	-31.200
703.280	40.746	-31.200
704.280	40.746	-31.200
705.280	40.746	-31.200
706.280	40.746	-31.200
707.280	40.746	-31.200
708.280	40.746	-31.200
709.280	40.745	-31.200
710.280	40.745	-31.200
711.280	40.745	-31.200
712.280	40.744	-31.200
713.280	40.743	-31.200
714.280	40.743	-31.200
715.280	40.742	-31.200
716.280	40.741	-31.200
717.280	40.741	-31.200
718.280	40.741	-31.200
719.280	40.740	-31.200
720.280	40.739	-31.200
721.280	40.738	-31.200
722.280	40.738	-31.100
723.280	40.738	-31.200
724.280	40.737	-31.200
725.280	40.736	-31.200
726.280	40.736	-31.200
727.280	40.735	-31.200
728.280	40.734	-31.200
729.280	40.734	-31.200
730.280	40.733	-31.100
731.280	40.733	-31.200
732.280	40.733	-31.200
733.280	40.733	-31.200
734.280	40.733	-31.100
735.280	40.732	-31.100
736.280	40.732	-31.200
737.280	40.732	-31.200
738.280	40.731	-31.100
739.280	40.730	-31.100
740.280	40.730	-31.100
741.280	40.729	-31.100
742.280	40.729	-31.100
743.280	40.729	-31.100
744.280	40.728	-31.100
745.280	40.728	-31.100
746.280	40.727	-31.100
747.280	40.727	-31.100
748.280	40.726	-31.200
749.280	40.726	-31.100
750.280	40.725	-31.100
751.280	40.725	-31.100
752.280	40.725	-31.200
753.280	40.725	-31.100
754.280	40.725	-31.100
755.280	40.724	-31.100
756.280	40.723	-31.100
757.280	40.723	-31.100
758.280	40.723	-31.100
759.280	40.723	-31.100
760.280	40.722	-31.100
761.280	40.722	-31.100
762.280	40.721	-31.100
763.280	40.721	-31.100
764.280	40.721	-31.100
765.280	40.720	-31.100
766.280	40.720	-31.100
767.280	40.720	-31.100
768.280	40.720	-31.100
769.280	40.719	-31.100
770.280	40.719	-31.100
771.280	40.719	-31.100
772.280	40.718	-31.100
773.280	40.718	-31.100
774.280	40.717	-31.100
775.280	40.717	-31.100
776.280	40.717	-31.100
777.280	40.716	-31.100
778.280	40.715	-31.100
779.280	40.714	-31.100
780.280	40.714	-31.100
781.280	40.714	-31.100
782.280	40.713	-31.100
783.280	40.713	-31.100
784.280	40.713	-31.100
785.280	40.712	-31.100
786.280	40.712	-31.100
787.280	40.712	-31.100
788.280	40.711	-31.100
789.280	40.711	-31.100
790.280	40.711	-31.100
791.280	40.710	-31.100
792.280	40.710	-31.100
793.280	40.709	-31.100
794.280	40.709	-31.100
795.280	40.709	-31.100
796.280	40.708	-31.100
797.280	40.708	-31.100
798.280	40.708	-31.100
799.280	40.708	-31.100
800.280	40.707	-31.100
801.280	40.707	-31.100
802.280	40.706	-31.100
803.280	40.706	-31.100
804.280	40.705	-31.100
805.280	40.705	-31.100
806.280	40.704	-31.100
807.280	40.704	-31.100
808.280	40.704	-31.100
809.280	40.703	-31.100
810.280	40.703	-31.100
811.280	40.703	-31.100
812.280	40.703	-31.100
813.280	40.703	-31.100
814.280	40.702	-31.100
815.280	40.702	-31.100
816.280	40.701	-31.100
817.280	40.701	-31.100
818.280	40.701	-31.100
819.280	40.700	-31.100
820.280	40.700	-31.100
821.280	40.700	-31.100
822.280	40.700	-31.100
823.280	40.700	-31.100
824.280	40.699	-31.100
825.280	40.699	-31.100
826.280	40.699	-31.100
827.280	40.698	-31.100
828.280	40.698	-31.100
829.280	40.697	-31.100
830.280	40.697	-31.100
831.280	40.696	-31.100
832.280	40.696	-31.100
833.280	40.695	-31.100
834.280	40.696	-31.100
835.280	40.696	-31.100
836.280	40.695	-31.100
837.280	40.695	-31.100
838.280	40.694	-31.100
839.280	40.694	-31.100
840.280	40.693	-31.100
841.280	40.693	-31.100
842.280	40.693	-31.100
843.280	40.693	-31.100
844.280	40.692	-31.100
845.280	40.692	-31.100
846.280	40.692	-31.100
847.280	40.691	-31.100
848.280	40.691	-31.100
849.280	40.690	-31.100
850.280	40.690	-31.100
851.280	40.689	-31.100
852.280	40.689	-31.100
853.280	40.688	-31.100
854.280	40.688	-31.100
855.280	40.688	-31.100
856.280	40.688	-31.100
857.280	40.688	-31.100
858.280	40.687	-31.100
859.280	40.687	-31.100
860.280	40.686	-31.100
861.280	40.686	-31.100
862.280	40.686	-31.100
863.280	40.686	-31.100
864.280	40.685	-31.100
865.280	40.685	-31.100
866.280	40.685	-31.100
867.280	40.684	-31.100
868.280	40.684	-31.100
869.280	40.684	-31.100
870.280	40.683	-31.100
871.280	40.683	-31.100
872.280	40.683	-31.100
873.280	40.684	-31.100
874.280	40.684	-31.100
875.280	40.684	-31.100
876.280	40.684	-31.100
877.280	40.684	-31.100
878.280	40.683	-31.100
879.280	40.683	-31.100
880.280	40.683	-31.100
881.280	40.683	-31.100
882.280	40.683	-31.100
883.280	40.682	-31.100
884.280	40.682	-31.100
885.280	40.682	-31.100
886.280	40.681	-31.100
887.280	40.681	-31.100
888.280	40.680	-31.100
889.280	40.680	-31.100
890.280	40.680	-31.100
891.280	40.680	-31.100
892.280	40.680	-31.100
893.280	40.679	-31.100
894.280	40.679	-31.100
895.280	40.678	-31.100
896.280	40.678	-31.100
897.280	40.677	-31.100
898.280	40.677	-31.100
899.280	40.676	-31.100
900.280	40.676	-31.100
