0.324	580.483	-5.025
1.324	580.420	-5.023
2.324	580.519	-5.025
3.324	580.437	-5.025
4.324	580.476	-5.023
5.324	580.500	-5.021
6.324	580.388	-5.026
7.324	580.426	-5.018
8.324	580.477	-5.016
9.324	580.464	-5.018
10.324	580.474	-5.017
11.324	580.410	-5.019
12.324	580.385	-5.018
13.324	580.456	-5.017
14.324	580.430	-5.024
15.324	580.495	-5.026
16.324	580.437	-5.025
17.324	580.495	-5.022
18.324	580.496	-5.026
19.324	580.431	-5.023
20.324	580.418	-5.025
21.324	580.421	-5.022
22.324	580.400	-5.019
23.324	580.423	-5.019
24.324	580.414	-5.020
25.324	580.412	-5.018
26.324	580.416	-5.019
27.324	580.436	-5.017
28.324	580.446	-5.019
29.324	580.519	-5.025
30.324	580.425	-5.024
31.324	580.430	-5.026
32.324	580.445	-5.025
33.324	580.423	-5.024
34.324	580.430	-5.027
35.324	580.423	-5.019
36.324	580.435	-5.022
37.324	580.431	-5.021
38.324	580.500	-5.026
39.324	580.441	-5.019
40.324	580.433	-5.019
41.324	580.498	-5.018
42.324	580.330	-5.023
43.324	580.321	-5.024
44.324	580.411	-5.025
45.324	580.385	-5.026
46.324	580.444	-5.023
47.324	580.352	-5.024
48.324	580.366	-5.025
49.324	580.389	-5.027
50.324	580.391	-5.024
51.324	580.442	-5.020
52.324	580.479	-5.021
53.324	580.509	-5.019
54.324	580.386	-5.019
55.324	580.472	-5.023
56.324	580.356	-5.021
57.324	580.375	-5.022
58.324	580.381	-5.025
59.324	580.326	-5.025
60.324	580.424	-5.026
61.324	580.386	-5.029
62.324	580.391	-5.030
63.324	580.420	-5.029
64.324	580.457	-5.023
65.324	580.436	-5.025
66.324	580.450	-5.023
67.324	580.509	-5.023
68.324	580.433	-5.021
69.324	580.485	-5.023
70.324	580.461	-5.016
71.324	580.425	-5.023
72.324	580.399	-5.027
73.324	580.503	-5.026
74.324	580.517	-5.028
75.324	580.467	-5.023
76.324	580.530	-5.023
77.324	580.422	-5.028
78.324	580.473	-5.022
79.324	580.428	-5.019
80.324	580.381	-5.020
81.324	580.467	-5.022
82.324	580.419	-5.017
83.324	580.380	-5.021
84.324	580.408	-5.021
85.324	580.492	-5.022
86.324	580.396	-5.027
87.324	580.439	-5.025
88.324	580.491	-5.028
89.324	580.404	-5.024
90.324	580.356	-5.028
91.324	580.409	-5.024
92.324	580.458	-5.027
93.324	580.426	-5.024
94.324	580.470	-5.020
95.324	580.425	-5.021
96.324	580.377	-5.022
97.324	580.401	-5.020
98.324	580.390	-5.023
99.324	580.428	-5.020
100.324	580.430	-5.022
101.324	580.367	-5.027
102.324	580.473	-5.026
103.324	580.456	-5.022
104.324	580.410	-5.023
105.324	580.474	-5.026
106.324	580.553	-5.026
107.324	580.503	-5.019
108.324	580.423	-5.021
109.324	580.497	-5.021
110.324	580.458	-5.019
111.324	580.427	-5.019
112.324	580.468	-5.026
113.324	580.533	-5.021
114.324	580.462	-5.019
115.324	580.443	-5.028
116.324	580.553	-5.022
117.324	580.514	-5.025
118.324	580.435	-5.027
119.324	580.478	-5.027
120.324	580.397	-5.024
121.324	580.480	-5.023
122.324	580.467	-5.018
123.324	580.389	-5.021
124.324	580.428	-5.016
125.324	580.457	-5.024
126.324	580.407	-5.021
127.324	580.459	-5.019
128.324	580.430	-5.018
129.324	580.415	-5.027
130.324	580.466	-5.024
131.324	580.352	-5.026
132.324	580.395	-5.024
133.324	580.378	-5.024
134.324	580.391	-5.026
135.324	580.444	-5.028
136.324	580.424	-5.023
137.324	580.433	-5.022
138.324	580.454	-5.025
139.324	580.405	-5.021
140.324	580.404	-5.021
141.324	580.453	-5.018
142.324	580.388	-5.016
143.324	580.431	-5.024
144.324	580.535	-5.028
145.324	580.461	-5.026
146.324	580.483	-5.024
147.324	580.466	-5.026
148.324	580.428	-5.022
149.324	580.459	-5.027
150.324	580.402	-5.025
151.324	580.465	-5.021
152.324	580.498	-5.022
153.324	580.453	-5.022
154.324	580.493	-5.019
155.324	580.469	-5.021
156.324	580.457	-5.025
157.324	580.532	-5.022
158.324	580.480	-5.024
159.324	580.546	-5.025
160.324	580.517	-5.025
161.324	580.460	-5.024
162.324	580.424	-5.031
163.324	580.450	-5.026
164.324	580.388	-5.026
165.324	580.444	-5.021
166.324	580.437	-5.019
167.324	580.334	-5.018
168.324	580.398	-5.019
169.324	580.434	-5.020
170.324	580.435	-5.021
171.324	580.414	-5.019
172.324	580.365	-5.022
173.324	580.442	-5.027
174.324	580.442	-5.025
175.324	580.478	-5.028
176.324	580.417	-5.025
177.324	580.411	-5.029
178.324	580.488	-5.025
179.324	580.433	-5.022
180.324	580.497	-5.019
181.324	580.462	-5.022
182.324	580.435	-5.018
183.324	580.395	-5.020
184.324	580.460	-5.018
185.324	580.434	-5.020
186.324	580.460	-5.025
187.324	580.447	-5.025
188.324	580.439	-5.029
189.324	580.519	-5.023
190.324	580.448	-5.026
191.324	580.475	-5.022
192.324	580.399	-5.023
193.324	580.449	-5.025
194.324	580.449	-5.024
195.324	580.421	-5.020
196.324	580.463	-5.018
197.324	580.416	-5.020
198.324	580.475	-5.026
199.324	580.446	-5.019
200.324	580.458	-5.020
201.324	580.408	-5.023
202.324	580.439	-5.027
203.324	580.384	-5.024
204.324	580.403	-5.024
205.324	580.440	-5.029
206.324	580.427	-5.024
207.324	580.489	-5.026
208.324	580.446	-5.021
209.324	580.439	-5.015
210.324	580.422	-5.019
211.324	580.479	-5.021
212.324	580.450	-5.018
213.324	580.507	-5.019
214.324	580.404	-5.020
215.324	580.497	-5.023
216.324	580.422	-5.026
217.324	580.402	-5.027
218.324	580.444	-5.023
219.324	580.422	-5.026
220.324	580.417	-5.021
221.324	580.428	-5.025
222.324	580.417	-5.027
223.324	580.445	-5.021
224.324	580.503	-5.017
225.324	580.453	-5.023
226.324	580.457	-5.016
227.324	580.482	-5.021
228.324	580.489	-5.017
229.324	580.485	-5.020
230.324	580.501	-5.032
231.324	580.470	-5.024
232.324	580.474	-5.024
233.324	580.458	-5.027
234.324	580.463	-5.026
235.324	580.441	-5.026
236.324	580.438	-5.028
237.324	580.448	-5.024
238.324	580.464	-5.018
239.324	580.504	-5.019
240.324	580.478	-5.019
241.324	580.489	-5.019
242.324	580.428	-5.022
243.324	580.386	-5.020
244.324	580.417	-5.023
245.324	580.343	-5.025
246.324	580.413	-5.025
247.324	580.503	-5.025
248.324	580.388	-5.024
249.324	580.388	-5.025
250.324	580.452	-5.027
251.324	580.445	-5.020
252.324	580.389	-5.021
253.324	580.369	-5.020
254.324	580.347	-5.024
255.324	580.370	-5.023
256.324	580.381	-5.020
257.324	580.365	-5.017
258.324	580.410	-5.016
259.324	580.464	-5.024
260.324	580.403	-5.024
261.324	580.374	-5.024
262.324	580.336	-5.024
263.324	580.423	-5.026
264.324	580.407	-5.023
265.324	580.371	-5.030
266.324	580.474	-5.024
267.324	580.386	-5.019
268.324	580.410	-5.020
269.324	580.434	-5.021
270.324	580.429	-5.022
271.324	580.471	-5.021
272.324	580.524	-5.021
273.324	580.446	-5.028
274.324	580.453	-5.028
275.324	580.351	-5.027
276.324	580.413	-5.026
277.324	580.393	-5.029
278.324	580.398	-5.026
279.324	580.421	-5.030
280.324	580.382	-5.026
281.324	580.431	-5.023
282.324	580.411	-5.021
283.324	580.416	-5.021
284.324	580.428	-5.021
285.324	580.349	-5.022
286.324	580.363	-5.026
287.324	580.439	-5.025
288.324	580.352	-5.030
289.324	580.389	-5.030
290.324	580.308	-5.025
291.324	580.307	-5.028
292.324	580.453	-5.029
293.324	580.395	-5.031
294.324	580.341	-5.025
295.324	580.399	-5.026
296.324	580.374	-5.021
297.324	580.433	-5.023
298.324	580.395	-5.025
299.324	580.344	-5.022
300.324	580.423	-5.022
301.324	580.322	-5.018
302.324	580.360	-5.024
303.324	580.348	-5.029
304.324	580.436	-5.030
305.324	580.411	-5.030
306.324	580.385	-5.027
307.324	580.419	-5.027
308.324	580.407	-5.028
309.324	580.430	-5.027
310.324	580.367	-5.024
311.324	580.420	-5.023
312.324	580.452	-5.023
313.324	580.383	-5.020
314.324	580.475	-5.023
315.324	580.385	-5.025
316.324	580.515	-5.029
317.324	580.423	-5.030
318.324	580.421	-5.029
319.324	580.453	-5.026
320.324	580.408	-5.029
321.324	580.403	-5.031
322.324	580.468	-5.033
323.324	580.462	-5.028
324.324	580.403	-5.025
325.324	580.371	-5.020
326.324	580.398	-5.022
327.324	580.386	-5.021
328.324	580.363	-5.026
329.324	580.439	-5.023
330.324	580.451	-5.022
331.324	580.373	-5.028
332.324	580.343	-5.028
333.324	580.412	-5.030
334.324	580.365	-5.032
335.324	580.356	-5.031
336.324	580.389	-5.029
337.324	580.394	-5.030
338.324	580.449	-5.027
339.324	580.444	-5.025
340.324	580.366	-5.023
341.324	580.430	-5.027
342.324	580.361	-5.024
343.324	580.372	-5.025
344.324	580.342	-5.023
345.324	580.414	-5.025
346.324	580.337	-5.029
347.324	580.398	-5.028
348.324	580.487	-5.029
349.324	580.400	-5.031
350.324	580.389	-5.029
351.324	580.423	-5.026
352.324	580.416	-5.027
353.324	580.415	-5.028
354.324	580.410	-5.025
355.324	580.430	-5.025
356.324	580.480	-5.024
357.324	580.497	-5.021
358.324	580.407	-5.023
359.324	580.480	-5.022
360.324	580.427	-5.032
361.324	580.431	-5.028
362.324	580.481	-5.029
363.324	580.434	-5.032
364.324	580.412	-5.029
365.324	580.439	-5.031
366.324	580.423	-5.032
367.324	580.479	-5.028
368.324	580.401	-5.025
369.324	580.401	-5.022
370.324	580.484	-5.023
371.324	580.510	-5.023
372.324	580.419	-5.024
373.324	580.441	-5.023
374.324	580.405	-5.029
375.324	580.386	-5.031
376.324	580.444	-5.030
377.324	580.447	-5.032
378.324	580.443	-5.033
379.324	580.438	-5.028
380.324	580.480	-5.030
381.324	580.434	-5.025
382.324	580.504	-5.030
383.324	580.411	-5.024
384.324	580.456	-5.022
385.324	580.425	-5.024
386.324	580.473	-5.022
387.324	580.516	-5.025
388.324	580.451	-5.024
389.324	580.514	-5.024
390.324	580.544	-5.030
391.324	580.470	-5.033
392.324	580.486	-5.034
393.324	580.467	-5.026
394.324	580.493	-5.027
395.324	580.474	-5.032
396.324	580.529	-5.027
397.324	580.500	-5.029
398.324	580.479	-5.020
399.324	580.446	-5.025
400.324	580.503	-5.025
401.324	580.465	-5.025
402.324	580.494	-5.024
403.324	580.433	-5.030
404.324	580.443	-5.029
405.324	580.363	-5.028
406.324	580.462	-5.026
407.324	580.421	-5.031
408.324	580.388	-5.033
409.324	580.419	-5.033
410.324	580.363	-5.025
411.324	580.417	-5.022
412.324	580.356	-5.026
413.324	580.403	-5.025
414.324	580.515	-5.028
415.324	580.386	-5.027
416.324	580.407	-5.024
417.324	580.378	-5.027
418.324	580.320	-5.029
419.324	580.411	-5.025
420.324	580.442	-5.028
421.324	580.414	-5.031
422.324	580.396	-5.034
423.324	580.429	-5.032
424.324	580.461	-5.032
425.324	580.380	-5.027
426.324	580.416	-5.024
427.324	580.435	-5.024
428.324	580.427	-5.026
429.324	580.471	-5.027
430.324	580.419	-5.024
431.324	580.495	-5.022
432.324	580.488	-5.025
433.324	580.526	-5.029
434.324	580.401	-5.031
435.324	580.428	-5.036
436.324	580.425	-5.032
437.324	580.463	-5.032
438.324	580.439	-5.032
439.324	580.470	-5.028
440.324	580.492	-5.024
441.324	580.444	-5.024
442.324	580.452	-5.025
443.324	580.398	-5.028
444.324	580.399	-5.026
445.324	580.391	-5.025
446.324	580.399	-5.023
447.324	580.442	-5.029
448.324	580.383	-5.033
449.324	580.428	-5.030
450.324	580.394	-5.032
451.324	580.342	-5.028
452.324	580.383	-5.027
453.324	580.361	-5.034
454.324	580.395	-5.029
455.324	580.416	-5.028
456.324	580.429	-5.026
457.324	580.386	-5.028
458.324	580.447	-5.028
459.324	580.397	-5.030
460.324	580.419	-5.028
461.324	580.380	-5.027
462.324	580.432	-5.034
463.324	580.411	-5.031
464.324	580.405	-5.034
465.324	580.333	-5.035
466.324	580.454	-5.034
467.324	580.437	-5.034
468.324	580.430	-5.027
469.324	580.481	-5.026
470.324	580.400	-5.029
471.324	580.469	-5.028
472.324	580.448	-5.027
473.324	580.494	-5.025
474.324	580.422	-5.024
475.324	580.463	-5.028
476.324	580.456	-5.033
477.324	580.473	-5.033
478.324	580.494	-5.029
479.324	580.504	-5.031
480.324	580.477	-5.031
481.324	580.516	-5.035
482.324	580.432	-5.037
483.324	580.476	-5.028
484.324	580.368	-5.026
485.324	580.408	-5.024
486.324	580.431	-5.026
487.324	580.429	-5.026
488.324	580.387	-5.027
489.324	580.417	-5.023
490.324	580.314	-5.034
491.324	580.413	-5.034
492.324	580.386	-5.030
493.324	580.497	-5.035
494.324	580.374	-5.032
495.324	580.426	-5.030
496.324	580.433	-5.035
497.324	580.415	-5.030
498.324	580.462	-5.028
499.324	580.398	-5.024
500.324	580.443	-5.025
501.324	580.452	-5.029
502.324	580.508	-5.027
503.324	580.464	-5.028
504.324	580.446	-5.026
505.324	580.460	-5.030
506.324	580.500	-5.032
507.324	580.541	-5.034
508.324	580.453	-5.033
509.324	580.448	-5.034
510.324	580.503	-5.033
511.324	580.408	-5.035
512.324	580.386	-5.029
513.324	580.348	-5.026
514.324	580.456	-5.027
515.324	580.469	-5.027
516.324	580.406	-5.027
517.324	580.476	-5.026
518.324	580.388	-5.027
519.324	580.408	-5.032
520.324	580.442	-5.037
521.324	580.396	-5.030
522.324	580.507	-5.032
523.324	580.408	-5.031
524.324	580.363	-5.036
525.324	580.444	-5.031
526.324	580.468	-5.029
527.324	580.366	-5.029
528.324	580.355	-5.027
529.324	580.363	-5.029
530.324	580.410	-5.025
531.324	580.416	-5.026
532.324	580.328	-5.027
533.324	580.360	-5.034
534.324	580.352	-5.034
535.324	580.395	-5.033
536.324	580.399	-5.034
537.324	580.403	-5.032
538.324	580.394	-5.035
539.324	580.434	-5.032
540.324	580.353	-5.032
541.324	580.369	-5.031
542.324	580.340	-5.028
543.324	580.409	-5.028
544.324	580.469	-5.027
545.324	580.412	-5.029
546.324	580.407	-5.029
547.324	580.460	-5.023
548.324	580.425	-5.032
549.324	580.460	-5.033
550.324	580.355	-5.039
551.324	580.382	-5.033
552.324	580.455	-5.037
553.324	580.384	-5.023
554.324	580.448	-5.005
555.324	580.439	-4.995
556.324	580.472	-4.989
557.324	580.392	-3.375
558.324	580.382	0.389
559.324	580.433	0.392
560.324	580.402	0.381
561.324	580.389	0.360
562.324	580.365	0.355
563.324	580.405	0.354
564.324	580.461	0.355
565.324	580.356	0.355
566.324	580.296	0.356
567.324	580.395	0.353
568.324	580.398	0.354
569.324	580.405	0.354
570.324	580.346	0.355
571.324	580.348	0.359
572.324	580.395	0.357
573.324	580.357	0.362
574.324	580.272	0.357
575.324	580.366	0.356
576.324	580.398	0.364
577.324	580.360	0.357
578.324	580.385	0.354
579.324	580.369	0.353
580.324	580.361	0.354
581.324	580.397	0.354
582.324	580.332	0.355
583.324	580.311	0.353
584.324	580.356	0.356
585.324	580.422	0.358
586.324	580.321	0.356
587.324	580.379	0.358
588.324	580.410	0.361
589.324	580.334	0.361
590.324	580.458	0.362
591.324	580.370	0.355
592.324	580.354	0.355
593.324	580.403	0.353
594.324	580.430	0.355
595.324	580.347	0.356
596.324	580.408	0.353
597.324	580.406	0.353
598.324	580.403	0.356
599.324	580.424	0.356
600.324	580.385	0.359
601.324	580.309	0.360
602.324	580.364	0.358
603.324	580.399	0.358
604.324	580.371	0.360
605.324	580.348	0.361
606.324	580.530	0.352
607.324	580.414	0.354
608.324	580.385	0.350
609.324	580.455	0.354
610.324	580.377	0.355
611.324	580.357	0.358
612.324	580.442	0.354
613.324	580.395	0.355
614.324	580.513	0.361
615.324	580.496	0.360
616.324	580.462	0.363
617.324	580.435	0.360
618.324	580.424	0.363
619.324	580.422	0.360
620.324	580.438	0.356
621.324	580.437	0.355
622.324	580.407	0.355
623.324	580.404	0.357
624.324	580.436	0.357
625.324	580.378	0.356
626.324	580.362	0.352
627.324	580.407	0.346
628.324	580.372	0.359
629.324	580.365	0.361
630.324	580.374	0.363
631.324	580.331	0.358
632.324	580.435	0.361
633.324	580.471	0.361
634.324	580.381	0.361
635.324	580.419	0.357
636.324	580.394	0.356
637.324	580.421	0.355
638.324	580.424	0.354
639.324	580.352	0.355
640.324	580.432	0.355
641.324	580.420	0.354
642.324	580.401	0.358
643.324	580.383	0.360
644.324	580.390	0.359
645.324	580.444	0.358
646.324	580.422	0.360
647.324	580.475	0.360
648.324	580.452	0.359
649.324	580.462	0.358
650.324	580.427	0.354
651.324	580.385	0.353
652.324	580.388	0.353
653.324	580.425	0.360
654.324	580.448	0.356
655.324	580.437	0.359
656.324	580.472	0.350
657.324	580.437	0.357
658.324	580.431	0.360
659.324	580.403	0.361
660.324	580.439	0.360
661.324	580.497	0.359
662.324	580.435	0.358
663.324	580.480	0.363
664.324	580.421	0.358
665.324	580.441	0.356
666.324	580.415	0.359
667.324	580.376	0.357
668.324	580.424	0.356
669.324	580.393	0.351
670.324	580.404	0.353
671.324	580.460	0.359
672.324	580.462	0.358
673.324	580.407	0.362
674.324	580.416	0.361
675.324	580.390	0.363
676.324	580.421	0.361
677.324	580.368	0.362
678.324	580.386	0.363
679.324	580.410	0.358
680.324	580.397	0.354
681.324	580.375	0.358
682.324	580.376	0.359
683.324	580.384	0.359
684.324	580.393	0.354
685.324	580.432	0.356
686.324	580.513	0.359
687.324	580.398	0.361
688.324	580.395	0.360
689.324	580.396	0.365
690.324	580.450	0.361
691.324	580.548	0.365
692.324	580.482	0.365
693.324	580.406	0.358
694.324	580.502	0.355
695.324	580.453	0.355
696.324	580.521	0.357
697.324	580.456	0.360
698.324	580.430	0.359
699.324	580.364	0.353
700.324	580.428	0.353
701.324	580.418	0.362
702.324	580.393	0.361
703.324	580.379	0.364
704.324	580.394	0.362
705.324	580.482	0.361
706.324	580.415	0.362
707.324	580.407	0.359
708.324	580.388	0.359
709.324	580.410	0.358
710.324	580.425	0.359
711.324	580.428	0.356
712.324	580.383	0.355
713.324	580.405	0.358
714.324	580.415	0.354
715.324	580.350	0.362
716.324	580.402	0.362
717.324	580.433	0.361
718.324	580.385	0.360
719.324	580.369	0.361
720.324	580.398	0.364
721.324	580.374	0.367
722.324	580.495	0.357
723.324	580.430	0.357
724.324	580.494	0.355
725.324	580.491	0.357
726.324	580.467	0.355
727.324	580.482	0.354
728.324	580.410	0.359
729.324	580.460	0.360
730.324	580.426	0.389
731.324	580.488	0.250
732.324	580.478	0.217
733.324	580.504	0.169
734.324	580.510	0.065
735.324	580.552	0.034
736.324	580.504	0.027
737.324	580.507	0.007
738.324	580.525	0.017
739.324	580.567	0.020
740.324	580.504	0.005
741.324	580.578	0.010
742.324	580.595	0.054
743.324	580.674	0.060
744.324	580.659	0.072
745.324	580.611	0.068
746.324	580.595	0.071
747.324	580.619	0.068
748.324	580.607	0.071
749.324	580.630	0.073
750.324	580.620	0.072
751.324	580.518	0.070
752.324	580.563	0.067
753.324	580.564	0.066
754.324	580.613	0.065
755.324	580.574	0.063
756.324	580.616	0.067
757.324	580.646	0.067
758.324	580.613	0.068
759.324	580.559	0.072
760.324	580.661	0.069
761.324	580.586	0.073
762.324	580.594	0.076
763.324	580.569	0.072
764.324	580.603	0.070
765.324	580.646	0.074
766.324	580.641	0.072
767.324	580.622	0.067
768.324	580.683	0.070
769.324	580.647	0.067
770.324	580.651	0.067
771.324	580.630	0.069
772.324	580.586	0.067
773.324	580.614	0.068
774.324	580.643	0.075
775.324	580.637	0.071
776.324	580.633	0.074
777.324	580.615	0.077
778.324	580.604	0.073
779.324	580.604	0.069
780.324	580.676	0.071
781.324	580.576	0.068
782.324	580.656	0.068
783.324	580.581	0.064
784.324	580.639	0.065
785.324	580.550	0.067
786.324	580.629	0.068
787.324	580.601	0.068
788.324	580.631	0.073
789.324	580.544	0.073
790.324	580.574	0.069
791.324	580.602	0.071
792.324	580.611	0.069
793.324	580.692	0.074
794.324	580.625	0.075
795.324	580.638	0.068
796.324	580.607	0.066
797.324	580.613	0.067
798.324	580.619	0.067
799.324	580.618	0.069
800.324	580.591	0.065
801.324	580.634	0.067
802.324	580.617	0.072
803.324	580.617	0.072
804.324	580.624	0.072
805.324	580.570	0.069
806.324	580.645	0.076
807.324	580.662	0.071
808.324	580.661	0.073
809.324	580.647	0.067
810.324	580.675	0.068
811.324	580.584	0.069
812.324	580.671	0.069
813.324	580.651	0.068
814.324	580.645	0.065
815.324	580.613	0.067
816.324	580.655	0.069
817.324	580.626	0.072
818.324	580.611	0.073
819.324	580.601	0.074
820.324	580.633	0.070
821.324	580.564	0.068
822.324	580.631	0.073
823.324	580.651	0.072
824.324	580.641	0.070
825.324	580.549	0.067
826.324	580.476	0.018
827.324	580.441	0.019
828.324	580.479	0.020
829.324	580.362	0.033
830.324	580.311	0.031
831.324	580.413	0.034
832.324	580.417	0.062
833.324	580.435	0.030
834.324	580.366	0.012
835.324	580.359	0.010
836.324	580.285	-0.004
837.324	580.340	-0.040
838.324	580.340	-0.205
839.324	580.442	-0.407
840.324	580.426	-0.614
841.324	580.397	-0.811
842.324	580.420	-1.002
843.324	580.411	-1.165
844.324	580.461	-1.316
845.324	580.443	-1.440
846.324	580.403	-1.537
847.324	580.449	-1.634
848.324	580.432	-1.716
849.324	580.424	-1.775
850.324	580.378	-1.809
851.324	580.429	-1.839
852.324	580.399	-1.863
853.324	580.410	-1.881
854.324	580.462	-1.894
855.324	580.471	-1.899
856.324	580.422	-1.903
857.324	580.504	-1.904
858.324	580.457	-1.906
859.324	580.366	-1.905
860.324	580.422	-1.900
861.324	580.367	-1.898
862.324	580.448	-1.896
863.324	580.411	-1.897
864.324	580.456	-1.898
865.324	580.382	-1.896
866.324	580.419	-1.896
867.324	580.360	-1.896
868.324	580.389	-1.900
869.324	580.455	-1.901
870.324	580.418	-1.898
871.324	580.405	-1.901
872.324	580.369	-1.901
873.324	580.411	-1.899
874.324	580.432	-1.899
875.324	580.419	7.000
876.324	580.340	-2.000
877.324	580.450	-2.000
878.324	580.462	-2.000
879.324	580.378	-2.000
880.324	580.405	-1.900
881.324	580.439	-1.900
882.324	580.353	-1.900
883.324	580.425	-1.900
884.324	580.446	-1.900
885.324	580.433	-1.900
886.324	580.511	-1.890
887.324	580.481	-1.890
888.324	580.472	-1.890
889.324	580.419	-1.880
890.324	580.424	-1.912
891.324	580.401	-1.902
892.324	580.446	-1.902
893.324	580.388	-1.905
894.324	580.469	-1.903
895.324	580.439	0.011
896.324	580.400	0.001
897.324	580.539	-0.002
898.324	580.470	-0.003
899.324	580.491	-0.006
900.324	580.484	-0.005
901.324	580.492	0.032
902.324	580.425	0.027
903.324	580.528	0.042
904.324	580.460	0.021
905.324	580.486	0.056
906.324	580.513	0.080
907.324	580.473	0.058
908.324	580.450	0.099
909.324	580.459	0.120
910.324	580.466	0.138
911.324	580.454	0.136
912.324	580.513	0.187
913.324	580.519	0.251
914.324	580.415	0.239
915.324	580.317	0.245
916.324	580.395	0.253
917.324	580.408	0.256
918.324	580.442	0.256
919.324	580.352	0.259
920.324	580.420	0.262
921.324	580.392	0.259
922.324	580.492	0.271
923.324	580.398	0.383
924.324	580.473	0.402
925.324	580.419	0.197
926.324	580.443	-2.805
927.324	580.401	-4.830
928.324	580.418	-4.889
929.324	580.391	-4.895
930.324	580.469	-4.909
931.324	580.414	-4.973
932.324	580.485	-4.973
933.324	580.457	-4.991
934.324	580.490	-5.002
935.324	580.506	-5.003
936.324	580.532	-5.000
937.324	580.508	-4.999
938.324	580.513	-5.004
939.324	580.464	-5.001
940.324	580.450	-5.010
941.324	580.497	-5.011
942.324	580.519	-5.008
943.324	580.553	-5.014
944.324	580.460	-5.008
945.324	580.557	-5.016
946.324	580.507	-5.012
947.324	580.486	-5.011
948.324	580.481	-5.005
949.324	580.507	-5.005
950.324	580.506	-5.005
951.324	580.439	-5.006
952.324	580.502	-5.003
953.324	580.390	-5.006
954.324	580.466	-5.001
955.324	580.505	-5.007
956.324	580.413	-5.015
957.324	580.454	-5.020
958.324	580.480	-5.023
959.324	580.476	-5.021
960.324	580.466	-5.024
961.324	580.388	-5.025
962.324	580.536	-5.035
963.324	580.438	-5.032
964.324	580.435	-5.031
965.324	580.471	-5.030
966.324	580.401	-5.031
967.324	580.519	-5.031
968.324	580.425	-5.032
969.324	580.393	-5.035
970.324	580.405	-5.034
971.324	580.422	-5.034
972.324	580.452	-5.032
973.324	580.396	-5.035
974.324	580.349	-5.035
975.324	580.396	-5.036
976.324	580.435	-5.037
977.324	580.434	-5.035
978.324	580.457	-5.037
979.324	580.441	-5.035
980.324	580.431	-5.044
981.324	580.503	-5.041
982.324	580.468	-5.045
983.324	580.506	-5.037
984.324	580.590	-5.040
985.324	580.568	-5.040
986.324	580.472	-5.037
987.324	580.413	-5.037
988.324	580.514	-5.036
989.324	580.531	-5.037
990.324	580.546	-5.040
991.324	580.455	-5.035
992.324	580.474	-5.034
993.324	580.480	-5.032
994.324	580.470	-5.035
995.324	580.449	-5.030
996.324	580.424	-5.024
997.324	580.451	-5.027
998.324	580.414	-5.028
999.324	580.407	-5.038
1000.324	580.400	-5.037
1001.324	580.393	-5.039
1002.324	580.467	-5.042
1003.324	580.460	-5.041
1004.324	580.389	-5.033
1005.324	580.426	-5.030
1006.324	580.413	-5.024
1007.324	580.430	-5.025
1008.324	580.434	-5.030
1009.324	580.401	-5.032
1010.324	580.398	-5.033
1011.324	580.378	-5.022
1012.324	580.363	-5.018
1013.324	580.406	-5.023
1014.324	580.391	-5.039
1015.324	580.384	-5.041
1016.324	580.462	-5.035
1017.324	580.454	-5.029
1018.324	580.394	-5.027
1019.324	580.447	-5.036
1020.324	580.406	-5.038
1021.324	580.533	-5.036
1022.324	580.426	-5.009
1023.324	580.504	-5.008
1024.324	580.377	-5.008
1025.324	580.485	-5.008
1026.324	580.426	-5.007
1027.324	580.462	-5.005
1028.324	580.420	-5.012
1029.324	580.469	-5.018
1030.324	580.429	-5.016
1031.324	580.441	-5.018
1032.324	580.418	-5.015
1033.324	580.418	-5.014
1034.324	580.413	-5.017
1035.324	580.444	-5.014
1036.324	580.426	-5.012
1037.324	580.442	-5.011
1038.324	580.367	-5.008
1039.324	580.414	-5.004
1040.324	580.410	-5.010
1041.324	580.379	-5.008
1042.324	580.336	-5.009
1043.324	580.356	-5.011
1044.324	580.399	-5.012
1045.324	580.438	-5.009
1046.324	580.413	-5.014
1047.324	580.410	-5.013
1048.324	580.428	-5.011
1049.324	580.401	-5.010
1050.324	580.387	-5.014
1051.324	580.411	-5.008
1052.324	580.424	-5.009
1053.324	580.403	-5.008
1054.324	580.360	-5.010
1055.324	580.475	-5.008
1056.324	580.441	-5.008
1057.324	580.394	-5.012
1058.324	580.475	-5.014
1059.324	580.400	-5.014
1060.324	580.463	-5.010
1061.324	580.426	-5.011
1062.324	580.518	-5.011
1063.324	580.498	-5.017
1064.324	580.454	-5.011
1065.324	580.506	-5.010
1066.324	580.394	-5.011
1067.324	580.481	-5.006
1068.324	580.488	-5.008
1069.324	580.426	-5.011
1070.324	580.476	-5.012
1071.324	580.475	-5.011
1072.324	580.432	-5.016
1073.324	580.410	-5.013
1074.324	580.383	-5.012
1075.324	580.356	-5.017
1076.324	580.408	-5.018
1077.324	580.447	-5.012
1078.324	580.376	-5.019
1079.324	580.362	-5.008
1080.324	580.412	-5.009
1081.324	580.355	-5.008
1082.324	580.341	-5.011
1083.324	580.398	-5.010
1084.324	580.398	-5.005
1085.324	580.419	-5.009
1086.324	580.365	-5.011
1087.324	580.449	-5.014
1088.324	580.365	-5.009
1089.324	580.393	-5.014
1090.324	580.433	-5.016
1091.324	580.400	-5.012
1092.324	580.424	-5.013
1093.324	580.352	-5.011
1094.324	580.403	-5.009
1095.324	580.355	-5.010
1096.324	580.491	-5.008
1097.324	580.433	-5.006
1098.324	580.419	-5.008
1099.324	580.381	-5.011
1100.324	580.437	-5.008
1101.324	580.467	-5.012
1102.324	580.404	-5.016
1103.324	580.430	-5.010
1104.324	580.440	-5.010
1105.324	580.467	-5.013
1106.324	580.453	-5.015
1107.324	580.432	-5.013
1108.324	580.493	-5.009
1109.324	580.432	-5.009
1110.324	580.443	-5.007
1111.324	580.486	-5.010
1112.324	580.410	-5.009
1113.324	580.402	-5.007
1114.324	580.408	-5.006
1115.324	580.365	-5.012
1116.324	580.394	-5.013
1117.324	580.393	-5.016
1118.324	580.344	-5.016
1119.324	580.505	-5.013
1120.324	580.433	-5.017
1121.324	580.410	-5.011
1122.324	580.447	-5.009
1123.324	580.403	-5.007
1124.324	580.396	-5.011
1125.324	580.485	-5.014
1126.324	580.424	-5.008
1127.324	580.398	-5.007
1128.324	580.451	-5.008
1129.324	580.411	-5.009
1130.324	580.437	-5.014
1131.324	580.447	-5.013
1132.324	580.381	-5.014
1133.324	580.512	-5.017
1134.324	580.380	-5.014
1135.324	580.449	-5.015
1136.324	580.485	-5.015
1137.324	580.507	-5.007
1138.324	580.520	-5.008
1139.324	580.442	-5.005
1140.324	580.432	-5.010
1141.324	580.441	-5.007
1142.324	580.488	-5.008
1143.324	580.477	-5.008
1144.324	580.440	-5.013
1145.324	580.477	-5.010
1146.324	580.457	-5.013
1147.324	580.446	-5.014
1148.324	580.522	-5.011
1149.324	580.457	-5.013
1150.324	580.409	-5.018
1151.324	580.434	-5.014
1152.324	580.488	-5.014
1153.324	580.443	-5.008
1154.324	580.398	-5.008
1155.324	580.429	-5.010
1156.324	580.468	-5.006
1157.324	580.427	-5.007
1158.324	580.532	-5.009
1159.324	580.412	-5.011
1160.324	580.487	-5.014
1161.324	580.414	-5.013
1162.324	580.440	-5.011
1163.324	580.360	-5.013
1164.324	580.446	-5.015
1165.324	580.382	-5.011
1166.324	580.454	-5.011
1167.324	580.404	-5.010
1168.324	580.480	-5.009
1169.324	580.433	-5.009
1170.324	580.424	-5.014
1171.324	580.453	-5.010
1172.324	580.430	-5.011
1173.324	580.466	-5.003
1174.324	580.420	-5.010
1175.324	580.474	-5.015
1176.324	580.442	-5.016
1177.324	580.415	-5.011
1178.324	580.453	-5.013
1179.324	580.406	-5.012
1180.324	580.373	-5.014
1181.324	580.428	-5.012
1182.324	580.425	-5.010
1183.324	580.485	-5.010
1184.324	580.493	-5.005
1185.324	580.441	-5.007
1186.324	580.493	-5.010
1187.324	580.444	-5.006
1188.324	580.416	-5.011
1189.324	580.475	-5.014
1190.324	580.381	-5.012
1191.324	580.427	-5.013
1192.324	580.338	-5.011
1193.324	580.547	-5.016
1194.324	580.457	-5.015
1195.324	580.493	-5.014
1196.324	580.363	-5.010
1197.324	580.455	-5.007
1198.324	580.464	-5.010
1199.324	580.461	-5.011
1200.324	580.354	-5.010
1201.324	580.405	-5.012
1202.324	580.400	-5.009
1203.324	580.408	-5.012
1204.324	580.423	-5.017
1205.324	580.363	-5.015
1206.324	580.393	-5.016
1207.324	580.338	-5.014
1208.324	580.399	-5.017
1209.324	580.356	-5.014
1210.324	580.418	-5.008
1211.324	580.418	-5.009
1212.324	580.378	-5.006
1213.324	580.339	-5.011
1214.324	580.334	-5.007
1215.324	580.362	-5.011
1216.324	580.405	-5.006
1217.324	580.423	-5.008
1218.324	580.363	-5.015
1219.324	580.412	-5.012
1220.324	580.414	-5.015
1221.324	580.456	-5.012
1222.324	580.453	-5.014
1223.324	580.426	-5.010
1224.324	580.508	-5.014
1225.324	580.427	-5.010
1226.324	580.462	-5.009
1227.324	580.472	-5.010
1228.324	580.472	-5.005
1229.324	580.457	-5.007
1230.324	580.444	-5.008
1231.324	580.477	-5.007
1232.324	580.432	-5.009
1233.324	580.488	-5.014
1234.324	580.534	-5.014
1235.324	580.426	-5.017
1236.324	580.462	-5.012
1237.324	580.439	-5.014
1238.324	580.405	-5.012
1239.324	580.424	-5.009
1240.324	580.364	-5.006
1241.324	580.392	-5.008
1242.324	580.402	-5.002
1243.324	580.373	-5.008
1244.324	580.345	-5.010
1245.324	580.301	-5.007
1246.324	580.419	-5.011
1247.324	580.316	-5.009
1248.324	580.352	-5.015
1249.324	580.382	-5.015
1250.324	580.435	-5.012
1251.324	580.405	-5.013
1252.324	580.429	-5.015
1253.324	580.403	-5.010
1254.324	580.419	-5.010
1255.324	580.432	-5.009
1256.324	580.424	-5.008
1257.324	580.448	-5.007
1258.324	580.511	-5.009
1259.324	580.347	-5.007
1260.324	580.355	-5.006
1261.324	580.374	-5.011
1262.324	580.445	-5.016
1263.324	580.393	-5.017
1264.324	580.330	-5.011
1265.324	580.399	-5.012
1266.324	580.378	-5.015
1267.324	580.402	-5.013
1268.324	580.406	-5.014
1269.324	580.415	-5.007
1270.324	580.397	-5.010
1271.324	580.434	-5.009
1272.324	580.374	-5.006
1273.324	580.367	-5.009
1274.324	580.432	-5.011
1275.324	580.387	-5.006
1276.324	580.371	-5.013
1277.324	580.336	-5.011
1278.324	580.415	-5.010
1279.324	580.387	-5.012
1280.324	580.333	-5.013
1281.324	580.397	-5.010
1282.324	580.364	-5.014
1283.324	580.348	-5.008
1284.324	580.324	-5.006
1285.324	580.364	-5.008
1286.324	580.342	-5.007
1287.324	580.289	-5.009
1288.324	580.346	-5.007
1289.324	580.305	-5.008
1290.324	580.392	-5.010
1291.324	580.346	-5.015
1292.324	580.346	-5.016
1293.324	580.363	-5.016
1294.324	580.414	-5.013
1295.324	580.436	-5.013
1296.324	580.391	-5.015
1297.324	580.409	-5.010
1298.324	580.394	-5.021
1299.324	580.348	-5.012
1300.324	580.460	-5.012
1301.324	580.330	-5.013
1302.324	580.412	-5.013
1303.324	580.367	-5.009
1304.324	580.385	-5.005
1305.324	580.371	-5.009
1306.324	580.348	-5.012
1307.324	580.378	-5.016
1308.324	580.410	-5.014
1309.324	580.447	-5.009
1310.324	580.402	-5.015
1311.324	580.399	-5.014
1312.324	580.445	-5.011
1313.324	580.396	-5.009
1314.324	580.361	-5.006
1315.324	580.358	-5.010
1316.324	580.357	-5.009
1317.324	580.416	-5.008
1318.324	580.410	-5.006
1319.324	580.406	-5.010
1320.324	580.358	-5.009
1321.324	580.377	-5.014
1322.324	580.330	-5.011
1323.324	580.387	-5.015
1324.324	580.314	-5.014
1325.324	580.386	-5.017
1326.324	580.339	-5.018
1327.324	580.307	-5.011
1328.324	580.301	-5.010
1329.324	580.325	-5.008
1330.324	580.373	-5.011
1331.324	580.361	-5.009
1332.324	580.438	-5.009
1333.324	580.431	-5.009
1334.324	580.346	-5.009
1335.324	580.319	-5.014
1336.324	580.398	-5.014
1337.324	580.368	-5.017
1338.324	580.319	-5.013
1339.324	580.370	-5.012
1340.324	580.386	-5.013
1341.324	580.412	-5.012
1342.324	580.398	-5.007
1343.324	580.446	-5.008
1344.324	580.421	-5.011
1345.324	580.479	-5.008
1346.324	580.381	-5.013
1347.324	580.341	-5.007
1348.324	580.436	-5.005
1349.324	580.456	-5.013
1350.324	580.356	-5.014
1351.324	580.401	-5.013
1352.324	580.398	-5.013
1353.324	580.363	-5.013
1354.324	580.417	-5.012
1355.324	580.425	-5.013
1356.324	580.404	-5.012
1357.324	580.369	-5.011
1358.324	419.370	-4.948
1359.324	163.588	-4.076
1360.324	33.416	-2.624
1361.324	33.417	-2.573
1362.324	-421.271	-2.555
1363.324	-4.298	-2.545
1364.324	-26.953	-2.540
1365.324	-5.725	-2.533
1366.324	-0.915	-2.527
1367.324	-0.117	-2.523
1368.324	-0.011	-2.520
1369.324	0.001	-2.517
1370.324	0.003	-2.517
1371.324	0.003	-2.508
1372.324	0.003	-2.504
1373.324	0.003	-2.503
1374.324	0.003	-2.501
1375.324	0.003	-2.499
1376.324	0.002	-2.495
1377.324	0.003	-2.493
1378.324	0.003	-2.494
1379.324	0.003	-2.496
1380.324	0.003	-2.495
1381.324	0.003	-2.493
1382.324	0.003	-2.492
1383.324	0.003	-2.490
1384.324	0.003	-2.489
1385.324	0.003	-2.487
1386.324	0.003	-2.483
1387.324	0.003	-2.481
1388.324	0.003	-2.482
1389.324	0.003	-2.479
1390.324	0.003	-2.476
1391.324	0.003	-2.476
1392.324	0.003	-2.474
1393.324	0.003	-2.480
1394.324	0.003	-2.479
1395.324	0.003	-2.478
1396.324	0.003	-2.477
1397.324	0.003	-2.477
1398.324	0.004	-2.477
1399.324	0.003	-2.477
1400.324	0.003	-2.473
1401.324	0.003	-2.469
1402.324	0.003	-2.469
1403.324	0.003	-2.468
1404.324	0.003	-2.468
1405.324	0.003	-2.469
1406.324	0.003	-2.466
1407.324	0.003	-2.467
1408.324	0.003	-2.470
1409.324	0.003	-2.469
1410.324	0.003	-2.468
1411.324	0.003	-2.469
1412.324	0.003	-2.469
1413.324	0.003	-2.467
1414.324	0.003	-2.468
1415.324	0.003	-2.463
1416.324	0.003	-2.461
1417.324	0.003	-2.461
1418.324	0.003	-2.460
1419.324	0.003	-2.460
1420.324	0.003	-2.460
1421.324	0.003	-2.457
1422.324	0.003	-2.461
1423.324	0.003	-2.463
1424.324	0.003	-2.462
1425.324	0.003	-2.461
1426.324	0.003	-2.461
1427.324	0.003	-2.460
1428.324	0.003	-2.460
1429.324	0.003	-2.460
1430.324	0.003	-2.455
1431.324	0.003	-2.456
1432.324	0.003	-2.453
1433.324	0.003	-2.454
1434.324	0.003	-2.454
1435.324	0.003	-2.454
1436.324	0.003	-2.452
1437.324	0.003	-2.455
1438.324	0.003	-2.455
1439.324	0.003	-2.456
1440.324	0.003	-2.455
1441.324	0.003	-2.456
1442.324	0.003	-2.456
1443.324	0.003	-2.457
1444.324	0.003	-2.451
1445.324	0.003	-2.449
1446.324	0.003	-2.451
1447.324	0.002	-2.450
1448.324	0.002	-2.450
1449.324	0.003	-2.449
1450.324	0.002	-2.447
1451.324	0.003	-2.450
1452.324	0.002	-2.451
1453.324	0.002	-2.453
1454.324	0.002	-2.452
1455.324	0.003	-2.451
1456.324	0.002	-2.451
1457.324	0.002	-2.451
1458.324	0.002	-2.451
1459.324	0.002	-2.446
1460.324	0.002	-2.445
1461.324	0.003	-2.445
1462.324	0.002	-2.444
1463.324	0.002	-2.445
1464.324	0.002	-2.445
1465.324	0.002	-2.444
1466.324	0.002	-2.447
1467.324	0.002	-2.448
1468.324	0.002	-2.447
1469.324	0.002	-2.448
1470.324	0.002	-2.448
1471.324	0.002	-2.447
1472.324	0.003	-2.447
1473.324	0.002	-2.445
1474.324	0.002	-2.441
1475.324	0.002	-2.442
1476.324	0.002	-2.441
1477.324	0.003	-2.440
1478.324	0.002	-2.442
1479.324	0.002	-2.442
1480.324	0.002	-2.442
1481.324	0.003	-2.444
1482.324	0.002	-2.445
1483.324	0.002	-2.443
1484.324	0.002	-2.446
1485.324	0.002	-2.444
1486.324	0.002	-2.443
1487.324	0.003	-2.444
1488.324	0.003	-2.440
1489.324	0.002	-2.439
1490.324	0.003	-2.437
1491.324	0.002	-2.439
1492.324	0.002	-2.439
1493.324	0.002	-2.438
1494.324	0.002	-2.435
1495.324	0.002	-2.439
1496.324	0.002	-2.441
1497.324	0.002	-2.443
1498.324	0.002	-2.444
1499.324	0.002	-2.442
1500.324	0.002	-2.440
1501.324	0.002	-2.440
1502.324	0.002	-2.439
1503.324	0.002	-2.437
1504.324	0.003	-2.437
1505.324	0.002	-2.435
1506.324	0.002	-2.435
1507.324	0.002	-2.434
1508.324	0.002	-2.434
1509.324	0.002	-2.434
1510.324	0.002	-2.438
1511.324	0.002	-2.439
1512.324	0.002	-2.437
1513.324	0.003	-2.438
1514.324	0.002	-2.440
1515.324	0.003	-2.437
1516.324	0.002	-2.442
1517.324	0.002	-2.436
1518.324	0.002	-2.433
1519.324	0.003	-2.431
1520.324	0.002	-2.434
1521.324	0.002	-2.434
1522.324	0.002	-2.434
1523.324	0.003	-2.432
1524.324	0.002	-2.434
1525.324	0.002	-2.435
1526.324	0.002	-2.437
1527.324	0.002	-2.435
1528.324	0.002	-2.437
1529.324	0.002	-2.438
1530.324	0.002	-2.436
1531.324	0.002	-2.438
1532.324	0.002	-2.432
1533.324	0.002	-2.432
1534.324	0.002	-2.432
1535.324	0.002	-2.429
1536.324	0.002	-2.429
1537.324	0.002	-2.428
1538.324	0.002	-2.428
1539.324	0.002	-2.433
1540.324	0.002	-2.435
1541.324	0.002	-2.435
1542.324	0.002	-2.435
1543.324	0.002	-2.434
1544.324	0.002	-2.433
1545.324	0.002	-2.434
1546.324	0.002	-2.431
1547.324	0.002	-2.430
1548.324	0.002	-2.428
1549.324	0.002	-2.427
1550.324	0.002	-2.428
1551.324	0.002	-2.429
1552.324	0.002	-2.428
1553.324	0.002	-2.427
1554.324	0.002	-2.431
1555.324	0.003	-2.431
1556.324	0.002	-2.432
1557.324	0.002	-2.433
1558.324	0.002	-2.432
1559.324	0.002	-2.432
1560.324	0.002	-2.432
1561.324	0.002	-2.429
1562.324	0.002	-2.425
1563.324	0.002	-2.428
1564.324	0.002	-2.426
1565.324	0.003	-2.426
1566.324	0.002	-2.425
1567.324	0.002	-2.425
1568.324	0.002	-2.427
1569.324	0.002	-2.431
1570.324	0.002	-2.431
1571.324	0.002	-2.429
1572.324	0.002	-2.430
1573.324	0.002	-2.429
1574.324	0.002	-2.430
1575.324	0.002	-2.430
1576.324	0.002	-2.426
1577.324	0.002	-2.426
1578.324	0.002	-2.425
1579.324	0.002	-2.425
1580.324	0.002	-2.424
1581.324	0.002	-2.425
1582.324	0.002	-2.422
1583.324	0.002	-2.425
1584.324	0.002	-2.429
1585.324	0.002	-2.427
1586.324	0.002	-2.426
1587.324	0.002	-2.429
1588.324	0.002	-2.428
1589.324	0.002	-2.429
1590.324	0.002	-2.425
1591.324	0.002	-2.422
1592.324	0.002	-2.423
1593.324	0.002	-2.423
1594.324	0.002	-2.422
1595.324	0.002	-2.423
1596.324	0.002	-2.422
1597.324	0.002	-2.423
1598.324	0.002	-2.425
1599.324	0.002	-2.426
1600.324	0.002	-2.429
1601.324	0.002	-2.426
1602.324	0.002	-2.428
1603.324	0.002	-2.428
1604.324	0.002	-2.427
1605.324	0.002	-2.426
1606.324	0.002	-2.422
1607.324	0.002	-2.422
1608.324	0.002	-2.420
1609.324	0.002	-2.421
1610.324	0.002	-2.420
1611.324	0.002	-2.420
1612.324	0.002	-2.423
1613.324	0.001	-2.425
1614.324	0.001	-2.424
1615.324	0.001	-2.424
1616.324	0.002	-2.423
1617.324	0.002	-2.423
1618.324	0.002	-2.424
1619.324	0.002	-2.423
1620.324	0.002	-2.418
1621.324	0.001	-2.419
1622.324	0.001	-2.418
1623.324	0.002	-2.420
1624.324	0.002	-2.421
1625.324	0.002	-2.420
1626.324	0.002	-2.418
1627.324	0.001	-2.421
1628.324	0.002	-2.422
1629.324	0.002	-2.422
1630.324	0.001	-2.422
1631.324	0.001	-2.423
1632.324	0.001	-2.424
1633.324	0.001	-2.425
1634.324	0.001	-2.422
1635.324	0.001	-2.419
1636.324	0.002	-2.418
1637.324	0.002	-2.417
1638.324	0.001	-2.419
1639.324	0.001	-2.418
1640.324	0.001	-2.419
1641.324	0.002	-2.418
1642.324	0.002	-2.421
1643.324	0.002	-2.422
1644.324	0.001	-2.420
1645.324	0.001	-2.422
1646.324	0.002	-2.422
1647.324	0.002	-2.421
1648.324	0.002	-2.423
1649.324	0.001	-2.418
1650.324	0.001	-2.418
1651.324	0.002	-2.418
1652.324	0.001	-2.416
1653.324	0.001	-2.417
1654.324	0.001	-2.415
1655.324	0.002	-2.414
1656.324	0.001	-2.418
1657.324	0.001	-2.422
1658.324	0.002	-2.421
1659.324	0.002	-2.421
1660.324	0.001	-2.420
1661.324	0.001	-2.419
1662.324	0.001	-2.421
1663.324	0.001	-2.418
1664.324	0.001	-2.415
1665.324	0.001	-2.416
1666.324	0.001	-2.414
1667.324	0.001	-2.414
1668.324	0.001	-2.414
1669.324	0.001	-2.416
1670.324	0.001	-2.413
1671.324	0.001	-2.419
1672.324	0.001	-2.418
1673.324	0.001	-2.419
1674.324	0.001	-2.419
1675.324	0.001	-2.420
1676.324	0.001	-2.419
1677.324	0.001	-2.420
1678.324	0.001	-2.415
1679.324	0.001	-2.412
1680.324	0.001	-2.415
1681.324	0.001	-2.414
1682.324	0.001	-2.413
1683.324	0.001	-2.413
1684.324	0.001	-2.414
1685.324	0.001	-2.415
1686.324	0.001	-2.419
1687.324	0.001	-2.420
1688.324	0.001	-2.418
1689.324	0.001	-2.418
1690.324	0.001	-2.417
1691.324	0.001	-2.417
1692.324	0.001	-2.419
1693.324	0.001	-2.415
1694.324	0.001	-2.415
1695.324	0.001	-2.413
1696.324	0.001	-2.412
1697.324	0.001	-2.413
1698.324	0.001	-2.413
1699.324	0.001	-2.410
1700.324	0.001	-2.415
1701.324	0.001	-2.416
1702.324	0.001	-2.416
1703.324	0.001	-2.415
1704.324	0.001	-2.416
1705.324	0.002	-2.418
1706.324	0.001	-2.418
1707.324	0.002	-2.415
1708.324	0.001	-2.411
1709.324	0.001	-2.411
1710.324	0.001	-2.411
1711.324	0.001	-2.413
1712.324	0.001	-2.412
1713.324	0.001	-2.412
1714.324	0.001	-2.410
1715.324	0.001	-2.416
1716.324	0.001	-2.416
1717.324	0.001	-2.417
1718.324	0.001	-2.416
1719.324	0.001	-2.415
1720.324	0.001	-2.415
1721.324	0.001	-2.417
1722.324	0.001	-2.413
1723.324	0.001	-2.411
1724.324	0.001	-2.412
1725.324	0.001	-2.411
1726.324	0.001	-2.410
1727.324	0.001	-2.410
1728.324	0.001	-2.410
1729.324	0.001	-2.413
1730.324	0.001	-2.415
1731.324	0.001	-2.414
1732.324	0.001	-2.414
1733.324	0.001	-2.414
1734.324	0.001	-2.415
1735.324	0.001	-2.415
1736.324	0.001	-2.416
1737.324	0.001	-2.410
1738.324	0.001	-2.409
1739.324	0.001	-2.410
1740.324	0.001	-2.410
1741.324	0.001	-2.410
1742.324	0.001	-2.410
1743.324	0.001	-2.407
1744.324	0.001	-2.412
1745.324	0.001	-2.414
1746.324	0.001	-2.414
1747.324	0.001	-2.413
1748.324	0.001	-2.413
1749.324	0.001	-2.414
1750.324	0.001	-2.413
1751.324	0.001	-2.411
1752.324	0.001	-2.410
1753.324	0.001	-2.410
1754.324	0.001	-2.411
1755.324	0.001	-2.407
1756.324	0.001	-2.408
1757.324	0.001	-2.407
1758.324	0.001	-2.410
1759.324	0.001	-2.413
1760.324	0.001	-2.413
1761.324	0.001	-2.412
1762.324	0.001	-2.413
1763.324	0.001	-2.413
1764.324	0.001	-2.415
1765.324	0.001	-2.415
1766.324	0.001	-2.410
1767.324	0.001	-2.408
1768.324	0.001	-2.408
1769.324	0.001	-2.407
1770.324	0.001	-2.407
1771.324	0.001	-2.407
1772.324	0.001	-2.407
1773.324	0.001	-2.411
1774.324	0.001	-2.413
1775.324	0.001	-2.413
1776.324	0.001	-2.413
1777.324	0.001	-2.410
1778.324	0.000	-2.410
1779.324	0.001	-2.410
1780.324	0.001	-2.412
1781.324	0.000	-2.407
1782.324	0.001	-2.407
1783.324	0.001	-2.408
1784.324	0.001	-2.406
1785.324	0.000	-2.406
1786.324	0.000	-2.406
1787.324	0.001	-2.405
1788.324	0.001	-2.411
1789.324	0.000	-2.411
1790.324	0.000	-2.411
1791.324	0.000	-2.411
1792.324	0.001	-2.410
1793.324	0.001	-2.411
1794.324	0.000	-2.410
1795.324	0.001	-2.410
1796.324	0.000	-2.407
1797.324	0.001	-2.405
1798.324	0.001	-2.405
1799.324	0.001	-2.405
1800.324	0.001	-2.406
1801.324	0.001	-2.405
1802.324	0.000	-2.406
1803.324	0.000	-2.409
1804.324	0.001	-2.410
1805.324	0.001	-2.409
1806.324	0.001	-2.410
1807.324	0.001	-2.410
1808.324	0.001	-2.412
1809.324	0.000	-2.412
1810.324	0.000	-2.406
1811.324	0.000	-2.406
1812.324	0.000	-2.405
1813.324	0.000	-2.405
1814.324	0.001	-2.406
1815.324	0.000	-2.405
1816.324	0.001	-2.403
1817.324	0.001	-2.407
1818.324	0.000	-2.408
1819.324	0.000	-2.410
1820.324	0.000	-2.409
1821.324	0.000	-2.409
1822.324	0.000	-2.409
1823.324	0.001	-2.407
1824.324	0.001	-2.409
1825.324	0.000	-2.406
1826.324	0.000	-2.403
1827.324	0.000	-2.405
1828.324	0.000	-2.403
1829.324	0.000	-2.404
1830.324	0.000	-2.403
1831.324	0.000	-2.400
1832.324	0.001	-2.407
1833.324	0.001	-2.408
1834.324	0.001	-2.409
1835.324	0.001	-2.407
1836.324	0.001	-2.407
1837.324	0.001	-2.410
1838.324	0.001	-2.408
1839.324	0.000	-2.405
1840.324	0.001	-2.403
1841.324	0.000	-2.402
1842.324	0.000	-2.403
1843.324	0.001	-2.403
1844.324	0.000	-2.403
1845.324	0.000	-2.402
1846.324	0.000	-2.403
1847.324	0.000	-2.405
1848.324	0.000	-2.405
1849.324	0.000	-2.408
1850.324	0.000	-2.409
1851.324	0.000	-2.408
1852.324	0.000	-2.407
1853.324	0.000	-2.409
1854.324	0.001	-2.405
1855.324	0.001	-2.404
1856.324	0.001	-2.403
1857.324	0.001	-2.402
1858.324	0.001	-2.402
1859.324	0.000	-2.403
1860.324	0.000	-2.401
1861.324	0.000	-2.405
1862.324	0.000	-2.408
1863.324	0.000	-2.406
1864.324	0.000	-2.406
1865.324	0.000	-2.405
1866.324	0.000	-2.405
1867.324	0.000	-2.407
1868.324	0.001	-2.406
1869.324	0.000	-2.403
1870.324	0.000	-2.402
1871.324	0.000	-2.401
1872.324	0.000	-2.401
1873.324	0.000	-2.402
1874.324	0.000	-2.402
1875.324	0.000	-2.399
1876.324	0.001	-2.405
1877.324	0.001	-2.404
1878.324	0.000	-2.405
1879.324	0.000	-2.404
1880.324	0.000	-2.407
1881.324	0.000	-2.407
1882.324	0.000	-2.406
1883.324	0.000	-2.402
1884.324	0.000	-2.400
1885.324	0.000	-2.401
1886.324	0.000	-2.401
1887.324	0.000	-2.402
1888.324	0.000	-2.402
1889.324	0.000	-2.399
1890.324	0.000	-2.400
1891.324	0.001	-2.404
1892.324	0.000	-2.406
1893.324	0.000	-2.404
1894.324	0.000	-2.405
1895.324	0.000	-2.407
1896.324	0.000	-2.406
1897.324	0.000	-2.407
1898.324	0.000	-2.402
1899.324	0.000	-2.400
1900.324	0.000	-2.401
1901.324	0.001	-2.400
1902.324	0.000	-2.399
1903.324	0.000	-2.399
1904.324	0.000	-2.402
1905.324	0.000	-2.403
1906.324	0.000	-2.405
1907.324	0.000	-2.405
1908.324	0.000	-2.403
1909.324	0.000	-2.405
1910.324	0.000	-2.405
1911.324	0.000	-2.404
1912.324	0.000	-2.404
1913.324	0.000	-2.400
1914.324	0.000	-2.399
1915.324	-0.000	-2.401
1916.324	0.000	-2.401
1917.324	-0.000	-2.400
1918.324	-0.000	-2.399
1919.324	-0.000	-2.396
1920.324	0.000	-2.401
1921.324	-0.000	-2.404
1922.324	-0.000	-2.403
1923.324	-0.000	-2.403
1924.324	0.000	-2.403
1925.324	-0.000	-2.404
1926.324	-0.000	-2.403
1927.324	-0.000	-2.401
1928.324	0.000	-2.399
1929.324	0.000	-2.400
1930.324	0.000	-2.400
1931.324	-0.000	-2.399
1932.324	-0.000	-2.398
1933.324	0.000	-2.397
1934.324	-0.000	-2.399
1935.324	-0.000	-2.403
1936.324	-0.000	-2.403
1937.324	-0.000	-2.404
1938.324	-0.000	-2.403
1939.324	0.000	-2.404
1940.324	0.000	-2.403
1941.324	0.000	-2.405
1942.324	0.000	-2.400
1943.324	0.000	-2.399
1944.324	-0.000	-2.399
1945.324	0.000	-2.397
1946.324	0.000	-2.396
1947.324	0.000	-2.398
1948.324	0.000	-2.399
1949.324	0.000	-2.400
1950.324	0.000	-2.402
1951.324	0.000	-2.401
1952.324	0.000	-2.402
1953.324	0.000	-2.401
1954.324	0.000	-2.402
1955.324	0.000	-2.403
1956.324	0.000	-2.404
1957.324	0.000	-2.398
1958.324	0.000	-2.396
1959.324	0.000	-2.396
1960.324	0.001	-2.398
1961.324	0.000	-2.397
1963.324	0.000	-2.397
1964.324	0.000	-2.398
1965.324	0.000	-2.400
1966.324	0.000	-2.402
1967.324	0.000	-2.402
1968.324	0.000	-2.402
1969.324	0.000	-2.404
1970.324	0.000	-2.401
1971.324	0.000	-2.400
1972.324	0.000	-2.396
1973.324	0.000	-2.397
1974.324	0.000	-2.398
1975.324	0.000	-2.397
1976.324	0.000	-2.397
1977.324	0.000	-2.395
1978.324	0.000	-2.396
1979.324	0.000	-2.402
1980.324	0.000	-2.401
1981.324	0.001	-2.409
1982.324	0.001	-2.408
1983.324	0.000	-2.403
1984.324	0.001	-2.403
1985.324	0.001	-2.405
1986.324	0.001	-2.401
1987.324	0.000	-2.402
1988.324	0.000	-2.400
1989.324	0.000	-2.400
1990.324	0.000	-2.401
1991.324	0.001	-2.404
1992.324	0.001	-2.404
1993.324	0.000	-2.406
1994.324	0.000	-2.409
1995.324	0.001	-2.409
1996.324	0.001	-2.410
1997.324	0.001	-2.410
1998.324	0.000	-2.411
1999.324	0.000	-2.409
2000.324	0.000	-2.399
2001.324	0.000	-2.396
2002.324	0.000	-2.401
2003.324	0.000	-2.395
2004.324	0.000	-2.396
2005.324	0.000	-2.402
2006.324	0.000	-2.397
2007.324	0.000	-2.393
2008.324	0.000	-2.397
2009.324	0.001	-2.401
2010.324	0.000	-2.402
2011.324	0.000	-2.401
2012.324	0.000	-2.398
2013.324	0.000	-2.400
2014.324	0.000	-2.400
2015.324	0.000	-2.397
2016.326	0.000	-2.399
2017.324	-0.000	-2.399
2018.324	-0.000	-2.399
2019.324	0.000	-2.400
2020.324	0.000	-2.398
2021.324	0.000	-2.397
2022.324	-0.000	-2.398
2023.324	0.000	-2.403
2024.324	0.000	-2.402
2025.324	0.000	-2.402
2026.324	0.000	-2.402
2027.324	0.000	-2.402
2028.324	-0.000	-2.403
2029.324	0.000	-2.405
2030.324	-0.000	-2.398
2031.324	-0.000	-2.398
2032.324	0.000	-2.395
2033.324	0.000	-2.397
2034.324	0.000	-2.396
2035.324	-0.000	-2.399
2036.324	0.000	-2.397
2037.324	-0.000	-2.398
2038.324	0.000	-2.401
2039.324	0.000	-2.402
2040.324	-0.000	-2.402
2041.324	-0.000	-2.401
2042.324	0.000	-2.401
2043.324	0.000	-2.401
2044.324	0.000	-2.402
2045.324	0.000	-2.397
2046.324	0.000	-2.399
2047.324	0.000	-2.396
2048.324	0.000	-2.396
2049.324	0.000	-2.395
2050.324	-0.000	-2.395
2051.324	-0.000	-2.395
2052.324	0.000	-2.397
2053.324	0.000	-2.403
2054.324	0.000	-2.402
2055.324	0.000	-2.402
2056.324	0.000	-2.400
2057.324	0.000	-2.402
2058.324	0.000	-2.403
2059.324	-0.000	-2.402
2060.324	0.000	-2.400
2061.324	-0.000	-2.401
2062.324	-0.000	-2.403
2063.324	0.000	-2.404
2064.324	0.000	-2.404
2065.324	-0.000	-2.404
2066.324	-0.000	-2.403
2067.324	-0.000	-2.406
2068.324	-0.000	-2.406
2069.324	0.000	-2.406
2070.324	0.000	-2.405
2071.324	0.000	-2.404
2072.324	-0.000	-2.406
2073.324	-0.000	-2.405
2074.324	-0.000	-2.402
2075.324	0.000	-2.401
2076.324	0.000	-2.403
2077.324	0.000	-2.401
2078.324	0.000	-2.401
2079.324	0.000	-2.400
2080.324	0.000	-2.400
2081.324	0.000	-2.400
2082.324	0.000	-2.401
2083.324	0.000	-2.403
2084.324	0.000	-2.401
2085.324	-0.000	-2.398
2086.324	-0.000	-2.400
2087.324	0.000	-2.399
2088.324	0.000	-2.400
2089.324	-0.000	-2.398
2090.324	-0.000	-2.396
2091.324	-0.000	-2.395
2092.324	-0.001	-2.395
2093.324	-0.001	-2.393
2094.324	-0.000	-2.394
2095.324	-0.000	-2.393
2096.324	-0.001	-2.397
2097.324	-0.000	-2.398
2098.324	-0.000	-2.400
2099.324	-0.000	-2.399
2100.324	-0.000	-2.400
2101.324	-0.000	-2.399
2102.324	-0.000	-2.398
2103.324	-0.000	-2.397
2104.324	-0.000	-2.393
2105.324	-0.000	-2.394
2106.324	-0.001	-2.396
2107.324	-0.000	-2.396
2108.324	-0.000	-2.395
2109.324	-0.000	-2.394
2110.324	-0.001	-2.392
2111.324	-0.000	-2.396
2112.324	-0.001	-2.397
2113.324	-0.000	-2.398
2114.324	-0.000	-2.399
2115.324	-0.000	-2.399
2116.324	-0.000	-2.399
2117.324	-0.000	-2.401
2118.324	-0.000	-2.396
2119.324	-0.000	-2.393
2120.324	0.000	-2.393
2121.324	-0.000	-2.393
2122.324	-0.000	-2.395
2123.324	-0.000	-2.393
2124.324	-0.000	-2.394
2125.324	-0.000	-2.394
2126.324	-0.000	-2.396
2127.324	-0.000	-2.399
2128.324	-0.000	-2.399
2129.324	-0.000	-2.400
2130.324	-0.000	-2.399
2131.324	-0.000	-2.398
2132.324	-0.000	-2.400
2133.324	-0.000	-2.397
2134.324	-0.000	-2.395
2135.324	-0.000	-2.395
2136.324	-0.000	-2.393
2137.324	-0.000	-2.392
2138.324	-0.000	-2.393
2139.324	-0.000	-2.392
2140.324	-0.000	-2.396
2141.324	-0.000	-2.400
2142.324	-0.000	-2.398
2143.324	-0.000	-2.398
2144.324	-0.000	-2.399
2145.324	-0.000	-2.399
2146.324	-0.000	-2.399
2147.324	0.000	-2.400
2148.324	-0.000	-2.397
2149.324	0.000	-2.393
2150.324	-0.000	-2.394
2151.324	-0.000	-2.394
2152.324	-0.000	-2.394
2153.324	-0.000	-2.394
2154.324	-0.000	-2.392
2155.324	-0.000	-2.396
2156.324	-0.000	-2.398
2157.324	0.000	-2.398
2158.324	-0.000	-2.399
2159.324	-0.000	-2.400
2160.324	-0.000	-2.398
2161.324	-0.000	-2.397
2162.324	-0.000	-2.395
2163.324	-0.000	-2.394
2164.324	-0.000	-2.395
2165.324	-0.000	-2.395
2166.324	-0.000	-2.392
2167.324	-0.000	-2.392
2168.324	-0.000	-2.393
2169.324	-0.000	-2.393
2170.324	-0.000	-2.397
2171.324	-0.000	-2.398
2172.324	-0.000	-2.398
2173.324	-0.000	-2.400
2174.324	-0.000	-2.399
2175.324	-0.000	-2.400
2176.324	-0.000	-2.402
2177.324	-0.000	-2.398
2178.324	-0.000	-2.394
2179.324	-0.000	-2.393
2180.324	-0.000	-2.393
2181.324	-0.000	-2.393
2182.324	-0.000	-2.394
2183.324	-0.000	-2.394
2184.324	-0.001	-2.396
2185.324	-0.000	-2.397
2186.324	-0.000	-2.402
2187.324	-0.000	-2.404
2188.324	-0.001	-2.404
2189.324	-0.001	-2.404
2190.324	-0.000	-2.403
2191.324	-0.000	-2.404
2192.324	-0.000	-2.400
2193.324	-0.000	-2.399
2194.324	-0.000	-2.394
2195.324	-0.000	-2.390
2196.324	-0.000	-2.389
2197.324	-0.000	-2.388
2198.324	-0.000	-2.388
2199.324	-0.000	-2.390
2200.324	-0.000	-2.393
2201.324	-0.000	-2.392
2202.324	-0.000	-2.394
2203.324	-0.000	-2.393
2204.324	-0.000	-2.391
2205.324	-0.000	-2.393
2206.324	-0.000	-2.392
2207.324	-0.000	-2.390
2208.324	-0.000	-2.390
2209.324	-0.001	-2.388
2210.324	-0.000	-2.389
2211.324	-0.000	-2.387
2212.324	-0.000	-2.388
2213.324	-0.000	-2.386
2214.324	-0.000	-2.391
2215.324	-0.000	-2.395
2216.324	-0.000	-2.393
2217.324	-0.000	-2.390
2218.324	-0.000	-2.392
2219.324	-0.000	-2.393
2220.324	-0.000	-2.395
2221.324	-0.000	-2.391
2222.324	-0.000	-2.387
2223.324	-0.000	-2.388
2224.324	-0.000	-2.388
2225.324	-0.000	-2.389
2226.324	-0.000	-2.388
2227.324	-0.000	-2.388
2228.324	-0.000	-2.388
2229.324	-0.000	-2.392
2230.324	-0.000	-2.392
2231.324	-0.000	-2.393
2232.324	-0.000	-2.394
2233.324	-0.001	-2.393
2234.324	-0.000	-2.392
2235.324	-0.001	-2.392
2236.324	-0.000	-2.391
2237.324	-0.001	-2.389
2238.324	-0.001	-2.388
2239.324	-0.000	-2.388
2240.324	-0.000	-2.388
2241.324	-0.001	-2.387
2242.324	-0.000	-2.387
2243.324	-0.000	-2.390
2244.324	-0.000	-2.391
2245.324	-0.000	-2.394
2246.324	-0.000	-2.391
2247.324	-0.000	-2.393
2248.324	-0.000	-2.391
2249.324	-0.000	-2.393
2250.324	-0.001	-2.391
2251.324	-0.000	-2.387
2252.324	-0.001	-2.386
2253.324	-0.000	-2.386
2254.324	-0.000	-2.388
2255.324	-0.000	-2.389
2256.324	-0.000	-2.387
2257.324	-0.000	-2.385
2258.324	-0.000	-2.389
2259.324	-0.000	-2.391
2260.324	-0.000	-2.391
2261.324	-0.000	-2.392
2262.324	-0.000	-2.392
2263.324	-0.000	-2.392
2264.324	-0.000	-2.392
2265.324	-0.000	-2.389
2266.324	-0.000	-2.385
2267.324	-0.000	-2.386
2268.324	-0.000	-2.386
2269.324	-0.000	-2.386
2270.324	-0.000	-2.386
2271.324	-0.000	-2.386
2272.324	-0.000	-2.385
2273.324	-0.001	-2.391
2274.324	-0.000	-2.391
2275.324	-0.000	-2.391
2276.324	-0.001	-2.392
2277.324	-0.000	-2.391
2278.324	-0.001	-2.391
2279.324	-0.001	-2.392
2280.324	-0.001	-2.388
2281.324	-0.001	-2.386
2282.324	-0.000	-2.386
2283.324	-0.001	-2.387
2284.324	-0.000	-2.386
2285.324	-0.000	-2.385
2286.324	-0.000	-2.386
2287.324	-0.001	-2.389
2288.324	-0.000	-2.391
2289.324	-0.001	-2.390
2290.324	-0.000	-2.390
2291.324	-0.001	-2.390
2292.324	-0.001	-2.390
2293.324	-0.001	-2.392
2294.324	-0.000	-2.392
2295.324	-0.000	-2.387
2296.324	-0.001	-2.385
2297.324	-0.000	-2.386
2298.324	-0.000	-2.386
2299.324	-0.000	-2.386
2300.324	-0.001	-2.387
2301.324	-0.000	-2.385
2302.324	-0.000	-2.387
2303.324	-0.000	-2.390
2304.324	-0.001	-2.389
2305.324	-0.000	-2.390
2306.324	-0.000	-2.389
2307.324	-0.000	-2.390
2308.324	-0.000	-2.390
2309.324	-0.000	-2.389
2310.324	-0.000	-2.386
2311.324	-0.000	-2.385
2312.324	-0.001	-2.385
2313.324	-0.000	-2.387
2314.324	-0.001	-2.385
2315.324	-0.000	-2.386
2316.324	-0.001	-2.383
2317.324	-0.001	-2.389
2318.324	-0.001	-2.390
2319.324	-0.001	-2.391
2320.324	-0.001	-2.389
2321.324	-0.001	-2.389
2322.324	-0.001	-2.390
2323.324	-0.001	-2.391
2324.324	-0.001	-2.388
2325.324	-0.001	-2.386
2326.324	-0.000	-2.385
2327.324	-0.001	-2.384
2328.324	-0.001	-2.386
2329.324	-0.001	-2.385
2330.324	-0.001	-2.385
2331.324	-0.001	-2.385
2332.324	-0.001	-2.388
2333.324	-0.001	-2.390
2334.324	-0.001	-2.388
2335.324	-0.001	-2.390
2336.324	-0.001	-2.390
2337.324	-0.000	-2.390
2338.324	-0.001	-2.390
2339.324	-0.001	-2.388
2340.324	-0.001	-2.383
2341.324	-0.001	-2.385
2342.324	-0.001	-2.385
2343.324	-0.001	-2.385
2344.324	-0.000	-2.385
2345.324	-0.001	-2.383
2346.324	-0.001	-2.385
2347.324	-0.001	-2.389
2348.324	-0.001	-2.391
2349.324	-0.001	-2.390
2350.324	-0.000	-2.388
2351.324	-0.001	-2.388
2352.324	-0.001	-2.389
2353.324	-0.001	-2.391
2354.324	-0.001	-2.386
2355.324	-0.001	-2.384
2356.324	-0.001	-2.383
2357.324	-0.001	-2.383
2358.324	-0.001	-2.383
2359.324	-0.001	-2.384
2360.324	-0.001	-2.381
2361.324	-0.001	-2.387
2362.324	-0.000	-2.388
2363.324	-0.000	-2.389
2364.324	-0.001	-2.387
2365.324	-0.001	-2.388
2366.324	-0.000	-2.388
2367.324	-0.001	-2.388
2368.324	-0.001	-2.386
2369.324	-0.000	-2.384
2370.324	-0.000	-2.383
2371.324	-0.001	-2.383
2372.324	-0.000	-2.385
2373.324	-0.001	-2.384
2374.324	-0.000	-2.384
2375.324	-0.001	-2.381
2376.324	-0.000	-2.385
2377.324	-0.001	-2.388
2378.324	-0.001	-2.389
2379.324	-0.000	-2.389
2380.324	-0.001	-2.389
2381.324	-0.001	-2.388
2382.324	-0.001	-2.388
2383.324	-0.001	-2.386
2384.324	-0.001	-2.384
2385.324	-0.001	-2.386
2386.324	-0.001	-2.385
2387.324	-0.001	-2.383
2388.324	-0.001	-2.384
2389.324	-0.001	-2.385
2390.324	-0.001	-2.387
2391.324	-0.001	-2.392
2392.324	-0.001	-2.392
2393.324	-0.001	-2.391
2394.324	-0.001	-2.389
2395.324	-0.001	-2.389
2396.324	-0.001	-2.390
2397.324	-0.001	-2.393
2398.324	-0.001	-2.388
2399.324	-0.001	-2.384
2400.324	-0.000	-2.384
2401.324	-0.001	-2.383
2402.324	-0.000	-2.385
2403.324	-0.001	-2.387
2404.324	-0.000	-2.385
2405.324	-0.001	-2.387
2406.324	-0.001	-2.389
2407.324	-0.001	-2.389
2408.324	-0.001	-2.389
2409.324	-0.001	-2.390
2410.324	-0.001	-2.389
2411.324	-0.001	-2.389
2412.324	-0.001	-2.388
2413.324	-0.001	-2.386
2414.324	-0.001	-2.387
2415.324	-0.001	-2.383
2416.324	-0.000	-2.385
2417.324	-0.001	-2.385
2418.324	-0.001	-2.385
2419.324	-0.001	-2.383
2420.324	-0.001	-2.386
2421.324	-0.001	-2.390
2422.324	-0.001	-2.389
2423.324	-0.001	-2.389
2424.324	-0.001	-2.390
2425.324	-0.001	-2.390
2426.324	-0.001	-2.391
2427.324	-0.001	-2.386
2428.324	-0.001	-2.385
2429.324	-0.001	-2.383
2430.324	-0.001	-2.385
2431.324	-0.001	-2.385
2432.324	-0.001	-2.384
2433.324	-0.001	-2.385
2434.324	-0.001	-2.382
2435.324	-0.001	-2.386
2436.324	-0.001	-2.389
2437.324	-0.001	-2.390
2438.324	-0.001	-2.388
2439.324	-0.001	-2.389
2440.324	-0.001	-2.389
2441.324	-0.001	-2.388
2442.324	-0.001	-2.386
2443.324	-0.001	-2.383
2444.324	-0.001	-2.384
2445.324	-0.001	-2.384
2446.324	-0.001	-2.384
2447.324	-0.001	-2.383
2448.324	-0.001	-2.383
2449.324	-0.001	-2.385
2450.324	-0.001	-2.390
2451.324	-0.000	-2.392
2452.324	-0.000	-2.391
2453.324	-0.001	-2.388
2454.324	-0.001	-2.390
2455.324	-0.001	-2.403
2456.324	-0.001	-2.414
2457.324	-0.000	-2.412
2458.324	-0.001	-2.406
2459.324	-0.001	-2.404
2460.324	-0.001	-2.407
2461.324	-0.000	-2.405
2462.324	-0.001	-2.405
2463.324	-0.001	-2.406
2464.324	-0.001	-2.408
2465.324	-0.000	-2.409
2466.324	-0.001	-2.409
2467.324	-0.001	-2.409
2468.324	-0.001	-2.410
2469.324	-0.001	-2.407
2470.324	-0.001	-2.391
2471.324	-0.001	-2.395
2472.324	-0.001	-2.394
2473.324	-0.001	-2.383
2474.324	-0.001	-2.383
2475.324	-0.001	-2.382
2476.324	-0.001	-2.382
2477.324	-0.001	-2.383
2478.324	-0.001	-2.387
2479.324	-0.001	-2.393
2480.324	-0.001	-2.397
2481.324	-0.001	-2.401
2482.324	-0.001	-2.401
2483.324	-0.001	-2.395
2484.324	-0.001	-2.402
2485.324	-0.001	-2.398
2486.324	-0.001	-2.397
2487.324	-0.001	-2.386
2488.324	-0.001	-2.385
2489.324	-0.001	-2.386
2490.324	-0.000	-2.383
2491.324	-0.000	-2.384
2492.324	-0.001	-2.392
2493.324	-0.001	-2.391
2494.324	-0.001	-2.404
2495.324	-0.001	-2.406
2496.324	-0.001	-2.405
2497.324	-0.001	-2.405
2498.324	-0.001	-2.405
2499.324	-0.001	-2.398
2500.324	-0.001	-2.407
2501.324	-0.001	-2.397
2502.324	-0.001	-2.401
2503.324	-0.001	-2.401
2504.324	-0.001	-2.398
2505.324	-0.001	-2.401
2506.324	-0.001	-2.400
2507.324	-0.001	-2.396
2508.324	-0.001	-2.385
2509.324	-0.001	-2.391
2510.324	-0.001	-2.391
2511.324	-0.001	-2.393
2512.324	-0.001	-2.393
2513.324	-0.001	-2.391
2514.324	-0.001	-2.393
2515.324	-0.001	-2.395
2516.324	-0.001	-2.387
2517.324	-0.001	-2.385
2518.324	-0.001	-2.387
2519.324	-0.001	-2.386
2520.324	-0.001	-2.384
2521.324	-0.001	-2.398
2522.324	-0.001	-2.396
2523.324	-0.001	-2.401
2524.324	-0.001	-2.401
2525.324	-0.001	-2.403
2526.324	-0.001	-2.399
2527.324	-0.001	-2.396
2528.324	-0.001	-2.397
2529.324	-0.001	-2.403
2530.324	-0.001	-2.406
2531.324	-0.001	-2.401
2532.324	-0.001	-2.396
2533.324	-0.001	-2.389
2534.324	-0.001	-2.385
2535.324	-0.001	-2.390
2536.324	-0.001	-2.390
2537.324	-0.001	-2.386
2538.324	-0.001	-2.390
2539.324	-0.001	-2.391
2540.324	-0.001	-2.391
2541.324	-0.001	-2.391
2542.324	-0.001	-2.394
2543.324	-0.001	-2.401
2544.324	-0.001	-2.402
2545.324	-0.001	-2.392
2546.324	-0.001	-2.399
2547.324	-0.001	-2.399
2548.324	-0.001	-2.401
2549.324	-0.001	-2.398
2550.324	-0.001	-2.399
2551.324	-0.001	-2.398
2552.324	-0.001	-2.398
2553.324	-0.001	-2.397
2554.324	-0.001	-2.398
2555.324	-0.001	-2.398
2556.324	-0.001	-2.397
2557.324	-0.001	-2.396
2558.324	-0.001	-2.397
2559.324	-0.001	-2.400
2560.324	-0.000	-2.399
2561.324	-0.001	-2.396
2562.324	-0.001	-2.396
2563.324	-0.001	-2.394
2564.324	-0.001	-2.398
2565.324	-0.001	-2.402
2566.324	-0.001	-2.404
2567.324	-0.001	-2.403
2568.324	-0.001	-2.408
2569.324	-0.001	-2.401
2570.324	-0.001	-2.402
2571.324	-0.001	-2.394
2572.324	-0.001	-2.386
2573.324	-0.001	-2.390
2574.324	-0.001	-2.389
2575.324	-0.001	-2.383
2576.324	-0.001	-2.380
2577.324	-0.001	-2.379
2578.324	-0.001	-2.381
2579.324	-0.001	-2.379
2580.324	-0.001	-2.376
2581.324	-0.001	-2.375
2582.324	-0.001	-2.377
2583.324	-0.001	-2.379
2584.324	-0.001	-2.379
2585.324	-0.001	-2.380
2586.324	-0.001	-2.381
2587.324	-0.001	-2.379
2588.325	-0.001	-2.379
2589.324	-0.001	-2.380
2590.324	-0.001	-2.377
2591.324	-0.001	-2.380
2592.324	-0.001	-2.380
2593.324	-0.001	-2.380
2594.324	-0.001	-2.380
2595.324	-0.001	-2.383
2596.324	-0.001	-2.378
2597.324	-0.001	-2.387
2598.324	-0.001	-2.386
2599.324	-0.001	-2.384
2600.324	-0.001	-2.385
2601.324	-0.001	-2.393
2602.324	-0.001	-2.393
2603.324	-0.001	-2.397
2604.324	-0.001	-2.394
2605.324	-0.001	-2.385
2606.324	-0.001	-2.380
2607.324	-0.001	-2.384
2608.324	-0.001	-2.386
2609.324	-0.001	-2.386
2610.324	-0.001	-2.387
2611.324	-0.001	-2.393
2612.324	-0.001	-2.391
2613.324	-0.001	-2.391
2614.324	-0.001	-2.385
2615.324	-0.001	-2.386
2616.324	-0.001	-2.392
2617.324	-0.001	-2.390
2618.324	-0.001	-2.393
2619.324	-0.001	-2.387
2620.324	-0.001	-2.393
2621.324	-0.001	-2.389
2622.324	-0.001	-2.378
2623.324	-0.001	-2.376
2624.324	-0.001	-2.375
2625.324	-0.001	-2.374
2626.324	-0.001	-2.375
2627.324	-0.001	-2.380
2628.324	-0.001	-2.383
2629.324	-0.001	-2.382
2630.324	-0.001	-2.385
2631.324	-0.001	-2.385
2632.324	-0.001	-2.384
2633.324	-0.002	-2.383
2634.324	-0.001	-2.382
2635.324	-0.001	-2.381
2636.324	-0.001	-2.379
2637.324	-0.001	-2.379
2638.324	-0.001	-2.379
2639.324	-0.001	-2.382
2640.324	-0.001	-2.382
2641.324	-0.001	-2.384
2642.324	-0.001	-2.387
2643.324	-0.001	-2.387
2644.324	-0.001	-2.385
2645.324	-0.001	-2.386
2646.324	-0.001	-2.389
2647.324	-0.001	-2.387
2648.324	-0.001	-2.387
2649.324	-0.001	-2.380
2650.324	-0.001	-2.378
2651.324	-0.001	-2.378
2652.324	-0.001	-2.377
2653.324	-0.001	-2.379
2654.324	-0.001	-2.377
2655.324	-0.001	-2.376
2656.324	-0.001	-2.379
2657.324	-0.001	-2.383
2658.324	-0.001	-2.390
2659.324	-0.001	-2.383
2660.324	-0.001	-2.384
2661.324	-0.001	-2.382
2662.324	-0.001	-2.383
2663.324	-0.001	-2.384
2664.324	-0.001	-2.379
2665.324	-0.001	-2.379
2666.324	-0.001	-2.376
2667.324	-0.001	-2.377
2668.324	-0.001	-2.378
2669.324	-0.001	-2.379
2670.324	-0.001	-2.375
2671.324	-0.001	-2.380
2672.324	-0.001	-2.387
2673.324	-0.001	-2.390
2674.324	-0.001	-2.383
2675.324	-0.001	-2.396
2676.324	-0.001	-2.396
2677.324	-0.001	-2.398
2678.324	-0.001	-2.393
2679.324	-0.001	-2.391
2680.324	-0.001	-2.383
2681.324	-0.001	-2.384
2682.324	-0.001	-2.381
2683.324	-0.001	-2.380
2684.324	-0.001	-2.382
2685.324	-0.001	-2.377
2686.324	-0.001	-2.381
2687.324	-0.001	-2.382
2688.324	-0.001	-2.384
2689.324	-0.001	-2.386
2690.324	-0.001	-2.387
2691.324	-0.001	-2.386
2692.324	-0.001	-2.387
2693.324	-0.001	-2.383
2694.324	-0.001	-2.380
2695.324	-0.001	-2.383
2696.324	-0.001	-2.385
2697.324	-0.001	-2.380
2698.324	-0.001	-2.380
2699.324	-0.001	-2.379
2700.324	-0.001	-2.380
2701.324	-0.001	-2.383
2702.324	-0.001	-2.387
2703.324	-0.001	-2.387
2704.324	-0.001	-2.385
2705.324	-0.001	-2.384
2706.324	-0.001	-2.385
2707.324	-0.001	-2.387
2708.324	-0.001	-2.384
2709.324	-0.001	-2.383
2710.324	-0.001	-2.381
2711.324	-0.001	-2.380
2712.324	-0.001	-2.380
2713.324	-0.001	-2.383
2714.324	-0.001	-2.382
2715.324	-0.001	-2.385
2716.324	-0.001	-2.387
2717.324	-0.001	-2.386
2718.324	-0.001	-2.386
2719.324	-0.001	-2.387
2720.324	-0.001	-2.386
2721.324	-0.001	-2.389
2722.324	-0.001	-2.388
2723.324	-0.001	-2.384
2724.324	-0.001	-2.383
2725.324	-0.001	-2.383
2726.324	-0.000	-2.383
2727.324	-0.001	-2.384
2728.324	-0.001	-2.384
2729.324	-0.001	-2.384
2730.324	-0.001	-2.386
2731.324	-0.000	-2.388
2732.324	-0.001	-2.387
