0.656	9.703	-0.001
1.656	9.704	-0.000
2.656	9.703	-0.000
3.656	9.703	-0.000
4.656	9.703	-0.001
5.656	9.704	-0.000
6.656	9.703	-0.000
7.656	9.704	-0.000
8.656	9.704	-0.000
9.656	9.704	0.000
10.656	9.705	-0.000
11.656	9.705	-0.000
12.656	9.705	-0.002
13.656	9.705	-0.000
14.656	9.705	-0.000
15.656	9.705	-0.000
16.656	9.706	-0.001
17.656	9.705	-0.000
18.656	9.705	-0.001
19.656	9.705	-0.000
20.656	9.705	-0.000
21.656	9.705	-0.001
22.656	9.705	-0.000
23.656	9.705	-0.000
24.656	9.704	-0.002
25.656	11.125	-0.001
26.656	18.856	0.672
27.656	26.491	1.088
28.656	26.579	1.124
29.656	28.383	1.124
30.656	35.841	1.363
31.656	41.585	1.582
32.656	44.044	1.774
33.656	64.339	2.137
34.656	76.219	2.841
35.656	101.352	3.603
36.656	123.977	4.398
37.656	152.353	5.516
38.656	180.849	6.469
39.656	212.432	7.730
40.656	244.436	8.832
41.656	264.576	9.983
42.656	264.555	10.236
43.656	264.534	10.236
44.656	264.550	10.238
45.656	264.547	10.238
46.656	264.597	10.238
47.656	276.027	10.344
48.656	279.727	10.743
49.656	313.422	11.928
50.656	365.146	13.081
51.656	390.760	14.761
52.656	400.183	15.204
53.656	419.487	15.943
54.656	432.940	16.459
55.656	451.932	16.896
56.656	483.760	18.021
57.656	538.907	19.722
58.656	583.879	21.642
59.656	609.164	23.091
60.656	614.056	23.635
61.656	613.923	23.642
62.656	614.140	23.647
63.656	619.006	23.743
64.656	621.896	23.887
65.656	621.867	23.948
66.656	622.081	23.951
67.656	628.081	24.063
68.656	628.495	24.205
69.656	631.820	24.206
70.656	638.256	24.467
71.656	644.342	24.742
72.656	644.559	24.822
73.656	644.552	24.821
74.656	644.525	24.821
75.656	644.532	24.821
76.656	644.523	24.821
77.656	644.533	24.819
78.656	644.522	24.820
79.656	644.535	24.819
80.656	644.482	24.819
81.656	644.445	24.819
82.656	644.452	24.819
83.656	644.466	24.818
84.656	644.496	24.817
85.656	644.467	24.817
86.656	644.418	24.817
87.656	644.373	24.816
88.656	644.373	24.817
89.656	644.299	24.816
90.656	644.310	24.815
91.656	644.299	24.816
92.656	644.271	24.815
93.656	644.271	24.815
94.656	644.251	24.814
95.656	644.291	24.814
96.656	644.344	24.814
97.656	644.347	24.815
98.656	644.339	24.813
99.656	644.355	24.814
100.656	644.405	24.813
101.656	644.436	24.813
102.656	644.459	24.811
103.656	644.488	24.812
104.656	644.487	24.810
105.656	644.547	24.811
106.656	644.607	24.810
107.656	644.604	24.811
108.656	644.573	24.811
109.656	644.519	24.810
110.656	644.485	24.809
111.656	644.463	24.809
112.656	644.446	24.809
113.656	644.542	24.808
114.656	644.582	24.810
115.656	644.568	24.809
116.656	644.484	24.808
117.656	644.488	24.807
118.656	644.453	24.808
119.656	644.455	24.807
120.656	644.421	24.807
121.656	644.481	24.806
122.656	644.388	24.806
123.656	644.398	24.805
124.656	644.403	24.805
125.656	644.407	24.805
126.656	644.410	24.806
127.656	644.394	24.805
128.656	644.370	24.805
129.656	644.416	24.804
130.656	644.419	24.803
131.656	644.418	24.804
132.656	644.401	24.804
133.656	644.379	24.803
134.656	644.359	24.803
135.656	644.356	24.801
136.656	644.317	24.802
137.656	644.285	24.802
138.656	644.347	24.802
139.656	644.340	24.802
140.656	644.313	24.802
141.656	644.297	24.801
142.656	644.340	24.800
143.656	644.342	24.800
144.656	644.361	24.800
145.656	644.313	24.801
146.656	644.349	24.801
147.656	644.356	24.799
148.656	644.321	24.798
149.656	644.316	24.798
150.656	644.308	24.799
151.656	644.291	24.799
152.656	644.298	24.798
153.656	644.298	24.798
154.656	644.325	24.797
155.656	644.255	24.797
156.656	644.231	24.797
157.656	644.239	24.797
158.656	644.191	24.797
159.656	644.227	24.796
160.656	644.211	24.796
161.656	644.272	24.796
162.656	644.232	24.796
163.656	644.177	24.795
164.656	644.199	24.795
165.656	644.195	24.794
166.656	644.162	24.794
167.656	644.187	24.794
168.656	644.190	24.794
169.656	644.233	24.794
170.656	644.133	24.794
171.656	644.167	24.794
172.656	644.165	24.793
173.656	644.111	24.793
174.656	644.042	24.793
175.656	644.017	24.793
176.656	644.043	24.792
177.656	644.023	24.792
178.656	644.020	24.790
179.656	644.058	24.791
180.656	644.080	24.792
181.656	644.116	24.791
182.656	644.084	24.791
183.656	644.062	24.790
184.656	644.126	24.789
185.656	644.149	24.790
186.656	644.154	24.790
187.656	644.139	24.790
188.656	644.089	24.791
189.656	644.088	24.789
190.656	644.097	24.788
191.656	644.106	24.788
192.656	644.090	24.787
193.656	644.101	24.789
194.656	644.130	24.788
195.656	644.116	24.788
196.656	644.163	24.787
197.656	644.165	24.787
198.656	644.098	24.787
199.656	644.132	24.787
200.656	644.136	24.787
201.656	644.130	24.787
202.656	644.101	24.786
203.656	644.091	24.785
204.656	644.104	24.785
205.656	643.981	24.786
206.656	644.011	24.785
207.656	644.004	24.785
208.656	644.003	24.785
209.656	643.951	24.784
210.656	643.935	24.784
211.656	643.931	24.785
212.656	643.966	24.785
213.656	643.957	24.784
214.656	643.988	24.783
215.656	643.981	24.782
216.656	643.932	24.784
217.656	643.917	24.784
218.656	643.932	24.783
219.656	643.977	24.784
220.656	643.998	24.782
221.656	643.993	24.782
222.656	643.995	24.782
223.656	643.975	24.782
224.656	643.906	24.783
225.656	643.939	24.782
226.656	643.914	24.781
227.656	643.880	24.780
228.656	643.908	24.781
229.656	643.975	24.781
230.656	643.966	24.780
231.656	644.008	24.780
232.656	643.995	24.781
233.656	643.994	24.779
234.656	643.973	24.780
235.656	643.970	24.779
236.656	643.945	24.780
237.656	643.907	24.780
238.656	643.918	24.779
239.656	643.902	24.778
240.656	643.881	24.779
241.656	643.881	24.780
242.656	643.886	24.778
243.656	643.891	24.778
244.656	643.874	24.779
245.656	643.867	24.779
246.656	643.820	24.777
247.656	643.854	24.776
248.656	643.808	24.777
249.656	643.763	24.777
250.656	643.792	24.777
251.656	643.800	24.778
252.656	643.792	24.777
253.656	643.740	24.777
254.656	643.754	24.776
255.656	643.743	24.776
256.656	643.915	24.776
257.656	643.893	24.775
258.656	643.893	24.776
259.656	643.941	24.775
260.656	643.939	24.777
261.656	643.867	24.775
262.656	643.832	24.775
263.656	643.781	24.775
264.656	643.777	24.773
265.656	643.775	24.773
266.656	643.778	24.773
267.656	643.815	24.775
268.656	643.849	24.774
269.656	643.810	24.774
270.656	643.800	24.774
271.656	643.798	24.772
272.656	643.819	24.772
273.656	643.825	24.773
274.656	643.785	24.772
275.656	643.810	24.773
276.656	643.757	24.771
277.656	643.757	24.772
278.656	643.716	24.771
279.656	643.718	24.772
280.656	643.695	24.772
281.656	643.724	24.772
282.656	643.724	24.771
283.656	643.723	24.770
284.656	643.738	24.771
285.656	643.781	24.771
286.656	643.760	24.771
287.656	643.744	24.771
288.656	643.752	24.770
289.656	643.744	24.770
290.656	643.674	24.769
291.656	643.638	24.770
292.656	643.672	24.770
293.656	643.659	24.770
294.656	643.657	24.769
295.656	643.677	24.769
296.656	643.678	24.769
297.656	643.709	24.769
298.656	643.706	24.770
299.656	643.702	24.769
300.656	643.775	24.767
301.656	643.724	24.767
302.656	643.620	24.767
303.656	643.620	24.768
304.656	643.665	24.768
305.656	643.723	24.769
306.656	643.681	24.767
307.656	643.708	24.767
308.656	643.711	24.767
309.656	643.770	24.767
310.656	643.756	24.768
311.656	643.769	24.767
312.656	643.757	24.766
313.656	643.739	24.766
314.656	643.745	24.766
315.656	643.750	24.766
316.656	643.771	24.766
317.656	643.718	24.766
318.656	643.782	24.767
319.656	643.766	24.766
320.656	643.726	24.765
321.656	643.688	24.765
322.656	643.704	24.766
323.656	643.691	24.766
324.656	643.629	24.765
325.656	643.811	24.764
326.656	643.698	24.765
327.656	643.613	24.764
328.656	643.579	24.764
329.656	643.618	24.763
330.656	643.598	24.764
331.656	643.595	24.764
332.656	643.613	24.763
333.656	643.644	24.763
334.656	643.693	24.764
335.656	643.708	24.763
336.656	643.706	24.764
337.656	643.687	24.762
338.656	643.517	24.762
339.656	643.519	24.763
340.656	643.496	24.763
341.656	643.576	24.762
342.656	643.630	24.763
343.656	643.636	24.762
344.656	643.627	24.762
345.656	643.615	24.761
346.656	643.560	24.762
347.656	643.596	24.761
348.656	643.631	24.762
349.656	643.601	24.761
350.656	643.567	24.762
351.656	643.561	24.760
352.656	643.551	24.761
353.656	643.561	24.761
354.656	643.514	24.761
355.656	643.488	24.760
356.656	643.474	24.760
357.656	643.467	24.760
358.656	643.495	24.760
359.656	643.514	24.761
360.656	643.437	24.761
361.656	643.376	24.759
362.656	643.316	24.760
363.656	643.395	24.759
364.656	643.437	24.760
365.656	643.465	24.760
366.656	643.436	24.759
367.656	643.425	24.758
368.656	643.417	24.759
369.656	643.434	24.758
370.656	643.437	24.759
371.656	643.441	24.759
372.656	643.318	24.759
373.656	643.309	24.757
374.656	643.286	24.758
375.656	643.381	24.759
376.656	643.359	24.759
377.656	643.389	24.758
378.656	643.371	24.757
379.656	643.371	24.758
380.656	643.403	24.757
381.656	643.396	24.757
382.656	643.409	24.758
383.656	643.403	24.757
384.656	643.439	24.757
385.656	643.425	24.756
386.656	643.409	24.756
387.656	643.449	24.757
388.656	643.444	24.758
389.656	643.444	24.757
390.656	643.385	24.755
391.656	643.395	24.756
392.656	643.323	24.755
393.656	643.261	24.756
394.656	643.275	24.757
395.656	643.293	24.757
396.656	643.308	24.756
397.656	643.260	24.755
398.656	643.286	24.755
399.656	643.274	24.755
400.656	643.278	24.756
401.656	643.332	24.756
402.656	643.292	24.756
403.656	643.239	24.756
404.656	643.179	24.756
405.656	643.208	24.755
406.656	643.191	24.755
407.656	643.185	24.754
408.656	643.171	24.754
409.656	643.218	24.753
410.656	643.210	24.754
411.656	643.187	24.752
412.656	643.200	24.754
413.656	643.232	24.754
414.656	643.214	24.754
415.656	643.226	24.753
416.656	643.243	24.752
417.656	643.174	24.752
418.656	643.157	24.753
419.656	643.123	24.753
420.656	643.097	24.753
421.656	643.107	24.753
422.656	643.099	24.752
423.656	643.084	24.752
424.656	643.150	24.753
425.656	643.172	24.753
426.656	643.112	24.753
427.656	643.127	24.753
428.656	643.186	24.752
429.656	643.143	24.752
430.656	643.163	24.751
431.656	643.097	24.753
432.656	643.119	24.752
433.656	643.119	24.752
434.656	643.123	24.752
435.656	643.094	24.750
436.656	643.108	24.751
437.656	643.102	24.751
438.656	643.178	24.753
439.656	643.139	24.751
440.656	643.130	24.751
441.656	643.091	24.750
442.656	643.108	24.749
443.656	643.154	24.751
444.656	643.233	24.751
445.656	643.186	24.751
446.656	643.163	24.750
447.656	643.213	24.749
448.656	643.155	24.749
449.656	643.188	24.751
450.656	643.229	24.751
451.656	643.281	24.750
452.656	643.233	24.750
453.656	643.184	24.749
454.656	643.224	24.749
455.656	643.223	24.750
456.656	643.174	24.750
457.656	643.209	24.749
458.656	643.218	24.749
459.656	643.165	24.749
460.656	643.155	24.748
461.656	643.100	24.749
462.656	643.069	24.750
463.656	643.085	24.749
464.656	643.011	24.750
465.656	643.042	24.747
466.656	643.025	24.747
467.656	643.070	24.748
468.656	643.061	24.749
469.656	643.038	24.748
470.656	643.041	24.747
471.656	643.018	24.747
472.656	643.089	24.746
473.656	643.085	24.747
474.656	643.104	24.748
475.656	643.110	24.747
476.656	643.084	24.747
477.656	643.096	24.747
478.656	643.081	24.747
479.656	643.075	24.746
480.656	643.064	24.747
481.656	643.066	24.747
482.656	642.998	24.746
483.656	642.998	24.746
484.656	643.032	24.747
485.656	643.008	24.747
486.656	642.963	24.746
487.656	642.963	24.746
488.656	642.944	24.746
489.656	643.004	24.746
490.656	643.021	24.746
491.656	642.959	24.746
492.656	642.974	24.746
493.656	642.932	24.747
494.656	642.921	24.745
495.656	642.898	24.745
496.656	642.897	24.745
497.656	642.928	24.744
498.656	642.888	24.746
499.656	642.878	24.746
500.656	642.889	24.745
501.656	642.948	24.745
502.656	643.002	24.745
503.656	642.991	24.745
504.656	642.953	24.746
505.656	643.022	24.745
506.656	642.987	24.744
507.656	642.979	24.744
508.656	642.946	24.743
509.656	642.949	24.743
510.656	642.952	24.745
511.656	642.948	24.745
512.656	642.925	24.745
513.656	642.949	24.744
514.656	642.903	24.744
515.656	642.854	24.744
516.656	642.831	24.744
517.656	642.858	24.744
518.656	642.895	24.744
519.656	642.917	24.743
520.656	642.925	24.744
521.656	642.947	24.743
522.656	642.956	24.744
523.656	642.975	24.745
524.656	642.997	24.744
525.656	642.902	24.743
526.656	642.907	24.742
527.656	642.953	24.742
528.656	642.970	24.743
529.656	642.947	24.744
530.656	642.906	24.743
531.656	642.862	24.742
532.656	642.839	24.742
533.656	642.835	24.743
534.656	642.784	24.743
535.656	642.784	24.743
536.656	642.739	24.742
537.656	642.811	24.742
538.656	642.956	24.741
539.656	642.971	24.741
540.656	642.986	24.741
541.656	642.813	24.742
542.656	642.797	24.742
543.656	642.784	24.743
544.656	642.838	24.741
545.656	642.809	24.741
546.656	642.809	24.742
547.656	642.881	24.742
548.656	642.828	24.742
549.656	642.826	24.742
550.656	642.844	24.742
551.656	642.817	24.742
552.656	642.907	24.740
553.656	642.911	24.740
554.656	642.854	24.741
555.656	642.879	24.741
556.656	642.912	24.741
557.656	642.919	24.743
558.656	642.917	24.742
559.656	642.917	24.742
560.656	642.933	24.741
561.656	642.876	24.740
562.656	642.877	24.739
563.656	642.858	24.740
564.656	642.842	24.740
565.656	642.815	24.741
566.656	642.841	24.741
567.656	642.855	24.740
568.656	642.964	24.739
569.656	642.957	24.739
570.656	642.958	24.740
571.656	642.962	24.741
572.656	642.955	24.740
573.656	642.950	24.740
574.656	642.970	24.739
575.656	643.029	24.739
576.656	643.072	24.739
577.656	643.107	24.741
578.656	643.142	24.739
579.656	643.116	24.739
580.656	643.062	24.738
581.656	643.036	24.738
582.656	643.048	24.739
583.656	643.050	24.741
584.656	643.019	24.740
585.656	643.020	24.738
586.656	642.973	24.738
587.656	643.026	24.737
588.656	642.966	24.738
589.656	643.012	24.739
590.656	642.950	24.739
591.656	642.927	24.738
592.656	642.956	24.738
593.656	642.943	24.738
594.656	642.917	24.740
595.656	642.936	24.739
596.656	642.980	24.738
597.656	642.945	24.738
598.656	642.955	24.738
599.656	642.910	24.736
600.656	642.938	24.738
601.656	642.936	24.739
602.656	642.938	24.738
603.656	642.978	24.737
604.656	642.938	24.737
605.656	642.945	24.738
606.656	642.948	24.738
607.656	642.938	24.738
608.656	642.892	24.738
609.656	642.902	24.737
610.656	642.856	24.737
611.656	642.841	24.737
612.656	642.863	24.738
613.656	642.842	24.738
614.656	642.836	24.738
615.656	642.830	24.736
616.656	642.836	24.736
617.656	642.817	24.736
618.656	642.771	24.738
619.656	642.794	24.737
620.656	642.784	24.737
