0.180	0.005	-3.070
1.180	0.005	-3.070
2.180	0.005	-3.080
3.180	0.005	-3.080
4.180	0.005	-3.070
5.180	0.005	-3.070
6.180	0.005	-3.080
7.180	0.005	-3.080
8.180	0.004	-3.070
9.180	0.103	-3.080
10.180	0.200	-3.100
11.180	0.227	-3.100
12.180	0.259	-3.110
13.180	0.275	-3.120
14.180	0.286	-3.130
15.180	0.317	-3.130
16.180	0.366	-3.150
17.180	0.412	-3.150
18.180	0.458	-3.170
19.180	0.499	-3.160
20.180	0.514	-3.170
21.180	0.531	-3.190
22.180	0.531	-3.190
23.180	0.532	-3.180
24.180	0.532	-3.190
25.180	0.532	-3.190
26.180	0.531	-3.200
27.180	0.531	-3.200
28.180	0.531	-3.200
29.180	0.531	-3.200
30.180	0.531	-3.200
31.180	0.531	-3.190
32.180	0.531	-3.200
33.180	0.531	-3.210
34.180	0.531	-3.200
35.180	0.531	-3.210
36.180	0.531	-3.220
37.180	0.531	-3.220
38.180	0.531	-3.220
39.180	0.531	-3.220
40.180	0.531	-3.230
41.180	0.531	-3.230
42.180	0.531	-3.210
43.180	0.531	-3.220
44.180	0.531	-3.230
45.180	0.531	-3.220
46.180	0.531	-3.220
47.180	0.531	-3.220
48.180	0.531	-3.230
49.180	0.531	-3.220
50.180	0.531	-3.220
51.180	0.531	-3.220
52.180	0.531	-3.220
53.180	0.531	-3.210
54.180	0.532	-3.210
55.180	0.531	-3.220
56.180	0.532	-3.220
57.180	0.531	-3.210
58.180	0.532	-3.210
59.180	0.532	-3.210
60.180	0.532	-3.210
61.180	0.531	-3.200
62.180	0.531	-3.200
63.180	0.531	-3.210
64.180	0.531	-3.210
65.180	0.531	-3.190
66.180	0.532	-3.190
67.180	0.531	-3.200
68.180	0.532	-3.200
69.180	0.532	-3.200
70.180	0.532	-3.200
71.180	0.532	-3.200
72.180	0.532	-3.200
73.180	0.532	-3.200
74.180	0.532	-3.200
75.180	0.532	-3.200
76.180	0.532	-3.200
77.180	0.532	-3.200
78.180	0.532	-3.210
79.180	0.532	-3.200
80.180	0.532	-3.200
81.180	0.532	-3.200
82.180	0.532	-3.210
83.180	0.532	-3.210
84.180	0.532	-3.200
85.180	0.532	-3.200
86.180	0.532	-3.210
87.180	0.531	-3.210
88.180	0.532	-3.200
89.180	0.532	-3.200
90.180	0.532	-3.210
91.180	0.532	-3.210
92.180	0.531	-3.200
93.180	0.531	-3.210
94.180	0.532	-3.210
95.180	0.532	-3.210
96.180	0.531	-3.200
97.180	0.532	-3.210
98.180	0.531	-3.210
99.180	0.531	-3.210
100.180	0.531	-3.210
101.180	0.531	-3.220
102.180	0.531	-3.210
103.180	0.531	-3.210
104.180	0.531	-3.210
105.180	0.531	-3.220
106.180	0.531	-3.220
107.180	0.531	-3.210
108.180	0.531	-3.210
109.180	0.531	-3.220
110.180	0.531	-3.220
111.180	0.531	-3.210
112.180	0.531	-3.220
113.180	0.531	-3.220
114.180	0.531	-3.210
115.180	0.531	-3.210
116.180	0.531	-3.220
117.180	0.531	-3.220
118.180	0.531	-3.220
119.180	0.531	-3.210
120.180	0.531	-3.220
121.180	0.531	-3.220
122.180	0.531	-3.220
123.180	0.531	-3.220
124.180	0.531	-3.220
125.180	0.531	-3.220
126.180	0.531	-3.220
127.180	0.531	-3.220
128.180	0.531	-3.230
129.180	0.531	-3.220
130.180	0.531	-3.210
131.180	0.531	-3.220
132.180	0.531	-3.230
133.180	0.531	-3.220
134.180	0.531	-3.220
135.180	0.531	-3.220
136.180	0.531	-3.230
137.180	0.531	-3.220
138.180	0.531	-3.210
139.180	0.531	-3.210
140.180	0.531	-3.220
141.180	0.531	-3.220
142.180	0.531	-3.210
143.180	0.531	-3.210
144.180	0.531	-3.210
145.180	0.531	-3.210
146.180	0.531	-3.210
147.180	0.531	-3.220
148.180	0.531	-3.220
149.180	0.532	-3.200
150.180	0.532	-3.200
151.180	0.531	-3.220
152.180	0.531	-3.210
153.180	0.531	-3.200
154.180	0.531	-3.200
155.180	0.531	-3.210
156.180	0.531	-3.200
157.180	0.531	-3.190
158.180	0.531	-3.190
159.180	0.531	-3.200
160.180	0.531	-3.200
161.180	0.531	-3.210
162.180	0.531	-3.210
163.180	0.531	-3.200
164.180	0.531	-3.210
165.180	0.531	-3.200
166.180	0.531	-3.210
167.180	0.531	-3.200
168.180	0.531	-3.190
169.180	0.532	-3.200
170.180	0.531	-3.210
171.180	0.531	-3.210
172.180	0.531	-3.200
173.180	0.532	-3.190
174.180	0.532	-3.200
175.180	0.532	-3.200
176.180	0.532	-3.190
177.180	0.532	-3.200
178.180	0.532	-3.210
179.180	0.533	-3.210
180.180	0.533	-3.190
181.180	0.533	-3.200
182.180	0.534	-3.200
183.180	0.534	-3.190
184.180	0.534	-3.190
185.180	0.534	-3.200
186.180	0.534	-3.200
187.180	0.535	-3.190
188.180	0.535	-3.190
189.180	0.535	-3.210
190.180	0.535	-3.200
191.180	0.535	-3.190
192.180	0.535	-3.190
193.180	0.535	-3.210
194.180	0.535	-3.200
195.180	0.535	-3.190
196.180	0.536	-3.190
197.180	0.536	-3.190
198.180	0.536	-3.200
199.180	0.536	-3.190
200.180	0.536	-3.190
201.180	0.536	-3.190
202.180	0.537	-3.190
203.180	0.537	-3.190
204.180	0.537	-3.200
205.180	0.537	-3.190
206.180	0.537	-3.190
207.180	0.537	-3.190
208.180	0.537	-3.200
209.180	0.537	-3.190
210.180	0.537	-3.190
211.180	0.537	-3.190
212.180	0.537	-3.210
213.180	0.538	-3.200
214.180	0.538	-3.190
215.180	0.538	-3.190
216.180	0.538	-3.200
217.180	0.538	-3.200
218.180	0.538	-3.190
219.180	0.538	-3.190
220.180	0.538	-3.200
221.180	0.537	-3.190
222.180	0.537	-3.190
223.180	0.537	-3.200
224.180	0.537	-3.190
225.180	0.537	-3.190
226.180	0.537	-3.190
227.180	0.537	-3.200
228.180	0.537	-3.190
229.180	0.536	-3.180
230.180	0.536	-3.180
231.180	0.536	-3.190
232.180	0.536	-3.180
233.180	0.536	-3.180
234.180	0.536	-3.170
235.180	0.536	-3.180
236.180	0.536	-3.190
237.180	0.535	-3.170
238.180	0.535	-3.170
239.180	0.535	-3.180
240.180	0.535	-3.170
241.180	0.535	-3.160
242.180	0.535	-3.170
243.180	0.535	-3.170
244.180	0.534	-3.170
245.180	0.534	-3.240
246.180	0.534	-3.240
247.180	0.534	-3.240
248.180	0.534	-3.240
249.180	0.534	-3.240
250.180	0.534	-3.240
251.180	0.534	-3.240
252.180	0.534	-3.240
253.180	0.534	-3.240
254.180	0.534	-3.380
255.180	0.534	-3.380
256.180	0.534	-3.370
257.180	0.534	-3.380
258.180	0.534	-3.390
259.180	0.533	-3.390
260.180	0.533	-3.380
261.180	0.533	-3.380
262.180	0.533	-3.390
263.180	0.533	-3.390
264.180	0.533	-3.380
265.180	0.533	-3.390
266.180	0.533	-3.390
267.180	0.533	-3.390
268.180	0.533	-3.390
269.180	0.533	-3.390
270.180	0.533	-3.390
271.180	0.533	-3.390
272.180	0.533	-3.390
273.180	0.533	-3.400
274.180	0.533	-3.390
275.180	0.533	-3.390
276.180	0.533	-3.390
277.180	0.533	-3.400
278.180	0.533	-3.400
279.180	0.533	-3.380
280.180	0.533	-3.390
281.180	0.533	-3.400
282.180	0.533	-3.390
283.180	0.532	-3.390
284.180	0.533	-3.390
285.180	0.532	-3.400
286.180	0.533	-3.390
287.180	0.532	-3.390
288.180	0.532	-3.390
289.180	0.532	-3.400
290.180	0.532	-3.400
291.180	0.532	-3.400
292.180	0.532	-3.400
293.180	0.532	-3.400
294.180	0.532	-3.390
295.180	0.532	-3.400
296.180	0.532	-3.400
297.180	0.532	-3.400
298.180	0.532	-3.390
299.180	0.532	-3.390
300.180	0.532	-3.400
301.180	0.532	-3.400
302.180	0.532	-3.390
303.180	0.532	-3.400
304.180	0.532	-3.410
305.180	0.532	-3.400
306.180	0.532	-3.390
307.180	0.532	-3.400
308.180	0.532	-3.400
309.180	0.532	-3.400
310.180	0.532	-3.390
311.180	0.532	-3.390
312.180	0.532	-3.400
313.180	0.532	-3.400
314.180	0.532	-3.400
315.180	0.532	-3.400
316.180	0.532	-3.400
317.180	0.532	-3.390
318.180	0.532	-3.390
319.180	0.532	-3.400
320.180	0.532	-3.400
321.180	0.532	-3.390
322.180	0.532	-3.390
323.180	0.532	-3.400
324.180	0.532	-3.400
325.180	0.532	-3.390
326.180	0.532	-3.390
327.180	0.532	-3.400
328.180	0.532	-3.400
329.180	0.532	-3.390
330.180	0.532	-3.390
331.180	0.532	-3.400
332.180	0.532	-3.400
333.180	0.532	-3.390
334.180	0.532	-3.390
335.180	0.532	-3.400
336.180	0.532	-3.390
337.180	0.532	-3.390
338.180	0.532	-3.400
339.180	0.532	-3.390
340.180	0.532	-3.390
341.180	0.532	-3.390
342.180	0.532	-3.400
343.180	0.532	-3.400
344.180	0.532	-3.390
345.180	0.532	-3.390
346.180	0.532	-3.400
347.180	0.532	-3.400
348.180	0.532	-3.390
349.180	0.532	-3.390
350.180	0.532	-3.400
351.180	0.532	-3.400
352.180	0.532	-3.390
353.180	0.532	-3.390
354.180	0.532	-3.400
355.180	0.532	-3.400
356.180	0.532	-3.400
357.180	0.532	-3.400
358.180	0.532	-3.390
359.180	0.532	-3.420
360.180	0.532	-3.390
361.180	0.532	-3.400
362.180	0.532	-3.400
363.180	0.532	-3.390
364.180	0.532	-3.390
365.180	0.532	-3.400
366.180	0.532	-3.400
367.180	0.532	-3.390
368.180	0.532	-3.390
369.180	0.532	-3.400
370.180	0.532	-3.390
371.180	0.532	-3.390
372.180	0.532	-3.390
373.180	0.532	-3.390
374.180	0.532	-3.400
375.180	0.532	-3.390
376.180	0.532	-3.390
377.180	0.532	-3.390
378.180	0.532	-3.390
379.180	0.532	-3.390
380.180	0.532	-3.400
381.180	0.532	-3.390
382.180	0.532	-3.390
383.180	0.532	-3.390
384.180	0.532	-3.400
385.180	0.532	-3.400
386.180	0.532	-3.390
387.180	0.532	-3.390
388.180	0.532	-3.400
389.180	0.532	-3.400
390.180	0.532	-3.380
391.180	0.532	-3.390
392.180	0.532	-3.400
393.180	0.532	-3.390
394.180	0.532	-3.390
395.180	0.532	-3.390
396.180	0.532	-3.400
397.180	0.532	-3.390
398.180	0.532	-3.390
399.180	0.532	-3.390
400.180	0.532	-3.390
401.180	0.532	-3.400
402.180	0.532	-3.390
403.180	0.532	-3.400
404.180	0.532	-3.400
405.180	0.532	-3.390
406.180	0.532	-3.390
407.180	0.532	-3.400
408.180	0.532	-3.400
409.180	0.532	-3.390
410.180	0.532	-3.390
411.180	0.532	-3.400
412.180	0.532	-3.400
413.180	0.532	-3.390
414.180	0.532	-3.390
415.180	0.532	-3.400
416.180	0.532	-3.400
417.180	0.532	-3.390
418.180	0.532	-3.400
419.180	0.532	-3.400
420.180	0.532	-3.400
421.180	0.532	-3.390
422.180	0.532	-3.400
423.180	0.532	-3.400
424.180	0.532	-3.390
425.180	0.532	-3.390
426.180	0.532	-3.390
427.180	0.532	-3.390
428.180	0.532	-3.390
429.180	0.532	-3.390
430.180	0.532	-3.400
431.180	0.532	-3.400
432.180	0.532	-3.380
433.180	0.531	-3.390
434.180	0.532	-3.390
435.180	0.532	-3.390
436.180	0.531	-3.380
437.180	0.531	-3.390
438.180	0.532	-3.390
439.180	0.532	-3.380
440.180	0.532	-3.380
441.180	0.532	-3.380
442.180	0.532	-3.380
443.180	0.532	-3.380
444.180	0.532	-3.380
445.180	0.531	-3.390
446.180	0.531	-3.380
447.180	0.531	-3.380
448.180	0.532	-3.380
449.180	0.531	-3.390
450.180	0.531	-3.390
451.180	0.531	-3.380
452.180	0.532	-3.380
453.180	0.532	-3.390
454.180	0.532	-3.390
455.180	0.531	-3.380
456.180	0.531	-3.390
457.180	0.531	-3.400
458.180	0.532	-3.390
459.180	0.532	-3.380
460.180	0.532	-3.380
461.180	0.531	-3.390
462.180	0.531	-3.390
463.180	0.531	-3.390
464.180	0.531	-3.390
465.180	0.531	-3.390
466.180	0.531	-3.380
467.180	0.531	-3.390
468.180	0.531	-3.390
469.180	0.531	-3.390
470.180	0.531	-3.380
471.180	0.531	-3.380
472.180	0.531	-3.390
473.180	0.531	-3.390
474.180	0.531	-3.380
475.180	0.531	-3.380
476.180	0.531	-3.390
477.180	0.531	-3.390
478.180	0.531	-3.380
479.180	0.531	-3.380
480.180	0.531	-3.390
481.180	0.531	-3.390
482.180	0.531	-3.380
483.180	0.531	-3.380
484.180	0.531	-3.390
485.180	0.531	-3.380
486.180	0.531	-3.380
487.180	0.531	-3.390
488.180	0.531	-3.390
489.180	0.531	-3.390
490.180	0.531	-3.380
491.180	0.531	-3.390
492.180	0.531	-3.390
493.180	0.531	-3.380
494.180	0.531	-3.380
495.180	0.530	-3.400
496.180	0.531	-3.390
497.180	0.530	-3.380
498.180	0.530	-3.380
499.180	0.531	-3.400
500.180	0.530	-3.390
501.180	0.530	-3.390
502.180	0.530	-3.380
503.180	0.531	-3.390
504.180	0.530	-3.390
505.180	0.531	-3.390
506.180	0.530	-3.390
507.180	0.531	-3.390
508.180	0.531	-3.390
509.180	0.531	-3.390
510.180	0.531	-3.390
511.180	0.531	-3.390
512.180	0.531	-3.390
513.180	0.531	-3.390
514.180	0.530	-3.390
515.180	0.531	-3.390
516.180	0.531	-3.380
517.180	0.531	-3.380
518.180	0.531	-3.400
519.180	0.528	-3.430
520.180	0.530	-11.650
521.180	0.531	-11.720
522.180	0.531	-11.710
523.180	0.531	-11.710
524.180	0.531	-11.710
525.180	0.531	-11.710
526.180	0.531	-13.120
527.180	0.531	-13.130
528.180	0.531	-13.120
529.180	0.531	-13.130
530.180	0.531	-13.130
531.180	0.531	-13.120
532.180	0.531	-13.120
533.180	0.531	-13.130
534.180	0.531	-13.130
535.180	0.531	-13.120
536.180	0.531	-13.120
537.180	0.531	-13.130
538.180	0.531	-13.130
539.180	0.531	-13.110
540.180	0.531	-13.120
541.180	0.531	-13.120
542.180	0.531	-13.120
543.180	0.531	-13.110
544.180	0.531	-13.110
545.180	0.531	-13.120
546.180	0.531	-13.120
547.180	0.531	-13.110
548.180	0.531	-13.110
549.180	0.531	-13.110
550.180	0.532	-13.110
551.180	0.532	-13.110
552.180	0.532	-13.110
553.180	0.532	-13.110
554.180	0.532	-13.110
555.180	0.532	-13.110
556.180	0.532	-13.120
557.180	0.532	-13.120
558.180	0.532	-13.100
559.180	0.532	-13.110
560.180	0.532	-13.110
561.180	0.532	-13.120
562.180	0.531	-13.110
563.180	0.532	-13.100
564.180	0.532	-13.120
565.180	0.532	-13.110
566.180	0.532	-13.100
567.180	0.532	-13.100
568.180	0.532	-13.110
569.180	0.532	-13.110
570.180	0.532	-13.100
571.180	0.531	-13.100
572.180	0.532	-13.110
573.180	0.532	-13.100
574.180	0.532	-13.100
575.180	0.532	-13.110
576.180	0.532	-13.100
577.180	0.532	-13.100
578.180	0.532	-13.100
579.180	0.532	-13.110
580.180	0.532	-13.110
581.180	0.532	-13.100
582.180	0.532	-13.100
583.180	0.531	-13.110
584.180	0.532	-13.110
585.180	0.532	-13.100
586.180	0.532	-13.100
587.180	0.532	-13.110
588.180	0.532	-13.110
589.180	0.532	-13.100
590.180	0.532	-13.100
591.180	0.532	-13.110
592.180	0.532	-13.110
593.180	0.532	-13.100
594.180	0.532	-13.110
595.180	0.532	-13.110
596.180	0.532	-13.110
597.180	0.532	-13.110
598.180	0.532	-13.110
599.180	0.532	-13.110
600.180	0.532	-13.110
601.180	0.532	-13.110
602.180	0.532	-13.110
603.180	0.532	-13.110
604.180	0.532	-13.100
605.180	0.532	-13.110
606.180	0.532	-13.110
607.180	0.532	-13.110
608.180	0.532	-13.090
609.180	0.532	-13.100
610.180	0.532	-13.100
611.180	0.532	-13.110
612.180	0.532	-13.090
613.180	0.532	-13.100
614.180	0.532	-13.100
615.180	0.532	-13.100
616.180	0.532	-13.100
617.180	0.532	-13.090
618.180	0.532	-13.090
619.180	0.532	-13.090
620.180	0.532	-13.090
621.180	0.532	-13.090
622.180	0.532	-13.090
623.180	0.532	-13.090
624.180	0.532	-13.090
625.180	0.532	-13.090
626.180	0.532	-13.090
627.180	0.532	-13.090
628.180	0.532	-13.090
629.180	0.532	-13.100
630.180	0.532	-13.090
631.180	0.532	-13.080
632.180	0.532	-13.080
633.180	0.532	-13.090
634.180	0.532	-13.090
635.180	0.532	-13.080
636.180	0.532	-13.080
637.180	0.532	-13.090
638.180	0.532	-13.090
639.180	0.532	-13.090
640.180	0.532	-13.090
641.180	0.531	-13.100
642.180	0.531	-13.080
643.180	0.531	-13.090
644.180	0.531	-13.090
645.180	0.531	-13.100
646.180	0.531	-13.080
