0.179	0.000	-0.000
1.179	0.000	0.000
2.179	-0.000	-0.000
3.179	0.000	-0.000
4.179	0.000	0.000
5.179	-0.000	0.000
6.179	0.000	0.002
7.179	-0.000	-0.000
8.179	-0.000	-0.001
9.179	0.000	-0.000
10.179	0.000	0.000
11.179	0.000	-0.000
12.179	0.000	-0.000
13.179	-0.000	-0.001
14.179	0.000	-0.001
15.179	0.000	-0.001
16.179	-0.000	-0.000
17.179	0.000	-0.000
18.179	0.000	-0.000
19.179	-0.000	-0.001
20.179	0.000	-0.001
21.179	0.000	-0.000
22.179	-0.000	-0.000
23.179	0.000	0.000
24.179	0.000	0.000
25.179	-0.000	-0.000
26.179	0.000	-0.000
27.179	0.000	0.000
28.179	-0.000	-0.000
29.179	0.000	0.000
30.179	-0.000	0.000
31.179	-0.000	-0.000
32.179	0.000	-0.000
33.179	-0.000	-0.000
34.179	0.000	-0.000
35.179	0.000	0.000
36.180	-0.000	-0.000
37.179	0.000	-0.000
38.179	0.000	-0.000
39.179	-0.000	0.001
40.179	0.000	0.000
41.179	0.000	0.001
42.179	-0.000	-0.000
43.179	0.000	-0.000
44.179	-0.000	-0.000
45.179	-0.000	-0.000
46.179	0.000	-0.000
47.179	-0.000	-0.000
48.179	0.000	0.000
49.179	0.000	-0.000
50.179	-0.000	0.000
51.179	0.000	-0.000
52.179	0.000	-0.000
53.179	-0.000	0.000
54.179	0.000	-0.001
55.179	0.000	-0.001
56.179	-0.000	-0.001
57.179	0.000	-0.000
58.179	-0.000	-0.001
59.179	-0.000	-0.000
60.179	0.000	-0.000
61.179	-0.000	-0.000
62.179	0.000	-0.000
63.179	0.000	-0.001
64.179	-0.000	-0.000
65.179	0.000	-0.000
66.179	0.000	0.000
67.179	-0.000	-0.000
68.179	0.000	-0.000
69.179	0.000	-0.000
70.179	-0.000	-0.001
71.179	0.000	0.000
72.179	0.000	0.000
73.179	-0.000	-0.000
74.179	0.000	-0.000
75.180	-0.000	-0.000
76.179	-0.000	-0.000
77.179	0.000	-0.000
78.179	-0.000	-0.000
79.179	0.000	-0.000
80.179	0.000	-0.001
81.179	-0.000	-0.001
82.179	0.000	-0.000
83.179	0.000	-0.001
84.179	-0.000	-0.000
85.179	0.000	0.000
86.179	-0.000	-0.000
87.179	-0.000	-0.000
88.179	0.000	-0.000
89.179	-0.000	-0.000
90.179	0.000	0.000
91.179	0.000	-0.000
92.179	-0.000	-0.000
93.179	0.000	-0.000
94.179	0.000	-0.000
95.179	0.000	-0.000
96.179	0.000	-0.000
97.179	-0.000	0.000
98.179	0.000	-0.000
99.179	0.000	-0.001
100.179	-0.000	-0.001
101.179	0.000	-0.000
102.179	0.000	-0.000
103.179	-0.000	0.000
104.179	0.000	-0.000
105.179	-0.000	-0.001
106.179	-0.000	-0.000
107.179	0.000	-0.000
108.179	-0.000	-0.000
109.179	0.000	0.000
110.179	0.000	0.000
111.179	-0.000	0.000
112.180	0.000	-0.001
113.179	0.000	-0.000
114.179	-0.000	-0.002
115.179	0.000	-0.000
116.179	0.000	0.000
117.179	-0.000	-0.000
118.179	0.000	0.000
119.179	-0.000	-0.002
120.179	-0.000	-0.000
121.179	0.000	-0.000
122.179	-0.000	-0.000
123.179	0.000	0.000
124.179	0.000	-0.001
125.179	-0.000	-0.001
126.179	0.000	-0.000
127.179	0.000	-0.002
128.179	-0.000	-0.000
129.179	0.000	0.001
130.179	0.000	-0.002
131.179	-0.000	0.000
132.179	0.000	-0.000
133.179	-0.000	-0.001
134.179	-0.000	-0.000
135.179	0.000	0.000
136.179	0.000	-0.000
137.179	0.000	-0.000
138.179	0.000	-0.001
139.179	-0.000	0.000
140.179	0.000	-0.000
141.179	0.000	-0.000
142.179	-0.000	-0.000
143.179	0.000	-0.001
144.179	0.000	-0.001
145.179	-0.000	-0.000
146.179	0.000	-0.000
147.179	0.000	-0.000
148.179	-0.000	-0.001
149.179	0.000	-0.000
150.179	0.000	-0.002
151.179	-0.000	-0.000
152.179	0.000	0.000
153.179	0.000	-0.000
154.179	-0.000	-0.000
155.179	0.000	-0.000
156.179	-0.000	-0.000
157.179	-0.000	0.000
158.179	0.000	-0.001
159.179	-0.000	-0.001
160.179	0.000	-0.000
161.179	0.000	-0.000
162.179	-0.000	-0.000
163.179	0.000	0.000
164.179	0.000	-0.000
165.179	-0.000	0.000
166.179	0.000	-0.000
167.179	0.000	-0.002
168.179	-0.000	-0.002
169.179	0.000	-0.000
170.179	0.000	-0.001
171.179	-0.000	-0.000
172.179	0.000	-0.000
173.179	0.000	-0.000
174.179	-0.000	-0.000
175.179	0.000	-0.000
176.179	0.000	-0.000
177.179	-0.000	-0.000
178.179	0.000	-0.000
179.183	-0.000	-0.000
180.179	-0.000	-0.001
181.179	0.000	-0.000
182.179	-0.000	-0.002
183.179	-0.000	-0.001
184.179	0.000	-0.000
185.179	-0.000	-0.001
186.179	0.000	-0.000
187.179	0.000	-0.000
188.179	0.000	-0.000
189.179	0.000	-0.000
190.179	0.000	-0.000
191.179	-0.000	-0.001
192.179	0.000	-0.002
193.179	0.000	-0.001
194.179	-0.000	0.000
195.179	0.000	-0.000
196.179	0.000	-0.000
197.179	-0.000	-0.000
198.179	0.000	-0.001
199.179	0.000	-0.000
200.179	-0.000	-0.000
201.179	0.000	0.000
202.179	0.000	-0.000
203.179	-0.000	-0.000
204.179	0.000	-0.001
205.179	0.000	-0.000
206.179	-0.000	-0.000
207.179	0.000	-0.000
208.179	-0.000	0.000
209.179	-0.000	-0.002
210.179	0.000	-0.000
211.179	-0.000	-0.000
212.179	0.000	-0.002
213.179	0.000	-0.000
214.179	-0.000	-0.000
215.179	0.000	-0.000
216.179	0.000	-0.001
217.179	-0.000	-0.001
218.179	0.000	-0.000
219.179	0.000	-0.001
220.179	-0.000	0.000
221.179	0.000	-0.000
222.179	0.000	-0.001
223.179	-0.000	-0.000
224.179	0.000	-0.002
225.179	0.000	-0.001
226.179	0.000	-0.001
227.179	0.000	-0.001
228.179	-0.000	-0.000
229.179	0.000	-0.000
230.179	0.000	-0.000
231.179	-0.000	-0.000
232.179	0.000	-0.000
233.179	0.000	-0.002
234.179	-0.000	-0.001
235.179	0.000	-0.002
236.179	0.000	-0.001
237.179	-0.000	-0.000
238.180	0.000	-0.000
239.179	0.000	-0.002
240.179	-0.000	-0.001
241.179	0.000	-0.000
242.179	0.000	-0.002
243.179	0.000	-0.000
244.179	0.000	-0.002
245.179	-0.000	-0.002
246.179	0.000	-0.001
247.179	0.000	-0.000
248.179	-0.000	-0.000
249.179	0.000	-0.000
250.179	0.000	-0.001
251.179	-0.000	-0.000
252.179	0.000	-0.000
253.179	0.000	-0.002
254.179	-0.000	-0.000
255.179	0.000	-0.001
256.179	0.000	-0.001
257.179	0.000	-0.002
258.179	0.000	-0.001
259.180	-0.000	-0.002
260.179	0.000	-0.000
261.179	0.000	-0.000
262.179	-0.000	-0.001
263.179	0.000	-0.001
264.179	0.000	-0.001
265.179	-0.000	-0.000
266.179	0.000	-0.001
267.179	0.000	-0.000
268.179	0.000	-0.000
269.179	0.000	-0.001
270.179	-0.000	-0.003
271.179	0.000	-0.001
272.179	0.000	-0.002
273.179	-0.000	-0.000
274.179	0.000	-0.001
275.179	0.000	-0.002
276.179	-0.000	-0.000
277.179	0.000	-0.000
278.179	0.000	-0.001
279.179	-0.000	-0.001
280.179	0.000	-0.000
281.179	0.000	-0.002
282.179	0.000	-0.000
283.179	0.000	-0.002
284.179	-0.000	-0.001
285.179	-0.000	-0.001
286.179	0.000	-0.001
287.179	-0.000	-0.000
288.179	0.000	-0.002
289.179	0.000	-0.002
290.179	-0.000	-0.000
291.179	0.000	-0.000
292.179	0.000	-0.001
293.179	-0.000	-0.002
294.179	0.000	-0.000
295.179	0.000	-0.002
296.179	-0.000	-0.001
297.182	0.000	-0.000
298.179	0.000	-0.000
299.179	-0.000	-0.001
300.179	0.000	-0.002
301.179	-0.000	-0.002
302.179	-0.000	-0.000
303.179	0.000	-0.001
304.179	-0.000	-0.000
305.179	0.000	-0.002
306.180	0.000	-0.002
307.182	-0.000	-0.002
308.179	0.000	-0.000
309.179	0.000	-0.000
310.179	-0.000	-0.000
311.179	0.000	-0.000
312.179	0.000	-0.002
313.179	-0.000	-0.002
314.179	0.000	-0.003
315.179	-0.000	-0.002
316.179	0.000	-0.002
317.179	0.000	-0.002
318.179	-0.000	-0.001
319.179	0.000	-0.002
320.179	0.000	-0.002
321.179	-0.000	-0.000
322.179	0.000	-0.000
323.179	0.000	-0.001
324.179	-0.000	-0.002
325.179	0.000	-0.002
326.179	-0.000	-0.002
327.179	0.000	-0.002
328.179	0.000	-0.001
329.179	-0.000	-0.001
330.179	0.000	-0.002
331.179	0.000	-0.002
332.179	-0.000	-0.000
333.179	0.000	-0.002
334.179	0.000	-0.002
335.179	-0.000	-0.000
336.179	0.000	-0.002
337.179	-0.000	-0.001
338.179	0.000	-0.002
339.183	0.000	-0.001
340.179	-0.000	-0.001
341.179	0.000	-0.000
342.179	0.000	-0.002
343.179	-0.000	-0.002
344.179	0.000	-0.002
345.179	0.000	-0.002
346.179	-0.000	-0.001
347.179	0.000	-0.001
348.179	-0.000	-0.001
349.179	-0.000	-0.002
350.179	0.000	-0.002
351.179	-0.000	-0.002
352.179	0.000	-0.000
353.179	0.000	-0.001
354.179	-0.000	-0.000
355.179	0.000	-0.001
356.179	0.000	-0.002
357.179	-0.000	-0.000
358.179	0.000	-0.000
359.179	-0.000	-0.002
360.179	-0.000	-0.001
361.179	0.000	-0.001
362.179	-0.000	-0.002
363.179	0.000	-0.002
364.179	0.000	-0.002
365.179	-0.000	-0.001
366.179	0.000	-0.002
367.179	0.000	-0.002
368.179	-0.000	-0.001
369.179	0.000	-0.001
370.179	0.000	-0.002
371.179	-0.000	-0.001
372.179	0.000	-0.000
373.179	-0.000	-0.002
374.179	-0.000	-0.002
375.180	0.000	-0.001
376.179	-0.000	-0.002
377.179	0.000	-0.000
378.179	0.000	-0.002
379.179	-0.000	-0.001
380.179	0.000	-0.001
381.179	0.000	-0.002
382.179	-0.000	-0.001
383.179	0.000	-0.000
384.179	0.000	-0.002
385.179	-0.000	-0.001
386.179	0.000	-0.000
387.179	-0.000	-0.001
388.179	0.000	-0.002
389.179	0.000	-0.000
390.179	-0.000	-0.002
391.179	0.000	-0.002
392.179	0.000	-0.003
393.179	-0.000	-0.002
394.179	0.000	-0.000
395.179	0.000	-0.002
396.179	0.000	-0.002
397.182	0.000	-0.002
398.179	-0.000	-0.002
399.179	0.000	-0.002
400.179	0.000	-0.002
401.179	-0.000	-0.001
402.179	0.000	-0.002
403.179	-0.000	-0.002
404.179	-0.000	-0.000
405.179	0.000	-0.001
406.179	-0.000	-0.001
407.179	0.000	-0.002
408.179	0.000	-0.002
409.179	-0.000	-0.001
410.179	0.000	-0.000
411.182	0.000	-0.000
412.179	-0.000	-0.000
413.179	0.000	-0.002
414.179	0.000	-0.002
415.179	-0.000	-0.001
416.179	0.000	-0.002
417.179	-0.000	-0.002
418.179	0.000	-0.001
419.179	0.000	-0.002
420.179	-0.000	-0.003
421.179	0.000	-0.002
422.179	0.000	-0.001
423.179	-0.000	-0.002
424.179	0.000	-0.003
425.179	0.000	-0.002
426.179	0.000	-0.000
427.179	0.000	-0.001
428.179	-0.000	-0.002
429.179	0.000	-0.001
430.179	0.000	-0.002
431.179	-0.000	-0.002
432.179	0.000	-0.002
433.179	0.000	-0.002
434.179	-0.000	-0.000
435.179	0.000	-0.000
436.179	-0.000	-0.002
437.179	-0.000	-0.002
438.179	0.000	-0.002
439.179	-0.000	-0.002
440.179	0.000	-0.003
441.179	0.000	-0.000
442.179	-0.000	-0.002
443.179	0.000	-0.002
444.179	0.000	-0.002
445.179	-0.000	-0.002
446.179	0.000	-0.001
447.179	0.000	-0.001
448.179	-0.000	-0.002
449.179	0.000	-0.002
450.179	-0.000	-0.002
451.179	-0.000	-0.002
452.179	0.000	-0.000
453.179	-0.000	-0.000
454.179	0.000	-0.001
455.179	0.000	-0.001
456.179	-0.000	-0.002
457.179	0.000	-0.001
458.179	0.000	-0.000
459.179	-0.000	-0.000
460.179	0.000	-0.001
461.179	0.000	-0.002
462.179	-0.000	-0.003
463.179	0.000	-0.002
464.179	0.000	-0.000
465.179	-0.000	-0.001
466.179	0.000	-0.002
467.179	0.000	-0.002
468.179	-0.000	-0.002
469.179	0.000	-0.002
470.179	-0.000	-0.002
471.179	-0.000	-0.002
472.179	0.000	-0.002
473.179	-0.000	-0.002
474.179	0.000	-0.002
475.179	0.000	-0.001
476.179	-0.000	-0.002
477.179	0.000	-0.001
478.179	0.000	-0.002
479.179	-0.000	-0.001
480.179	0.000	-0.002
481.181	0.000	-0.002
482.179	-0.000	-0.001
483.179	0.000	-0.001
484.179	0.000	-0.002
485.179	-0.000	-0.002
486.179	0.000	-0.003
487.179	0.000	-0.001
488.179	-0.000	-0.002
489.179	0.000	-0.001
490.179	0.000	-0.002
491.181	0.000	-0.003
492.179	0.000	-0.003
493.179	0.000	-0.001
494.179	0.000	-0.002
495.179	0.000	-0.002
496.179	-0.000	-0.001
497.179	-0.000	-0.002
498.179	0.000	-0.001
499.179	-0.000	-0.002
500.179	-0.000	-0.001
501.179	0.000	-0.001
502.179	-0.000	-0.000
503.179	0.000	-0.001
504.179	0.000	-0.003
505.179	-0.000	-0.002
506.179	0.000	-0.002
507.179	0.000	-0.002
508.179	-0.000	-0.002
509.179	0.000	-0.002
510.179	0.000	-0.001
511.179	-0.000	-0.002
512.179	0.000	-0.002
513.179	-0.000	-0.001
514.179	-0.000	-0.001
515.179	0.000	-0.002
516.179	-0.000	-0.002
517.179	0.000	-0.002
518.179	0.000	-0.002
519.179	-0.000	-0.001
520.179	0.000	-0.000
521.179	0.000	-0.002
522.179	-0.000	-0.002
523.179	0.000	-0.003
524.179	0.000	-0.002
525.179	-0.000	-0.002
526.179	0.000	-0.000
527.179	0.000	-0.002
528.179	-0.000	-0.002
529.180	0.000	-0.002
530.179	0.000	-0.002
531.179	-0.000	-0.002
532.179	0.000	-0.002
533.181	-0.000	-0.000
534.179	0.000	-0.001
535.179	0.000	-0.000
536.179	-0.000	-0.002
537.181	0.000	-0.002
538.179	0.000	-0.003
539.179	-0.000	-0.003
540.179	0.000	-0.002
541.179	0.000	-0.002
542.179	-0.000	-0.003
543.179	0.000	-0.003
544.179	0.000	-0.002
545.179	-0.000	-0.002
546.179	0.000	-0.003
547.179	-0.000	-0.000
548.179	-0.000	-0.002
549.179	0.000	-0.003
550.179	0.000	-0.002
551.179	0.000	-0.002
552.179	0.000	-0.002
553.180	-0.000	-0.002
554.179	0.000	-0.001
555.179	0.000	-0.002
556.179	-0.000	-0.002
557.181	0.000	-0.002
558.179	0.000	-0.002
559.179	-0.000	-0.002
560.179	0.000	-0.002
561.181	-0.000	-0.003
562.179	-0.000	-0.003
563.179	0.000	-0.003
564.179	-0.000	-0.002
565.179	0.000	-0.000
566.179	0.000	-0.002
567.181	-0.000	-0.002
568.179	0.000	-0.003
569.179	0.000	-0.003
570.179	-0.000	-0.001
571.179	0.000	-0.002
572.179	0.000	-0.002
573.179	-0.000	-0.002
574.179	0.000	-0.002
575.179	-0.000	-0.002
576.179	-0.000	-0.002
577.179	0.000	-0.002
578.179	-0.000	-0.002
579.179	-0.000	-0.002
580.179	0.000	-0.002
581.179	-0.000	-0.003
582.179	0.000	-0.002
583.179	0.000	-0.000
584.179	-0.000	-0.002
585.179	0.000	-0.002
586.179	0.000	-0.003
587.179	-0.000	-0.002
588.179	0.000	-0.002
589.179	0.000	-0.002
590.179	-0.000	-0.002
591.179	0.000	-0.003
592.179	-0.000	-0.003
593.179	-0.000	-0.001
594.179	0.000	-0.002
595.180	-0.000	-0.001
596.179	0.000	-0.000
597.179	0.000	-0.001
598.179	-0.000	-0.001
599.179	0.000	-0.002
600.179	0.000	-0.003
