0.178	-3.746	0.150
1.178	-3.746	0.150
2.178	-3.746	0.150
3.178	-3.746	0.151
4.178	-3.746	0.149
5.178	-3.746	0.152
6.179	-3.746	0.151
7.178	-3.746	0.150
8.178	-3.746	0.151
9.178	-3.746	0.149
10.178	-3.746	0.149
11.178	-3.746	0.150
12.178	-3.746	0.150
13.178	-3.746	0.150
14.178	-3.746	0.150
15.178	-3.746	0.149
16.178	-3.746	0.150
17.178	-3.746	0.151
18.178	-3.746	0.150
19.178	-3.746	0.151
20.178	-3.746	0.151
21.178	-3.746	0.150
22.178	-3.746	0.151
23.178	-3.746	0.151
24.178	-3.746	0.152
25.178	-3.746	0.150
26.178	-3.746	0.151
27.178	-3.746	0.150
28.178	-3.746	0.151
29.178	-3.746	0.150
30.178	-3.746	0.152
31.178	-3.746	0.151
32.178	-3.745	0.151
33.178	-3.785	0.151
34.178	-3.807	0.151
35.178	-3.807	0.150
36.178	-3.807	0.152
37.178	-3.807	0.150
38.178	-3.807	0.151
39.178	-3.807	0.151
40.178	-3.807	0.150
41.178	-3.807	0.151
42.178	-3.807	0.151
43.178	-3.808	0.151
44.178	-3.807	0.151
45.178	-3.808	0.152
46.178	-3.808	0.152
47.178	-3.808	0.152
48.178	-3.808	0.151
49.178	-3.807	0.150
50.178	-3.808	0.150
51.178	-3.808	0.150
52.178	-3.808	0.151
53.178	-3.808	0.150
54.178	-3.808	0.152
55.178	-3.808	0.151
56.178	-3.807	0.151
57.178	-3.807	0.150
58.178	-3.807	0.151
59.178	-3.807	0.151
60.178	-3.807	0.151
61.178	-3.808	0.150
62.178	-3.808	0.150
63.178	-3.808	0.151
64.178	-3.808	0.150
65.178	-3.808	0.152
66.178	-3.807	0.150
67.178	-3.807	0.151
68.178	-3.807	0.151
69.178	-3.808	0.151
70.178	-3.807	0.150
71.178	-3.807	0.150
72.178	-3.807	0.151
73.178	-3.807	0.150
74.178	-3.807	0.149
75.178	-3.807	0.150
76.178	-3.807	0.151
77.178	-3.796	0.150
78.178	-3.809	0.150
79.178	-3.811	0.151
80.178	-3.810	0.151
81.178	-3.907	0.151
82.178	-3.908	0.151
83.178	-3.908	0.151
84.178	-3.908	0.150
85.178	-3.908	0.151
86.178	-3.908	0.150
87.178	-3.908	0.152
88.178	-3.908	0.150
89.178	-3.908	0.150
90.178	-3.908	0.151
91.178	-3.908	0.150
92.178	-3.908	0.151
93.178	-3.908	0.151
94.178	-3.908	0.151
95.178	-3.908	0.150
96.178	-3.908	0.151
97.178	-3.908	0.150
98.178	-3.908	0.150
99.178	-3.908	0.151
100.178	-3.908	0.151
101.178	-3.908	0.151
102.178	-3.908	0.151
103.178	-3.908	0.152
104.178	-3.908	0.150
105.178	-3.908	0.151
106.178	-3.908	0.150
107.178	-3.908	0.150
108.178	-3.908	0.151
109.178	-3.908	0.151
110.178	-3.908	0.150
111.178	-3.907	0.151
112.178	-3.908	0.150
113.178	-3.908	0.150
114.178	-3.908	0.152
115.178	-3.908	0.150
116.178	-3.908	0.150
117.178	-3.908	0.151
118.178	-3.908	0.152
119.178	-3.908	0.151
120.178	-3.908	0.149
121.178	-3.908	0.151
122.178	-3.908	0.151
123.178	-3.908	0.150
124.178	-3.908	0.151
125.178	-3.907	0.150
126.178	-4.004	0.150
127.178	-4.004	0.151
128.178	-4.004	0.151
129.178	-4.003	0.151
130.178	-4.003	0.151
131.178	-4.003	0.173
132.178	-4.003	0.151
133.178	-4.003	0.150
134.178	-4.003	0.151
135.178	-4.003	0.150
136.178	-4.003	0.150
137.178	-4.003	0.150
138.178	-4.003	0.152
139.178	-4.003	0.152
140.178	-4.003	0.151
141.178	-4.003	0.151
142.178	-4.003	0.151
143.178	-4.003	0.149
144.178	-4.003	0.150
145.178	-4.003	0.151
146.178	-4.003	0.151
147.178	-4.003	0.151
148.178	-4.003	0.151
149.178	-4.003	0.150
150.178	-4.003	0.149
151.178	-4.003	0.150
152.178	-4.003	0.150
153.178	-4.003	0.151
154.178	-4.003	0.150
155.178	-4.003	0.150
156.178	-4.003	0.151
157.178	-4.003	0.151
158.178	-4.003	0.149
159.178	-4.003	0.150
160.178	-4.003	0.150
161.178	-4.004	0.149
162.178	-4.003	0.150
163.178	-4.003	0.150
164.178	-4.003	0.150
165.178	-4.003	0.150
166.178	-4.003	0.150
167.178	-4.003	0.150
168.178	-4.084	0.149
169.178	-4.133	0.150
170.178	-4.133	0.150
171.178	-4.133	0.150
172.178	-4.133	0.150
173.178	-4.133	0.150
174.178	-4.133	0.149
175.178	-4.133	0.150
176.178	-4.133	0.149
177.178	-4.133	0.149
178.178	-4.133	0.149
179.178	-4.133	0.149
180.178	-4.133	0.149
181.178	-4.133	0.150
182.178	-4.133	0.149
183.178	-4.133	0.148
184.178	-4.133	0.149
185.178	-4.133	0.149
186.178	-4.133	0.149
187.178	-4.133	0.149
188.178	-4.133	0.148
189.178	-4.133	0.149
190.178	-4.133	0.147
191.178	-4.133	0.148
192.178	-4.133	0.148
193.178	-4.133	0.149
194.178	-4.133	0.148
195.178	-4.133	0.147
196.178	-4.133	0.147
197.178	-4.133	0.148
198.178	-4.133	0.148
199.178	-4.134	0.148
200.178	-4.133	0.148
201.178	-4.133	0.148
202.178	-4.133	0.149
203.178	-4.134	0.147
204.178	-4.133	0.147
205.178	-4.134	0.149
206.178	-4.133	0.148
207.178	-4.162	0.148
208.178	-4.198	0.147
209.178	-4.198	0.148
210.178	-4.198	0.147
211.178	-4.199	0.148
212.178	-4.199	0.148
213.178	-4.199	0.147
214.178	-4.199	0.145
215.178	-4.198	0.146
216.178	-4.198	0.146
217.178	-4.199	0.146
218.178	-4.198	0.147
219.178	-4.198	0.147
220.178	-4.199	0.147
221.178	-4.199	0.145
222.178	-4.199	0.146
223.178	-4.199	0.147
224.178	-4.199	0.147
225.178	-4.199	0.146
226.178	-4.199	0.145
227.178	-4.199	0.145
228.178	-4.199	0.145
229.178	-4.199	0.145
230.178	-4.199	0.146
231.178	-4.199	0.146
232.178	-4.199	0.144
233.178	-4.199	0.144
234.178	-4.199	0.144
235.178	-4.199	0.145
236.178	-4.198	0.144
237.178	-4.198	0.146
238.178	-4.198	0.145
239.178	-4.198	0.145
240.178	-4.198	0.145
241.178	-4.198	0.144
242.178	-4.199	0.143
243.178	-4.199	0.144
244.178	-4.199	0.144
245.178	-4.198	0.144
246.178	-4.198	0.143
247.178	-4.198	0.144
248.178	-4.198	0.145
249.178	-4.198	0.143
250.178	-4.198	0.144
251.178	-4.199	0.144
252.178	-4.199	0.143
253.178	-4.198	0.143
254.178	-4.198	0.144
255.178	-4.294	0.144
256.178	-4.295	0.142
257.178	-4.295	0.142
258.178	-4.295	0.144
259.178	-4.295	0.142
260.178	-4.295	0.144
261.178	-4.295	0.142
262.178	-4.295	0.142
263.178	-4.295	0.142
264.178	-4.295	0.140
265.178	-4.295	0.141
266.178	-4.295	0.142
267.178	-4.295	0.142
268.178	-4.295	0.142
269.178	-4.295	0.140
270.178	-4.295	0.141
271.178	-4.295	0.141
272.178	-4.295	0.142
273.178	-4.295	0.140
274.178	-4.295	0.140
275.178	-4.295	0.141
276.178	-4.295	0.141
277.178	-4.295	0.139
278.178	-4.295	0.140
279.178	-4.295	0.139
280.178	-4.295	0.140
281.178	-4.295	0.140
282.178	-4.295	0.139
283.178	-4.295	0.139
284.178	-4.295	0.139
285.178	-4.295	0.140
286.178	-4.295	0.137
287.178	-4.295	0.137
288.178	-4.295	0.138
289.178	-4.295	0.139
290.178	-4.295	0.140
291.178	-4.295	0.139
292.178	-4.295	0.139
293.178	-4.295	0.138
294.178	-4.295	0.137
295.178	-4.295	0.139
296.178	-4.295	0.137
297.178	-4.295	0.137
298.178	-4.295	0.138
299.178	-4.295	0.137
300.178	-4.295	0.138
301.178	-4.295	0.137
302.178	-4.295	0.138
303.178	-4.295	0.137
304.178	-4.328	0.138
305.178	-4.329	0.138
306.178	-4.329	0.137
307.178	-4.329	0.138
308.178	-4.328	0.139
309.178	-4.393	0.137
310.178	-4.393	0.137
311.178	-4.393	0.135
312.178	-4.393	0.135
313.178	-4.393	0.135
314.178	-4.393	0.136
315.178	-4.393	0.137
316.178	-4.393	0.136
317.178	-4.393	0.134
318.178	-4.393	0.135
319.178	-4.393	0.135
320.178	-4.393	0.134
321.178	-4.393	0.134
322.178	-4.393	0.133
323.178	-4.393	0.133
324.178	-4.393	0.132
325.178	-4.393	0.133
326.178	-4.393	0.132
327.178	-4.393	0.133
328.178	-4.393	0.132
329.178	-4.393	0.132
330.178	-4.393	0.131
331.178	-4.393	0.132
332.178	-4.393	0.132
333.178	-4.393	0.132
334.178	-4.393	0.131
335.178	-4.393	0.130
336.178	-4.393	0.131
337.178	-4.393	0.130
338.178	-4.393	0.130
339.178	-4.393	0.131
340.178	-4.393	0.129
341.178	-4.393	0.130
342.178	-4.393	0.129
343.178	-4.393	0.130
344.178	-4.393	0.129
345.178	-4.393	0.130
346.178	-4.393	0.131
347.178	-4.393	0.128
348.178	-4.393	0.130
349.178	-4.393	0.129
350.178	-4.393	0.130
351.178	-4.393	0.130
352.178	-4.393	0.129
353.178	-4.393	0.128
354.178	-4.393	0.128
355.178	-4.393	0.129
356.178	-4.393	0.128
357.178	-4.393	0.128
358.178	-4.393	0.128
359.178	-4.393	0.128
360.178	-4.393	0.128
361.178	-4.393	0.128
362.178	-4.393	0.129
363.178	-4.393	0.128
364.178	-4.393	0.128
365.178	-4.393	0.129
366.178	-4.393	0.127
367.178	-4.530	0.128
368.178	-4.554	0.128
369.178	-4.554	0.127
370.178	-4.554	0.125
371.178	-4.554	0.125
372.178	-4.554	0.124
373.178	-4.554	0.123
374.178	-4.554	0.124
375.178	-4.554	0.123
376.178	-4.554	0.122
377.178	-4.554	0.121
378.178	-4.554	0.121
379.178	-4.554	0.121
380.178	-4.554	0.120
381.178	-4.554	0.120
382.178	-4.554	0.121
383.178	-4.554	0.120
384.178	-4.554	0.119
385.178	-4.554	0.120
386.178	-4.554	0.118
387.178	-4.554	0.118
388.178	-4.554	0.118
389.178	-4.554	0.117
390.178	-4.554	0.117
391.178	-4.554	0.117
392.178	-4.554	0.118
393.178	-4.554	0.118
394.178	-4.554	0.116
395.178	-4.554	0.117
396.178	-4.554	0.116
397.178	-4.554	0.117
398.178	-4.554	0.115
399.178	-4.554	0.115
400.178	-4.554	0.114
401.178	-4.554	0.116
402.178	-4.554	0.114
403.178	-4.554	0.115
404.178	-4.554	0.115
405.178	-4.554	0.114
406.178	-4.635	0.114
407.178	-4.691	0.112
408.178	-4.691	0.113
409.178	-4.691	0.111
410.178	-4.690	0.111
411.178	-4.690	0.109
412.178	-4.690	0.109
413.178	-4.690	0.107
414.178	-4.690	0.107
415.178	-4.690	0.106
416.178	-4.690	0.106
417.178	-4.690	0.105
418.178	-4.690	0.103
419.178	-4.690	0.104
420.178	-4.690	0.104
421.178	-4.690	0.104
422.178	-4.690	0.103
423.178	-4.690	0.102
424.178	-4.690	0.102
425.178	-4.690	0.101
426.178	-4.690	0.101
427.178	-4.690	0.101
428.178	-4.690	0.101
429.178	-4.690	0.100
430.178	-4.690	0.099
431.178	-4.690	0.099
432.178	-4.690	0.099
433.178	-4.690	0.099
434.178	-4.690	0.099
435.178	-4.690	0.098
436.178	-4.690	0.097
437.178	-4.690	0.097
438.178	-4.690	0.096
439.178	-4.690	0.097
440.178	-4.689	0.097
441.178	-4.690	0.096
442.178	-4.690	0.096
443.178	-4.690	0.096
444.178	-4.690	0.096
445.178	-4.690	0.095
446.178	-4.690	0.094
447.178	-4.690	0.094
448.178	-4.689	0.093
449.178	-4.690	0.093
450.178	-4.689	0.095
451.178	-4.689	0.094
452.178	-4.688	0.093
453.178	-4.748	0.093
454.178	-4.749	0.093
455.178	-4.750	0.093
456.178	-4.750	0.092
457.178	-4.750	0.091
458.178	-4.750	0.091
459.178	-4.750	0.091
460.178	-4.749	0.089
461.178	-4.749	0.089
462.178	-4.750	0.089
463.178	-4.749	0.088
464.178	-4.750	0.087
465.178	-4.749	0.086
466.178	-4.749	0.087
467.178	-4.749	0.086
468.178	-4.749	0.084
469.178	-4.750	0.085
470.178	-4.749	0.085
471.178	-4.750	0.084
472.178	-4.749	0.085
473.178	-4.749	0.084
474.178	-4.750	0.083
475.178	-4.749	0.083
476.178	-4.750	0.083
477.178	-4.750	0.083
478.178	-4.750	0.082
479.178	-4.749	0.083
480.178	-4.749	0.082
481.178	-4.750	0.081
482.178	-4.750	0.082
483.178	-4.749	0.081
484.178	-4.749	0.080
485.178	-4.750	0.080
486.178	-4.750	0.080
487.178	-4.750	0.079
488.178	-4.749	0.078
489.178	-4.750	0.079
490.178	-4.750	0.079
491.178	-4.749	0.079
492.178	-4.749	0.079
493.178	-4.749	0.078
494.178	-4.749	0.077
495.178	-4.749	0.078
496.178	-4.749	0.078
497.178	-4.749	0.077
498.178	-4.750	0.077
499.178	-4.876	0.078
500.178	-4.876	0.076
501.178	-4.876	0.075
502.178	-4.876	0.075
503.178	-4.876	0.073
504.178	-4.876	0.072
505.178	-4.876	0.072
506.178	-4.876	0.071
507.178	-4.876	0.071
508.178	-4.876	0.070
509.178	-4.876	0.069
510.178	-4.876	0.069
511.178	-4.876	0.068
512.178	-4.876	0.067
513.178	-4.876	0.067
514.178	-4.876	0.066
515.178	-4.876	0.066
516.178	-4.875	0.066
517.178	-4.876	0.064
518.178	-4.875	0.065
519.178	-4.875	0.064
520.178	-4.876	0.063
521.178	-4.876	0.061
522.178	-4.876	0.063
523.178	-4.876	0.062
524.178	-4.876	0.061
525.178	-4.876	0.061
526.178	-4.876	0.060
527.178	-4.876	0.061
528.178	-4.876	0.060
529.178	-4.876	0.059
530.178	-4.876	0.058
531.178	-4.876	0.057
532.178	-4.876	0.058
533.178	-4.875	0.057
534.178	-4.876	0.058
535.178	-4.876	0.057
536.178	-4.876	0.056
537.178	-4.876	0.057
538.178	-4.876	0.056
539.178	-4.876	0.056
540.178	-4.876	0.056
541.178	-4.876	0.055
542.178	-4.876	0.055
543.178	-4.876	0.055
544.178	-4.876	0.055
545.178	-4.876	0.053
546.178	-4.876	0.053
547.178	-4.876	0.054
548.178	-4.870	0.054
549.178	-4.873	0.053
550.178	-4.915	0.051
551.178	-4.915	0.052
552.178	-4.917	0.052
553.178	-4.917	0.052
554.178	-4.917	0.050
555.178	-4.917	0.050
556.178	-4.917	0.049
557.178	-4.915	0.050
558.178	-4.914	0.048
559.178	-4.915	0.049
560.178	-4.942	0.048
561.178	-4.943	0.048
562.178	-4.942	0.046
563.178	-4.941	0.046
564.178	-4.978	0.046
565.178	-4.978	0.046
566.178	-4.977	0.044
567.178	-4.977	0.043
568.178	-4.977	0.043
569.178	-4.976	0.040
570.178	-4.976	0.040
571.178	-4.975	0.040
572.178	-5.041	0.039
573.178	-5.041	0.039
574.178	-5.041	0.036
575.178	-5.041	0.034
576.178	-5.041	0.034
577.178	-5.041	0.033
578.178	-5.041	0.030
579.178	-5.041	0.031
580.178	-5.041	0.030
581.178	-5.041	0.029
582.178	-5.041	0.028
583.178	-5.041	0.027
584.178	-5.041	0.026
585.178	-5.041	0.026
586.178	-5.041	0.024
587.178	-5.041	0.023
588.178	-5.041	0.022
589.178	-5.041	0.022
590.178	-5.041	0.021
591.178	-5.041	0.020
592.178	-5.041	0.019
593.178	-5.041	0.020
594.178	-5.041	0.019
595.178	-5.041	0.018
596.178	-5.041	0.017
597.178	-5.041	0.018
598.178	-5.041	0.016
599.178	-5.041	0.016
600.178	-5.041	0.015
601.178	-5.041	0.015
602.178	-5.041	0.014
603.178	-5.041	0.013
604.178	-5.041	0.014
605.178	-5.041	0.013
606.178	-5.041	0.013
607.178	-5.041	0.012
608.178	-5.041	0.012
609.178	-5.041	0.010
610.178	-5.041	0.011
611.178	-5.041	0.009
612.178	-5.041	0.010
613.178	-5.041	0.009
614.178	-5.041	0.008
615.178	-5.041	0.007
616.178	-5.041	0.008
617.178	-5.041	0.006
618.178	-5.041	0.007
619.178	-5.041	0.005
620.178	-5.041	0.004
621.178	-5.041	0.006
622.178	-5.041	0.005
623.178	-5.041	0.005
624.178	-5.041	0.004
625.178	-5.041	0.003
626.178	-5.041	0.003
627.178	-5.041	0.003
628.178	-5.041	0.002
629.178	-5.041	0.002
630.178	-5.041	0.002
631.178	-5.041	0.000
632.178	-5.041	0.000
633.178	-5.041	-0.000
634.178	-5.041	-0.000
635.178	-5.041	0.000
636.178	-5.041	-0.000
637.178	-5.041	-0.001
638.178	-5.041	-0.000
639.178	-5.041	-0.003
640.178	-5.041	-0.003
641.178	-5.042	-0.003
642.178	-5.041	-0.001
643.178	-5.041	-0.004
