0.036	0.000	-0.020
1.036	0.000	-0.030
2.036	0.000	-0.030
3.036	0.000	-0.000
4.036	0.000	-0.020
5.036	0.000	-0.030
6.036	0.000	-0.020
7.036	0.000	-0.030
8.036	0.000	-0.030
9.036	0.000	-0.020
10.036	0.000	-0.020
11.036	0.000	-0.040
12.036	0.000	-0.010
13.036	0.000	0.000
14.036	0.000	-0.000
15.036	0.000	0.000
16.036	0.000	-0.000
17.036	0.000	-0.020
18.036	0.000	-0.020
19.036	0.000	0.000
20.036	0.000	0.000
21.036	0.000	-0.000
22.036	0.000	-0.000
23.036	0.000	-0.000
24.036	0.000	0.000
25.036	0.000	0.000
26.036	0.000	-0.010
27.036	0.000	0.020
28.036	0.000	-0.000
29.036	0.000	0.000
30.036	0.000	0.000
31.036	0.000	0.000
32.036	0.000	-0.000
33.036	0.000	0.000
34.036	0.000	-0.000
35.036	0.000	-0.000
36.036	0.000	0.000
37.036	0.000	-0.000
38.036	0.000	-0.001
39.036	0.000	-0.000
40.036	0.000	0.000
41.036	0.000	0.000
42.036	0.000	-0.000
43.036	0.000	-0.000
44.036	0.000	0.000
45.036	0.000	0.000
46.036	0.000	0.000
47.036	0.000	-0.000
48.036	0.000	0.000
49.036	0.000	0.000
50.036	0.000	0.020
51.036	0.000	-0.000
52.036	0.000	-0.010
53.036	0.000	0.000
54.036	0.000	0.000
55.036	0.000	0.010
56.036	0.000	-0.000
57.036	0.000	0.000
58.036	0.000	-0.000
59.036	0.000	0.020
60.036	0.000	0.000
61.036	0.000	0.000
62.036	0.000	0.000
63.036	0.000	-0.001
64.036	0.000	0.000
65.036	0.000	0.000
66.036	0.000	0.000
67.036	0.000	0.010
68.036	0.000	0.000
69.036	0.000	-0.000
70.036	0.000	-0.000
71.036	0.000	0.020
72.036	0.000	0.010
73.036	0.000	0.000
74.036	0.000	0.000
75.036	0.000	0.000
76.036	0.000	0.010
77.036	0.000	-0.000
78.036	0.000	0.000
79.036	0.000	0.000
80.036	0.000	0.000
81.036	0.000	0.000
82.036	0.000	-0.000
83.036	0.000	0.010
84.036	0.000	0.000
85.036	0.000	0.020
86.036	0.000	-0.020
87.036	0.000	0.010
88.036	0.000	-0.000
89.036	0.000	-0.000
90.036	0.000	0.001
91.036	0.000	0.010
92.036	0.000	0.000
93.036	0.000	0.020
94.036	0.000	0.000
95.036	0.000	0.010
96.036	0.000	-0.000
97.036	0.000	0.020
98.036	0.000	0.000
99.036	0.000	0.010
100.036	0.000	0.010
101.036	0.000	0.020
102.036	0.000	0.020
103.036	0.000	-0.000
104.036	0.000	0.000
105.036	0.000	0.020
106.036	0.000	0.010
107.036	0.000	0.000
108.036	0.000	0.010
109.036	0.000	0.000
110.036	0.000	0.000
111.036	0.000	0.010
112.036	0.000	0.020
113.036	0.000	0.000
114.036	0.000	0.010
115.036	0.000	0.000
116.036	0.000	0.020
117.036	0.000	0.020
118.036	0.000	0.010
119.036	0.000	0.010
120.036	0.000	-0.000
121.036	0.000	0.010
122.036	0.000	0.010
123.036	0.000	0.000
124.036	0.000	-0.000
125.036	0.000	0.010
126.036	0.000	0.020
127.036	0.000	0.030
128.036	0.000	0.000
129.036	0.000	0.020
130.036	0.000	0.000
131.036	0.000	0.000
132.036	0.000	0.000
133.036	0.000	0.030
134.036	0.000	0.000
135.036	0.000	0.000
136.036	0.000	0.000
137.036	0.000	-0.000
138.036	0.000	0.010
139.036	0.000	0.010
140.036	0.000	0.020
141.036	0.000	0.000
142.036	0.000	0.000
143.036	0.000	0.020
144.036	0.000	0.010
145.036	0.000	0.000
146.036	0.000	0.010
147.036	0.000	-0.001
148.036	0.000	0.000
149.036	0.000	0.000
150.036	0.000	0.000
151.036	0.000	0.020
152.036	0.000	0.010
153.036	0.000	0.020
154.036	0.000	0.000
155.036	0.000	0.020
156.036	0.000	0.020
157.036	0.000	0.020
158.036	0.000	0.000
159.036	0.000	0.020
160.036	0.000	0.030
161.036	0.000	0.010
162.036	0.000	-0.000
163.036	0.000	0.020
164.036	0.000	0.020
165.036	0.000	0.000
166.036	0.000	0.010
167.036	0.000	0.020
168.036	0.000	0.010
169.036	0.000	0.020
170.036	0.000	0.010
171.036	0.000	0.010
172.036	0.000	0.000
173.036	0.000	0.010
174.036	0.000	0.010
175.036	0.000	0.000
176.036	0.000	0.000
177.036	0.000	0.010
178.036	0.000	0.020
179.036	0.000	-0.001
180.036	0.000	-0.000
181.036	0.000	0.030
182.036	0.000	0.020
183.036	0.000	0.000
184.036	0.000	0.020
185.036	0.000	0.000
186.036	0.000	0.000
187.036	0.000	0.000
188.036	0.000	0.010
189.036	0.000	0.000
190.036	0.000	0.000
191.036	0.000	0.000
192.036	0.000	0.010
193.036	0.000	0.010
194.036	0.000	0.001
195.036	0.000	0.010
196.036	0.000	0.020
197.036	0.000	0.020
198.036	0.000	0.020
199.036	0.000	0.000
200.036	0.000	0.010
201.036	0.000	0.010
202.036	0.000	0.000
203.036	0.000	0.000
204.036	0.000	0.010
205.036	0.000	0.020
206.036	0.000	0.020
207.036	0.000	0.010
208.036	0.000	0.010
209.036	0.000	0.000
210.036	0.000	0.000
211.036	0.000	0.010
212.036	0.000	0.020
213.036	0.000	0.000
214.036	0.000	0.010
215.036	0.000	0.010
216.036	0.000	0.020
217.036	0.000	-0.001
218.036	0.000	0.020
219.036	0.000	0.020
220.036	0.000	0.030
221.036	0.000	0.000
222.036	0.000	0.020
223.036	0.000	0.010
224.036	0.000	0.020
225.036	0.000	0.020
226.036	0.000	0.030
227.036	0.000	0.020
228.036	0.000	-0.000
229.036	0.000	0.020
230.036	0.000	0.010
231.036	0.000	-0.000
232.036	0.000	0.020
233.036	0.000	0.020
234.036	0.000	0.020
235.036	0.000	0.010
236.036	0.000	0.020
237.036	0.000	0.000
238.036	0.000	0.000
239.036	0.000	0.020
240.036	0.000	0.030
241.036	0.000	0.010
242.036	0.000	0.000
243.036	0.000	0.020
244.036	0.000	0.010
245.036	0.000	0.010
246.036	0.000	0.020
247.036	0.000	0.010
248.036	0.000	0.000
249.036	0.000	0.010
250.036	0.000	0.020
251.036	0.000	0.030
252.036	0.000	0.020
253.036	0.000	0.020
254.036	0.000	0.020
255.036	0.000	0.020
256.036	0.000	0.000
257.036	0.000	0.020
258.036	0.000	0.030
259.036	0.000	0.010
260.036	0.000	0.020
261.036	0.000	0.010
262.036	0.000	0.020
263.036	0.000	0.020
264.036	0.000	0.000
265.036	0.000	0.020
266.036	0.000	0.010
267.036	0.000	0.010
268.036	0.000	0.030
269.036	0.000	0.000
270.036	0.000	0.020
271.036	0.000	0.020
272.036	0.000	0.020
273.036	0.000	0.010
274.036	0.000	0.010
275.036	0.000	0.030
276.036	0.000	0.010
277.036	0.000	0.020
278.036	0.000	0.000
279.036	0.000	0.010
280.036	0.000	0.010
281.036	0.000	0.010
282.036	0.000	0.000
283.036	0.000	0.030
284.036	0.000	-0.000
285.036	0.000	0.000
286.036	0.000	0.020
287.036	0.000	0.030
288.036	0.000	0.010
289.036	0.000	0.000
290.036	0.000	0.020
291.036	0.000	0.010
292.036	0.000	0.010
293.036	0.000	0.020
294.036	0.000	0.030
295.036	0.000	0.010
296.036	0.000	0.000
297.036	0.000	0.020
298.036	0.000	0.020
299.036	0.000	0.030
300.036	0.000	0.020
301.036	0.000	0.020
302.036	0.000	0.030
303.036	0.000	0.020
304.036	0.000	0.020
305.036	0.000	0.000
306.036	0.000	0.030
307.036	0.000	0.020
308.036	0.000	0.020
309.036	0.000	0.020
310.036	0.000	0.020
311.036	0.000	0.030
312.036	0.000	0.020
313.036	0.000	0.010
314.036	0.000	0.020
315.036	0.000	0.020
316.036	0.000	0.020
317.036	0.000	0.020
318.036	0.000	0.020
319.036	0.000	0.030
320.036	0.000	0.000
321.036	0.000	0.000
322.036	0.000	0.020
323.036	0.000	0.000
324.036	0.000	0.000
325.036	0.000	0.020
326.036	0.000	0.010
327.036	0.000	0.030
328.036	0.000	0.000
329.036	0.000	0.000
330.036	0.000	0.030
331.036	0.000	0.000
332.036	0.000	0.030
333.036	0.000	0.020
334.036	0.000	0.010
335.036	0.000	0.020
336.036	0.000	-0.000
337.036	0.000	0.040
338.036	0.000	0.000
339.036	0.000	0.010
340.036	0.000	0.020
341.036	0.000	0.030
342.036	0.000	0.010
343.036	0.000	0.020
344.036	0.000	0.040
345.036	0.000	0.010
346.036	0.000	0.020
347.036	0.000	0.040
348.036	0.000	0.030
349.036	0.000	0.020
350.036	0.000	0.030
351.036	0.000	0.040
352.036	0.000	0.030
353.036	0.000	0.030
354.036	0.000	0.040
355.036	0.000	0.010
356.036	0.000	0.040
357.036	0.000	0.010
358.036	0.000	0.030
359.036	0.000	0.020
360.036	0.000	0.030
361.036	0.000	0.060
362.036	0.000	0.020
363.036	0.000	0.020
364.036	0.000	0.020
365.036	0.000	0.040
366.036	0.000	0.010
367.036	0.000	0.020
368.036	0.000	0.020
369.036	0.000	0.030
370.036	0.000	0.030
371.036	0.000	0.040
372.036	0.000	0.030
373.036	0.000	0.020
374.036	0.000	0.020
375.036	0.000	0.030
376.036	0.000	0.030
377.036	0.000	-0.001
378.036	0.000	0.050
379.036	0.000	0.020
380.036	0.000	0.020
381.036	0.000	0.030
382.036	0.000	0.030
383.036	0.000	0.040
384.036	0.000	0.010
385.036	0.000	0.030
386.036	0.000	0.020
387.036	0.000	0.040
388.036	0.000	0.040
389.036	0.000	0.030
390.036	0.000	0.000
391.036	0.000	0.020
392.036	0.000	-0.010
393.036	0.000	0.040
394.036	0.000	0.050
395.036	0.000	0.030
396.036	0.000	0.020
397.036	0.000	0.030
398.036	0.000	0.000
399.036	0.000	0.000
400.036	0.000	0.020
401.036	0.000	0.020
402.036	0.000	0.050
403.036	0.000	0.030
404.036	0.000	0.050
405.036	0.000	0.020
406.036	0.000	0.020
407.036	0.000	0.020
408.036	0.000	0.030
409.036	0.000	0.020
410.036	0.000	0.030
411.036	0.000	0.020
412.036	0.000	0.020
413.036	0.000	0.010
414.036	0.000	0.040
415.036	0.000	0.010
416.036	0.000	0.040
417.036	0.000	0.020
418.036	0.000	0.020
419.036	0.000	0.010
420.036	0.000	0.000
421.036	0.000	0.030
422.036	0.000	0.000
423.036	0.000	0.030
424.036	0.000	0.040
425.036	0.000	0.010
426.036	0.000	0.030
427.036	0.000	0.030
428.036	0.000	0.020
429.036	0.000	0.010
430.036	0.000	0.020
431.036	0.000	0.030
432.036	0.000	0.020
433.036	0.000	0.030
434.036	0.000	0.000
435.036	0.000	0.020
436.036	0.000	0.030
437.036	0.000	-0.010
438.036	0.000	0.060
439.036	0.000	0.030
440.036	0.000	0.000
441.036	0.000	0.020
442.036	0.000	0.030
443.036	0.000	0.020
444.036	0.000	0.040
445.036	0.000	0.020
446.036	0.000	0.020
447.036	0.000	0.020
448.036	0.000	0.020
449.036	0.000	0.020
450.036	0.000	0.030
451.036	0.000	0.030
452.036	0.000	0.020
453.036	0.000	0.020
454.036	0.000	0.020
455.036	0.000	0.020
456.036	0.000	0.040
457.036	0.000	0.020
458.036	0.000	0.020
459.036	0.000	0.010
460.036	0.000	0.030
461.036	0.000	0.010
462.036	0.000	0.020
463.036	0.000	0.020
464.036	0.000	0.030
465.036	0.000	0.020
466.036	0.000	0.000
467.036	0.000	0.020
468.036	0.000	0.020
469.036	0.000	0.050
470.036	0.000	0.030
471.036	0.000	0.000
472.036	0.000	0.040
473.036	0.000	0.020
474.036	0.000	0.030
475.036	0.000	0.040
476.036	0.000	0.020
477.036	0.000	0.010
478.036	0.000	0.020
479.036	0.000	0.030
480.036	0.000	0.000
481.036	0.000	0.030
482.036	0.000	0.040
483.036	0.000	0.050
484.036	0.000	0.030
485.036	0.000	0.010
486.036	0.000	0.030
487.036	0.000	0.040
488.036	0.000	0.000
489.036	0.000	0.020
490.036	0.000	0.020
491.036	0.000	0.020
492.036	0.000	0.020
493.036	0.000	0.020
494.036	0.000	0.000
495.036	0.000	0.010
496.036	0.000	0.040
497.036	0.000	0.040
498.036	0.000	0.040
499.036	0.000	0.010
500.036	0.000	0.030
501.036	0.000	0.000
502.036	0.000	0.020
503.036	0.000	0.010
504.036	0.000	0.030
505.036	0.000	0.000
506.036	0.000	0.020
507.036	0.000	0.020
508.036	0.000	0.010
509.036	0.000	0.040
510.036	0.000	0.030
511.036	0.000	0.010
512.036	0.000	0.000
513.036	0.000	0.020
514.036	0.000	0.020
515.036	0.000	0.020
516.036	0.000	0.020
517.036	0.000	0.030
518.036	0.000	0.000
519.036	0.000	0.020
520.036	0.000	0.030
521.036	0.000	0.040
522.036	0.000	0.000
523.036	0.000	0.030
524.036	0.000	0.020
525.036	0.000	0.020
526.036	0.000	0.010
527.036	0.000	0.020
528.036	0.000	0.020
529.036	0.000	0.020
530.036	0.000	0.030
531.036	0.000	0.050
532.036	0.000	0.050
533.036	0.000	0.030
534.036	0.000	0.010
535.036	0.000	0.010
536.036	0.000	0.050
537.036	0.000	0.040
538.036	0.000	0.030
539.036	0.000	0.020
540.036	0.000	0.030
541.036	0.000	0.030
542.036	0.000	0.040
543.036	0.000	0.030
544.036	0.000	0.040
545.036	0.000	0.020
546.036	0.000	0.030
547.036	0.000	0.030
548.036	0.000	0.030
549.036	0.000	0.020
550.036	0.000	0.020
551.036	0.000	0.030
552.036	0.000	0.000
553.036	0.000	0.020
554.036	0.000	0.030
555.036	0.000	0.020
556.036	0.000	0.020
557.036	0.000	0.030
558.036	0.000	0.030
559.036	0.000	0.030
560.036	0.000	0.030
561.036	0.000	0.020
562.036	0.000	0.020
563.036	0.000	0.040
564.036	0.000	0.030
565.036	0.000	0.040
566.036	0.000	0.020
567.036	0.000	0.010
568.036	0.000	0.040
569.036	0.000	0.030
570.036	0.000	0.030
571.036	0.000	0.020
572.036	0.000	0.000
573.036	0.000	0.030
574.036	0.000	0.030
575.036	0.000	0.030
576.036	0.000	0.040
577.036	0.000	0.020
578.036	0.000	0.040
579.036	0.000	0.030
580.036	0.000	0.040
581.036	0.000	0.050
582.036	0.000	0.000
583.036	0.000	0.020
584.036	0.000	0.030
585.036	0.000	0.040
586.036	0.000	0.020
587.036	0.000	0.030
588.036	0.000	0.020
589.036	0.000	0.010
590.036	0.000	0.030
591.036	0.000	0.040
592.036	0.000	0.020
593.036	0.000	0.030
594.036	0.000	0.040
595.036	0.000	0.040
596.036	0.000	0.060
597.036	0.000	0.000
598.036	0.000	0.030
599.036	0.000	0.001
600.036	0.000	0.030
