0.167	0.000	-0.000
1.167	0.000	0.000
2.167	0.000	-0.000
3.167	0.000	0.000
4.167	0.000	-0.000
5.167	0.000	-0.001
6.167	0.000	-0.001
7.167	0.000	0.000
8.167	0.000	-0.000
9.167	0.000	-0.000
10.167	0.000	-0.000
11.167	0.000	-0.000
12.167	0.000	-0.002
13.167	0.000	-0.001
14.167	0.000	-0.000
15.167	0.000	-0.000
16.167	0.000	-0.000
17.167	0.000	-0.001
18.167	0.000	-0.002
19.167	0.000	0.000
20.167	0.000	-0.001
21.167	0.000	-0.001
22.167	0.000	-0.001
23.167	0.000	-0.000
24.167	0.000	-0.000
25.167	0.000	-0.000
26.167	0.000	-0.000
27.167	0.000	-0.001
28.167	0.000	-0.000
29.167	0.000	-0.000
30.167	0.000	-0.001
31.167	0.000	-0.000
32.167	0.000	-0.001
33.167	0.000	-0.000
34.167	0.000	-0.001
35.167	0.000	-0.000
36.167	0.000	-0.000
37.167	0.000	0.000
38.167	0.000	0.000
39.167	0.000	-0.000
40.167	0.000	-0.001
41.167	0.000	-0.002
42.167	0.000	-0.001
43.167	0.000	-0.000
44.167	0.000	-0.000
45.167	0.000	-0.000
46.167	0.000	-0.001
47.167	0.000	-0.001
48.167	0.000	0.000
49.167	0.000	-0.000
50.167	0.000	-0.001
51.167	0.000	-0.002
52.167	0.000	-0.001
53.167	0.000	-0.000
54.167	0.000	-0.001
55.167	0.000	-0.000
56.167	0.000	-0.000
57.167	0.000	-0.001
58.167	0.000	-0.002
59.167	0.000	-0.000
60.167	0.000	-0.000
61.167	0.000	-0.001
62.167	0.000	-0.000
63.167	0.000	-0.000
64.167	0.000	-0.002
65.167	0.000	-0.001
66.167	0.000	-0.000
67.167	0.000	-0.000
68.167	0.000	-0.000
69.167	0.000	-0.000
70.167	0.000	-0.000
71.167	0.000	0.000
72.167	0.000	-0.000
73.167	0.000	-0.002
74.167	0.000	-0.000
75.167	0.000	-0.000
76.167	0.000	-0.000
77.167	0.000	-0.000
78.167	0.000	-0.001
79.167	0.000	-0.002
80.167	0.000	-0.000
81.167	0.000	-0.000
82.167	0.000	-0.000
83.167	0.000	0.000
84.167	0.000	-0.002
85.167	0.000	-0.000
86.167	0.000	-0.000
87.167	0.000	-0.000
88.167	0.000	-0.001
89.167	0.000	-0.002
90.167	0.000	-0.000
91.167	0.000	-0.002
92.167	0.000	-0.001
93.167	0.000	-0.000
94.167	0.000	-0.000
95.167	0.000	-0.001
96.167	0.000	-0.000
97.167	0.000	0.000
98.167	0.000	-0.000
99.167	0.000	-0.000
100.167	0.000	-0.000
101.167	0.000	-0.000
102.167	0.000	-0.000
103.167	0.000	-0.000
104.167	0.000	-0.001
105.167	0.000	-0.000
106.167	0.000	-0.002
107.167	0.000	-0.001
108.167	0.000	-0.000
109.167	0.000	-0.002
110.167	0.000	-0.000
111.167	0.000	-0.002
112.167	0.000	-0.001
113.167	0.000	-0.002
114.167	0.000	-0.001
115.167	0.000	-0.002
116.167	0.000	-0.001
117.167	0.000	-0.000
118.167	0.000	-0.001
119.167	0.000	-0.000
120.167	0.000	-0.000
121.167	0.000	-0.002
122.167	0.000	-0.002
123.167	0.000	-0.001
124.167	0.000	-0.001
125.167	0.000	-0.000
126.167	0.000	-0.001
127.167	0.000	-0.000
128.167	0.000	-0.001
129.167	0.000	-0.001
130.167	0.000	-0.001
131.167	0.000	-0.000
132.167	0.000	-0.000
133.167	0.000	-0.000
134.167	0.000	-0.000
135.167	0.000	-0.001
136.167	0.000	-0.002
137.167	0.000	-0.001
138.167	0.000	-0.000
139.167	0.000	-0.000
140.167	0.000	-0.002
141.167	0.000	-0.000
142.167	0.000	-0.001
143.167	0.000	-0.001
144.167	0.000	-0.001
145.167	0.000	-0.002
146.167	0.000	-0.000
147.167	0.000	-0.001
148.167	0.000	-0.000
149.167	0.000	-0.001
150.167	0.000	-0.000
151.167	0.000	0.000
152.167	0.000	-0.000
153.167	0.000	-0.000
154.167	0.000	-0.001
155.167	0.000	-0.000
156.167	0.000	-0.000
157.167	0.000	-0.001
158.167	0.000	-0.002
159.167	0.000	-0.002
160.167	0.000	-0.002
161.167	0.000	-0.000
162.167	0.000	-0.000
163.167	0.000	-0.000
164.167	0.000	-0.000
165.167	0.000	-0.001
166.167	0.000	-0.000
167.167	0.000	-0.000
168.167	0.000	-0.000
169.167	0.000	-0.001
170.167	0.000	-0.000
171.167	0.000	-0.000
172.167	0.000	-0.000
173.167	0.000	-0.000
174.167	0.000	-0.000
175.167	0.000	-0.001
176.167	0.000	-0.000
177.167	0.000	-0.001
178.167	0.000	-0.002
179.167	0.000	-0.000
180.167	0.000	-0.001
181.167	0.000	-0.002
182.167	0.000	-0.002
183.167	0.000	-0.000
184.167	0.000	0.000
185.167	0.000	-0.000
186.167	0.000	-0.000
187.167	0.000	-0.000
188.167	0.000	-0.002
189.167	0.000	-0.000
190.167	0.000	-0.000
191.167	0.000	-0.000
192.167	0.000	-0.001
193.167	0.000	-0.001
194.167	0.000	-0.000
195.167	0.000	-0.001
196.167	0.000	-0.000
197.167	0.000	-0.002
198.167	0.000	-0.001
199.167	0.000	-0.002
200.167	0.000	-0.000
201.167	0.000	-0.001
202.167	0.000	-0.000
203.167	0.000	-0.000
204.167	0.000	-0.000
205.167	0.000	-0.000
206.167	0.000	0.000
207.167	0.000	0.000
208.167	0.000	-0.001
209.167	0.000	0.000
210.167	0.000	0.000
211.167	0.000	-0.000
212.167	0.000	-0.001
213.167	0.000	-0.001
214.167	0.000	-0.000
215.167	0.000	0.000
216.167	0.000	-0.000
217.167	0.000	-0.000
218.167	0.000	-0.000
219.167	0.000	0.001
220.167	0.000	-0.000
221.167	0.000	-0.000
222.167	0.000	-0.000
223.167	0.000	-0.000
224.167	0.000	0.000
225.167	0.000	-0.000
226.167	0.000	0.000
227.167	0.000	0.000
228.167	0.000	0.000
229.167	0.000	-0.000
230.167	0.000	0.000
231.167	0.000	-0.001
232.167	0.000	-0.000
233.167	0.000	-0.000
234.167	0.000	-0.000
235.167	0.000	-0.000
236.167	0.000	-0.000
237.167	0.000	-0.000
238.167	0.000	-0.000
239.167	0.000	0.000
240.167	0.000	0.000
241.167	0.000	-0.000
242.167	0.000	-0.000
243.167	0.000	-0.000
244.167	0.000	-0.001
245.167	0.000	0.000
246.167	0.000	0.000
247.167	0.000	-0.000
248.167	0.000	-0.000
249.167	0.000	-0.000
250.167	0.000	0.000
251.167	0.000	-0.000
252.167	0.000	0.000
253.167	0.000	-0.000
254.167	0.000	-0.000
255.167	0.000	0.000
256.167	0.000	0.000
257.167	0.000	-0.000
258.167	0.000	-0.000
259.167	0.000	-0.000
260.167	0.000	-0.000
261.167	0.000	-0.002
262.167	0.000	-0.000
263.167	0.000	-0.000
264.167	0.000	0.000
265.167	0.000	-0.000
266.167	0.000	-0.000
267.167	0.000	-0.000
268.167	0.000	-0.000
269.167	0.000	-0.000
270.167	0.000	-0.000
271.167	0.000	-0.001
272.167	0.000	-0.001
273.167	0.000	0.000
274.167	0.000	-0.000
275.167	0.000	-0.000
276.167	0.000	-0.001
277.167	0.000	0.000
278.167	0.000	-0.000
279.167	0.000	-0.000
280.167	0.000	-0.002
281.167	0.000	0.000
282.167	0.000	0.000
283.167	0.000	0.000
284.167	0.000	-0.000
285.167	0.000	-0.000
286.167	0.000	-0.000
287.167	0.000	-0.000
288.167	0.000	-0.000
289.167	0.000	-0.000
290.167	0.000	-0.000
291.167	0.000	-0.001
292.167	0.000	-0.000
293.167	0.000	-0.000
294.167	0.000	-0.000
295.167	0.000	-0.000
296.167	0.000	-0.000
297.167	0.000	-0.000
298.167	0.000	-0.000
299.167	0.000	-0.000
300.167	0.000	-0.000
301.167	0.000	-0.000
302.167	0.000	-0.001
303.167	0.000	-0.000
304.167	0.000	-0.002
305.167	0.000	-0.001
306.167	0.000	0.000
307.167	0.000	-0.001
308.167	0.000	-0.001
309.167	0.000	-0.000
310.167	0.000	-0.000
311.167	0.000	-0.000
312.167	0.000	-0.000
313.167	0.000	-0.000
314.167	0.000	-0.000
315.167	0.000	0.000
316.167	0.000	-0.000
317.167	0.000	-0.000
318.167	0.000	-0.000
319.167	0.000	0.000
320.167	0.000	-0.000
321.167	0.000	-0.000
322.167	0.000	-0.000
323.167	0.000	-0.000
324.167	0.000	-0.000
325.167	0.000	-0.000
326.167	0.000	-0.001
327.167	0.000	-0.000
328.167	0.000	-0.000
329.167	0.000	-0.002
330.167	0.000	-0.000
331.167	0.000	-0.000
332.167	0.000	-0.001
333.167	0.000	-0.000
334.167	0.000	0.000
335.167	0.000	-0.000
336.167	0.000	-0.000
337.167	0.000	-0.002
338.167	0.000	-0.001
339.167	0.000	-0.002
340.167	0.000	-0.001
341.167	0.000	-0.001
342.167	0.000	0.000
343.167	0.000	-0.001
344.167	0.000	-0.001
345.167	0.000	-0.001
346.167	0.000	-0.001
347.167	0.000	-0.000
348.167	0.000	-0.000
349.167	0.000	-0.000
350.167	0.000	-0.000
351.167	0.000	-0.000
352.167	0.000	-0.000
353.167	0.000	-0.001
354.167	0.000	-0.000
355.167	0.000	-0.001
356.167	0.000	-0.000
357.167	0.000	-0.002
358.167	0.000	-0.000
359.167	0.000	-0.000
360.167	0.000	-0.002
361.167	0.000	-0.000
362.167	0.000	-0.000
363.167	0.000	-0.000
364.167	0.000	-0.000
365.167	0.000	-0.000
366.167	0.000	-0.000
367.167	0.000	-0.002
368.167	0.000	-0.000
369.167	0.000	-0.000
370.167	0.000	-0.002
371.167	0.000	-0.000
372.167	0.000	0.000
373.167	0.000	-0.002
374.167	0.000	-0.001
375.167	0.000	0.000
376.167	0.000	0.000
377.167	0.000	-0.000
378.167	0.000	-0.000
379.167	0.000	0.000
380.167	0.000	-0.001
381.167	0.000	-0.000
382.167	0.000	-0.000
383.167	0.000	0.000
384.167	0.000	-0.000
385.167	0.000	-0.002
386.167	0.000	-0.000
387.167	0.000	-0.000
388.167	0.000	0.000
389.167	0.000	-0.001
390.167	0.000	-0.000
391.167	0.000	-0.001
392.167	0.000	-0.001
393.167	0.000	-0.000
394.167	0.000	-0.000
395.167	0.000	-0.001
396.167	0.000	-0.000
397.167	0.000	-0.000
398.167	0.000	-0.000
399.167	0.000	-0.000
400.167	0.000	-0.000
401.167	0.000	-0.001
402.167	0.000	-0.000
403.167	0.000	-0.000
404.167	0.000	-0.001
405.167	0.000	-0.001
406.167	0.000	-0.001
407.167	0.000	0.000
408.167	0.000	-0.000
409.167	0.000	-0.002
410.167	0.000	0.000
411.167	0.000	-0.003
412.167	0.000	-0.002
413.167	0.000	-0.000
414.167	0.000	-0.000
415.167	0.000	-0.002
416.167	0.000	-0.002
417.167	0.000	-0.000
418.167	0.000	-0.001
419.167	0.000	-0.000
420.167	0.000	-0.001
421.167	0.000	-0.000
422.167	0.000	-0.001
423.167	0.000	-0.000
424.167	0.000	-0.002
425.167	0.000	-0.001
426.167	0.000	-0.001
427.167	0.000	-0.000
428.167	0.000	-0.000
429.167	0.000	-0.001
430.167	0.000	0.000
431.167	0.000	-0.000
432.167	0.000	-0.002
433.167	0.000	-0.000
434.167	0.000	-0.000
435.167	0.000	-0.000
436.167	0.000	-0.000
437.167	0.000	-0.000
438.167	0.000	-0.002
439.167	0.000	-0.000
440.167	0.000	-0.001
441.167	0.000	-0.000
442.167	0.000	-0.001
443.167	0.000	-0.002
444.167	0.000	-0.002
445.167	0.000	-0.002
446.167	0.000	-0.000
447.167	0.000	-0.001
448.167	0.000	-0.002
449.167	0.000	-0.001
450.167	0.000	-0.001
451.167	0.000	-0.001
452.167	0.000	-0.000
453.167	0.000	-0.001
454.167	0.000	-0.001
455.167	0.000	-0.000
456.167	0.000	-0.002
457.167	0.000	-0.002
458.167	0.000	-0.002
459.167	0.000	-0.002
460.167	0.000	-0.002
461.167	0.000	-0.002
462.167	0.000	-0.000
463.167	0.000	-0.001
464.167	0.000	-0.000
465.167	0.000	-0.001
466.167	0.000	-0.001
467.167	0.000	-0.001
468.167	0.000	-0.001
469.167	0.000	-0.001
470.167	0.000	-0.000
471.167	0.000	-0.000
472.167	0.000	-0.001
473.167	0.000	-0.000
474.167	0.000	-0.000
475.167	0.000	-0.000
476.167	0.000	-0.002
477.167	0.000	-0.002
478.167	0.000	-0.002
479.167	0.000	-0.000
480.167	0.000	-0.001
481.167	0.000	-0.001
482.167	0.000	-0.001
483.167	0.000	-0.000
484.167	0.000	-0.001
485.167	0.000	-0.001
486.167	0.000	-0.002
487.167	0.000	-0.000
488.167	0.000	-0.000
489.167	0.000	-0.000
490.167	0.000	-0.002
491.167	0.000	-0.002
492.167	0.000	-0.001
493.167	0.000	-0.000
494.167	0.000	-0.001
495.167	0.000	-0.001
496.167	0.000	-0.002
497.167	0.000	-0.000
498.167	0.000	-0.002
499.167	0.000	-0.000
500.167	0.000	-0.001
501.167	0.000	-0.002
502.167	0.000	-0.002
503.167	0.000	-0.002
504.167	0.000	-0.000
505.167	0.000	-0.001
506.167	0.000	-0.000
507.167	0.000	-0.001
508.167	0.000	-0.002
509.167	0.000	-0.001
510.167	0.000	-0.000
511.167	0.000	0.000
512.167	0.000	-0.002
513.167	0.000	-0.000
514.167	0.000	-0.000
515.167	0.000	-0.002
516.167	0.000	-0.002
517.167	0.000	-0.000
518.167	0.000	-0.001
519.167	0.000	-0.001
520.167	0.000	-0.000
521.167	0.000	-0.002
522.167	0.000	-0.001
523.167	0.000	-0.001
524.167	0.000	-0.002
525.167	0.000	-0.000
526.167	0.000	-0.001
527.167	0.000	-0.000
528.167	0.000	-0.002
529.167	0.000	-0.001
530.167	0.000	-0.002
531.167	0.000	-0.003
532.167	0.000	-0.000
533.167	0.000	-0.001
534.167	0.000	-0.002
535.167	0.000	-0.001
536.167	0.000	-0.002
537.167	0.000	-0.000
538.167	0.000	-0.001
539.167	0.000	-0.002
540.167	0.000	-0.000
541.167	0.000	-0.002
542.167	0.000	-0.001
543.167	0.000	-0.001
544.167	0.000	-0.002
545.167	0.000	-0.002
546.167	0.000	-0.002
547.167	0.000	-0.001
548.167	0.000	-0.001
549.167	0.000	-0.001
550.167	0.000	-0.002
551.167	0.000	-0.001
552.167	0.000	-0.002
553.167	0.000	-0.001
554.167	0.000	-0.002
555.167	0.000	-0.000
556.167	0.000	-0.002
557.167	0.000	-0.002
558.167	0.000	-0.000
559.167	0.000	-0.002
560.167	0.000	-0.002
561.167	0.000	-0.002
562.167	0.000	-0.001
563.167	0.000	-0.001
564.167	0.000	-0.002
565.167	0.000	-0.000
566.167	0.000	-0.002
567.167	0.000	-0.002
568.167	0.000	-0.002
569.167	0.000	-0.002
570.167	0.000	-0.002
571.167	0.000	-0.002
572.167	0.000	-0.002
573.167	0.000	-0.002
574.167	0.000	-0.002
575.167	0.000	-0.002
576.167	0.000	-0.002
577.167	0.000	-0.002
578.167	0.000	-0.002
579.167	0.000	-0.002
580.167	0.000	-0.002
581.167	0.000	-0.002
582.167	0.000	-0.002
583.167	0.000	-0.001
584.167	0.000	-0.002
585.167	0.000	-0.002
586.167	0.000	-0.002
587.167	0.000	-0.003
588.167	0.000	-0.002
589.167	0.000	-0.002
590.167	0.000	-0.002
591.167	0.000	-0.002
592.167	0.000	-0.002
593.167	0.000	-0.001
594.167	0.000	-0.002
595.167	0.000	-0.002
596.167	0.000	-0.002
597.167	0.000	-0.002
598.167	0.000	-0.002
599.167	0.000	-0.002
600.167	0.000	-0.001
601.167	0.000	-0.001
602.167	0.000	-0.002
603.167	0.000	-0.002
604.167	0.000	-0.002
605.167	0.000	-0.002
606.167	0.000	-0.002
607.167	0.000	-0.002
608.167	0.000	-0.002
609.167	0.000	-0.001
610.167	0.000	-0.001
611.167	0.000	-0.003
612.167	0.000	-0.002
613.167	0.000	-0.002
614.167	0.000	-0.002
615.167	0.000	-0.002
616.167	0.000	-0.003
617.167	0.000	-0.002
618.167	0.000	-0.002
619.167	0.000	-0.001
620.167	0.000	-0.002
621.167	0.000	-0.002
622.167	0.000	-0.002
623.167	0.000	-0.001
624.167	0.000	-0.001
625.167	0.000	-0.002
626.167	0.000	-0.003
627.167	0.000	-0.002
628.167	0.000	-0.002
629.167	0.000	-0.002
630.167	0.000	-0.001
631.167	0.000	-0.001
632.167	0.000	-0.002
633.167	0.000	-0.002
634.167	0.000	-0.001
635.167	0.000	-0.002
636.167	0.000	-0.002
637.167	0.000	-0.002
638.167	0.000	-0.001
639.167	0.000	-0.001
640.167	0.000	-0.002
641.167	0.000	-0.003
642.167	0.000	-0.002
643.167	0.000	-0.002
644.167	0.000	-0.002
645.167	0.000	-0.001
646.167	0.000	-0.002
647.167	0.000	-0.002
648.167	0.000	-0.002
649.167	0.000	-0.002
650.167	0.000	-0.002
651.167	0.000	-0.002
652.167	0.000	-0.001
653.167	0.000	-0.002
654.167	0.000	-0.002
655.167	0.000	-0.002
656.167	0.000	-0.003
657.167	0.000	-0.002
658.167	0.000	-0.002
659.167	0.000	-0.002
660.167	0.000	-0.003
661.167	0.000	-0.002
662.167	0.000	-0.002
663.167	0.000	-0.001
664.167	0.000	-0.002
665.167	0.000	-0.002
666.167	0.000	-0.002
667.167	0.000	-0.002
668.167	0.000	-0.002
669.167	0.000	-0.002
670.167	0.000	-0.002
671.167	0.000	-0.002
672.167	0.000	-0.002
673.167	0.000	-0.002
674.167	0.000	-0.003
675.167	0.000	-0.002
676.167	0.000	-0.002
677.167	0.000	-0.002
678.167	0.000	-0.002
679.167	0.000	-0.001
680.167	0.000	-0.002
681.167	0.000	-0.001
682.167	0.000	-0.001
683.167	0.000	-0.002
684.167	0.000	-0.002
685.167	0.000	-0.002
686.167	0.000	-0.003
687.167	0.000	-0.001
688.167	0.000	-0.002
689.167	0.000	-0.002
690.167	0.000	-0.002
691.167	0.000	-0.002
692.167	0.000	-0.003
693.167	0.000	-0.002
694.167	0.000	-0.002
695.167	0.000	-0.003
696.167	0.000	-0.002
697.167	0.000	-0.002
698.167	0.000	-0.003
699.167	0.000	-0.001
700.167	0.000	-0.001
701.167	0.000	-0.002
702.167	0.000	-0.002
703.167	0.000	-0.002
704.167	0.000	-0.001
705.167	0.000	-0.003
706.167	0.000	-0.002
707.167	0.000	-0.001
708.167	0.000	-0.001
709.167	0.000	-0.002
710.167	0.000	-0.001
711.167	0.000	-0.002
712.167	0.000	-0.002
713.167	0.000	-0.003
714.167	0.000	-0.003
715.167	0.000	-0.002
716.167	0.000	-0.002
717.167	0.000	-0.002
718.167	0.000	-0.002
719.167	0.000	-0.002
720.167	0.000	-0.002
721.167	0.000	-0.002
722.167	0.000	-0.002
723.167	0.000	-0.002
724.167	0.000	-0.004
725.167	0.000	-0.003
726.167	0.000	-0.002
727.167	0.000	-0.002
728.167	0.000	-0.003
729.167	0.000	-0.002
730.167	0.000	-0.002
731.167	0.000	-0.003
732.167	0.000	-0.002
733.167	0.000	-0.002
734.167	0.000	-0.003
735.167	0.000	-0.001
736.167	0.000	-0.003
737.167	0.000	-0.002
738.167	0.000	-0.003
739.167	0.000	-0.003
740.167	0.000	-0.002
741.167	0.000	-0.002
742.167	0.000	-0.001
743.167	0.000	-0.002
744.167	0.000	-0.003
745.167	0.000	-0.003
746.167	0.000	-0.002
747.167	0.000	-0.003
748.167	0.000	-0.003
749.167	0.000	-0.002
750.167	0.000	-0.002
751.167	0.000	-0.002
752.167	0.000	-0.003
753.167	0.000	-0.002
754.167	0.000	-0.003
755.167	0.000	-0.002
756.167	0.000	-0.002
757.167	0.000	-0.003
758.167	0.000	-0.002
759.167	0.000	-0.003
760.167	0.000	-0.002
761.167	0.000	-0.002
762.167	0.000	-0.002
763.167	0.000	-0.002
764.167	0.000	-0.002
765.167	0.000	-0.002
766.167	0.000	-0.003
767.167	0.000	-0.003
768.167	0.000	-0.002
769.167	0.000	-0.002
770.167	0.000	-0.002
771.167	0.000	-0.002
772.167	0.000	-0.003
773.167	0.000	-0.002
774.167	0.000	-0.003
775.167	0.000	-0.003
776.167	0.000	-0.004
777.167	0.000	-0.002
778.167	0.000	-0.003
779.167	0.000	-0.002
780.167	0.000	-0.002
781.167	0.000	-0.002
782.167	0.000	-0.003
783.167	0.000	-0.003
784.167	0.000	-0.002
785.167	0.000	-0.003
786.167	0.000	-0.002
787.167	0.000	-0.002
788.167	0.000	-0.002
789.167	0.000	-0.003
790.167	0.000	-0.002
791.167	0.000	-0.003
792.167	0.000	-0.003
793.167	0.000	-0.003
794.167	0.000	-0.002
795.167	0.000	-0.003
796.167	0.000	-0.003
797.167	0.000	-0.003
798.167	0.000	-0.002
799.167	0.000	-0.002
800.167	0.000	-0.002
801.167	0.000	-0.004
802.167	0.000	-0.002
803.167	0.000	-0.003
804.167	0.000	-0.002
805.167	0.000	-0.003
806.167	0.000	-0.002
807.167	0.000	-0.002
808.167	0.000	-0.002
809.167	0.000	-0.002
810.167	0.000	-0.002
811.167	0.000	-0.003
812.167	0.000	-0.002
813.167	0.000	-0.003
814.167	0.000	-0.003
815.167	0.000	-0.002
816.167	0.000	-0.003
817.167	0.000	-0.003
818.167	0.000	-0.003
819.167	0.000	-0.003
820.167	0.000	-0.003
821.167	0.000	-0.003
822.167	0.000	-0.002
823.167	0.000	-0.003
824.167	0.000	-0.003
825.167	0.000	-0.002
826.167	0.000	-0.003
827.167	0.000	-0.003
828.167	0.000	-0.003
829.167	0.000	-0.002
830.167	0.000	-0.003
831.167	0.000	-0.002
832.167	0.000	-0.002
833.167	0.000	-0.002
834.167	0.000	-0.002
835.167	0.000	-0.002
836.167	0.000	-0.002
837.167	0.000	-0.003
838.167	0.000	-0.001
839.167	0.000	-0.002
840.167	0.000	-0.003
841.167	0.000	-0.002
842.167	0.000	-0.002
843.167	0.000	-0.003
844.167	0.000	-0.002
845.167	0.000	-0.002
846.167	0.000	-0.003
847.167	0.000	-0.004
848.167	0.000	-0.003
849.167	0.000	-0.003
850.167	0.000	-0.002
851.167	0.000	-0.002
852.167	0.000	-0.002
853.167	0.000	-0.001
854.167	0.000	-0.003
855.167	0.000	-0.003
856.167	0.000	-0.002
857.167	0.000	-0.002
858.167	0.000	-0.002
859.167	0.000	-0.003
860.167	0.000	-0.004
861.167	0.000	-0.002
862.167	0.000	-0.003
863.167	0.000	-0.003
864.167	0.000	-0.003
865.167	0.000	-0.003
866.167	0.000	-0.002
867.167	0.000	-0.003
868.167	0.000	-0.003
869.167	0.000	-0.002
870.167	0.000	-0.003
871.167	0.000	-0.003
872.167	0.000	-0.003
873.167	0.000	-0.003
874.167	0.000	-0.003
875.167	0.000	-0.002
876.167	0.000	-0.003
877.167	0.000	-0.003
878.167	0.000	-0.003
879.167	0.000	-0.002
880.167	0.000	-0.003
881.167	0.000	-0.003
882.167	0.000	-0.002
883.167	0.000	-0.002
884.167	0.000	-0.002
885.167	0.000	-0.003
886.167	0.000	-0.003
887.167	0.000	-0.003
888.167	0.000	-0.003
889.167	0.000	-0.003
890.167	0.000	-0.002
891.167	0.000	-0.004
892.167	0.000	-0.002
893.167	0.000	-0.003
894.167	0.000	-0.004
895.167	0.000	-0.003
896.167	0.000	-0.003
897.167	0.000	-0.002
898.167	0.000	-0.003
899.167	0.000	-0.004
900.167	0.000	-0.004
