0.179	4.375	-94.800
1.179	4.376	-94.800
2.179	4.375	-94.800
3.179	4.375	-94.800
4.179	4.375	-94.800
5.179	4.375	-94.800
6.179	4.375	-94.800
7.179	4.363	-94.800
8.179	4.350	-94.700
9.179	4.344	-94.700
10.179	4.337	-94.700
11.179	4.328	-94.700
12.179	4.314	-94.600
13.179	4.293	-94.500
14.179	4.281	-94.500
15.179	4.263	-94.400
16.179	4.246	-94.300
17.179	4.236	-94.200
18.179	4.215	-94.100
19.179	4.197	-94.100
20.179	4.183	-94.000
21.179	4.172	-93.900
22.179	4.157	-93.900
23.179	4.139	-93.800
24.179	4.102	-93.600
25.179	4.085	-93.400
26.179	4.051	-93.300
27.179	4.031	-93.100
28.179	4.020	-93.100
29.179	4.006	-93.000
30.179	3.985	-92.800
31.179	3.978	-92.700
32.179	3.955	-92.600
33.179	3.924	-92.400
34.179	3.910	-92.300
35.179	3.878	-92.000
36.179	3.864	-91.900
37.179	3.840	-91.700
38.179	3.817	-91.600
39.179	3.802	-91.400
40.179	3.776	-91.200
41.179	3.760	-91.000
42.179	3.735	-90.900
43.179	3.719	-90.700
44.179	3.688	-90.500
45.179	3.671	-90.300
46.179	3.649	-90.100
47.179	3.631	-90.000
48.179	3.607	-89.700
49.179	3.587	-89.500
50.179	3.560	-89.300
51.179	3.544	-89.100
52.179	3.517	-88.900
53.179	3.502	-88.700
54.179	3.473	-88.500
55.179	3.462	-88.300
56.179	3.439	-88.100
57.179	3.418	-87.800
58.179	3.384	-87.600
59.179	3.355	-87.100
60.179	3.333	-86.900
61.179	3.294	-86.300
62.179	3.282	-86.100
63.179	3.246	-85.700
64.179	3.235	-85.400
65.179	3.195	-85.000
66.179	3.177	-84.500
67.179	3.161	-84.300
68.179	3.126	-83.900
69.179	3.098	-83.400
70.179	3.083	-83.000
71.179	3.033	-82.500
72.179	2.997	-81.800
73.179	2.972	-81.200
74.179	2.924	-80.700
75.179	2.874	-79.900
76.179	2.785	-78.100
77.179	2.768	-77.600
78.179	2.766	-77.400
79.179	2.745	-77.200
80.179	2.709	-76.600
81.179	2.682	-76.000
82.179	2.660	-75.600
83.179	2.608	-74.800
84.179	2.571	-73.900
85.179	2.547	-73.500
86.179	2.525	-72.900
87.179	2.507	-72.500
88.179	2.498	-72.300
89.179	2.463	-71.900
90.179	2.419	-71.100
91.179	2.356	-70.000
92.179	2.306	-69.000
93.179	2.234	-67.600
94.179	2.180	-66.500
95.179	2.111	-64.800
96.179	2.075	-64.000
97.179	2.039	-63.000
98.179	2.006	-62.200
99.179	1.980	-61.600
100.179	1.936	-60.700
101.179	1.903	-60.100
102.179	1.869	-59.300
103.179	1.828	-58.300
104.179	1.791	-57.500
105.179	1.775	-57.000
106.179	1.738	-56.300
107.179	1.683	-55.400
108.179	1.653	-54.400
109.179	1.614	-53.700
110.179	1.560	-52.400
111.179	1.511	-51.500
112.179	1.462	-50.100
113.179	1.409	-49.200
114.179	1.347	-47.700
115.179	1.298	-46.500
116.179	1.244	-45.200
117.179	1.165	-43.700
118.179	1.116	-42.400
119.179	1.051	-40.700
120.179	1.001	-39.500
121.179	0.949	-38.400
122.179	0.871	-36.600
123.179	0.797	-35.400
124.179	0.740	-33.800
125.179	0.670	-32.100
126.179	0.616	-31.000
127.179	0.574	-29.800
128.179	0.512	-28.700
129.179	0.474	-27.800
130.179	0.380	-26.200
131.179	0.310	-24.800
132.179	0.226	-23.000
133.179	0.143	-21.200
134.179	0.098	-19.620
135.179	0.029	-18.360
136.179	0.007	-17.300
137.179	0.003	-16.940
138.179	0.002	-16.760
139.179	0.001	-16.650
140.179	0.000	-16.570
141.179	-0.000	-16.500
142.179	-0.000	-16.440
143.179	-0.001	-16.390
144.179	-0.001	-16.350
145.179	-0.001	-16.310
146.179	-0.001	-16.280
147.179	-0.002	-16.250
148.179	-0.002	-16.220
149.179	-0.002	-16.190
150.179	-0.002	-16.180
151.179	-0.002	-16.150
152.179	-0.002	-16.130
153.179	-0.002	-16.120
154.179	-0.002	-16.090
155.179	-0.002	-16.080
156.179	-0.002	-16.060
157.179	-0.002	-16.050
158.179	-0.002	-16.040
159.179	-0.002	-16.020
160.179	-0.002	-16.010
161.179	-0.002	-15.990
162.179	-0.002	-15.990
163.179	-0.002	-15.970
164.179	-0.002	-15.960
165.179	-0.002	-15.950
166.179	-0.002	-15.940
167.179	-0.002	-15.930
168.179	-0.002	-15.920
169.179	-0.002	-15.910
170.179	-0.002	-15.900
171.179	-0.002	-15.900
172.179	-0.003	-15.890
173.179	-0.002	-15.880
174.179	-0.002	-15.870
175.179	-0.002	-15.860
176.179	-0.002	-15.860
177.179	-0.003	-15.840
178.179	-0.003	-15.840
179.179	-0.003	-15.840
180.179	-0.003	-15.830
181.179	-0.003	-15.820
182.179	-0.003	-15.810
183.179	-0.003	-15.810
184.179	-0.002	-15.800
185.179	-0.002	-15.790
186.179	-0.002	-15.790
187.179	-0.002	-15.790
188.179	-0.002	-15.770
189.179	-0.003	-15.770
190.179	-0.003	-15.770
191.179	-0.003	-15.760
192.179	-0.003	-15.750
193.179	-0.003	-15.750
194.179	-0.003	-15.750
195.179	-0.003	-15.740
196.179	-0.003	-15.730
197.179	-0.003	-15.730
198.179	-0.003	-15.730
199.179	-0.003	-15.720
200.179	-0.003	-15.720
201.179	-0.003	-15.720
202.179	-0.003	-15.710
203.179	-0.003	-15.700
204.179	-0.004	-15.700
205.179	-0.003	-15.700
206.179	-0.003	-15.690
207.179	-0.004	-15.690
208.179	-0.003	-15.680
209.179	-0.003	-15.680
210.179	-0.003	-15.670
211.179	-0.004	-15.680
212.179	-0.004	-15.670
213.179	-0.004	-15.660
214.179	-0.003	-15.660
215.179	-0.003	-15.660
216.179	-0.004	-15.660
217.179	-0.004	-15.650
218.179	-0.004	-15.650
219.179	-0.004	-15.650
220.179	-0.004	-15.640
221.179	-0.004	-15.640
222.179	-0.004	-15.640
