0.179	-0.001	-0.001
1.179	-0.001	-0.002
2.179	-0.001	-0.003
3.179	-0.001	-0.002
4.179	-0.001	-0.001
5.179	-0.001	-0.001
6.179	-0.001	-0.002
7.179	-0.001	-0.000
8.179	-0.001	-0.001
9.179	-0.001	-0.001
10.179	-0.001	-0.000
11.179	-0.001	-0.000
12.179	-0.001	0.001
13.179	-0.001	-0.000
14.179	-0.001	-0.004
15.179	-0.001	-0.000
16.179	-0.001	-0.002
17.179	-0.001	-0.000
18.179	-0.001	-0.000
19.179	-0.001	-0.002
20.179	-0.001	-0.000
21.179	-0.001	-0.002
22.179	-0.001	-0.009
23.179	-0.001	-0.002
24.179	-0.001	-0.001
25.179	-0.001	-0.000
26.179	-0.001	-0.004
27.179	-0.001	-0.002
28.179	-0.001	-0.000
29.179	-0.001	-0.006
30.179	-0.001	-0.002
31.179	-0.001	-0.006
32.179	-0.001	-0.000
33.179	-0.001	-0.005
34.179	-0.001	-0.000
35.179	-0.001	-0.002
36.179	-0.001	-0.001
37.179	-0.001	-0.001
38.190	-0.001	-0.001
39.179	-0.001	-0.002
40.179	-0.001	-0.000
41.179	-0.001	-0.001
42.179	-0.001	-0.000
43.179	-0.001	-0.004
44.179	-0.001	-0.001
45.179	-0.001	-0.003
46.179	-0.001	-0.001
47.179	-0.001	-0.000
48.179	-0.001	-0.000
49.179	-0.001	-0.002
50.179	-0.001	-0.002
51.179	-0.001	-0.000
52.179	-0.001	-0.002
53.179	-0.001	-0.000
54.179	-0.001	-0.000
55.179	-0.001	-0.002
56.179	-0.001	-0.002
57.179	-0.001	-0.002
58.179	-0.001	-0.002
59.179	-0.001	-0.001
60.179	-0.001	-0.002
61.179	-0.001	-0.002
62.179	-0.001	-0.000
63.179	-0.001	-0.002
64.179	-0.001	-0.001
65.179	-0.001	-0.001
66.179	-0.001	-0.002
67.179	-0.001	-0.000
68.179	-0.001	-0.002
69.179	-0.001	-0.001
70.179	-0.001	-0.002
71.179	-0.001	0.000
72.179	-0.001	-0.000
73.179	-0.001	-0.002
74.179	-0.001	-0.003
75.179	-0.001	-0.002
76.179	-0.001	-0.000
77.179	-0.001	-0.002
78.179	-0.001	-0.002
79.179	-0.001	-0.001
80.179	-0.001	-0.000
81.179	-0.001	-0.020
82.179	-0.001	-0.007
83.179	-0.001	-0.013
84.179	-0.001	-0.002
85.179	-0.001	-0.003
86.179	-0.001	-0.003
87.179	-0.001	-0.003
88.179	-0.001	-0.025
89.179	-0.001	-0.001
90.179	-0.001	-0.019
91.179	-0.001	-0.008
92.179	-0.001	-0.019
93.179	-0.001	-0.003
94.179	-0.001	-0.003
95.179	-0.001	-0.003
96.179	-0.001	-0.005
97.179	-0.001	-0.003
98.179	-0.001	-0.002
99.179	-0.001	-0.006
100.179	-0.001	-0.003
101.179	-0.001	-0.002
102.179	-0.001	-0.003
103.179	-0.001	-0.003
104.179	-0.001	-0.002
105.179	-0.001	-0.003
106.179	-0.001	-0.003
107.179	-0.001	-0.002
108.179	-0.001	-0.016
109.179	-0.001	-0.024
110.179	-0.001	0.005
111.179	-0.001	0.009
112.179	-0.001	0.012
113.179	-0.001	0.012
114.179	-0.001	0.011
115.179	-0.001	0.012
116.179	-0.001	0.011
117.179	-0.001	0.010
118.179	-0.001	0.011
119.179	-0.001	0.012
120.179	-0.001	0.011
121.179	-0.001	0.012
122.179	-0.001	0.011
123.179	-0.001	0.011
124.179	-0.001	0.010
125.179	-0.001	0.011
126.179	-0.001	0.012
127.179	-0.001	0.011
128.179	-0.001	0.011
129.179	-0.001	0.010
130.179	-0.001	0.012
131.179	-0.001	0.012
132.179	-0.001	0.011
133.179	-0.001	0.010
134.179	-0.001	0.011
135.179	-0.001	0.010
136.179	-0.001	0.012
137.179	-0.001	0.010
138.179	-0.001	0.011
139.179	-0.001	0.009
140.179	-0.001	0.009
141.179	-0.001	0.011
142.179	-0.001	0.009
143.179	-0.001	0.010
144.179	-0.001	0.010
145.179	-0.001	0.010
146.179	-0.001	0.010
147.179	-0.001	0.011
148.179	-0.001	0.010
149.179	-0.001	0.011
150.179	-0.001	0.010
151.179	-0.001	0.009
152.179	-0.001	0.010
153.179	-0.001	0.009
154.179	-0.001	0.010
155.179	-0.001	0.011
156.179	-0.001	0.010
157.179	-0.001	0.009
158.179	-0.001	0.009
159.179	-0.001	0.009
160.179	-0.001	0.010
161.179	-0.001	0.011
162.179	-0.001	0.011
163.179	-0.001	0.009
164.179	-0.001	0.009
165.179	-0.001	0.011
166.179	-0.001	0.011
167.179	-0.001	0.010
168.179	-0.001	0.010
169.179	-0.001	0.011
170.179	-0.001	0.010
171.179	-0.001	0.010
172.179	-0.001	0.008
173.179	-0.001	0.009
174.179	-0.001	0.010
175.179	-0.001	0.010
176.179	-0.001	0.010
177.179	-0.001	0.009
178.179	-0.001	0.008
179.179	-0.001	0.008
180.179	-0.001	0.009
181.179	-0.001	0.009
182.179	-0.001	0.009
183.179	-0.001	0.009
184.179	-0.001	0.009
185.179	-0.001	0.007
186.179	-0.001	0.008
187.179	-0.001	0.008
188.179	-0.001	0.009
189.179	-0.001	0.009
190.179	-0.001	0.009
191.179	-0.001	0.007
192.179	-0.001	0.007
193.179	-0.001	0.008
194.179	-0.001	0.007
195.179	-0.001	0.008
196.179	-0.001	0.008
197.179	-0.001	0.007
198.179	-0.001	0.008
199.179	-0.001	0.008
200.179	-0.001	0.007
201.179	-0.001	0.009
202.179	-0.001	0.009
203.179	-0.001	0.009
204.179	-0.001	0.008
205.179	-0.001	0.006
206.179	-0.001	0.008
207.179	-0.001	0.009
208.179	-0.001	0.008
209.179	-0.001	0.008
210.179	-0.001	0.006
211.179	-0.001	0.007
212.179	-0.001	0.008
213.179	-0.001	0.009
214.179	-0.001	0.006
215.179	-0.001	0.008
216.179	-0.001	0.008
217.179	-0.001	0.007
218.179	-0.001	0.006
219.179	-0.001	0.008
220.179	-0.001	0.008
221.179	-0.001	0.007
222.179	-0.001	0.007
223.179	-0.001	0.007
224.179	-0.001	0.008
225.179	-0.001	0.008
226.179	-0.001	0.007
227.179	-0.001	0.007
228.179	-0.001	0.006
229.179	-0.001	0.006
230.179	-0.001	0.007
231.179	-0.001	0.008
232.179	-0.001	0.008
233.179	-0.001	0.006
234.179	-0.001	0.006
235.179	-0.001	0.008
236.179	-0.001	0.007
237.179	-0.001	0.007
238.179	-0.001	0.007
239.179	-0.001	0.006
240.179	-0.001	0.007
241.179	-0.001	0.007
242.179	-0.001	0.007
243.179	-0.001	0.008
244.179	-0.001	0.008
245.179	-0.001	0.007
246.179	-0.001	0.007
247.179	-0.001	0.006
248.179	-0.001	0.004
249.179	-0.001	0.006
250.179	-0.001	0.006
251.179	-0.001	0.005
252.179	-0.001	0.006
253.179	-0.001	0.006
254.179	-0.001	0.005
255.179	-0.001	0.005
256.179	-0.001	0.006
257.179	-0.001	0.006
258.179	-0.001	0.005
259.179	-0.001	0.006
260.179	-0.001	0.006
261.179	-0.001	0.008
262.179	-0.001	0.005
263.179	-0.001	0.006
264.179	-0.001	0.006
265.179	-0.001	0.005
266.179	-0.001	0.006
267.179	-0.001	0.006
268.179	-0.001	0.007
269.179	-0.001	0.007
270.179	-0.001	0.005
271.179	-0.001	0.006
272.179	-0.001	0.006
273.179	-0.001	0.006
274.179	-0.001	0.006
275.179	-0.001	0.006
276.179	-0.001	0.005
277.179	-0.001	0.005
278.179	-0.001	0.006
279.179	-0.001	0.006
280.179	-0.001	0.007
281.179	-0.001	0.005
282.179	-0.001	0.005
283.179	-0.001	0.005
284.179	-0.001	0.006
285.179	-0.001	0.005
286.179	-0.001	0.006
287.179	-0.001	0.006
288.179	-0.001	0.005
289.179	-0.001	0.006
290.179	-0.001	0.005
291.179	-0.001	0.006
292.179	-0.001	0.005
293.179	-0.001	0.007
294.179	-0.001	0.005
295.179	-0.001	0.006
296.179	-0.001	0.003
297.179	-0.001	0.006
298.179	-0.001	0.006
299.179	-0.001	0.005
300.179	-0.001	0.004
301.179	-0.001	0.004
302.179	-0.001	0.005
303.179	-0.001	0.002
304.179	-0.001	0.004
305.179	-0.001	0.004
306.179	-0.001	0.004
307.179	-0.001	0.004
308.179	-0.001	0.005
309.179	-0.001	0.005
310.179	-0.001	0.006
311.179	-0.001	0.004
312.179	-0.001	0.004
313.179	-0.001	0.004
314.179	-0.001	0.004
315.179	-0.001	0.004
316.179	-0.001	0.005
317.179	-0.001	0.005
318.179	-0.001	0.006
319.179	-0.001	0.004
320.179	-0.001	0.004
321.179	-0.001	0.005
322.179	-0.001	0.005
323.179	-0.001	0.005
324.179	-0.001	0.006
325.179	-0.001	0.004
326.179	-0.001	0.004
327.179	-0.001	0.005
328.179	-0.001	0.005
329.179	-0.001	0.006
330.179	-0.001	0.005
331.179	-0.001	0.005
332.179	-0.001	0.004
333.179	-0.001	0.005
334.179	-0.001	0.005
335.179	-0.001	0.006
336.179	-0.001	0.004
337.179	-0.001	0.005
338.179	-0.001	0.005
339.179	-0.001	0.004
340.179	-0.001	0.004
341.179	-0.001	0.003
342.179	-0.001	0.004
343.179	-0.001	0.005
344.179	-0.001	0.005
345.179	-0.001	0.004
346.179	-0.001	0.002
347.179	-0.001	0.003
348.179	-0.001	0.002
349.179	-0.001	0.005
350.179	-0.001	0.004
351.179	-0.001	0.003
352.179	-0.001	0.003
353.179	-0.001	0.004
354.179	-0.001	0.003
355.179	-0.001	0.004
356.179	-0.001	0.004
357.179	-0.001	0.004
358.179	-0.001	0.003
359.179	-0.001	0.004
360.179	-0.001	0.002
361.179	-0.001	0.002
362.179	-0.001	0.004
363.179	-0.001	0.003
364.179	-0.001	0.003
365.179	-0.001	0.002
366.179	-0.001	0.003
367.179	-0.001	0.004
368.179	-0.001	0.003
369.179	-0.001	0.004
370.179	-0.001	0.004
371.179	-0.001	0.002
372.179	-0.001	0.002
373.190	-0.001	0.002
374.179	-0.001	0.002
375.179	-0.001	0.002
376.179	-0.001	-0.000
377.179	-0.001	0.000
378.179	-0.001	0.002
379.179	-0.001	0.002
380.179	-0.001	0.003
381.179	-0.001	0.001
382.179	-0.001	0.000
383.179	-0.001	-0.001
384.179	-0.001	-0.000
385.179	-0.001	-0.001
386.179	-0.001	-0.000
387.179	-0.001	-0.000
388.179	-0.001	0.001
389.179	-0.001	0.002
390.179	-0.001	0.001
391.179	-0.001	0.002
392.179	-0.001	0.002
393.179	-0.001	0.003
394.179	-0.001	0.002
395.179	-0.001	0.001
396.179	-0.001	-0.000
397.179	-0.001	0.000
398.179	-0.001	0.002
399.179	-0.001	0.000
400.179	-0.001	-0.002
401.179	-0.001	-0.003
402.179	-0.001	-0.002
403.179	-0.001	-0.004
404.179	-0.001	-0.003
405.179	-0.001	-0.003
406.179	-0.001	-0.003
407.179	-0.001	-0.002
408.179	-0.001	0.001
409.179	-0.001	-0.000
410.179	-0.001	0.000
411.179	-0.001	0.002
412.179	-0.001	0.002
413.180	-0.001	-0.000
414.179	-0.001	0.000
415.179	-0.001	-0.000
416.179	-0.001	0.000
417.179	-0.001	0.000
418.179	-0.001	0.000
419.179	-0.001	-0.000
420.179	-0.001	-0.000
421.179	-0.001	-0.001
422.179	-0.001	-0.000
423.179	-0.001	0.002
424.179	-0.001	-0.000
425.179	-0.001	-0.001
426.179	-0.001	-0.003
427.179	-0.001	-0.002
428.179	-0.001	-0.004
429.179	-0.001	-0.004
430.179	-0.001	-0.003
431.179	-0.001	-0.003
432.179	-0.001	-0.002
433.179	-0.001	-0.003
434.179	-0.001	-0.003
435.179	-0.001	-0.004
436.179	-0.001	-0.002
437.179	-0.001	-0.002
438.179	-0.001	-0.004
439.179	-0.001	-0.003
440.179	-0.001	-0.003
441.179	-0.001	-0.003
442.179	-0.001	-0.003
443.179	-0.001	-0.003
444.179	-0.001	-0.004
445.179	-0.001	-0.005
446.179	-0.001	-0.003
447.179	-0.001	-0.004
448.188	-0.001	-0.003
449.179	-0.001	-0.004
450.179	-0.001	-0.004
451.179	-0.001	-0.005
452.179	-0.001	-0.005
453.179	-0.001	-0.004
454.179	-0.001	-0.004
455.179	-0.001	-0.005
456.179	-0.001	-0.005
457.179	-0.001	-0.005
458.179	-0.001	-0.005
459.179	-0.001	-0.005
460.179	-0.001	-0.005
461.179	-0.001	-0.005
462.179	-0.001	-0.006
463.179	-0.001	-0.006
464.179	-0.001	-0.007
465.179	-0.001	-0.006
466.179	-0.001	-0.005
467.179	-0.001	-0.006
468.179	-0.001	-0.006
469.179	-0.001	-0.006
470.179	-0.001	-0.007
471.179	-0.001	-0.006
472.179	-0.001	-0.007
473.179	-0.001	-0.007
474.179	-0.001	-0.007
475.179	-0.001	-0.008
476.179	-0.001	-0.008
477.179	-0.001	-0.006
478.179	-0.001	-0.006
479.179	-0.001	-0.009
480.179	-0.001	-0.009
481.179	-0.001	-0.008
482.179	-0.001	-0.008
483.179	-0.001	-0.008
484.179	-0.001	-0.007
485.179	-0.001	-0.008
486.179	-0.001	-0.009
487.179	-0.001	-0.010
488.179	-0.001	-0.008
489.179	-0.001	-0.010
490.179	-0.001	-0.009
491.179	-0.001	-0.010
492.179	-0.001	-0.008
493.179	-0.001	-0.009
494.179	-0.001	-0.010
495.179	-0.001	-0.011
496.179	-0.001	-0.009
497.179	-0.001	-0.009
498.179	-0.001	-0.009
499.179	-0.001	-0.009
500.179	-0.001	-0.008
501.179	-0.001	-0.010
502.179	-0.001	-0.009
503.179	-0.001	-0.009
504.179	-0.001	-0.009
505.179	-0.001	-0.010
506.179	-0.001	-0.011
507.179	-0.001	-0.012
508.179	-0.001	-0.010
509.179	-0.001	-0.010
510.179	-0.001	-0.010
511.179	-0.001	-0.011
512.193	-0.001	-0.011
513.179	-0.001	-0.011
514.179	-0.001	-0.011
515.179	-0.001	-0.011
516.179	-0.001	-0.011
517.185	-0.001	-0.010
518.179	-0.001	-0.010
519.179	-0.001	-0.009
520.179	-0.001	-0.011
521.179	-0.002	-0.011
522.179	-0.001	-0.012
523.179	-0.001	-0.011
524.179	-0.001	-0.011
525.179	-0.001	-0.010
526.179	-0.001	-0.011
527.179	-0.001	-0.011
528.179	-0.001	-0.012
529.179	-0.001	-0.012
530.179	-0.001	-0.009
531.179	-0.001	-0.010
532.179	-0.001	-0.010
533.179	-0.001	-0.011
534.179	-0.001	-0.012
535.179	-0.002	-0.012
536.179	-0.001	-0.011
537.179	-0.001	-0.011
538.179	-0.001	-0.012
539.179	-0.001	-0.012
540.179	-0.001	-0.013
541.179	-0.001	-0.012
542.179	-0.001	-0.011
543.179	-0.001	-0.012
544.179	-0.001	-0.011
545.179	-0.001	-0.011
546.179	-0.001	-0.013
547.179	-0.001	-0.012
548.179	-0.001	-0.011
549.179	-0.001	-0.012
550.179	-0.001	-0.012
551.179	-0.001	-0.011
552.179	-0.001	-0.013
553.179	-0.001	-0.013
554.179	-0.001	-0.012
555.179	-0.001	-0.012
556.179	-0.001	-0.012
557.179	-0.001	-0.012
558.179	-0.001	-0.014
559.179	-0.001	-0.013
560.179	-0.001	-0.012
561.179	-0.001	2.000
562.179	-0.001	0.000
563.179	-0.001	0.000
564.179	-0.001	-0.000
565.179	-0.001	-0.000
566.179	-0.001	-0.000
567.179	-0.001	-0.000
568.179	-0.001	-0.000
569.179	-0.001	-0.000
570.179	-0.001	-0.000
571.179	-0.001	-0.020
572.179	-0.001	-0.010
573.179	-0.001	-0.010
574.179	-0.001	-0.010
575.179	-0.001	-0.010
576.179	-0.001	-0.019
577.179	-0.001	-0.015
578.179	-0.001	-0.013
579.179	-0.001	-0.013
580.179	-0.001	-0.013
581.179	-0.001	0.004
582.179	-0.001	-0.000
583.179	-0.001	0.000
584.179	-0.001	0.000
585.179	-0.001	0.000
586.179	-0.001	-0.000
587.179	-0.001	0.000
588.179	-0.001	0.000
589.179	-0.001	-0.001
590.179	-0.001	0.000
591.179	-0.001	0.002
592.179	-0.001	-0.000
593.179	-0.001	-0.000
594.179	-0.001	0.000
595.179	-0.001	-0.000
596.179	-0.001	-0.000
597.179	-0.001	0.000
598.179	-0.001	-0.000
599.179	-0.001	-0.000
600.179	-0.001	-0.000
601.179	-0.001	-0.000
602.179	-0.001	-0.000
603.179	-0.001	0.000
604.179	-0.001	-0.000
605.179	-0.001	-0.000
606.179	-0.001	-0.001
607.179	-0.001	0.000
608.179	-0.001	-0.002
609.179	-0.001	-0.000
610.179	-0.001	-0.000
611.179	-0.001	0.000
612.179	-0.001	-0.000
613.179	-0.001	-0.000
614.179	-0.001	-0.000
615.179	-0.001	-0.000
616.179	-0.001	0.000
617.179	-0.001	-0.001
618.179	-0.001	-0.000
619.179	-0.001	-0.000
620.179	-0.001	-0.000
621.179	-0.001	-0.000
622.179	-0.001	-0.000
623.179	-0.001	-0.001
624.179	-0.001	0.000
625.179	-0.001	-0.000
626.179	-0.001	0.001
627.179	-0.001	-0.000
628.179	-0.001	0.000
629.179	-0.001	0.000
630.179	-0.001	-0.000
631.179	-0.001	-0.000
632.179	-0.001	0.000
633.179	-0.001	0.000
634.179	-0.001	-0.000
635.179	-0.001	-0.000
636.179	-0.001	-0.002
637.179	-0.001	-0.000
638.179	-0.001	0.000
639.179	-0.001	0.000
640.179	-0.001	-0.001
641.184	-0.001	-0.002
642.179	-0.001	0.000
643.179	-0.001	-0.000
644.179	-0.001	-0.001
645.179	-0.001	0.000
646.179	-0.001	-0.000
647.179	-0.001	-0.001
648.179	-0.001	-0.000
649.179	-0.001	0.000
650.179	-0.001	-0.002
651.179	-0.001	-0.000
652.179	-0.001	-0.001
653.179	-0.001	-0.000
654.179	-0.001	-0.000
655.179	-0.001	0.000
656.179	-0.001	-0.000
657.179	-0.001	-0.001
658.179	-0.001	-0.000
659.179	-0.001	-0.001
660.179	-0.001	-0.000
661.179	-0.001	0.000
662.179	-0.001	-0.001
663.179	-0.001	-0.000
664.179	-0.001	-0.002
665.179	-0.001	-0.001
666.179	-0.001	-0.000
667.179	-0.001	-0.000
668.179	-0.001	-0.000
669.179	-0.001	-0.000
670.179	-0.001	-0.002
671.179	-0.001	-0.002
672.179	-0.001	-0.000
673.179	-0.001	-0.000
674.179	-0.001	-0.000
675.179	-0.001	0.000
676.179	-0.001	-0.000
677.179	-0.001	-0.000
678.179	-0.001	-0.002
679.179	-0.001	-0.000
680.179	-0.001	-0.000
681.179	-0.001	-0.001
682.179	-0.001	-0.000
683.179	-0.001	-0.002
684.179	-0.001	-0.002
685.179	-0.001	-0.001
686.179	-0.001	-0.002
687.181	-0.001	-0.000
688.179	-0.001	-0.000
689.179	-0.001	-0.000
690.179	-0.001	-0.002
691.179	-0.001	-0.000
692.179	-0.001	-0.001
693.179	-0.001	-0.000
694.179	-0.002	-0.000
695.179	-0.002	-0.000
696.179	-0.001	-0.000
697.179	-0.001	-0.000
698.179	-0.001	-0.000
699.179	-0.002	-0.000
700.179	-0.001	-0.000
701.179	-0.001	-0.002
702.179	-0.001	-0.000
703.179	-0.001	-0.001
704.179	-0.002	-0.001
705.179	-0.001	0.000
706.179	-0.001	-0.000
707.179	-0.001	-0.002
708.179	-0.001	-0.000
709.179	-0.001	-0.002
710.179	-0.001	-0.000
711.179	-0.001	0.000
712.179	-0.001	-0.002
713.179	-0.001	-0.001
714.179	-0.001	-0.002
715.179	-0.001	-0.001
716.179	-0.001	-0.002
717.179	-0.001	-0.000
718.179	-0.001	0.000
719.179	-0.001	-0.000
720.179	-0.001	-0.001
721.179	-0.001	-0.000
722.189	-0.001	-0.001
723.179	-0.001	-0.000
724.179	-0.001	-0.002
725.188	-0.002	-0.000
726.179	-0.001	-0.002
727.179	-0.001	-0.001
728.179	-0.001	-0.000
729.179	-0.001	-0.001
730.179	-0.001	-0.000
731.179	-0.001	-0.003
732.179	-0.001	-0.000
733.179	-0.001	-0.002
734.179	-0.001	-0.000
735.179	-0.001	-0.000
736.179	-0.001	0.000
737.179	-0.001	-0.000
738.179	-0.001	-0.000
739.179	-0.001	-0.002
740.179	-0.001	-0.000
741.179	-0.001	-0.001
742.179	-0.001	-0.002
743.179	-0.001	-0.001
744.179	-0.001	-0.000
745.179	-0.001	-0.000
746.179	-0.001	-0.001
747.179	-0.001	-0.003
748.179	-0.001	-0.002
749.179	-0.001	-0.002
750.179	-0.001	-0.001
751.179	-0.001	-0.002
752.179	-0.001	-0.001
753.179	-0.001	-0.002
754.179	-0.001	-0.000
755.179	-0.001	-0.002
756.179	-0.001	-0.000
757.179	-0.001	-0.001
758.179	-0.001	0.000
759.179	-0.001	-0.000
760.179	-0.001	-0.000
761.179	-0.001	-0.000
762.179	-0.001	-0.000
763.179	-0.001	-0.000
764.179	-0.001	-0.000
765.179	-0.001	-0.001
766.179	-0.001	-0.002
767.179	-0.001	-0.000
768.179	-0.001	-0.000
769.179	-0.001	-0.000
770.179	-0.001	-0.000
771.179	-0.001	-0.001
772.179	-0.001	-0.000
773.179	-0.001	-0.000
774.179	-0.001	-0.000
775.179	-0.001	-0.000
776.179	-0.001	-0.000
777.179	-0.001	-0.000
778.179	-0.001	-0.000
779.179	-0.001	-0.000
780.179	-0.001	-0.000
781.179	-0.001	-0.000
782.195	-0.001	-0.001
783.179	-0.001	-0.004
784.179	-0.001	-0.004
785.179	-0.001	-0.002
786.179	-0.001	-0.001
787.179	-0.001	-0.002
788.179	-0.001	-0.001
789.179	-0.001	-0.001
790.179	-0.001	-0.003
791.179	-0.001	-0.002
792.179	-0.001	-0.002
793.179	-0.001	-0.002
794.179	-0.001	-0.002
795.179	-0.001	-0.003
796.179	-0.001	-0.002
797.179	-0.001	-0.002
798.179	-0.001	-0.003
799.179	-0.001	-0.003
800.179	-0.001	-0.002
801.179	-0.001	-0.003
802.179	-0.001	-0.002
803.179	-0.001	-0.002
804.179	-0.001	-0.000
805.179	-0.001	-0.001
806.179	-0.001	-0.002
807.179	-0.001	-0.003
808.179	-0.001	-0.002
809.179	-0.001	-0.002
810.179	-0.001	-0.003
811.179	-0.001	-0.001
812.179	-0.001	-0.002
813.179	-0.001	-0.001
814.179	-0.001	-0.001
815.179	-0.001	-0.000
816.179	-0.001	-0.002
817.179	-0.001	-0.002
818.179	-0.001	-0.002
819.179	-0.001	-0.001
820.179	-0.001	-0.000
821.179	-0.001	-0.001
822.179	-0.001	-0.001
823.179	-0.001	-0.001
824.179	-0.001	-0.000
825.179	-0.001	0.000
826.179	-0.001	-0.000
827.179	-0.001	-0.002
828.179	-0.001	-0.000
829.179	-0.001	-0.002
830.179	-0.001	-0.000
831.179	-0.001	-0.002
832.179	-0.001	-0.001
833.179	-0.001	-0.000
834.179	-0.001	-0.001
835.179	-0.001	-0.001
836.179	-0.001	-0.002
837.179	-0.001	-0.001
838.179	-0.001	-0.000
839.179	-0.001	-0.000
840.179	-0.001	-0.000
841.179	-0.001	-0.002
842.179	-0.001	-0.002
843.179	-0.001	-0.000
844.179	-0.001	-0.001
845.179	-0.001	-0.000
846.179	-0.001	-0.002
847.179	-0.001	-0.001
848.179	-0.001	-0.000
849.179	-0.001	-0.001
850.179	-0.001	-0.002
851.179	-0.001	-0.000
852.179	-0.001	-0.000
853.179	-0.001	-0.000
854.179	-0.001	-0.000
855.179	-0.001	-0.001
856.179	-0.001	-0.000
857.179	-0.001	-0.002
858.179	-0.001	-0.001
859.179	-0.001	-0.000
860.193	-0.001	-0.002
861.179	-0.001	-0.000
862.179	-0.001	-0.002
863.179	-0.001	-0.000
864.179	-0.001	-0.003
865.179	-0.001	-0.000
866.179	-0.001	-0.001
867.179	-0.001	-0.002
868.179	-0.001	-0.000
869.179	-0.001	-0.002
870.179	-0.001	-0.000
871.179	-0.001	-0.003
872.179	-0.001	-0.000
873.179	-0.001	-0.002
874.179	-0.001	-0.000
875.179	-0.001	-0.000
876.179	-0.001	-0.001
877.179	-0.001	-0.000
878.179	-0.001	-0.001
