0.181	-0.000	0.000
1.181	-0.000	0.000
2.181	-0.000	0.000
3.181	-0.000	-0.000
4.181	-0.000	0.000
5.181	-0.000	0.001
6.181	-0.000	-0.000
7.181	0.000	0.000
8.181	-0.000	0.000
9.181	-0.000	-0.000
10.181	-0.000	-0.001
11.181	-0.000	-0.000
12.181	-0.000	0.000
13.181	-0.000	-0.000
14.181	-0.000	0.000
15.181	-0.000	-0.000
16.181	-0.000	0.000
17.181	-0.000	0.001
18.181	-0.000	0.001
19.181	-0.000	0.000
20.181	-0.000	0.001
21.181	-0.000	0.002
22.181	-0.000	-0.000
23.181	-0.000	0.001
24.181	-0.000	0.001
25.181	-0.000	0.001
26.181	-0.000	-0.000
27.181	-0.000	0.000
28.181	-0.000	0.000
29.181	-0.000	0.001
30.181	-0.000	-0.000
31.181	-0.000	-0.000
32.181	-0.000	-0.000
33.181	-0.000	-0.000
34.181	-0.000	-0.000
35.181	-0.000	0.000
36.181	-0.000	0.000
37.181	-0.000	0.000
38.181	-0.000	0.000
39.181	-0.000	0.000
40.181	-0.000	0.000
41.181	-0.000	-0.000
42.181	-0.000	0.000
43.181	-0.000	-0.000
44.181	-0.000	0.000
45.181	-0.000	0.000
46.181	-0.000	0.000
47.181	-0.000	0.001
48.181	-0.000	-0.000
49.181	-0.000	0.001
50.181	-0.000	0.000
51.181	-0.000	-0.000
52.181	-0.000	0.000
53.181	-0.000	0.000
54.181	-0.000	0.001
55.181	-0.000	0.000
56.181	-0.000	0.000
57.181	-0.000	0.000
58.181	-0.000	0.000
59.181	-0.000	0.000
60.181	-0.000	0.000
61.181	-0.000	0.000
62.181	-0.000	0.002
63.181	-0.000	0.001
64.181	-0.000	0.000
65.181	-0.000	0.000
66.181	-0.000	0.000
67.181	-0.000	0.000
68.181	-0.000	0.000
69.181	-0.000	0.000
70.181	-0.000	0.000
71.181	-0.000	0.000
72.181	-0.000	0.001
73.181	-0.000	0.001
74.181	-0.000	0.000
75.181	-0.000	0.000
76.181	-0.000	0.002
77.181	-0.000	0.001
78.181	-0.000	0.000
79.181	-0.000	0.001
80.181	-0.000	0.001
81.181	-0.000	0.000
82.181	-0.000	-0.000
83.181	-0.000	0.001
84.181	-0.000	0.002
85.181	-0.000	0.002
86.181	-0.000	0.002
87.181	-0.000	0.001
88.181	-0.000	-0.000
89.181	-0.000	0.002
90.181	-0.000	0.000
91.181	-0.000	0.000
92.181	-0.000	0.000
93.181	-0.000	0.001
94.181	-0.000	0.000
95.181	-0.000	0.000
96.181	-0.000	0.001
97.181	-0.000	0.001
98.181	-0.000	0.001
99.181	-0.000	0.000
100.181	-0.000	0.000
101.181	-0.000	0.001
102.181	-0.000	0.002
103.181	-0.000	0.001
104.181	-0.000	0.002
105.181	-0.000	0.002
106.181	-0.000	0.002
107.181	-0.000	0.001
108.181	-0.000	0.001
109.181	-0.000	0.001
110.181	-0.000	0.002
111.181	-0.000	0.000
112.181	-0.000	0.001
113.181	-0.000	0.000
114.181	-0.000	0.000
115.181	-0.000	0.000
116.181	-0.000	0.002
117.181	-0.000	0.000
118.181	-0.000	0.001
119.181	-0.000	0.002
120.181	-0.000	0.001
121.181	-0.000	0.000
122.181	-0.000	0.003
123.181	-0.000	0.000
124.181	-0.000	0.001
125.181	-0.000	0.001
126.181	-0.000	0.001
127.181	-0.000	0.001
128.181	-0.000	0.000
129.181	-0.000	0.001
130.181	-0.000	0.000
131.181	-0.000	0.001
132.181	-0.000	0.001
133.181	-0.000	0.002
134.181	-0.000	0.000
135.181	-0.000	0.002
136.181	-0.000	0.000
137.181	-0.000	0.000
138.181	-0.000	0.001
139.181	-0.000	0.002
140.181	-0.000	0.002
141.181	-0.000	0.002
142.181	-0.000	0.001
143.181	-0.000	0.001
144.181	-0.000	0.000
145.181	-0.000	0.002
146.181	-0.000	0.001
147.181	-0.000	0.001
148.181	-0.000	0.002
149.181	-0.000	0.001
150.181	-0.000	0.000
151.181	-0.000	0.002
152.181	-0.000	0.001
153.181	-0.000	0.002
154.181	-0.000	0.000
155.181	-0.000	0.001
156.181	-0.000	0.002
157.181	-0.000	0.002
158.181	-0.000	0.000
159.181	-0.000	0.001
160.181	-0.000	0.001
161.181	-0.000	0.000
162.181	-0.000	0.001
163.181	-0.000	0.000
164.181	-0.000	0.001
165.181	-0.000	0.002
166.181	-0.000	0.001
167.181	-0.000	0.000
168.181	-0.000	0.001
169.181	-0.000	0.001
170.181	-0.000	0.002
171.181	-0.000	0.002
172.181	-0.000	0.000
173.181	-0.000	0.002
174.181	-0.000	0.002
175.181	-0.000	0.000
176.181	-0.000	0.001
177.181	-0.000	0.002
178.181	-0.000	0.002
179.181	-0.000	0.000
180.181	-0.000	0.001
181.181	-0.000	0.000
182.181	-0.000	0.002
183.181	-0.000	0.002
184.181	-0.000	0.001
185.181	-0.000	0.003
186.181	-0.000	0.002
187.181	-0.000	0.002
188.181	-0.000	0.002
189.181	-0.000	0.001
190.181	-0.000	0.002
191.181	-0.000	0.002
192.181	-0.000	0.001
193.181	0.000	0.000
194.181	-0.000	0.000
195.181	-0.000	0.002
196.181	-0.000	0.003
197.181	-0.000	0.003
198.181	-0.000	0.002
199.181	-0.000	0.000
200.181	-0.000	0.002
201.181	-0.000	0.002
202.181	-0.000	0.003
203.181	-0.000	0.002
204.181	-0.000	0.002
205.181	-0.000	0.001
206.181	-0.000	0.001
207.181	-0.000	0.001
208.181	-0.000	0.002
209.181	-0.000	0.002
210.181	-0.000	0.002
211.181	-0.000	0.002
212.181	-0.000	0.001
213.181	-0.000	0.002
214.181	-0.000	0.001
215.181	-0.000	0.002
216.181	-0.000	0.002
217.181	-0.000	0.002
218.181	-0.000	0.002
219.181	-0.000	0.002
220.181	-0.000	0.004
221.181	-0.000	0.002
222.181	-0.000	0.002
223.181	-0.000	0.003
224.181	-0.000	0.001
225.181	-0.000	0.002
226.181	-0.000	0.002
227.181	-0.000	0.001
228.181	-0.000	0.003
229.181	-0.000	0.002
230.181	-0.000	0.003
231.181	-0.000	0.002
232.181	-0.000	0.002
233.181	-0.000	0.002
234.181	-0.000	0.004
235.181	-0.000	0.003
236.181	-0.000	0.002
237.181	-0.000	0.002
238.181	-0.000	0.003
239.181	-0.000	0.003
240.181	-0.000	0.003
241.181	-0.000	0.003
242.181	-0.000	0.003
243.181	-0.000	0.002
244.181	-0.000	0.002
245.181	-0.000	0.003
246.181	-0.000	0.002
247.181	-0.000	0.003
248.181	-0.000	0.002
249.181	-0.000	0.003
250.181	-0.000	0.002
251.181	-0.000	0.003
252.181	-0.000	0.003
253.181	-0.000	0.003
254.181	-0.000	0.002
255.181	-0.000	0.003
256.181	-0.000	0.003
257.181	-0.000	0.002
258.181	-0.000	0.003
259.181	-0.000	0.004
260.181	-0.000	0.003
261.181	-0.000	0.003
262.181	-0.000	0.003
263.181	-0.000	0.003
264.181	-0.000	0.003
265.181	-0.000	0.002
266.181	-0.000	0.004
267.181	-0.000	0.002
268.181	-0.000	0.003
269.181	-0.000	0.003
270.181	-0.000	0.003
271.181	-0.000	0.003
272.181	-0.000	0.002
273.181	-0.000	0.003
274.181	0.000	0.003
275.181	-0.000	0.002
276.181	-0.000	0.003
277.181	-0.000	0.003
278.181	-0.000	0.003
279.181	-0.000	0.003
280.181	-0.000	0.003
281.181	-0.000	0.005
282.181	-0.000	0.004
283.181	-0.000	0.003
284.181	-0.000	0.003
285.181	-0.000	0.002
286.181	-0.000	0.003
287.181	-0.000	0.005
288.181	-0.000	0.003
289.181	-0.000	0.003
290.181	-0.000	0.002
291.181	-0.000	0.004
292.181	-0.000	0.003
293.181	-0.000	0.003
294.181	-0.000	0.004
295.181	-0.000	0.004
296.181	-0.000	0.003
297.181	-0.000	0.003
298.181	-0.000	0.003
299.181	-0.000	0.004
300.181	-0.000	0.005
