0.229	-0.000	0.000
1.229	-0.003	0.000
2.229	9.824	-0.000
3.229	9.866	0.000
4.229	9.860	0.000
5.229	9.858	0.000
6.229	9.860	-0.000
7.229	9.860	-0.000
8.229	9.861	0.000
9.229	9.860	0.000
10.229	9.860	-0.000
11.229	9.860	0.000
12.229	9.860	0.000
13.229	9.859	-0.001
14.229	9.860	-0.000
15.229	9.858	-0.000
16.229	9.858	-0.000
17.229	9.856	0.000
18.229	9.855	0.000
19.229	9.854	-0.000
20.229	9.854	0.000
21.229	9.852	-0.000
22.229	9.851	-0.000
23.229	9.851	-0.000
24.229	9.850	0.001
25.229	9.850	0.000
26.229	9.848	0.000
27.229	9.847	0.000
28.229	9.846	-0.000
29.229	9.846	-0.000
30.229	9.844	-0.000
31.229	9.844	0.000
32.229	9.842	-0.001
33.229	9.842	0.000
34.229	9.841	-0.000
35.229	9.840	0.000
36.229	9.840	-0.000
37.229	9.838	0.000
38.229	9.838	-0.000
39.229	9.836	-0.000
40.229	9.837	0.000
41.229	9.835	-0.000
42.229	9.834	0.000
43.229	9.833	0.000
44.229	9.833	0.000
45.229	9.832	-0.000
46.229	9.832	0.001
47.229	9.831	0.000
48.229	9.830	0.000
49.229	9.829	0.000
50.229	9.828	-0.000
51.229	9.828	0.000
52.229	9.827	-0.000
53.229	9.826	-0.000
54.229	9.826	-0.000
55.229	9.825	0.000
56.229	9.824	-0.000
57.229	9.824	0.000
58.229	9.822	0.000
59.229	9.822	0.000
60.229	9.822	0.000
61.229	9.821	-0.001
62.229	9.821	0.000
63.229	9.820	-0.000
64.229	9.819	0.000
65.229	9.819	0.000
66.229	9.819	0.000
67.229	9.817	0.000
68.229	9.817	0.000
69.229	9.816	0.000
70.229	9.816	0.000
71.229	9.816	-0.000
72.229	9.816	0.000
73.229	9.815	0.000
74.229	9.814	-0.000
75.229	9.813	0.000
76.229	9.813	-0.000
77.229	9.812	-0.000
78.229	9.811	0.001
79.229	9.811	0.000
80.229	9.810	0.000
81.229	37.237	-0.440
82.229	49.750	-0.620
83.229	61.485	-0.800
84.229	62.246	-0.840
85.229	62.234	-0.840
86.229	62.274	-0.840
87.229	62.267	-0.840
88.229	62.401	-0.830
89.229	62.359	-0.840
90.229	62.292	-0.840
91.229	62.235	-0.830
92.229	62.258	-0.840
93.229	62.212	-0.840
94.229	62.131	-0.830
95.229	62.133	-0.840
96.229	62.094	-0.850
97.229	62.119	-0.850
98.229	62.252	-0.840
99.229	62.227	-0.840
100.229	62.222	-0.840
101.229	62.256	-0.840
102.229	62.235	-0.840
103.229	62.206	-0.840
104.229	62.263	-0.840
105.229	62.223	-0.840
106.229	62.298	-0.840
107.229	62.250	-0.840
108.229	62.219	-0.850
109.229	62.265	-0.840
110.229	62.293	-0.840
111.229	62.322	-0.840
112.229	62.352	-0.840
113.229	62.343	-0.840
114.229	62.547	-0.840
115.229	62.374	-0.840
116.229	62.382	-0.840
117.229	62.362	-0.840
118.229	62.417	-0.840
119.229	62.381	-0.840
120.229	62.363	-0.840
121.229	62.313	-0.840
122.229	62.354	-0.840
123.229	62.408	-0.840
124.229	62.438	-0.840
125.229	62.445	-0.840
126.229	62.446	-0.840
127.229	62.411	-0.840
128.229	62.482	-0.850
129.229	62.465	-0.850
130.229	62.407	-0.840
131.229	62.434	-0.840
132.229	62.484	-0.840
133.229	62.513	-0.840
134.229	62.543	-0.840
135.229	93.135	-1.190
136.229	114.138	-1.680
137.229	128.735	-2.000
138.229	131.960	-2.120
139.229	131.977	-2.120
140.229	131.945	-2.130
141.229	131.992	-2.130
142.229	131.975	-2.130
143.229	131.977	-2.140
144.229	131.963	-2.140
145.229	131.983	-2.130
146.229	131.994	-2.130
147.229	131.984	-2.130
148.229	132.006	-2.130
149.229	131.977	-2.150
150.229	131.983	-2.130
151.229	132.023	-2.130
152.229	132.045	-2.130
153.229	132.075	-2.130
154.229	132.102	-2.140
155.229	132.151	-2.140
156.229	132.147	-2.130
157.229	132.137	-2.130
158.229	132.140	-2.130
159.229	132.155	-2.140
160.229	132.162	-2.140
161.229	132.177	-2.140
162.229	132.160	-2.130
163.229	132.174	-2.140
164.229	132.102	-2.140
165.229	132.130	-2.140
166.229	132.165	-2.130
167.229	132.139	-2.140
168.229	132.136	-2.130
169.229	132.163	-2.130
170.229	132.190	-2.140
171.229	132.189	-2.140
172.229	132.055	-2.140
173.229	132.056	-2.140
174.229	131.992	-2.140
175.229	132.065	-2.140
176.229	132.133	-2.140
177.229	132.167	-2.130
178.229	132.144	-2.140
179.229	132.158	-2.130
180.229	132.126	-2.140
181.229	132.110	-2.130
182.229	132.109	-2.140
183.229	132.135	-2.140
184.229	132.149	-2.150
185.229	132.121	-2.140
186.229	151.702	-2.270
187.229	175.652	-2.960
188.229	197.080	-3.550
189.229	199.732	-3.730
190.229	199.754	-3.720
191.229	199.793	-3.740
192.229	199.809	-3.740
193.229	199.833	-3.730
194.229	199.846	-3.740
195.229	199.847	-3.740
196.229	199.911	-3.740
197.229	199.935	-3.730
198.229	199.948	-3.740
199.229	199.927	-3.730
200.229	199.888	-3.740
201.229	199.874	-3.750
202.229	199.876	-3.730
203.229	199.891	-3.740
204.229	199.869	-3.740
205.229	199.892	-3.740
206.229	199.959	-3.740
207.229	199.987	-3.740
208.229	199.980	-3.750
209.229	200.024	-3.740
210.229	200.028	-3.740
211.229	200.065	-3.740
212.229	200.031	-3.740
213.229	199.994	-3.750
214.229	199.976	-3.750
215.229	200.047	-3.750
216.229	200.119	-3.750
217.229	200.125	-3.750
218.229	200.073	-3.750
219.229	200.019	-3.750
220.229	200.040	-3.750
221.229	200.026	-3.750
222.229	200.022	-3.750
223.229	200.018	-3.740
224.229	199.988	-3.750
225.229	199.983	-3.740
226.229	200.006	-3.740
227.229	200.022	-3.740
228.229	200.025	-3.750
229.229	200.032	-3.750
230.229	200.077	-3.750
231.229	200.070	-3.750
232.229	200.051	-3.750
233.229	200.099	-3.750
234.229	200.089	-3.740
235.229	200.163	-3.750
236.229	200.123	-3.750
237.229	200.100	-3.740
238.229	200.044	-3.740
239.229	200.052	-3.750
240.229	204.008	-3.750
241.229	235.039	-4.350
242.229	257.653	-4.920
243.229	260.802	-5.120
244.229	260.770	-5.130
245.229	260.730	-5.130
246.229	260.686	-5.130
247.229	260.591	-5.140
248.229	260.612	-5.140
249.229	260.600	-5.140
250.229	260.587	-5.150
251.229	260.631	-5.150
252.229	260.603	-5.140
253.229	260.567	-5.150
254.229	260.603	-5.150
255.229	260.555	-5.150
256.229	260.548	-5.140
257.229	260.566	-5.150
258.229	260.587	-5.140
259.229	260.568	-5.140
260.229	260.593	-5.150
261.229	260.633	-5.150
262.229	260.637	-5.150
263.229	260.669	-5.150
264.229	260.665	-5.150
265.229	260.630	-5.160
266.229	260.642	-5.140
267.229	260.555	-5.150
268.229	260.538	-5.150
269.229	260.549	-5.150
270.229	260.549	-5.160
271.229	260.526	-5.170
272.229	260.495	-5.160
273.229	260.524	-5.160
274.229	260.585	-5.150
275.229	260.568	-5.150
276.229	260.580	-5.160
277.229	260.602	-5.160
278.229	260.570	-5.160
279.229	260.562	-5.160
280.229	260.520	-5.160
281.229	260.529	-5.160
282.229	260.565	-5.160
283.229	260.601	-5.160
284.229	260.689	-5.150
285.229	260.717	-5.160
286.229	260.664	-5.160
287.229	260.642	-5.160
288.229	260.650	-5.160
289.229	260.648	-5.160
290.229	260.641	-5.160
291.229	260.621	-5.160
292.229	260.615	-5.160
293.229	260.623	-5.160
294.229	260.687	-5.150
295.229	260.650	-5.160
296.229	260.643	-5.160
297.229	294.887	-5.670
298.229	313.969	-6.260
299.229	325.469	-6.490
300.229	326.830	-6.580
301.229	326.803	-6.600
302.229	326.807	-6.600
303.229	326.798	-6.600
304.229	326.792	-6.600
305.229	326.860	-6.600
306.229	326.851	-6.610
307.229	326.864	-6.610
308.229	326.881	-6.610
309.229	326.865	-6.610
310.229	326.839	-6.620
311.229	326.901	-6.610
312.229	326.903	-6.620
313.229	326.919	-6.610
314.229	326.921	-6.610
315.229	326.949	-6.610
316.229	326.929	-6.630
317.229	327.009	-6.620
318.229	327.013	-6.620
319.229	326.998	-6.620
320.229	327.027	-6.620
321.229	326.998	-6.620
322.229	327.015	-6.620
323.229	327.077	-6.620
324.229	327.076	-6.610
325.229	327.020	-6.620
326.229	327.069	-6.620
327.229	327.122	-6.630
328.229	327.114	-6.630
329.229	327.099	-6.630
330.229	327.102	-6.630
331.229	327.021	-6.630
332.229	326.931	-6.630
333.229	326.864	-6.630
334.229	326.836	-6.630
335.229	326.913	-6.630
336.229	326.870	-6.630
337.229	326.960	-6.620
338.229	326.995	-6.640
339.229	327.070	-6.650
340.229	327.065	-6.640
341.229	327.053	-6.630
342.229	327.060	-6.640
343.229	327.058	-6.640
344.229	327.118	-6.640
345.229	327.112	-6.640
346.229	327.090	-6.630
347.229	327.127	-6.630
348.229	327.129	-6.640
349.229	327.140	-6.650
350.229	327.146	-6.640
351.229	327.129	-6.640
352.229	327.154	-6.640
353.229	329.642	-6.630
354.229	362.901	-7.200
355.229	378.192	-7.600
356.229	388.162	-7.800
357.229	390.921	-7.940
358.229	390.928	-7.960
359.229	390.926	-7.970
360.229	390.922	-7.980
361.229	390.916	-7.970
362.229	390.909	-7.970
363.229	390.853	-7.970
364.229	390.824	-7.990
365.229	390.936	-7.990
366.229	390.942	-7.990
367.229	390.893	-7.990
368.229	390.905	-8.000
369.229	390.875	-7.990
370.229	390.889	-7.990
371.229	390.856	-8.000
372.229	390.880	-7.990
373.229	390.893	-8.000
374.229	390.900	-8.000
375.229	390.821	-8.000
376.229	390.855	-8.010
377.229	390.823	-8.000
378.229	390.801	-8.010
379.229	390.770	-8.010
380.229	390.756	-8.010
381.229	390.770	-8.000
382.229	390.777	-8.000
383.229	390.811	-8.000
384.229	390.818	-8.010
385.229	390.838	-8.010
386.229	390.777	-8.020
387.229	390.760	-8.010
388.229	390.733	-8.000
389.229	390.752	-8.000
390.229	390.734	-8.020
391.229	390.746	-8.010
392.229	390.743	-8.020
393.229	390.726	-8.020
394.229	390.762	-8.010
395.229	390.816	-8.010
396.229	390.856	-8.020
397.229	390.873	-8.020
398.229	390.840	-8.010
399.229	390.897	-8.030
400.229	390.891	-8.020
401.229	390.842	-8.020
402.229	390.843	-8.010
403.229	416.095	-8.290
404.229	441.546	-8.890
405.229	455.199	-9.200
406.229	460.335	-9.420
407.229	460.324	-9.440
408.229	460.331	-9.450
409.229	460.313	-9.460
410.229	460.330	-9.460
411.229	460.334	-9.480
412.229	460.377	-9.480
413.229	460.364	-9.480
414.229	460.359	-9.480
415.229	460.383	-9.490
416.229	460.356	-9.480
417.229	460.392	-9.490
418.229	460.354	-9.500
419.229	460.331	-9.500
420.229	460.342	-9.500
421.229	460.412	-9.500
422.229	460.370	-9.500
423.229	460.366	-9.500
424.229	460.323	-9.510
425.229	460.322	-9.500
426.229	460.311	-9.500
427.229	460.337	-9.520
428.229	460.319	-9.530
429.229	460.330	-9.530
430.229	460.308	-9.540
431.229	460.303	-9.570
432.229	460.296	-9.570
433.229	460.324	-9.570
434.229	460.320	-9.550
435.229	460.333	-9.570
436.229	460.370	-9.560
437.229	460.367	-9.560
438.229	460.385	-9.570
439.229	460.381	-9.570
440.229	460.373	-9.580
441.229	460.393	-9.560
442.229	460.392	-9.560
443.229	460.457	-9.570
444.229	460.447	-9.570
445.229	460.475	-9.560
446.229	460.509	-9.570
447.229	460.443	-9.570
448.229	460.478	-9.560
449.229	460.448	-9.570
450.229	460.442	-9.570
451.229	460.499	-9.570
452.229	460.469	-9.560
453.229	460.369	-9.560
454.229	460.375	-9.570
455.229	460.404	-9.570
456.229	460.375	-9.570
457.229	460.323	-9.570
458.229	460.309	-9.580
459.229	460.344	-9.560
460.229	460.327	-9.560
461.229	460.330	-9.570
462.229	460.331	-9.570
463.229	460.310	-9.570
464.229	460.346	-9.580
465.229	460.334	-9.570
466.229	460.365	-9.570
467.229	460.379	-9.570
468.229	460.329	-9.570
469.229	460.291	-9.570
470.229	460.252	-9.570
471.229	460.268	-9.560
472.229	460.283	-9.570
473.229	460.238	-9.580
474.229	460.334	-9.580
475.229	460.287	-9.580
476.229	460.300	-9.570
477.229	460.236	-9.570
478.229	460.311	-9.580
479.229	460.294	-9.570
480.229	460.211	-9.580
481.229	460.186	-9.580
482.229	460.217	-9.570
483.229	460.195	-9.570
484.229	460.184	-9.580
485.229	460.155	-9.570
486.229	460.236	-9.580
487.229	460.288	-9.590
488.229	460.259	-9.570
489.229	460.280	-9.580
490.229	460.220	-9.580
491.229	460.201	-9.580
492.229	460.204	-9.580
493.229	460.177	-9.580
494.229	460.130	-9.570
495.229	460.122	-9.580
496.229	460.074	-9.580
497.229	460.092	-9.590
498.229	460.088	-9.580
499.229	460.070	-9.580
500.229	460.040	-9.570
501.229	460.023	-9.580
502.229	460.010	-9.580
503.229	459.957	-9.580
504.229	459.988	-9.580
505.229	459.930	-9.580
506.229	460.002	-9.590
507.229	460.018	-9.590
508.229	460.022	-9.580
509.229	460.082	-9.590
510.229	474.241	-9.670
511.229	501.533	-10.190
512.229	524.104	-10.700
513.229	526.699	-10.910
514.229	526.654	-10.940
515.229	526.619	-10.960
516.229	526.587	-10.980
517.229	526.584	-10.990
518.229	526.581	-11.000
519.229	526.500	-11.010
520.229	526.545	-11.020
521.229	526.507	-11.010
522.229	526.487	-11.020
523.229	526.464	-11.020
524.229	526.515	-11.020
525.229	526.512	-11.030
526.229	526.509	-11.040
527.229	526.473	-11.050
528.229	526.369	-11.050
529.229	526.326	-11.050
530.229	526.322	-11.050
531.229	526.330	-11.060
532.229	526.292	-11.070
533.229	526.325	-11.060
534.229	526.275	-11.060
535.229	526.246	-11.060
536.229	526.300	-11.070
537.229	526.369	-11.080
538.229	526.356	-11.080
539.229	526.346	-11.070
540.229	526.365	-11.080
541.229	526.396	-11.080
542.229	526.455	-11.090
543.229	526.423	-11.090
544.229	526.387	-11.080
545.229	526.347	-11.090
546.229	526.302	-11.090
547.229	526.384	-11.090
548.229	526.359	-11.090
549.229	526.411	-11.100
550.229	526.357	-11.110
551.229	526.349	-11.090
552.229	526.347	-11.100
553.229	526.311	-11.100
554.229	526.312	-11.110
555.229	526.350	-11.100
556.229	526.323	-11.100
557.229	526.265	-11.110
558.229	526.264	-11.100
559.229	526.245	-11.110
560.229	526.231	-11.110
561.229	526.359	-11.090
562.229	528.713	-11.120
563.229	559.957	-11.500
564.229	583.933	-12.120
565.229	589.679	-12.440
566.229	589.692	-12.500
567.229	589.691	-12.530
568.229	589.656	-12.540
569.229	589.613	-12.560
570.229	589.692	-12.560
571.229	589.649	-12.580
572.229	589.667	-12.580
573.229	589.583	-12.590
574.229	589.406	-12.610
575.229	589.369	-12.600
576.229	589.360	-12.620
577.229	589.351	-12.620
578.229	589.353	-12.630
579.229	589.332	-12.620
580.229	589.314	-12.650
581.229	589.256	-12.640
582.229	589.293	-12.650
583.229	589.282	-12.650
584.229	589.239	-12.660
585.229	589.293	-12.650
586.229	589.304	-12.660
587.229	589.300	-12.650
588.229	589.311	-12.670
589.229	589.277	-12.670
590.229	589.301	-12.680
591.229	589.297	-12.670
592.229	589.230	-12.680
593.229	589.218	-12.680
594.229	589.216	-12.680
595.229	589.195	-12.680
596.229	589.233	-12.680
597.229	589.166	-12.680
598.229	589.147	-12.700
599.229	589.099	-12.700
600.229	589.132	-12.690
601.229	589.100	-12.700
602.229	589.058	-12.700
603.229	589.077	-12.700
604.229	589.151	-12.700
605.229	589.168	-12.720
606.229	589.159	-12.710
607.229	589.152	-12.700
608.229	589.138	-12.730
609.229	589.143	-12.720
610.229	589.116	-12.710
611.229	589.090	-12.710
612.229	589.124	-12.720
613.229	589.114	-12.720
614.229	589.071	-12.730
615.229	589.073	-12.720
616.229	589.050	-12.730
617.229	589.017	-12.730
618.229	589.024	-12.730
619.229	588.988	-12.730
620.229	588.959	-12.730
621.229	588.939	-12.710
622.229	588.966	-12.730
623.229	588.944	-12.730
624.229	588.883	-12.730
625.229	600.616	-12.750
626.229	638.795	-13.490
627.229	650.391	-13.890
628.229	652.556	-14.090
629.229	652.495	-14.130
630.229	652.477	-14.160
631.229	652.439	-14.210
632.229	652.428	-14.210
633.229	652.438	-14.230
634.229	652.462	-14.240
635.229	652.477	-14.260
636.229	652.512	-14.270
637.229	652.507	-14.270
638.229	652.431	-14.270
639.229	652.407	-14.280
640.229	652.374	-14.310
641.229	652.346	-14.310
642.229	652.335	-14.300
643.229	652.327	-14.320
644.229	652.306	-14.330
645.229	652.294	-14.330
646.229	652.304	-14.320
647.229	652.254	-14.340
648.229	652.249	-14.350
649.229	652.269	-14.330
650.229	652.220	-14.350
651.229	652.190	-14.350
652.229	652.192	-14.340
653.229	652.153	-14.370
654.229	652.068	-14.360
655.229	652.046	-14.360
656.229	651.973	-14.370
657.229	652.001	-14.380
658.229	651.996	-14.370
659.229	651.970	-14.370
660.229	651.991	-14.380
661.229	652.008	-14.380
662.229	652.009	-14.380
663.229	669.204	-14.470
664.229	701.119	-15.080
665.229	718.839	-15.730
666.229	718.982	-15.930
667.229	718.968	-15.990
668.229	718.952	-16.000
669.229	718.852	-16.040
670.229	718.830	-16.070
671.229	718.732	-16.080
672.229	718.718	-16.100
673.229	718.701	-16.110
674.229	718.668	-16.140
675.229	718.636	-16.150
676.229	718.628	-16.160
677.229	718.614	-16.160
678.229	718.618	-16.180
679.229	718.642	-16.180
680.229	718.551	-16.180
681.229	718.597	-16.200
682.229	718.537	-16.200
683.229	718.506	-16.220
684.229	718.486	-16.230
685.229	718.419	-16.220
686.229	718.377	-16.230
687.229	718.335	-16.220
688.229	718.313	-16.230
689.229	718.240	-16.240
690.229	718.238	-16.250
691.229	718.193	-16.250
692.229	718.153	-16.260
693.229	718.153	-16.270
694.229	718.098	-16.250
695.229	718.098	-16.260
696.229	718.064	-16.270
697.229	718.001	-16.270
698.229	717.959	-16.280
699.229	717.946	-16.270
700.229	717.905	-16.290
701.229	717.877	-16.280
702.229	717.860	-16.300
703.229	717.883	-16.300
704.229	717.858	-16.300
705.229	717.859	-16.310
706.229	717.866	-16.310
707.229	717.832	-16.300
708.229	717.796	-16.310
709.229	717.723	-16.330
710.229	717.685	-16.330
711.229	717.650	-16.310
712.229	717.651	-16.310
713.229	717.631	-16.320
714.229	717.587	-16.330
715.229	717.560	-16.330
716.229	717.534	-16.320
717.229	717.552	-16.330
718.229	717.528	-16.330
719.229	717.528	-16.340
720.229	717.522	-16.330
721.229	717.471	-16.340
722.229	717.455	-16.340
723.229	717.370	-16.340
724.229	717.326	-16.340
725.229	717.331	-16.350
726.229	717.280	-16.350
727.229	717.226	-16.350
728.229	717.387	-16.360
729.229	720.768	-16.350
730.229	759.613	-16.900
731.229	774.617	-17.410
732.229	781.297	-17.720
733.229	781.260	-17.840
734.229	781.202	-17.890
735.229	781.136	-17.940
736.229	781.108	-17.980
737.229	781.088	-17.980
738.229	781.000	-18.020
739.229	780.932	-18.030
740.229	780.862	-18.060
741.229	780.844	-18.060
742.229	780.744	-18.060
743.229	780.696	-18.110
744.229	780.731	-18.110
745.229	780.685	-18.100
746.229	780.628	-18.100
747.229	780.581	-18.120
748.229	780.561	-18.140
749.229	780.577	-18.140
750.229	780.533	-18.160
751.229	780.500	-18.180
752.229	780.430	-18.160
753.229	780.410	-18.180
754.229	780.423	-18.180
755.229	780.359	-18.200
756.229	780.551	-18.180
757.229	780.347	-18.210
758.229	780.388	-18.190
759.229	780.333	-18.210
760.229	780.260	-18.200
761.229	780.324	-18.230
762.229	780.329	-18.230
763.229	780.249	-18.210
764.229	794.317	-18.260
765.229	829.374	-18.980
766.229	841.357	-19.510
767.229	844.035	-19.780
768.229	843.987	-19.870
769.229	843.940	-19.940
770.229	843.909	-19.960
771.229	843.889	-20.000
772.229	843.865	-20.040
773.229	843.835	-20.070
774.229	843.813	-20.090
775.229	843.801	-20.110
776.229	843.824	-20.130
777.229	843.746	-20.150
778.229	843.743	-20.140
779.229	843.663	-20.170
780.229	843.638	-20.180
781.229	843.596	-20.190
782.229	843.565	-20.200
783.229	843.502	-20.220
784.229	843.430	-20.200
785.229	843.441	-20.240
786.229	843.420	-20.250
787.229	843.404	-20.240
788.229	843.421	-20.260
789.229	843.392	-20.240
790.229	843.430	-20.270
791.229	843.369	-20.280
792.229	843.275	-20.250
793.229	843.276	-20.280
794.229	843.244	-20.270
795.229	843.247	-20.300
796.229	843.206	-20.300
797.229	843.122	-20.300
798.229	843.165	-20.310
799.229	843.085	-20.300
800.229	843.025	-20.320
801.229	842.985	-20.330
802.229	842.938	-20.340
803.229	842.947	-20.340
804.229	842.918	-20.340
805.229	842.882	-20.330
806.229	842.805	-20.340
807.229	842.781	-20.340
808.229	842.717	-20.370
809.229	842.691	-20.350
810.229	842.632	-20.370
811.229	842.560	-20.360
812.229	842.526	-20.370
813.229	842.445	-20.360
814.229	842.379	-20.370
815.229	842.339	-20.370
816.229	842.288	-20.370
817.229	842.217	-20.390
818.229	842.166	-20.380
819.229	842.143	-20.380
820.229	842.118	-20.400
821.229	842.096	-20.390
822.229	842.069	-20.400
823.229	842.067	-20.400
824.229	842.040	-20.410
825.229	842.001	-20.400
826.229	841.959	-20.380
827.229	841.984	-20.400
828.229	841.914	-20.400
829.229	841.845	-20.420
830.229	841.817	-20.420
831.229	841.790	-20.430
832.229	867.187	-20.560
833.229	896.263	-21.300
834.229	903.769	-21.740
835.229	904.517	-21.930
836.229	904.504	-22.000
837.229	904.428	-22.060
838.229	904.392	-22.100
839.229	904.333	-22.130
840.229	904.332	-22.170
841.229	904.299	-22.180
842.229	904.240	-22.230
843.229	904.203	-22.240
844.229	904.177	-22.260
845.229	904.186	-22.270
846.229	904.138	-22.300
847.229	904.138	-22.290
848.229	904.018	-22.330
849.229	904.004	-22.320
850.229	903.968	-22.350
851.229	903.922	-22.340
852.229	903.869	-22.370
853.229	903.815	-22.380
854.229	903.979	-22.390
855.229	903.934	-22.380
856.229	903.807	-22.410
857.229	903.767	-22.400
858.229	903.569	-22.450
859.229	903.531	-22.410
860.229	903.507	-22.440
861.229	903.484	-22.450
862.229	903.479	-22.440
863.229	903.514	-22.450
864.229	903.462	-22.460
865.229	903.444	-22.460
866.229	903.340	-22.480
867.229	903.351	-22.470
868.229	903.273	-22.480
869.229	903.245	-22.490
870.229	903.256	-22.500
871.229	903.245	-22.490
872.229	903.189	-22.490
873.229	903.151	-22.500
874.229	903.094	-22.510
875.229	902.989	-22.510
876.229	902.894	-22.540
877.229	902.812	-22.510
878.229	902.785	-22.520
879.229	902.748	-22.530
880.229	902.727	-22.530
881.229	902.683	-22.520
882.229	902.597	-22.530
883.229	902.518	-22.550
884.229	902.497	-22.550
885.229	902.403	-22.550
886.229	902.360	-22.560
887.229	902.293	-22.570
888.229	902.301	-22.560
889.229	913.856	-22.560
890.229	948.797	-23.250
891.229	962.653	-23.750
892.229	965.935	-24.100
893.229	965.887	-24.230
894.229	965.832	-24.280
895.229	965.762	-24.360
896.229	965.685	-24.390
897.229	965.620	-24.430
898.229	965.608	-24.480
899.229	965.582	-24.490
900.229	965.522	-24.530
901.229	965.492	-24.530
902.229	965.423	-24.560
903.229	965.336	-24.590
904.229	965.220	-24.580
905.229	965.111	-24.600
906.229	965.055	-24.630
907.229	964.980	-24.640
908.229	964.952	-24.640
909.229	964.912	-24.660
910.229	964.846	-24.670
911.229	964.857	-24.700
912.229	964.804	-24.700
913.229	964.770	-24.720
914.229	964.656	-24.710
915.229	964.596	-24.710
916.229	964.507	-24.720
917.229	964.436	-24.750
918.229	964.425	-24.750
919.229	964.366	-24.740
920.229	964.284	-24.760
921.229	964.214	-24.750
922.229	964.147	-24.770
923.229	964.132	-24.770
924.229	964.052	-24.810
925.229	963.904	-24.800
926.229	963.820	-24.760
927.229	963.820	-24.800
928.229	963.756	-24.820
929.229	963.715	-24.800
930.229	963.632	-24.800
931.229	963.644	-24.820
932.229	963.675	-24.830
933.229	963.612	-24.830
934.229	963.518	-24.850
935.229	963.504	-24.820
936.229	963.452	-24.840
937.229	963.420	-24.840
938.229	986.004	-24.970
939.229	1009.298	-25.640
940.229	1024.782	-26.120
941.229	1028.727	-26.500
942.229	1028.642	-26.640
943.229	1028.574	-26.720
944.229	1028.474	-26.780
945.229	1028.421	-26.840
946.229	1028.355	-26.870
947.229	1028.290	-26.900
948.229	1028.242	-26.940
949.229	1028.170	-26.930
950.229	1028.088	-26.940
951.229	1027.999	-26.990
952.229	1027.889	-27.010
953.229	1027.828	-27.000
954.229	1027.780	-27.030
955.229	1027.726	-27.070
956.229	1027.658	-27.080
957.229	1027.648	-27.090
958.229	1027.578	-27.100
959.229	1027.510	-27.100
960.229	1027.469	-27.120
961.229	1027.381	-27.130
962.229	1027.346	-27.140
963.229	1027.335	-27.150
964.229	1027.362	-27.140
965.229	1027.324	-27.190
966.229	1027.272	-27.180
967.229	1027.214	-27.160
968.229	1027.182	-27.190
969.229	1027.130	-27.200
970.229	1027.070	-27.200
971.229	1026.958	-27.200
972.229	1026.851	-27.220
973.229	1026.851	-27.220
974.229	1026.759	-27.220
975.229	1026.703	-27.220
976.229	1026.680	-27.210
977.229	1026.695	-27.240
978.229	1026.593	-27.250
979.229	1026.464	-27.250
980.229	1026.477	-27.260
981.229	1026.443	-27.280
982.229	1026.426	-27.270
983.229	1026.372	-27.280
984.229	1026.333	-27.250
985.229	1026.260	-27.280
986.229	1026.091	-27.290
987.229	1025.928	-27.290
988.229	1025.840	-27.280
989.229	1025.848	-27.290
990.229	1025.805	-27.300
991.229	1025.756	-27.300
992.229	1025.708	-27.300
993.229	1025.672	-27.320
994.229	1025.513	-27.310
995.229	1025.456	-27.330
996.229	1025.385	-27.320
997.229	1025.334	-27.320
998.229	1025.298	-27.310
999.229	1025.247	-27.330
1000.229	1025.163	-27.330
1001.229	1025.123	-27.320
1002.229	1025.042	-27.330
1003.229	1024.950	-27.340
1004.229	1024.901	-27.330
1005.229	1024.827	-27.350
1006.229	1024.812	-27.330
1007.229	1024.761	-27.340
1008.229	1024.679	-27.350
1009.229	1024.605	-27.350
1010.229	1024.523	-27.360
1011.229	1024.483	-27.350
1012.229	1024.455	-27.340
1013.229	1024.363	-27.360
1014.229	1024.325	-27.350
1015.229	1024.184	-27.350
1016.229	1024.168	-27.350
1017.229	1024.165	-27.360
1018.229	1024.115	-27.370
1019.229	1023.995	-27.360
1020.229	1023.852	-27.370
1021.229	1023.839	-27.380
1022.229	1023.726	-27.350
1023.229	1023.732	-27.370
1024.229	1023.641	-27.390
1025.229	1023.671	-27.380
1026.229	1023.635	-27.370
1027.229	1023.578	-27.380
1028.229	1023.528	-27.410
1029.229	1023.520	-27.400
1030.229	1023.498	-27.380
1031.229	1023.424	-27.400
1032.229	1023.357	-27.390
1033.229	1023.319	-27.400
1034.229	1023.274	-27.410
1035.229	1023.229	-27.410
1036.229	1023.207	-27.390
1037.229	1023.137	-27.410
1038.229	1023.138	-27.410
1039.229	1023.108	-27.400
1040.229	1023.094	-27.390
1041.229	1023.030	-27.400
1042.229	1055.864	-27.710
1043.229	1082.482	-28.370
1044.229	1088.944	-28.850
1045.229	1088.778	-29.010
1046.229	1088.667	-29.100
1047.229	1088.625	-29.160
1048.229	1088.490	-29.220
1049.229	1088.444	-29.240
1050.229	1088.335	-29.270
1051.229	1088.223	-29.330
1052.229	1088.146	-29.320
1053.229	1088.087	-29.370
1054.229	1087.998	-29.400
1055.229	1087.956	-29.390
1056.229	1087.890	-29.440
1057.229	1087.904	-29.430
1058.229	1087.827	-29.440
1059.229	1087.726	-29.470
1060.229	1087.636	-29.470
1061.229	1087.606	-29.480
1062.229	1087.493	-29.490
1063.229	1087.494	-29.510
1064.229	1087.432	-29.500
1065.229	1087.346	-29.550
1066.229	1087.285	-29.540
1067.229	1087.216	-29.550
1068.229	1087.145	-29.570
1069.229	1087.087	-29.590
1070.229	1087.041	-29.590
1071.229	1086.960	-29.570
1072.229	1086.911	-29.600
1073.229	1086.938	-29.620
1074.229	1086.931	-29.610
1075.229	1086.876	-29.620
1076.229	1086.777	-29.620
1077.229	1086.718	-29.630
1078.229	1086.664	-29.640
1079.229	1086.606	-29.630
1080.229	1086.580	-29.630
1081.229	1086.498	-29.640
1082.229	1086.381	-29.650
1083.229	1086.416	-29.660
1084.229	1086.314	-29.680
1085.229	1086.233	-29.680
1086.229	1086.217	-29.670
1087.229	1086.144	-29.690
1088.229	1085.984	-29.670
1089.229	1085.959	-29.680
1090.229	1085.894	-29.690
1091.229	1085.834	-29.690
1092.229	1085.760	-29.700
1093.229	1085.699	-29.710
1094.229	1085.563	-29.680
1095.229	1085.534	-29.700
1096.229	1085.649	-29.690
1097.229	1085.561	-29.720
1098.229	1085.531	-29.690
1099.229	1097.162	-29.710
1100.229	1135.077	-30.500
1101.229	1150.736	-31.100
1102.229	1153.086	-31.500
1103.229	1153.099	-31.600
1104.229	1153.039	-31.700
1105.229	1153.010	-31.700
1106.229	1152.921	-31.800
1107.229	1152.850	-31.800
1108.229	1152.726	-31.900
1109.229	1152.630	-31.900
1110.229	1152.572	-31.900
1111.229	1152.510	-32.000
1112.229	1152.450	-32.000
1113.229	1152.556	-32.000
1114.229	1152.524	-32.000
1115.229	1152.415	-32.000
1116.229	1152.312	-32.100
1117.229	1152.244	-32.100
1118.229	1152.170	-32.100
1119.229	1152.090	-32.100
1120.229	1152.038	-32.100
1121.229	1151.951	-32.100
1122.229	1151.894	-32.100
1123.229	1151.882	-32.100
1124.229	1151.708	-32.100
1125.229	1151.679	-32.100
1126.229	1151.555	-32.100
1127.229	1151.329	-32.100
1128.229	1151.252	-32.200
1129.229	1151.150	-32.200
1130.229	1151.070	-32.200
1131.229	1150.960	-32.200
1132.229	1150.819	-32.200
1133.229	1150.746	-32.200
1134.229	1150.638	-32.200
1135.229	1150.599	-32.200
1136.229	1150.525	-32.200
1137.229	1150.462	-32.200
1138.229	1150.449	-32.200
1139.229	1150.335	-32.200
1140.229	1150.283	-32.200
1141.229	1150.233	-32.200
1142.229	1150.146	-32.300
1143.229	1150.043	-32.200
1144.229	1149.994	-32.300
1145.229	1149.935	-32.300
1146.229	1149.851	-32.300
1147.229	1149.756	-32.300
1148.229	1149.715	-32.300
1149.229	1149.665	-32.300
1150.229	1149.568	-32.200
1151.229	1149.466	-32.300
1152.229	1149.400	-32.300
1153.229	1149.318	-32.300
1154.229	1149.253	-32.300
1155.229	1149.185	-32.300
1156.229	1149.091	-32.300
1157.229	1149.022	-32.300
1158.229	1148.961	-32.300
1159.229	1185.711	-32.600
1160.229	1204.286	-33.400
1161.229	1204.299	-33.600
1162.229	1204.201	-33.700
1163.229	1204.059	-33.800
1164.229	1203.966	-33.900
1165.229	1203.861	-33.900
1166.229	1203.808	-34.000
1167.229	1203.772	-34.000
1168.229	1203.643	-34.000
1169.229	1203.530	-34.000
1170.229	1203.429	-34.100
1171.229	1203.331	-34.100
1172.229	1203.254	-34.100
1173.229	1203.138	-34.100
1174.229	1203.046	-34.100
1175.229	1202.973	-34.200
1176.229	1202.949	-34.100
1177.229	1202.952	-34.200
1178.229	1202.832	-34.200
1179.229	1202.755	-34.200
1180.229	1202.699	-34.200
1181.229	1202.621	-34.200
1182.229	1202.509	-34.200
1183.229	1202.426	-34.200
1184.229	1202.299	-34.300
1185.229	1202.189	-34.300
1186.229	1202.063	-34.300
1187.229	1202.030	-34.300
1188.229	1201.948	-34.300
1189.229	1201.887	-34.300
1190.229	1201.793	-34.300
1191.229	1201.670	-34.300
1192.229	1201.546	-34.300
1193.229	1201.443	-34.300
1194.229	1201.375	-34.300
1195.229	1201.308	-34.300
1196.229	1201.232	-34.300
1197.229	1201.134	-34.300
1198.229	1201.045	-34.300
1199.229	1200.960	-34.300
1200.229	1200.882	-34.300
1201.229	1206.180	-34.300
1202.229	1243.740	-35.100
1203.229	1262.666	-35.600
1204.229	1267.855	-36.100
1205.229	1267.540	-36.300
1206.229	1267.368	-36.300
1207.229	1267.117	-36.400
1208.229	1267.060	-36.500
1209.229	1266.846	-36.500
1210.229	1266.709	-36.500
1211.229	1266.606	-36.600
1212.229	1266.469	-36.600
1213.229	1266.388	-36.600
1214.229	1266.390	-36.700
1215.229	1266.282	-36.700
1216.229	1266.117	-36.700
1217.229	1266.186	-36.700
1218.229	1266.073	-36.700
1219.229	1265.997	-36.700
1220.229	1265.830	-36.700
1221.229	1265.773	-36.800
1222.229	1265.530	-36.800
1223.229	1265.366	-36.800
1224.229	1265.256	-36.800
1225.229	1265.129	-36.800
1226.229	1264.978	-36.800
1227.229	1264.864	-36.800
1228.229	1264.740	-36.800
1229.229	1264.595	-36.800
1230.229	1264.538	-36.800
1231.229	1264.454	-36.900
1232.229	1264.274	-36.900
1233.229	1264.174	-36.900
1234.229	1264.068	-36.900
1235.229	1263.981	-36.900
1236.229	1263.886	-36.900
1237.229	1263.707	-36.900
1238.229	1263.663	-36.900
1239.229	1263.603	-36.900
1240.229	1263.526	-36.900
1241.229	1263.434	-36.900
1242.229	1263.317	-36.900
1243.229	1263.377	-36.900
1244.229	1263.271	-36.900
1245.229	1263.238	-36.900
1246.229	1263.132	-36.900
1247.229	1263.017	-36.900
1248.229	1262.946	-36.900
1249.229	1262.874	-37.000
1250.229	1262.789	-37.000
1251.229	1262.714	-37.000
1252.229	1262.581	-37.000
1253.229	1262.571	-37.000
1254.229	1262.433	-37.000
1255.229	1262.371	-37.000
1256.229	1262.141	-37.000
1257.229	1262.033	-37.000
1258.229	1262.036	-37.000
1259.229	1261.920	-37.000
1260.229	1261.794	-37.000
1261.229	1261.655	-37.000
1262.229	1261.636	-37.000
1263.229	1261.546	-37.000
1264.229	1261.558	-37.000
1265.229	1261.516	-37.000
1266.229	1272.351	-37.100
1267.229	1272.194	-37.200
1268.229	1272.103	-37.200
1269.229	1272.000	-37.200
1270.229	1271.838	-37.200
1271.229	1271.806	-37.200
1272.229	1271.681	-37.200
1273.229	1271.617	-37.200
1274.229	1271.533	-37.300
1275.229	1271.447	-37.300
1276.229	1271.354	-37.200
1277.229	1271.281	-37.300
1278.229	1271.192	-37.300
1279.229	1271.047	-37.300
1280.229	1270.858	-37.300
1281.229	1270.738	-37.300
1282.229	1270.677	-37.300
1283.229	1270.509	-37.300
1284.229	1270.410	-37.300
1285.229	1270.288	-37.300
1286.229	1270.154	-37.300
1287.229	1270.103	-37.300
1288.229	1270.024	-37.300
1289.229	1269.947	-37.300
1290.229	1269.981	-37.300
1291.229	1269.674	-37.300
1292.229	1269.556	-37.400
1293.229	1269.464	-37.300
1294.229	1269.610	-37.300
1295.229	1269.464	-37.300
1296.229	1269.338	-37.300
1297.229	1269.263	-37.300
1298.229	1269.222	-37.300
1299.229	1269.095	-37.300
1300.229	1269.064	-37.300
