0.036	0.000	-0.205
1.036	0.000	-0.168
2.036	0.000	-0.217
3.036	0.000	-0.190
4.036	0.000	-0.176
5.036	0.000	-0.165
6.036	0.000	-0.185
7.036	0.000	-0.191
8.036	0.000	-0.172
9.036	0.000	-0.169
10.036	0.000	-0.187
11.036	0.000	-0.192
12.036	0.000	-0.200
13.036	0.000	-0.212
14.036	0.000	-0.201
15.036	0.000	-0.212
16.036	0.000	-0.224
17.036	0.000	-0.237
18.036	0.000	-0.285
19.036	0.000	-0.347
20.036	0.000	-0.374
21.036	0.000	-0.386
22.036	0.000	-0.411
23.036	0.000	-0.438
24.036	0.000	-0.448
25.036	0.000	-0.472
26.036	0.000	-0.466
27.036	0.000	-0.487
28.036	0.000	-0.493
29.036	0.000	-0.492
30.036	0.000	-0.565
31.036	0.000	-0.665
32.036	0.000	-0.731
33.036	0.000	-0.691
34.036	0.000	-0.661
35.036	0.000	-0.663
36.036	0.000	-0.676
37.036	0.000	-0.927
38.036	0.000	-1.237
39.036	0.000	-1.215
40.036	0.000	-1.548
41.036	0.000	-1.658
42.036	0.000	-2.016
43.036	0.000	-1.751
44.036	0.000	-1.458
45.036	0.000	-2.459
46.036	0.000	-3.560
47.036	0.000	-5.043
48.036	0.000	-5.100
49.036	0.000	-5.098
50.036	0.000	-5.098
51.036	0.000	-5.095
52.036	0.000	-5.094
53.036	0.000	-5.094
54.036	0.000	-5.094
55.036	0.000	-5.094
56.036	0.000	-5.092
57.036	0.000	-5.092
58.036	0.000	-5.091
59.036	0.000	-5.092
60.036	0.000	-5.092
61.036	0.000	-5.092
62.036	0.000	-5.092
63.036	0.000	-5.092
64.036	0.000	-5.092
65.036	0.000	-5.092
66.036	0.000	-5.092
67.036	0.000	-5.092
68.036	0.000	-5.093
69.036	0.000	-5.093
70.036	0.000	-5.093
71.036	0.000	-5.093
72.036	0.000	-5.093
73.036	0.000	-5.093
74.036	0.000	-5.094
75.036	0.000	-5.094
76.036	0.000	-5.094
77.036	0.000	-5.094
78.036	0.000	-5.095
79.036	0.000	-5.096
80.036	0.000	-5.095
81.036	0.000	-5.094
82.036	0.000	-5.095
83.036	0.000	-5.095
84.036	0.000	-5.095
85.036	0.000	-5.095
86.036	0.000	-5.095
87.036	0.000	-5.095
88.036	0.000	-5.096
89.036	0.000	-5.095
90.036	0.000	-5.094
91.036	0.000	-5.094
92.036	0.000	-5.094
93.036	0.000	-5.095
94.036	0.000	-5.096
95.036	0.000	-5.096
96.036	0.000	-5.095
97.036	0.000	-5.094
98.036	0.000	-5.095
99.036	0.000	-5.095
100.036	0.000	-5.096
101.036	0.000	-5.095
102.036	0.000	-5.096
103.036	0.000	-5.096
104.036	0.000	-5.096
105.036	0.000	-5.096
106.036	0.000	-5.097
107.036	0.000	-5.095
108.036	0.000	-5.095
109.036	0.000	-5.095
110.036	0.000	-5.095
111.036	0.000	-5.096
112.036	0.000	-5.096
113.036	0.000	-5.098
114.036	0.000	-5.097
115.036	0.000	-5.097
116.036	0.000	-5.097
117.036	0.000	-5.099
118.036	0.000	-5.098
119.036	0.000	-5.100
120.036	0.000	-5.099
121.036	0.000	-5.099
122.036	0.000	-5.099
123.036	0.000	-5.099
124.036	0.000	-5.099
125.036	0.000	-5.101
126.036	0.000	-5.101
127.036	0.000	-5.099
128.036	0.000	-5.102
129.036	0.000	-5.103
130.036	0.000	-5.103
131.036	0.000	-5.104
132.036	0.000	-5.103
133.036	0.000	-5.104
134.036	0.000	-5.103
135.036	0.000	-5.103
136.036	0.000	-5.104
137.036	0.000	-5.103
138.036	0.000	-5.105
139.036	0.000	-5.103
140.036	0.000	-5.103
141.036	0.000	-5.103
142.036	0.000	-5.103
143.036	0.000	-5.103
144.036	0.000	-5.103
145.036	0.000	-5.103
146.036	0.000	-5.103
147.036	0.000	-5.104
148.036	0.000	-5.106
149.036	0.000	-5.106
150.036	0.000	-5.105
151.036	0.000	-5.105
152.036	0.000	-5.105
153.036	0.000	-5.106
154.036	0.000	-5.105
155.036	0.000	-5.106
156.036	0.000	-5.105
157.036	0.000	-5.104
158.036	0.000	-5.106
159.036	0.000	-5.105
160.036	0.000	-5.106
161.036	0.000	-5.106
162.036	0.000	-5.106
163.036	0.000	-5.105
164.036	0.000	-5.106
165.036	0.000	-5.107
166.036	0.000	-5.106
167.036	0.000	-5.106
168.036	0.000	-5.107
169.036	0.000	-5.106
170.036	0.000	-5.107
171.036	0.000	-5.106
172.036	0.000	-5.106
173.036	0.000	-5.108
174.036	0.000	-5.108
175.036	0.000	-5.109
176.036	0.000	-5.108
177.036	0.000	-5.109
178.036	0.000	-5.108
179.036	0.000	-5.110
180.036	0.000	-5.109
181.036	0.000	-5.110
182.036	0.000	-5.110
183.036	0.000	-5.110
184.036	0.000	-5.109
185.036	0.000	-5.108
186.036	0.000	-5.107
187.036	0.000	-5.108
188.036	0.000	-5.107
189.036	0.000	-5.107
190.036	0.000	-5.107
191.036	0.000	-5.106
192.036	0.000	-5.108
193.036	0.000	-5.108
194.036	0.000	-5.107
195.036	0.000	-5.109
196.036	0.000	-5.109
197.036	0.000	-5.111
198.036	0.000	-5.110
199.036	0.000	-5.111
200.036	0.000	-5.111
201.036	0.000	-5.110
202.036	0.000	-5.111
203.036	0.000	-5.110
204.036	0.000	-5.110
205.036	0.000	-5.110
206.036	0.000	-5.109
207.036	0.000	-5.108
208.036	0.000	-5.109
209.036	0.000	-5.109
210.036	0.000	-5.111
211.036	0.000	-5.110
212.036	0.000	-5.111
213.036	0.000	-5.110
214.036	0.000	-5.112
215.036	0.000	-5.112
216.036	0.000	-5.113
217.036	0.000	-5.111
218.036	0.000	-5.111
219.036	0.000	-5.112
220.036	0.000	-5.111
221.036	0.000	-5.111
222.036	0.000	-5.111
223.036	0.000	-5.112
224.036	0.000	-5.112
225.036	0.000	-5.113
226.036	0.000	-5.112
227.036	0.000	-5.114
228.036	0.000	-5.113
229.036	0.000	-5.112
230.036	0.000	-5.111
231.036	0.000	-5.112
232.036	0.000	-5.112
233.036	0.000	-5.112
234.036	0.000	-5.111
235.036	0.000	-5.111
236.036	0.000	-5.111
237.036	0.000	-5.111
238.036	0.000	-5.112
239.036	0.000	-5.111
240.036	0.000	-5.112
241.036	0.000	-5.114
242.036	0.000	-5.112
243.036	0.000	-5.112
244.036	0.000	-5.111
245.036	0.000	-5.111
246.036	0.000	-5.112
247.036	0.000	-2.000
248.036	0.000	-2.000
249.036	0.000	-2.000
250.036	0.000	-2.000
251.036	0.000	-2.000
