0.607	-0.000	-0.000
1.607	-0.000	-0.000
2.607	-0.000	0.000
3.607	-0.000	0.000
4.607	-0.000	0.000
5.607	-0.000	0.000
6.607	-0.000	-0.000
7.607	-0.000	-0.000
8.607	-0.000	0.000
9.607	-0.000	0.001
10.607	-0.000	0.000
11.607	-0.000	-0.001
12.607	-0.000	-0.000
13.607	-0.000	-0.000
14.607	-0.000	0.000
15.607	-0.000	0.000
16.607	-0.000	-0.000
17.607	-0.000	-0.000
18.607	-0.000	-0.000
19.607	-0.000	0.000
20.607	-0.000	-0.000
21.607	-0.000	-0.001
22.607	-0.000	0.000
23.607	-0.000	-0.001
24.607	-0.000	-0.000
25.607	-0.000	-0.000
26.607	-0.000	-0.001
27.607	-0.000	0.000
28.607	-0.000	-0.000
29.607	-0.000	0.000
30.607	-0.000	-0.001
31.607	-0.000	0.000
32.607	-0.000	0.001
33.607	-0.000	-0.010
34.607	-0.000	0.000
35.607	-0.000	0.000
36.607	-0.000	0.000
37.607	-0.000	-0.000
38.607	-0.000	-0.001
39.607	-0.000	0.000
40.607	-0.000	-0.000
41.607	-0.001	0.001
42.607	-0.000	-0.000
43.607	-0.001	0.000
44.607	-0.000	0.000
45.607	-0.000	-0.001
46.607	-0.000	0.000
47.607	-0.000	0.000
48.607	-0.000	0.000
49.607	-0.000	0.000
50.607	-0.000	0.000
51.607	-0.000	0.000
52.607	-0.000	-0.000
53.607	-0.000	0.000
54.607	-0.000	0.000
55.607	-0.000	-0.000
56.607	-0.000	-0.000
57.607	-0.000	-0.000
58.607	-0.000	0.000
59.607	-0.000	-0.000
60.607	-0.001	-0.000
61.607	-0.001	0.000
62.607	-0.000	0.000
63.607	-0.000	0.001
64.607	-0.000	-0.000
65.607	-0.001	0.000
66.607	-0.001	0.000
67.607	-0.000	0.000
68.607	-0.001	-0.000
69.607	-0.001	0.000
70.607	-0.001	0.000
71.607	-0.001	0.001
72.607	-0.001	-0.000
73.607	-0.001	-0.000
74.607	-0.000	0.000
75.607	-0.001	0.000
76.607	-0.001	0.000
77.607	-0.001	0.000
78.607	-0.001	0.001
79.607	-0.001	-0.000
80.607	-0.001	0.000
81.607	-0.001	0.000
82.607	-0.001	0.001
83.607	-0.001	-0.000
84.607	-0.001	-0.000
85.607	-0.001	-0.000
86.607	-0.001	0.000
87.607	-0.001	0.000
88.607	-0.001	0.000
89.607	-0.001	-0.000
90.607	-0.000	-0.000
91.607	-0.001	0.000
92.607	-0.001	-0.000
93.607	-0.001	-0.001
94.607	-0.001	0.001
95.607	-0.001	-0.000
96.607	-0.001	-0.000
97.607	-0.001	0.000
98.607	-0.001	0.000
99.607	-0.001	0.000
100.607	-0.001	0.000
101.607	-0.001	-0.000
102.607	-0.001	-0.000
103.607	-0.001	0.000
104.607	-0.000	0.000
105.607	-0.001	0.000
106.607	-0.000	0.000
107.607	-0.000	-0.000
108.607	-0.000	0.000
109.607	-0.000	-0.000
110.607	-0.000	0.000
111.607	-0.000	0.000
112.607	-0.000	0.001
113.607	-0.000	-0.000
114.607	-0.001	-0.000
115.607	-0.001	-0.000
116.607	-0.001	0.000
117.607	-0.001	-0.000
118.607	-0.000	-0.000
119.607	-0.000	-0.000
120.607	-0.000	-0.000
121.607	-0.000	0.000
122.607	-0.001	-0.000
123.607	-0.000	-0.000
124.607	-0.000	0.001
125.607	-0.001	-0.000
126.607	-0.000	-0.000
127.607	-0.001	-0.000
128.607	-0.001	0.000
129.607	-0.001	-0.000
130.607	-0.001	-0.000
131.607	-0.001	-0.000
132.607	-0.001	-0.000
133.607	-0.001	-0.001
134.607	-0.001	-0.000
135.607	-0.001	0.000
136.607	-0.001	0.000
137.607	-0.001	-0.000
138.607	-0.001	-0.000
139.607	-0.001	0.000
140.607	-0.001	0.000
141.607	-0.001	-0.001
142.607	-0.001	-0.000
143.607	-0.001	-0.000
144.607	-0.001	0.000
145.607	-0.001	-0.000
146.607	-0.001	0.000
147.607	-0.001	-0.000
148.607	-0.001	-0.000
149.607	-0.001	-0.000
150.607	-0.001	-0.001
151.607	-0.001	0.000
152.607	-0.001	0.000
153.607	-0.001	-0.000
154.607	-0.000	-0.000
155.607	-0.001	-0.000
156.607	-0.001	0.001
157.607	-0.001	0.000
158.607	-0.001	0.001
159.607	-0.001	0.000
160.607	-0.001	-0.001
161.607	-0.001	-0.000
162.607	-0.001	-0.000
163.607	-0.001	0.000
164.607	-0.001	0.000
165.607	-0.001	0.000
166.607	-0.001	-0.000
167.607	-0.001	0.000
168.607	-0.001	0.000
169.607	-0.001	0.000
170.607	-0.001	0.001
171.607	-0.001	0.000
172.607	-0.001	-0.000
173.607	-0.001	-0.000
174.607	-0.000	-0.000
175.607	-0.001	0.000
176.607	-0.001	-0.000
177.607	-0.001	-0.000
178.607	-0.001	-0.001
179.607	-0.001	-0.000
180.607	-0.001	0.000
181.607	-0.001	-0.001
182.607	-0.001	0.001
183.607	-0.001	0.000
184.607	-0.001	-0.000
185.607	-0.001	-0.000
186.607	-0.001	-0.000
187.607	-0.001	0.000
188.607	-0.001	0.000
189.607	-0.001	0.000
190.607	-0.001	0.000
191.607	-0.001	0.000
192.607	-0.001	0.000
193.607	-0.001	0.000
194.607	-0.001	0.000
195.607	-0.001	0.000
196.607	-0.001	-0.000
197.607	-0.001	-0.001
198.607	-0.001	-0.000
199.607	-0.001	0.001
200.607	-0.001	0.000
201.607	-0.001	-0.000
202.607	-0.001	0.000
203.607	-0.001	0.000
204.607	-0.001	0.000
205.607	-0.001	-0.001
206.607	-0.001	0.000
207.607	-0.001	0.000
208.607	-0.001	0.000
209.607	-0.001	0.000
210.607	-0.001	-0.000
211.607	-0.001	-0.000
212.607	-0.001	-0.001
213.607	-0.001	-0.000
214.607	-0.001	0.000
215.607	-0.001	0.000
216.607	-0.001	0.000
217.607	-0.001	0.000
218.607	-0.001	-0.000
219.607	-0.001	-0.000
220.607	-0.001	0.000
221.607	-0.001	0.000
222.607	-0.001	-0.000
223.607	-0.001	0.000
224.607	-0.001	-0.000
225.607	-0.001	0.000
226.607	-0.001	-0.000
227.607	-0.001	-0.000
228.607	-0.001	-0.000
229.607	-0.001	0.000
230.607	-0.001	-0.001
231.607	-0.001	0.001
232.607	-0.001	0.000
233.607	-0.001	-0.000
234.607	-0.001	-0.000
235.607	-0.001	0.000
236.607	-0.001	-0.000
237.607	-0.001	-0.001
238.607	-0.001	-0.000
239.607	-0.001	-0.000
240.607	-0.001	-0.000
241.607	-0.001	-0.001
242.607	-0.001	0.000
243.607	-0.001	-0.000
244.607	-0.001	-0.000
245.607	-0.001	0.000
246.607	-0.001	0.000
247.607	-0.001	0.000
248.607	-0.001	0.000
249.607	-0.001	0.000
250.607	-0.001	-0.000
251.607	-0.001	0.000
252.607	-0.001	0.000
253.607	-0.001	-0.001
254.607	-0.001	0.000
255.607	-0.001	0.001
256.607	-0.001	0.000
257.607	-0.001	-0.000
258.607	-0.001	0.000
259.607	-0.001	0.000
260.607	-0.001	-0.000
261.607	-0.001	-0.000
262.607	-0.001	0.000
263.607	-0.001	-0.000
264.607	-0.001	0.000
265.607	-0.001	-0.000
266.607	-0.001	-0.000
267.607	-0.001	-0.001
268.607	-0.001	0.000
269.607	-0.001	0.001
270.607	-0.001	-0.000
271.607	-0.001	0.000
272.607	-0.000	0.000
273.607	-0.001	0.000
274.607	-0.001	-0.000
275.607	-0.001	-0.000
276.607	-0.000	0.000
277.607	-0.000	0.000
278.607	-0.000	-0.000
279.607	-0.001	0.000
280.607	-0.001	0.000
281.607	-0.000	-0.000
282.607	-0.000	-0.000
283.607	-0.000	-0.000
284.607	-0.001	0.000
285.607	-0.000	0.000
286.607	-0.000	0.000
287.607	-0.000	0.000
288.607	-0.001	0.000
289.607	-0.000	0.000
290.607	-0.001	-0.000
291.607	-0.001	-0.000
292.607	-0.001	0.001
293.607	-0.001	0.001
294.607	-0.000	-0.000
295.607	-0.000	-0.000
296.607	-0.000	0.000
297.607	-0.001	-0.000
298.607	-0.001	0.000
299.607	-0.000	-0.000
300.607	-0.001	0.001
301.607	-0.000	0.000
302.607	-0.000	-0.000
303.607	-0.000	-0.000
304.607	-0.000	0.000
305.607	-0.000	0.001
306.607	-0.000	-0.001
307.607	-0.000	-0.000
308.607	-0.000	0.000
309.607	-0.000	0.000
310.607	-0.001	0.000
311.607	-0.001	0.000
312.607	-0.001	0.000
313.607	-0.000	0.000
314.607	-0.000	-0.000
315.607	-0.000	-0.000
316.607	-0.001	-0.000
317.607	-0.001	0.001
318.607	-0.001	-0.000
319.607	-0.000	-0.000
320.607	-0.001	0.000
321.607	-0.000	0.000
322.607	-0.001	-0.000
323.607	-0.000	0.001
324.607	-0.000	0.000
325.607	-0.001	0.000
326.607	-0.001	-0.000
327.607	-0.001	0.000
328.607	-0.001	0.000
329.607	-0.001	-0.000
330.607	-0.001	-0.000
331.607	-0.001	-0.000
332.607	-0.001	0.000
333.607	-0.001	0.000
334.607	-0.001	0.000
335.607	-0.001	-0.000
336.607	-0.001	-0.000
337.607	-0.001	0.000
338.607	-0.001	-0.001
339.607	-0.000	-0.000
340.607	-0.001	-0.000
341.607	-0.001	0.000
342.607	-0.001	-0.001
343.607	-0.001	-0.000
344.607	-0.001	0.000
345.607	-0.000	0.000
346.607	-0.001	0.000
347.607	-0.001	-0.001
348.607	-0.000	-0.000
349.607	-0.001	-0.000
350.607	-0.000	0.000
351.607	-0.001	-0.000
352.607	-0.001	0.000
353.607	-0.000	0.000
354.607	-0.001	-0.000
355.607	-0.000	-0.000
356.607	-0.000	0.000
357.607	-0.000	0.000
358.607	-0.000	-0.000
359.607	-0.001	-0.001
360.607	-0.001	0.000
361.607	-0.001	0.000
362.607	-0.000	-0.000
363.607	-0.000	0.001
364.607	-0.000	0.001
365.607	-0.000	-0.000
366.607	-0.000	-0.000
367.607	-0.000	0.000
368.607	-0.001	0.001
369.607	-0.000	0.000
370.607	-0.000	-0.000
371.607	-0.000	0.000
372.607	-0.000	0.000
373.607	-0.000	-0.000
374.607	-0.001	0.000
375.607	-0.000	0.000
376.607	-0.001	0.000
377.607	-0.001	0.001
378.607	-0.001	0.000
379.607	-0.001	-0.000
380.607	-0.001	0.000
381.607	-0.001	0.000
382.607	-0.001	0.000
383.607	-0.001	0.000
384.607	-0.001	-0.000
385.607	-0.001	0.000
386.607	-0.001	0.000
387.607	-0.001	-0.001
388.607	-0.001	0.000
389.607	-0.001	0.000
390.607	-0.001	-0.000
391.607	-0.001	0.000
392.607	-0.001	0.000
393.607	-0.001	0.000
394.607	-0.000	-0.000
395.607	-0.001	0.000
396.607	-0.001	-0.001
397.607	-0.001	0.000
398.607	-0.001	-0.000
399.607	-0.001	-0.001
400.607	-0.001	0.000
401.607	-0.001	-0.000
402.607	-0.001	-0.000
403.607	-0.001	0.001
404.607	-0.001	0.001
405.607	-0.001	0.000
406.607	-0.001	-0.001
407.607	-0.001	-0.001
408.607	-0.001	-0.000
409.607	-0.001	0.000
410.607	-0.001	-0.000
411.607	-0.001	0.000
412.607	-0.001	-0.000
413.607	-0.001	0.000
414.607	-0.001	0.000
415.607	-0.001	-0.000
416.607	-0.001	-0.001
417.607	-0.001	0.000
418.607	-0.001	-0.000
419.607	-0.001	0.001
420.607	-0.001	0.000
421.607	-0.001	0.000
422.607	-0.001	-0.000
423.607	-0.001	-0.000
424.607	-0.001	-0.000
425.607	-0.001	0.000
426.607	-0.001	-0.000
427.607	-0.001	-0.000
428.607	-0.001	-0.000
429.607	-0.001	0.000
430.607	-0.001	-0.000
431.607	-0.001	0.000
432.607	-0.001	0.000
433.607	-0.001	-0.000
434.607	-0.001	-0.000
435.607	-0.001	0.000
436.607	-0.001	0.000
437.607	-0.001	0.000
438.607	-0.001	0.000
439.607	-0.001	-0.001
440.607	-0.001	-0.001
441.607	-0.001	-0.000
442.607	-0.001	-0.000
443.607	-0.001	-0.000
444.607	-0.001	0.000
445.607	-0.001	0.000
446.607	-0.001	-0.000
447.607	-0.001	0.000
448.607	-0.001	-0.000
449.607	-0.001	-0.000
450.607	-0.001	0.001
451.607	-0.001	0.000
452.607	-0.001	-0.000
453.607	-0.001	-0.000
454.607	-0.001	-0.000
455.607	-0.001	0.000
456.607	-0.001	-0.000
457.607	-0.001	0.000
458.607	-0.001	-0.000
459.607	-0.001	0.000
460.607	-0.001	-0.000
461.607	-0.001	-0.000
462.607	-0.001	0.000
463.607	-0.001	-0.000
464.607	-0.001	0.000
465.607	-0.001	-0.001
466.607	-0.001	0.000
467.607	-0.001	0.000
468.607	-0.001	0.000
469.607	-0.001	0.000
470.607	-0.001	-0.001
471.607	-0.001	0.000
472.607	-0.001	0.000
473.607	-0.001	0.000
474.607	-0.001	0.000
475.607	-0.001	0.000
476.607	-0.001	0.000
477.607	-0.001	-0.000
478.607	-0.001	0.001
479.607	-0.001	-0.000
480.607	-0.001	-0.000
481.607	-0.001	0.000
482.607	-0.001	0.000
483.607	-0.001	0.000
484.607	-0.001	0.000
485.607	-0.001	0.000
486.607	-0.001	0.000
487.607	-0.001	-0.000
488.607	-0.001	-0.000
489.607	-0.001	-0.000
490.607	-0.001	-0.000
491.607	-0.001	0.000
492.607	-0.001	0.001
493.607	-0.000	0.000
494.607	-0.001	0.000
495.607	-0.001	-0.000
496.607	-0.001	-0.000
497.607	-0.001	0.000
498.607	-0.001	-0.001
499.607	-0.001	-0.000
500.607	-0.001	0.000
501.607	-0.001	0.000
502.607	-0.001	-0.001
503.607	-0.001	0.000
504.607	-0.001	0.000
505.607	-0.001	0.000
506.607	-0.001	0.000
507.607	-0.001	-0.000
508.607	-0.001	0.000
509.607	-0.001	0.000
510.607	-0.001	0.001
511.607	-0.001	0.000
512.607	-0.001	0.000
513.607	-0.001	-0.000
514.607	-0.001	-0.001
515.607	-0.001	0.000
516.607	-0.001	0.000
517.607	-0.001	-0.000
518.607	-0.001	0.000
519.607	-0.001	0.000
520.607	-0.001	-0.000
521.607	-0.001	0.000
522.607	-0.001	-0.000
523.607	-0.001	-0.000
524.607	-0.001	0.000
525.607	-0.001	0.000
526.607	-0.001	0.000
527.607	-0.001	0.000
528.607	-0.001	0.000
529.607	-0.001	0.000
530.607	-0.001	0.000
531.607	-0.001	-0.000
532.607	-0.001	0.000
533.607	-0.001	0.000
534.607	-0.001	0.000
535.607	-0.001	0.000
536.607	-0.001	-0.001
537.607	-0.001	0.000
538.607	-0.001	-0.000
539.607	-0.001	0.000
540.607	-0.001	0.000
541.607	-0.001	0.000
542.607	-0.001	-0.000
543.607	-0.001	0.000
544.607	-0.001	0.000
545.607	-0.001	0.000
546.607	-0.001	-0.000
547.607	-0.001	0.000
548.607	-0.001	0.000
549.607	-0.001	-0.000
550.607	-0.001	0.000
551.607	-0.001	0.001
552.607	-0.001	0.000
553.607	-0.001	0.000
554.607	-0.001	0.000
555.607	-0.001	-0.000
556.607	-0.001	0.000
557.607	-0.001	0.000
558.607	-0.001	0.000
559.607	-0.001	0.000
560.607	-0.001	0.000
561.607	-0.001	-0.000
562.607	-0.001	0.001
563.607	-0.001	-0.000
564.607	-0.001	-0.000
565.607	-0.001	0.000
566.607	-0.001	-0.000
567.607	-0.001	-0.000
568.607	-0.001	-0.000
569.607	-0.001	-0.001
570.607	-0.001	0.000
571.607	-0.001	0.000
572.607	-0.001	0.000
573.607	-0.001	-0.000
574.607	-0.001	-0.001
575.607	-0.001	0.000
576.607	-0.001	-0.000
577.607	-0.001	0.000
578.607	-0.001	0.000
579.607	-0.001	0.000
580.607	-0.001	0.000
581.607	-0.001	-0.000
582.607	-0.001	-0.000
583.607	-0.001	0.000
584.607	-0.001	0.000
585.607	-0.001	0.000
586.607	-0.001	0.000
587.607	-0.001	0.000
588.607	-0.001	-0.000
589.607	-0.001	-0.000
590.607	-0.001	0.000
591.607	-0.001	-0.000
592.607	-0.001	0.000
593.607	-0.001	-0.001
594.607	-0.001	-0.000
595.607	-0.001	0.001
596.607	-0.001	0.000
597.607	-0.001	0.000
598.607	-0.001	0.000
599.607	-0.001	-0.001
600.607	-0.001	0.000
