0.036	0.000	-0.000
1.036	0.000	-0.000
2.036	0.000	-0.000
3.036	0.000	0.000
4.036	0.000	-0.000
5.036	0.000	-0.001
6.036	0.000	-0.002
7.036	0.000	-0.002
8.036	0.000	-0.000
9.036	0.000	-0.002
10.036	0.000	0.000
11.036	0.000	-0.000
12.036	0.000	-0.000
13.036	0.000	-0.002
14.036	0.000	-0.002
15.036	0.000	-0.002
16.036	0.000	-0.002
17.036	0.000	-0.001
18.036	0.000	-0.000
19.036	0.000	-0.003
20.036	0.000	-0.003
21.036	0.000	-0.002
22.036	0.000	-0.001
23.036	0.000	-0.002
24.036	0.000	-0.003
25.036	0.000	-0.003
26.036	0.000	-0.002
27.036	0.000	-0.002
28.036	0.000	-0.003
29.036	0.000	-0.003
30.036	0.000	-0.003
31.036	0.000	-0.002
32.036	0.000	-0.002
33.036	0.000	-0.004
34.036	0.000	-0.003
35.036	0.000	-0.002
36.036	0.000	-0.003
37.036	0.000	-0.004
38.036	0.000	-0.004
39.036	0.000	-0.006
40.036	0.000	-0.004
41.036	0.000	-0.003
42.036	0.000	-0.003
43.036	0.000	-0.003
44.036	0.000	-0.004
45.036	0.000	-0.004
46.036	0.000	-0.003
47.036	0.000	-0.004
48.036	0.000	-0.003
49.036	0.000	-0.004
50.036	0.000	-0.005
51.036	0.000	-0.005
52.036	0.000	-0.004
53.036	0.000	-0.005
54.036	0.000	-0.004
55.036	0.000	-0.006
56.036	0.000	-0.005
57.036	0.000	-0.005
58.036	0.000	-0.007
59.036	0.000	-0.004
60.036	0.000	-0.005
61.036	0.000	-0.005
62.036	0.000	-0.005
63.036	0.000	-0.005
64.036	0.000	-0.004
65.036	0.000	-0.005
66.036	0.000	-0.005
67.036	0.000	-0.005
68.036	0.000	-0.006
69.036	0.000	-0.006
70.036	0.000	-0.006
71.036	0.000	-0.006
72.036	0.000	-0.005
73.036	0.000	-0.006
74.036	0.000	-0.006
75.036	0.000	-0.007
76.036	0.000	-0.006
77.036	0.000	-0.005
78.036	0.000	-0.005
79.036	0.000	-0.006
80.036	0.000	-0.005
81.036	0.000	-0.008
82.036	0.000	-0.007
83.036	0.000	-0.006
84.036	0.000	-0.006
85.036	0.000	-0.006
86.036	0.000	-0.007
87.036	0.000	-0.006
88.036	0.000	-0.007
89.036	0.000	-0.006
90.036	0.000	-0.005
91.036	0.000	-0.005
92.036	0.000	-0.005
93.036	0.000	-0.007
94.036	0.000	-0.006
95.036	0.000	-0.006
96.036	0.000	-0.004
97.036	0.000	-0.007
98.036	0.000	-0.006
99.036	0.000	-0.006
100.036	0.000	-0.009
101.036	0.000	-0.006
102.036	0.000	-0.007
103.036	0.000	-0.007
104.036	0.000	-0.006
105.036	0.000	-0.008
106.036	0.000	-0.007
107.036	0.000	-0.008
108.036	0.000	-0.007
109.036	0.000	-0.007
110.036	0.000	-0.008
111.036	0.000	-0.007
112.036	0.000	-0.009
113.036	0.000	-0.008
114.036	0.000	-0.008
115.036	0.000	-0.007
116.036	0.000	-0.007
117.036	0.000	-0.008
118.036	0.000	-0.010
119.036	0.000	-0.008
120.036	0.000	-0.008
121.036	0.000	-0.008
122.036	0.000	-0.008
123.036	0.000	-0.008
124.036	0.000	-0.008
125.036	0.000	-0.008
126.036	0.000	-0.007
127.036	0.000	-0.008
128.036	0.000	-0.009
129.036	0.000	-0.009
130.036	0.000	-0.009
131.036	0.000	-0.008
132.036	0.000	-0.007
133.036	0.000	-0.008
134.036	0.000	-0.009
135.036	0.000	-0.008
136.036	0.000	-0.008
137.036	0.000	-0.008
138.036	0.000	-0.007
139.036	0.000	-0.008
140.036	0.000	-0.009
141.036	0.000	-0.009
142.036	0.000	-0.009
143.036	0.000	-0.008
144.036	0.000	-0.009
145.036	0.000	-0.008
146.036	0.000	-0.009
147.036	0.000	-0.011
148.036	0.000	-0.010
149.036	0.000	-0.009
150.036	0.000	-0.008
151.036	0.000	-0.009
152.036	0.000	-0.009
153.036	0.000	-0.009
154.036	0.000	-0.009
155.036	0.000	-0.011
156.036	0.000	-0.010
157.036	0.000	-0.009
158.036	0.000	-0.010
159.036	0.000	-0.009
160.036	0.000	-0.010
161.036	0.000	-0.009
162.036	0.000	-0.010
163.036	0.000	-0.009
164.036	0.000	-0.010
165.036	0.000	-0.010
166.036	0.000	-0.010
167.036	0.000	-0.011
168.036	0.000	-0.009
169.036	0.000	-0.010
170.036	0.000	-0.009
171.036	0.000	-0.010
172.036	0.000	-0.010
173.036	0.000	-0.011
174.036	0.000	-0.011
175.036	0.000	-0.010
176.036	0.000	-0.010
177.036	0.000	-0.010
178.036	0.000	-0.012
179.036	0.000	-0.011
180.036	0.000	-0.010
181.036	0.000	-0.009
182.036	0.000	-0.011
183.036	0.000	-0.010
184.036	0.000	-0.012
185.036	0.000	-0.012
186.036	0.000	-0.011
187.036	0.000	-0.010
188.036	0.000	-0.010
189.036	0.000	-0.012
190.036	0.000	-0.011
191.036	0.000	-0.013
192.036	0.000	-0.605
193.036	0.000	-0.012
194.036	0.000	-0.011
195.036	0.000	-0.011
196.036	0.000	-0.011
197.036	0.000	-0.012
198.036	0.000	-0.010
199.036	0.000	-0.011
200.036	0.000	-0.012
201.036	0.000	-0.012
202.036	0.000	-0.012
203.036	0.000	-0.013
204.036	0.000	-0.012
205.036	0.000	-0.010
206.036	0.000	-0.011
207.036	0.000	-0.010
208.036	0.000	-0.012
209.036	0.000	-0.012
210.036	0.000	-0.010
211.036	0.000	-0.011
212.036	0.000	-0.012
213.036	0.000	-0.011
214.036	0.000	-0.012
215.036	0.000	-0.012
216.036	0.000	-0.012
217.036	0.000	-0.012
218.036	0.000	-0.012
219.036	0.000	-0.012
220.036	0.000	-0.013
221.036	0.000	-0.012
222.036	0.000	-0.012
223.036	0.000	-0.010
224.036	0.000	-0.011
225.036	0.000	-0.010
226.036	0.000	-0.012
227.036	0.000	-0.011
228.036	0.000	-0.012
229.036	0.000	-0.012
230.036	0.000	-0.011
231.036	0.000	-0.010
232.036	0.000	-0.012
233.036	0.000	-0.011
234.036	0.000	-0.011
235.036	0.000	-0.011
236.036	0.000	-0.011
237.036	0.000	-0.010
238.036	0.000	-0.011
239.036	0.000	-0.012
240.036	0.000	-0.011
241.036	0.000	-0.012
242.036	0.000	-0.010
243.036	0.000	-0.012
244.036	0.000	-0.011
245.036	0.000	-0.012
246.036	0.000	-0.012
247.036	0.000	-0.010
248.036	0.000	-0.011
249.036	0.000	-0.010
250.036	0.000	-0.012
251.036	0.000	-0.011
252.036	0.000	-0.012
253.036	0.000	-0.012
254.036	0.000	-0.012
255.036	0.000	-0.012
256.036	0.000	-0.013
257.036	0.000	-0.012
258.036	0.000	-0.013
259.036	0.000	-0.011
260.036	0.000	-0.012
261.036	0.000	-0.012
262.036	0.000	-0.012
263.036	0.000	-0.012
264.036	0.000	-0.012
265.036	0.000	-0.012
266.036	0.000	-0.012
267.036	0.000	-0.012
268.036	0.000	-0.012
269.036	0.000	-0.014
270.036	0.000	-0.014
271.036	0.000	-0.013
272.036	0.000	-0.013
273.036	0.000	-0.012
274.036	0.000	-0.013
275.036	0.000	-0.014
276.036	0.000	-0.014
277.036	0.000	-0.014
278.036	0.000	-0.013
279.036	0.000	-0.013
280.036	0.000	-0.014
281.036	0.000	-0.013
282.036	0.000	-0.013
283.036	0.000	-0.013
284.036	0.000	-0.012
285.036	0.000	-0.012
286.036	0.000	-0.013
287.036	0.000	-0.014
288.036	0.000	-0.014
289.036	0.000	-0.012
290.036	0.000	-0.013
291.036	0.000	-0.013
292.036	0.000	-0.015
293.036	0.000	-0.013
294.036	0.000	-0.013
295.036	0.000	-0.013
296.036	0.000	-0.013
297.036	0.000	-0.013
298.036	0.000	-0.015
299.036	0.000	-0.014
300.036	0.000	-0.014
301.036	0.000	-0.014
302.036	0.000	-0.013
303.036	0.000	-0.012
304.036	0.000	-0.013
305.036	0.000	-0.014
306.036	0.000	-0.014
307.036	0.000	-0.014
308.036	0.000	-0.014
309.036	0.000	-0.014
310.036	0.000	-0.014
311.036	0.000	-0.014
312.036	0.000	-0.014
313.036	0.000	-0.014
314.036	0.000	-0.014
315.036	0.000	-0.014
316.036	0.000	-0.013
317.036	0.000	-0.014
318.036	0.000	-0.016
319.036	0.000	-0.015
320.036	0.000	-0.015
321.036	0.000	-0.014
322.036	0.000	-0.013
323.036	0.000	-0.014
324.036	0.000	-0.015
325.036	0.000	-0.016
326.036	0.000	-0.016
327.036	0.000	-0.015
328.036	0.000	-0.014
329.036	0.000	-0.015
330.036	0.000	-0.014
331.036	0.000	-0.015
332.036	0.000	-0.016
333.036	0.000	-0.015
334.036	0.000	-0.015
335.036	0.000	-0.014
336.036	0.000	-0.016
337.036	0.000	-0.016
338.036	0.000	-0.016
339.036	0.000	-0.017
340.036	0.000	-0.015
341.036	0.000	-0.016
342.036	0.000	-0.016
343.036	0.000	-0.017
344.036	0.000	-0.017
345.036	0.000	-0.017
346.036	0.000	-0.015
347.036	0.000	-0.016
348.036	0.000	-0.016
349.036	0.000	-0.016
350.036	0.000	-0.017
351.036	0.000	-0.016
352.036	0.000	-0.016
353.036	0.000	-0.016
354.036	0.000	-0.016
355.036	0.000	-0.017
356.036	0.000	-0.017
357.036	0.000	-0.018
358.036	0.000	-0.015
359.036	0.000	-0.015
360.036	0.000	-0.016
361.036	0.000	-0.017
362.036	0.000	-0.017
363.036	0.000	-0.018
364.036	0.000	-0.017
365.036	0.000	-0.016
366.036	0.000	-0.015
367.036	0.000	-0.017
368.036	0.000	-0.018
369.036	0.000	-0.018
370.036	0.000	-0.017
371.036	0.000	-0.016
372.036	0.000	-0.015
373.036	0.000	-0.017
374.036	0.000	-0.018
375.036	0.000	-0.017
376.036	0.000	-0.016
377.036	0.000	-0.017
378.036	0.000	-0.017
379.036	0.000	-0.019
380.036	0.000	-0.019
381.036	0.000	-0.018
382.036	0.000	-0.017
383.036	0.000	-0.017
384.036	0.000	-0.017
385.036	0.000	-0.017
386.036	0.000	-0.019
387.036	0.000	-0.018
388.036	0.000	-0.018
389.036	0.000	-0.017
390.036	0.000	-0.016
391.036	0.000	-0.018
392.036	0.000	-0.018
393.036	0.000	-0.018
394.036	0.000	-0.018
395.036	0.000	-0.017
396.036	0.000	-0.017
397.036	0.000	-0.018
398.036	0.000	-0.019
399.036	0.000	-0.019
400.036	0.000	-0.017
401.036	0.000	-0.018
402.036	0.000	-0.017
403.036	0.000	-0.017
404.036	0.000	-0.019
405.036	0.000	-0.018
406.036	0.000	-0.017
407.036	0.000	-0.017
408.036	0.000	-0.017
409.036	0.000	-0.018
410.036	0.000	-0.019
411.036	0.000	-0.019
412.036	0.000	-0.018
413.036	0.000	-0.017
414.036	0.000	-0.016
415.036	0.000	-0.018
416.036	0.000	-0.018
417.036	0.000	-0.019
418.036	0.000	-0.018
419.036	0.000	-0.016
420.036	0.000	-0.018
421.036	0.000	-0.019
422.036	0.000	-0.019
423.036	0.000	-0.019
424.036	0.000	-0.018
425.036	0.000	-0.020
426.036	0.000	-0.017
427.036	0.000	-0.018
428.036	0.000	-0.017
429.036	0.000	-0.019
430.036	0.000	-0.018
431.036	0.000	-0.018
432.036	0.000	-0.017
433.036	0.000	-0.019
434.036	0.000	-0.018
435.036	0.000	-0.019
436.036	0.000	-0.018
437.036	0.000	-0.017
438.036	0.000	-0.017
439.036	0.000	-0.020
440.036	0.000	-0.020
441.036	0.000	-0.019
442.036	0.000	-0.018
443.036	0.000	-0.018
444.036	0.000	-0.019
445.036	0.000	-0.019
446.036	0.000	-0.019
447.036	0.000	-0.019
448.036	0.000	-0.018
449.036	0.000	-0.019
450.036	0.000	-0.018
451.036	0.000	-0.019
452.036	0.000	-0.020
453.036	0.000	-0.020
454.036	0.000	-0.019
455.036	0.000	-0.018
456.036	0.000	-0.019
457.036	0.000	-0.020
458.036	0.000	-0.020
459.036	0.000	-0.019
460.036	0.000	-0.019
461.036	0.000	-0.019
462.036	0.000	-0.019
463.036	0.000	-0.019
464.036	0.000	-0.019
465.036	0.000	-0.019
466.036	0.000	-0.019
467.036	0.000	-0.019
468.036	0.000	-0.018
469.036	0.000	-0.019
470.036	0.000	-0.021
471.036	0.000	-0.020
472.036	0.000	-0.020
473.036	0.000	-0.020
474.036	0.000	-0.019
475.036	0.000	-0.018
476.036	0.000	-0.019
477.036	0.000	-0.020
478.036	0.000	-0.021
479.036	0.000	-0.020
480.036	0.000	-0.020
481.036	0.000	-0.019
482.036	0.000	-0.020
483.036	0.000	-0.019
484.036	0.000	-0.021
485.036	0.000	-0.020
486.036	0.000	-0.019
487.036	0.000	-0.019
488.036	0.000	-0.020
489.036	0.000	-0.020
490.036	0.000	-0.020
491.036	0.000	-0.020
492.036	0.000	-0.020
493.036	0.000	-0.019
494.036	0.000	-0.019
495.036	0.000	-0.021
496.036	0.000	-0.021
497.036	0.000	-0.021
498.036	0.000	-0.020
499.036	0.000	-0.018
500.036	0.000	-0.020
501.036	0.000	-0.019
502.036	0.000	-0.021
503.036	0.000	-0.021
504.036	0.000	-0.021
505.036	0.000	-0.020
506.036	0.000	-0.020
507.036	0.000	-0.019
508.036	0.000	-0.020
509.036	0.000	-0.020
510.036	0.000	-0.022
511.036	0.000	-0.020
512.036	0.000	-0.019
513.036	0.000	-0.021
514.036	0.000	-0.021
515.036	0.000	-0.021
516.036	0.000	-0.021
517.036	0.000	-0.020
518.036	0.000	-0.019
519.036	0.000	-0.020
520.036	0.000	-0.020
521.036	0.000	-0.020
522.036	0.000	-0.021
523.036	0.000	-0.019
524.036	0.000	-0.020
525.036	0.000	-0.021
526.036	0.000	-0.020
527.036	0.000	-0.021
528.036	0.000	-0.021
529.036	0.000	-0.020
530.036	0.000	-0.020
531.036	0.000	-0.020
532.036	0.000	-0.020
533.036	0.000	-0.020
534.036	0.000	-0.023
535.036	0.000	-0.020
536.036	0.000	-0.021
537.036	0.000	-0.021
538.036	0.000	-0.021
539.036	0.000	-0.020
540.036	0.000	-0.020
541.036	0.000	-0.010
542.036	0.000	-0.019
543.036	0.000	-0.019
544.036	0.000	-0.021
545.036	0.000	-0.020
546.036	0.000	-0.020
547.036	0.000	-0.019
548.036	0.000	-0.020
549.036	0.000	-0.021
550.036	0.000	-0.021
551.036	0.000	-0.022
552.036	0.000	-0.022
553.036	0.000	-0.022
554.036	0.000	-0.021
555.036	0.000	-0.020
556.036	0.000	-0.021
557.036	0.000	-0.021
558.036	0.000	-0.021
559.036	0.000	-0.021
560.036	0.000	-0.019
561.036	0.000	-0.020
562.036	0.000	-0.022
563.036	0.000	-0.022
564.036	0.000	-0.022
565.036	0.000	-0.021
566.036	0.000	-0.021
567.036	0.000	-0.020
568.036	0.000	-0.022
569.036	0.000	-0.022
570.036	0.000	-0.021
571.036	0.000	-0.021
572.036	0.000	-0.022
573.036	0.000	-0.022
574.036	0.000	-0.021
575.036	0.000	-0.022
576.036	0.000	-0.022
577.036	0.000	-0.022
578.036	0.000	-0.021
579.036	0.000	-0.020
580.036	0.000	-0.021
581.036	0.000	-0.022
582.036	0.000	-0.022
583.036	0.000	-0.021
584.036	0.000	-0.021
585.036	0.000	-0.021
586.036	0.000	-0.021
587.036	0.000	-0.022
588.036	0.000	-0.023
589.036	0.000	-0.021
590.036	0.000	-0.021
591.036	0.000	-0.021
592.036	0.000	-0.023
593.036	0.000	-0.022
594.036	0.000	-0.023
595.036	0.000	-0.021
596.036	0.000	-0.021
597.036	0.000	-0.022
598.036	0.000	-0.023
599.036	0.000	-0.023
600.036	0.000	-0.023
601.036	0.000	-0.022
602.036	0.000	-0.021
603.036	0.000	-0.021
604.036	0.000	-0.022
605.036	0.000	-0.022
606.036	0.000	-0.023
607.036	0.000	-0.022
608.036	0.000	-0.021
609.036	0.000	-0.022
610.036	0.000	-0.022
611.036	0.000	-0.022
612.036	0.000	-0.022
613.036	0.000	-0.023
614.036	0.000	-0.023
615.036	0.000	-0.022
616.036	0.000	-0.022
617.036	0.000	-0.022
618.036	0.000	-0.022
619.036	0.000	-0.021
620.036	0.000	-0.021
621.036	0.000	-0.023
622.036	0.000	-0.023
623.036	0.000	-0.022
624.036	0.000	-0.021
625.036	0.000	-0.023
626.036	0.000	-0.022
627.036	0.000	-0.023
628.036	0.000	-0.022
629.036	0.000	-0.021
630.036	0.000	-0.023
631.036	0.000	-0.022
632.036	0.000	-0.022
633.036	0.000	-0.025
634.036	0.000	-0.024
635.036	0.000	-0.023
636.036	0.000	-0.022
637.036	0.000	-0.022
638.036	0.000	-0.023
639.036	0.000	-0.023
640.036	0.000	-0.024
641.036	0.000	-0.024
642.036	0.000	-0.024
643.036	0.000	-0.021
644.036	0.000	-0.023
645.036	0.000	-0.024
646.036	0.000	-0.024
647.036	0.000	-0.023
648.036	0.000	-0.023
649.036	0.000	-0.021
650.036	0.000	-0.024
651.036	0.000	-0.023
