0.194	9.813	0.000
1.194	9.812	0.000
2.194	9.810	-0.000
3.194	9.810	0.000
4.194	9.809	0.000
5.194	9.808	-0.000
6.194	9.807	0.000
7.194	9.805	0.000
8.194	9.805	0.000
9.194	9.804	-0.000
10.194	9.803	0.000
11.194	9.803	0.000
12.194	9.802	0.000
13.194	9.801	0.000
14.194	9.800	0.000
15.194	9.800	0.000
16.194	9.800	0.000
17.194	9.799	0.001
18.194	9.798	0.000
19.194	9.798	0.000
20.194	9.797	0.000
21.194	9.797	-0.000
22.194	9.796	0.000
23.194	9.795	0.000
24.194	9.794	0.000
25.194	9.793	0.000
26.194	9.793	0.000
27.194	9.792	0.000
28.194	9.791	-0.000
29.194	9.790	0.000
30.194	9.789	0.000
31.194	9.789	0.000
32.194	9.788	-0.000
33.194	9.788	0.000
34.194	9.787	0.000
35.194	9.787	0.000
36.194	9.786	-0.000
37.194	9.785	0.002
38.194	9.785	0.000
39.194	9.784	-0.000
40.194	9.783	-0.000
41.194	9.783	-0.000
42.194	9.783	0.000
43.194	9.782	0.000
44.194	9.782	0.000
45.194	9.782	0.000
46.194	9.782	0.000
47.194	9.781	-0.000
48.194	9.781	0.000
49.194	9.780	0.000
50.194	9.779	0.000
51.194	9.778	0.000
52.194	9.778	-0.000
53.194	9.777	0.000
54.194	9.776	0.000
55.194	9.776	0.000
56.194	9.775	0.001
57.194	9.775	0.001
58.194	9.775	0.000
59.194	9.774	0.000
60.194	9.774	0.001
61.194	9.774	0.000
62.194	9.774	0.000
63.194	9.774	0.001
64.194	9.774	0.000
65.194	9.773	-0.000
66.194	13.534	0.000
67.194	20.787	0.319
68.194	27.624	0.345
69.194	31.687	0.439
70.194	31.756	0.455
71.194	31.770	0.455
72.194	31.734	0.455
73.194	31.798	0.457
74.194	31.830	0.457
75.194	31.820	0.458
76.194	31.900	0.457
77.194	31.882	0.456
78.194	31.910	0.457
79.194	31.939	0.458
80.194	31.924	0.459
81.194	32.001	0.459
82.194	32.037	0.458
83.194	32.036	0.457
84.194	32.050	0.458
85.194	32.136	0.458
86.194	32.126	0.459
87.194	32.177	0.460
88.194	32.105	0.459
89.194	32.135	0.458
90.194	32.115	0.458
91.194	32.142	0.459
92.194	32.183	0.459
93.194	32.152	0.459
94.194	32.238	0.459
95.194	32.222	0.452
96.194	32.272	0.452
97.194	32.199	0.453
98.194	32.230	0.454
99.194	32.202	0.454
100.194	32.229	0.454
101.194	32.238	0.455
102.194	32.280	0.454
103.194	32.330	0.455
104.194	32.396	0.457
105.194	32.441	0.456
106.194	32.402	0.455
107.194	32.423	0.454
108.194	32.429	0.448
109.194	32.427	0.450
110.194	32.421	0.450
111.194	32.456	0.452
112.194	32.441	0.451
113.194	32.421	0.451
114.194	32.467	0.451
115.194	32.473	0.452
116.194	32.467	0.453
117.194	32.452	0.452
118.194	32.446	0.452
119.194	32.444	0.452
120.194	32.487	0.453
121.194	32.491	0.454
122.194	32.422	0.454
123.194	32.451	0.454
124.194	32.427	0.454
125.194	32.399	0.453
126.194	32.477	0.454
127.194	32.514	0.455
128.194	32.456	0.455
129.194	40.194	0.457
130.194	52.263	0.668
131.194	61.291	0.908
132.194	63.754	1.076
133.194	63.676	1.096
134.194	63.648	1.101
135.194	63.619	1.104
136.194	63.701	1.105
137.194	63.766	1.104
138.194	63.752	1.106
139.194	63.766	1.108
140.194	63.818	1.109
141.194	63.786	1.110
142.194	63.796	1.109
143.194	63.786	1.109
144.194	63.855	1.110
145.194	63.867	1.111
146.194	63.866	1.111
147.194	63.974	1.111
148.194	63.950	1.111
149.194	63.898	1.112
150.194	63.858	1.112
151.194	63.959	1.112
152.194	64.006	1.113
153.194	63.972	1.114
154.194	63.952	1.114
155.194	63.928	1.113
156.194	63.952	1.114
157.194	63.905	1.114
158.194	63.912	1.115
159.194	63.854	1.115
160.194	63.909	1.115
161.194	63.931	1.114
162.194	63.841	1.115
163.194	63.922	1.116
164.194	63.906	1.117
165.194	63.917	1.116
166.194	63.949	1.116
167.194	63.893	1.114
168.194	63.887	1.115
169.194	63.917	1.117
170.194	63.952	1.117
171.194	63.936	1.118
172.194	63.910	1.117
173.194	63.881	1.116
174.194	63.870	1.117
175.194	63.847	1.117
176.194	63.854	1.118
177.194	63.834	1.118
178.194	63.798	1.118
179.194	63.789	1.117
180.194	63.858	1.117
181.194	63.815	1.119
182.194	63.814	1.118
183.194	63.805	1.119
184.194	63.822	1.120
185.194	63.851	1.119
186.194	63.838	1.118
187.194	63.834	1.119
188.194	63.754	1.120
189.194	71.354	1.126
190.194	83.792	1.429
191.194	93.938	1.779
192.194	96.910	1.987
193.194	96.900	2.024
194.194	96.945	2.030
195.194	96.971	2.032
196.194	96.964	2.033
197.194	96.908	2.035
198.194	96.956	2.036
199.194	96.951	2.036
200.194	97.038	2.039
201.194	97.031	2.039
202.194	97.073	2.039
203.194	97.063	2.040
204.194	97.049	2.040
205.194	97.043	2.041
206.194	97.048	2.041
207.194	97.053	2.043
208.194	97.098	2.043
209.194	97.104	2.043
210.194	97.123	2.044
211.194	97.118	2.044
212.194	97.132	2.044
213.194	97.153	2.045
214.194	97.126	2.045
215.194	97.069	2.045
216.194	97.032	2.045
217.194	97.043	2.046
218.194	97.027	2.046
219.194	97.010	2.047
220.194	97.022	2.047
221.194	96.964	2.047
222.194	96.989	2.046
223.194	97.013	2.048
224.194	97.036	2.047
225.194	96.993	2.049
226.194	97.003	2.049
227.194	97.015	2.048
228.194	96.963	2.048
229.194	96.975	2.048
230.194	97.023	2.049
231.194	97.007	2.049
232.194	96.951	2.049
233.194	96.975	2.049
234.194	96.918	2.048
235.194	96.945	2.050
236.194	96.925	2.050
237.194	96.948	2.050
238.194	97.006	2.050
239.194	96.989	2.050
240.194	96.994	2.050
241.194	96.969	2.050
242.194	97.068	2.050
243.194	97.077	2.051
244.194	97.072	2.052
245.194	97.081	2.051
246.194	97.117	2.051
247.194	97.054	2.051
248.194	97.091	2.051
249.194	97.091	2.052
250.194	97.153	2.052
251.194	97.128	2.052
252.194	97.160	2.052
253.194	97.066	2.052
254.194	97.042	2.053
255.194	97.042	2.054
256.194	96.992	2.053
257.194	96.974	2.052
258.194	97.018	2.053
259.194	97.045	2.053
260.194	97.026	2.052
261.194	97.019	2.053
262.194	97.070	2.054
263.194	97.065	2.053
264.194	97.065	2.053
265.194	105.736	2.054
266.194	117.902	2.492
267.194	124.010	2.722
268.194	129.262	2.949
269.194	129.300	3.018
270.194	129.279	3.023
271.194	129.307	3.025
272.194	129.305	3.028
273.194	129.334	3.031
274.194	129.308	3.032
275.194	129.329	3.032
276.194	129.307	3.033
277.194	129.284	3.033
278.194	129.271	3.034
279.194	129.289	3.034
280.194	129.321	3.036
281.194	129.313	3.036
282.194	129.304	3.036
283.194	129.285	3.036
284.194	129.274	3.037
285.194	129.224	3.038
286.194	129.259	3.040
287.194	129.317	3.039
288.194	129.280	3.039
289.194	129.256	3.040
290.194	129.233	3.040
291.194	129.280	3.040
292.194	129.424	3.040
293.194	129.420	3.042
294.194	129.428	3.041
295.194	129.438	3.041
296.194	129.383	3.042
297.194	129.352	3.043
298.194	129.264	3.043
299.194	129.201	3.044
300.194	129.240	3.043
301.194	129.206	3.042
302.194	129.201	3.043
303.194	129.227	3.043
304.194	129.279	3.044
305.194	129.279	3.044
306.194	129.284	3.045
307.194	129.212	3.043
308.194	129.195	3.043
309.194	129.166	3.043
310.194	129.235	3.045
311.194	129.228	3.046
312.194	129.211	3.045
313.194	129.230	3.045
314.194	129.233	3.045
315.194	129.266	3.045
316.194	129.303	3.045
317.194	129.243	3.046
318.194	129.190	3.047
319.194	129.202	3.046
320.194	129.229	3.046
321.194	138.157	3.091
322.194	150.382	3.502
323.194	158.730	3.869
324.194	161.067	4.015
325.194	162.423	4.099
326.194	162.378	4.115
327.194	162.417	4.119
328.194	162.410	4.123
329.194	162.374	4.124
330.194	162.376	4.126
331.194	162.404	4.127
332.194	162.333	4.127
333.194	162.387	4.128
334.194	162.366	4.129
335.194	162.387	4.130
336.194	162.414	4.130
337.194	162.414	4.131
338.194	162.412	4.133
339.194	162.405	4.133
340.194	162.472	4.132
341.194	162.488	4.133
342.194	162.510	4.135
343.194	162.515	4.135
344.194	162.556	4.135
345.194	162.544	4.135
346.194	162.609	4.135
347.194	162.589	4.136
348.194	162.553	4.136
349.194	162.571	4.136
350.194	162.539	4.137
351.194	162.545	4.137
352.194	162.530	4.137
353.194	162.526	4.138
354.194	162.551	4.138
355.194	162.522	4.138
356.194	162.527	4.139
357.194	162.540	4.139
358.194	162.527	4.138
359.194	162.516	4.138
360.194	162.486	4.140
361.194	162.516	4.139
362.194	162.491	4.140
363.194	162.508	4.140
364.194	162.531	4.140
365.194	162.518	4.140
366.194	162.487	4.139
367.194	162.480	4.142
368.194	162.467	4.142
369.194	162.446	4.142
370.194	162.415	4.141
371.194	162.375	4.141
372.194	162.346	4.142
373.194	162.355	4.142
374.194	162.412	4.141
375.194	162.425	4.141
376.194	162.416	4.142
377.194	162.412	4.142
378.194	162.325	4.141
379.194	173.428	4.251
380.194	182.951	4.675
381.194	191.496	4.939
382.194	194.292	5.184
383.194	194.233	5.210
384.194	194.273	5.216
385.194	194.300	5.219
386.194	194.325	5.221
387.194	194.348	5.223
388.194	194.362	5.224
389.194	194.394	5.224
390.194	194.386	5.226
391.194	194.392	5.227
392.194	194.393	5.221
393.194	194.401	5.222
394.194	194.376	5.222
395.194	194.343	5.222
396.194	194.356	5.223
397.194	194.341	5.224
398.194	194.356	5.224
399.194	194.345	5.221
400.194	194.370	5.221
401.194	194.374	5.220
402.194	194.364	5.222
403.194	194.364	5.224
404.194	194.401	5.223
405.194	194.400	5.224
406.194	194.438	5.224
407.194	194.476	5.224
408.194	194.536	5.225
409.194	194.496	5.226
410.194	194.507	5.228
411.194	194.517	5.227
412.194	194.519	5.228
413.194	194.501	5.229
414.194	194.513	5.229
415.194	194.451	5.230
416.194	194.438	5.232
417.194	194.447	5.232
418.194	194.460	5.231
419.194	194.487	5.232
420.194	194.472	5.233
421.194	194.552	5.233
422.194	194.596	5.233
423.194	194.579	5.234
424.194	194.575	5.234
425.194	194.604	5.234
426.194	194.615	5.235
427.194	194.645	5.234
428.194	194.639	5.234
429.194	194.657	5.235
430.194	194.681	5.235
431.194	194.673	5.236
432.194	194.743	5.236
433.194	194.743	5.237
434.194	194.713	5.237
435.194	194.742	5.237
436.194	194.726	5.237
437.194	194.731	5.238
438.194	194.803	5.237
439.194	194.708	5.239
440.194	194.732	5.240
441.194	194.714	5.240
442.194	194.738	5.241
443.194	194.733	5.240
444.194	194.734	5.241
445.194	194.738	5.241
446.194	194.724	5.241
447.194	194.769	5.242
448.194	194.904	5.241
449.194	194.748	5.241
450.194	194.724	5.243
451.194	194.737	5.243
452.194	194.755	5.243
453.194	203.176	5.278
454.194	214.716	5.685
455.194	225.420	6.087
456.194	229.318	6.378
457.194	229.276	6.442
458.194	229.276	6.449
459.194	229.269	6.452
460.194	229.275	6.454
461.194	229.262	6.455
462.194	229.221	6.456
463.194	229.329	6.458
464.194	229.403	6.459
465.194	229.363	6.460
466.194	229.369	6.461
467.194	229.359	6.461
468.194	229.357	6.463
469.194	229.324	6.462
470.194	229.358	6.463
471.194	229.356	6.464
472.194	229.333	6.466
473.194	229.411	6.464
474.194	229.435	6.465
475.194	229.442	6.466
476.194	229.465	6.462
477.194	229.472	6.462
478.194	229.458	6.463
479.194	229.491	6.461
480.194	229.475	6.460
481.194	229.471	6.460
482.194	229.476	6.459
483.194	229.446	6.459
484.194	229.478	6.460
485.194	229.429	6.461
486.194	229.437	6.461
487.194	229.435	6.461
488.194	229.453	6.461
489.194	229.504	6.461
490.194	229.528	6.462
491.194	229.527	6.463
492.194	229.553	6.464
493.194	229.509	6.464
494.194	229.539	6.465
495.194	229.536	6.466
496.194	229.612	6.465
497.194	229.620	6.467
498.194	229.627	6.467
499.194	229.660	6.469
500.194	229.705	6.468
501.194	229.713	6.469
502.194	229.763	6.469
503.194	229.738	6.469
504.194	229.755	6.470
505.194	229.764	6.470
506.194	229.741	6.470
507.194	229.719	6.471
508.194	229.751	6.470
509.194	229.730	6.470
510.194	230.039	6.471
511.194	241.267	6.649
512.194	248.898	6.972
513.194	255.468	7.231
514.194	260.313	7.453
515.194	261.381	7.582
516.194	261.413	7.595
517.194	261.424	7.599
518.194	261.430	7.601
519.194	261.452	7.603
520.194	261.437	7.605
521.194	261.416	7.607
522.194	261.373	7.608
523.194	261.297	7.609
524.194	261.243	7.610
525.194	261.253	7.611
526.194	261.230	7.611
527.194	261.211	7.612
528.194	261.184	7.612
529.194	261.212	7.613
530.194	261.217	7.614
531.194	261.233	7.615
532.194	261.229	7.614
533.194	261.236	7.616
534.194	261.228	7.616
535.194	261.195	7.615
536.194	261.195	7.618
537.194	261.215	7.617
538.194	261.225	7.617
539.194	261.214	7.617
540.194	261.220	7.618
541.194	261.343	7.618
542.194	261.191	7.619
543.194	261.209	7.619
544.194	261.160	7.618
545.194	261.163	7.619
546.194	261.130	7.620
547.194	261.149	7.620
548.194	261.144	7.621
549.194	261.182	7.621
550.194	261.192	7.621
551.194	261.197	7.620
552.194	261.180	7.621
553.194	261.158	7.622
554.194	261.198	7.622
555.194	261.225	7.622
556.194	261.323	7.622
557.194	261.351	7.622
558.194	261.343	7.623
559.194	261.313	7.622
560.194	261.295	7.623
561.194	261.320	7.625
562.194	261.311	7.625
563.194	261.084	7.624
564.194	260.888	7.623
565.194	271.582	7.623
566.194	289.269	8.476
567.194	293.859	8.664
568.194	294.240	8.793
569.194	294.226	8.801
570.194	294.172	8.805
571.194	294.151	8.807
572.194	294.125	8.810
573.194	294.133	8.812
574.194	294.169	8.813
575.194	294.163	8.813
576.194	294.160	8.814
577.194	294.153	8.815
578.194	294.179	8.817
579.194	294.123	8.818
580.194	294.190	8.817
581.194	294.215	8.818
582.194	294.203	8.817
583.194	294.192	8.819
584.194	294.182	8.820
585.194	294.158	8.820
586.194	294.164	8.821
587.194	294.172	8.820
588.194	294.143	8.821
589.194	294.096	8.821
590.194	294.134	8.823
591.194	294.174	8.823
592.194	294.148	8.823
593.194	294.149	8.822
594.194	294.141	8.824
595.194	294.133	8.823
596.194	294.108	8.825
597.194	294.111	8.824
598.194	294.108	8.825
599.194	294.121	8.823
600.194	294.081	8.824
601.194	294.084	8.824
602.194	294.113	8.826
603.194	294.109	8.826
604.194	294.106	8.827
605.194	294.096	8.825
606.194	294.127	8.825
607.194	294.087	8.827
608.194	294.089	8.826
609.194	294.083	8.827
610.194	294.120	8.827
611.194	294.131	8.826
612.194	294.169	8.826
613.194	294.193	8.827
614.194	294.156	8.827
615.194	294.152	8.828
616.194	294.166	8.828
617.194	294.164	8.827
618.194	294.165	8.827
619.194	294.233	8.828
620.194	294.245	8.827
621.194	294.253	8.828
622.194	294.243	8.828
623.194	294.239	8.827
624.194	294.177	8.827
625.194	294.165	8.828
626.194	294.174	8.829
627.194	294.180	8.829
628.194	294.175	8.829
629.194	294.159	8.828
630.194	294.154	8.829
631.194	297.276	8.802
632.194	310.822	9.245
633.194	320.109	9.581
634.194	326.316	9.834
635.194	327.340	10.012
636.194	327.361	10.023
637.194	327.374	10.027
638.194	327.406	10.030
639.194	327.265	10.032
640.194	327.198	10.033
641.194	327.210	10.034
642.194	327.239	10.036
643.194	327.259	10.037
644.194	327.288	10.038
645.194	327.239	10.039
646.194	327.266	10.039
647.194	327.340	10.040
648.194	327.338	10.040
649.194	327.347	10.040
650.194	327.358	10.041
651.194	327.333	10.042
652.194	327.387	10.042
653.194	327.391	10.042
654.194	327.390	10.043
655.194	327.547	10.042
656.194	327.522	10.043
657.194	327.561	10.044
658.194	327.330	10.045
659.194	327.343	10.044
660.194	327.343	10.044
661.194	327.284	10.044
662.194	327.266	10.044
663.194	327.223	10.046
664.194	327.284	10.046
665.194	327.298	10.045
666.194	327.360	10.045
667.194	327.359	10.046
668.194	327.346	10.046
669.194	327.408	10.047
670.194	327.369	10.046
671.194	327.317	10.047
672.194	327.305	10.046
673.194	327.277	10.047
674.194	327.245	10.046
675.194	327.229	10.047
676.194	327.254	10.048
677.194	327.274	10.048
678.194	327.243	10.048
679.194	327.247	10.047
680.194	327.251	10.048
681.194	327.235	10.049
682.194	327.312	10.049
683.194	327.286	10.048
684.194	327.257	10.048
685.194	327.243	10.048
686.194	327.244	10.049
687.194	327.297	10.049
688.194	327.315	10.048
689.194	327.332	10.049
690.194	327.386	10.049
691.194	327.365	10.049
692.194	327.303	10.049
693.194	327.291	10.049
694.194	327.238	10.050
695.194	327.275	10.050
696.194	327.255	10.049
697.194	327.251	10.049
698.194	327.285	10.049
699.194	327.289	10.050
700.194	327.335	10.050
701.194	327.332	10.050
702.194	327.341	10.049
703.194	327.346	10.050
704.194	327.312	10.050
705.194	327.277	10.050
706.194	327.299	10.051
707.194	327.294	10.051
708.194	327.315	10.050
709.194	327.314	10.050
710.194	327.329	10.050
711.194	327.296	10.052
712.194	327.271	10.052
713.194	327.324	10.051
714.194	327.309	10.052
715.194	327.310	10.050
716.194	327.272	10.050
717.194	327.254	10.052
718.194	327.204	10.052
719.194	327.182	10.051
720.194	327.154	10.050
721.194	327.169	10.051
722.194	327.124	10.051
723.194	327.152	10.052
724.194	336.599	10.078
725.194	347.009	10.535
726.194	355.454	10.893
727.194	360.996	11.222
728.194	360.989	11.272
729.194	360.934	11.277
730.194	360.898	11.281
731.194	360.918	11.283
732.194	360.925	11.283
733.194	360.883	11.285
734.194	360.914	11.286
735.194	360.859	11.288
736.194	360.792	11.288
737.194	360.697	11.289
738.194	360.690	11.290
739.194	360.706	11.290
740.194	360.771	11.290
741.194	360.748	11.292
742.194	360.742	11.292
743.194	360.730	11.293
744.194	360.783	11.292
745.194	360.810	11.294
746.194	360.836	11.292
747.194	360.833	11.294
748.194	360.876	11.295
749.194	360.891	11.295
750.194	360.837	11.294
751.194	360.844	11.295
752.194	360.806	11.295
753.194	360.775	11.295
754.194	360.760	11.296
755.194	360.744	11.295
756.194	360.743	11.296
757.194	360.757	11.296
758.194	360.744	11.297
759.194	360.745	11.297
760.194	360.769	11.297
761.194	360.789	11.297
762.194	360.753	11.297
763.194	360.791	11.298
764.194	360.773	11.297
765.194	360.794	11.297
766.194	360.814	11.298
767.194	360.841	11.298
768.194	360.882	11.298
769.194	360.801	11.298
770.194	360.740	11.297
771.194	360.733	11.298
772.194	360.757	11.299
773.194	360.756	11.298
774.194	360.751	11.298
775.194	360.729	11.298
776.194	360.765	11.298
777.194	360.776	11.298
778.194	360.768	11.299
779.194	360.750	11.300
780.194	360.728	11.299
781.194	360.716	11.299
782.194	360.707	11.299
783.194	360.762	11.300
784.194	360.740	11.300
785.194	360.772	11.301
786.194	360.779	11.300
787.194	370.704	11.403
788.194	382.436	11.842
789.194	390.157	12.208
790.194	391.388	12.403
791.194	391.417	12.413
792.194	391.367	12.416
793.194	391.396	12.420
794.194	391.407	12.422
795.194	391.408	12.423
796.194	391.398	12.424
797.194	391.379	12.424
798.194	391.398	12.425
799.194	391.408	12.426
800.194	391.403	12.428
801.194	391.426	12.428
802.194	391.414	12.429
803.194	391.409	12.428
804.194	391.387	12.428
805.194	391.411	12.429
806.194	391.392	12.431
807.194	391.388	12.431
808.194	391.373	12.431
809.194	391.333	12.432
810.194	391.287	12.431
811.194	391.296	12.431
812.194	391.290	12.431
813.194	391.295	12.433
814.194	391.298	12.433
815.194	391.315	12.432
816.194	391.280	12.433
817.194	391.275	12.432
818.194	391.341	12.433
819.194	391.325	12.434
820.194	391.297	12.434
821.194	391.320	12.433
822.194	391.337	12.433
823.194	391.331	12.434
824.194	391.313	12.433
825.194	391.314	12.434
826.195	391.293	12.435
827.194	391.281	12.434
828.194	391.293	12.434
829.194	391.383	12.434
830.194	391.390	12.434
831.194	391.330	12.435
832.194	391.311	12.435
833.194	391.296	12.436
834.194	391.300	12.435
835.194	391.279	12.435
836.194	391.249	12.435
837.194	391.227	12.436
838.194	391.287	12.437
839.194	391.352	12.436
840.194	391.375	12.436
841.194	402.973	12.487
842.194	414.864	13.054
843.194	422.262	13.387
844.194	423.342	13.587
845.194	423.916	13.602
846.194	425.371	13.653
847.194	425.352	13.674
848.194	425.316	13.679
849.194	425.284	13.681
850.194	425.236	13.684
851.194	425.221	13.685
852.194	425.234	13.686
853.194	425.184	13.686
854.194	425.132	13.688
855.194	425.144	13.689
856.194	425.121	13.686
857.194	425.132	13.682
858.194	425.122	13.685
859.194	425.095	13.685
860.194	425.106	13.687
861.194	425.077	13.688
862.194	425.031	13.688
863.194	425.059	13.689
864.194	425.067	13.690
865.194	425.043	13.689
866.194	425.048	13.690
867.194	425.032	13.690
868.194	425.060	13.690
869.194	425.100	13.689
870.194	425.100	13.690
871.194	425.126	13.691
872.194	425.198	13.692
873.194	425.200	13.692
874.194	425.231	13.692
875.194	425.210	13.693
876.194	425.199	13.694
877.194	425.168	13.693
878.194	425.158	13.693
879.194	425.176	13.694
880.194	425.181	13.694
881.194	425.125	13.694
882.194	424.985	13.695
883.194	424.929	13.695
884.194	424.964	13.694
885.194	424.929	13.696
886.194	424.949	13.695
887.194	424.960	13.696
888.194	424.872	13.695
889.194	424.905	13.694
890.194	424.925	13.695
891.194	424.896	13.696
892.194	424.892	13.697
893.194	424.859	13.696
894.194	424.818	13.696
895.194	424.784	13.695
896.194	424.800	13.696
897.194	424.891	13.696
898.194	424.909	13.698
899.194	424.916	13.697
900.194	424.955	13.697
901.194	424.955	13.696
902.194	424.944	13.697
903.194	424.950	13.697
904.194	424.916	13.697
905.194	424.904	13.697
906.194	424.984	13.698
907.194	424.914	13.697
908.194	424.962	13.698
909.194	425.000	13.696
910.194	424.942	13.698
911.194	424.911	13.699
912.194	424.925	13.698
913.194	424.947	13.697
914.194	424.938	13.698
915.194	424.850	13.698
916.194	424.823	13.699
917.194	424.818	13.698
918.194	424.819	13.699
919.194	424.830	13.698
920.194	424.851	13.697
921.194	424.883	13.698
922.194	424.901	13.698
923.194	424.909	13.698
924.194	428.882	13.698
925.194	440.262	14.016
926.194	449.475	14.389
927.194	454.933	14.704
928.194	458.248	14.854
929.194	458.275	14.916
930.194	458.285	14.923
931.194	458.359	14.925
932.194	458.389	14.928
933.194	458.377	14.929
934.194	458.328	14.931
935.194	458.352	14.932
936.194	458.350	14.932
937.194	458.309	14.933
938.194	458.313	14.934
939.194	458.266	14.934
940.194	458.236	14.935
941.194	458.274	14.936
942.194	458.448	14.935
943.194	458.459	14.936
944.194	458.515	14.936
945.194	458.542	14.937
946.194	458.462	14.938
947.194	458.413	14.937
948.194	458.365	14.939
949.194	458.402	14.938
950.194	458.357	14.938
951.194	458.230	14.938
952.194	458.212	14.938
953.194	458.167	14.939
954.194	458.175	14.939
955.194	458.139	14.940
956.194	458.124	14.939
957.194	458.105	14.940
958.194	458.119	14.940
959.194	458.102	14.940
960.194	458.099	14.939
961.194	458.085	14.939
962.194	458.046	14.940
963.194	458.000	14.940
964.194	458.098	14.941
965.194	458.132	14.941
966.194	458.123	14.940
967.194	457.956	14.941
968.194	457.992	14.941
969.194	457.993	14.941
970.194	458.011	14.942
971.194	457.999	14.940
972.194	457.960	14.939
973.194	457.949	14.941
974.194	457.983	14.940
975.194	457.960	14.942
976.194	457.955	14.941
977.194	457.967	14.941
978.194	457.939	14.940
979.194	457.901	14.941
980.194	457.885	14.941
981.194	457.873	14.942
982.194	457.910	14.942
983.194	457.899	14.942
984.194	457.965	14.942
985.194	457.921	14.941
986.194	457.909	14.941
987.194	457.874	14.941
988.194	457.910	14.942
989.194	457.935	14.942
990.194	457.905	14.940
991.194	457.929	14.941
992.194	457.888	14.941
993.194	457.917	14.942
994.194	457.945	14.941
995.194	457.951	14.941
996.194	457.857	14.941
997.194	457.887	14.941
998.194	457.881	14.942
999.194	457.862	14.942
1000.194	457.805	14.942
1001.194	457.793	14.941
1002.194	457.814	14.941
1003.194	457.817	14.940
1004.194	457.854	14.941
1005.194	457.848	14.942
1006.194	457.794	14.941
1007.194	457.750	14.942
1008.194	457.700	14.941
1009.194	457.715	14.941
1010.194	457.675	14.940
1011.194	457.627	14.942
1012.194	457.656	14.941
1013.194	457.654	14.942
1014.194	457.594	14.940
1015.194	457.618	14.940
1016.194	457.610	14.940
1017.194	457.630	14.941
1018.194	457.669	14.941
1019.194	459.592	14.937
1020.194	473.873	15.235
1021.194	483.285	15.647
1022.194	488.625	15.965
1023.194	488.455	16.056
1024.194	488.470	16.060
1025.194	488.457	16.063
1026.194	488.476	16.064
1027.194	488.457	16.065
1028.194	488.440	16.066
1029.194	488.443	16.068
1030.194	488.438	16.068
1031.194	488.395	16.070
1032.194	488.452	16.068
1033.194	488.430	16.070
1034.194	488.450	16.070
1035.194	488.496	16.072
1036.194	488.519	16.071
1037.194	488.506	16.073
1038.194	488.434	16.073
1039.194	488.454	16.072
1040.194	488.416	16.072
1041.194	488.437	16.074
1042.194	488.428	16.073
1043.194	488.424	16.074
1044.194	488.458	16.073
1045.194	488.489	16.073
1046.194	488.470	16.073
1047.194	488.427	16.074
1048.194	488.411	16.074
1049.194	488.399	16.075
1050.194	488.391	16.075
1051.194	488.438	16.075
1052.194	488.405	16.074
1053.194	488.324	16.075
1054.194	488.293	16.074
1055.194	488.300	16.076
1056.194	488.280	16.075
1057.194	488.298	16.075
1058.194	488.295	16.073
1059.194	488.299	16.076
1060.194	488.266	16.075
1061.194	488.261	16.076
1062.194	488.314	16.074
1063.194	488.329	16.075
1064.194	488.322	16.075
1065.194	488.321	16.076
1066.194	488.282	16.075
1067.194	488.256	16.076
1068.194	488.219	16.075
1069.194	488.138	16.075
1070.194	488.147	16.075
1071.194	488.138	16.075
1072.194	488.117	16.075
1073.194	488.119	16.075
1074.194	488.101	16.075
1075.194	488.168	16.075
1076.194	488.209	16.075
1077.194	488.136	16.075
1078.194	488.094	16.075
1079.194	488.068	16.076
1080.194	488.063	16.075
1081.194	488.031	16.074
1082.194	488.013	16.075
1083.194	487.991	16.076
1084.194	488.004	16.074
1085.194	488.028	16.075
1086.194	488.025	16.075
1087.194	487.949	16.075
1088.194	488.029	16.076
1089.194	488.020	16.075
1090.194	497.003	16.083
1091.194	509.938	16.621
1092.194	519.500	17.033
1093.194	523.654	17.306
1094.194	523.611	17.374
1095.194	523.598	17.380
1096.194	523.550	17.384
1097.194	523.526	17.385
1098.194	523.521	17.386
1099.194	523.462	17.388
1100.194	523.483	17.389
1101.194	523.540	17.390
1102.194	523.531	17.390
1103.194	523.560	17.391
1104.194	523.595	17.391
1105.194	523.557	17.391
1106.194	523.559	17.392
1107.194	523.598	17.393
1108.194	523.598	17.393
1109.194	523.586	17.394
1110.194	523.591	17.393
1111.194	523.600	17.394
1112.194	523.492	17.393
1113.194	523.485	17.394
1114.194	523.491	17.394
1115.194	523.457	17.394
1116.194	523.470	17.394
1117.194	523.473	17.394
1118.194	523.514	17.394
1119.194	523.441	17.396
1120.194	523.439	17.395
1121.194	523.475	17.396
1122.194	523.481	17.394
1123.194	523.519	17.395
1124.194	523.559	17.394
1125.194	523.553	17.395
1126.194	523.585	17.396
1127.194	523.528	17.395
1128.194	523.487	17.394
1129.194	523.509	17.395
1130.194	523.525	17.394
1131.194	523.519	17.394
1132.194	523.499	17.395
1133.194	523.496	17.394
1134.194	523.496	17.396
1135.194	523.483	17.393
1136.194	523.450	17.395
1137.194	523.420	17.395
1138.194	523.361	17.395
1139.194	523.359	17.395
1140.194	523.323	17.394
1141.194	523.329	17.393
1142.194	523.384	17.393
1143.194	523.386	17.394
1144.194	523.389	17.395
1145.194	523.376	17.395
1146.194	523.353	17.395
1147.194	523.315	17.394
1148.194	523.261	17.393
1149.194	523.249	17.394
1150.194	523.270	17.395
1151.194	523.295	17.395
1152.194	523.243	17.395
1153.194	523.246	17.393
1154.194	523.241	17.393
1155.194	523.221	17.393
1156.194	523.210	17.394
1157.194	523.248	17.394
1158.194	523.247	17.394
1159.194	523.214	17.393
1160.194	523.174	17.394
1161.194	523.197	17.394
1162.194	523.215	17.394
1163.194	523.167	17.394
1164.194	523.119	17.393
1165.194	523.169	17.393
1166.194	523.108	17.392
1167.194	523.066	17.393
1168.194	523.029	17.393
1169.194	523.069	17.393
1170.194	523.086	17.393
1171.194	523.053	17.392
1172.194	523.023	17.392
1173.194	523.002	17.391
1174.194	522.979	17.392
1175.194	522.966	17.392
1176.194	522.927	17.394
1177.194	522.932	17.392
1178.194	522.949	17.392
1179.194	524.940	17.391
1180.194	543.549	17.683
1181.194	554.694	18.412
1182.194	554.756	18.549
1183.194	554.820	18.555
1184.194	554.853	18.559
1185.194	554.819	18.561
1186.194	554.829	18.563
1187.194	554.819	18.564
1188.194	554.846	18.564
1189.194	554.826	18.565
1190.194	554.840	18.565
1191.194	554.795	18.565
1192.194	554.747	18.568
1193.194	554.759	18.568
1194.194	554.759	18.569
1195.194	554.768	18.567
1196.194	554.735	18.567
1197.194	554.745	18.568
1198.194	554.717	18.569
1199.194	554.718	18.570
1200.194	554.698	18.570
1201.194	554.655	18.570
1202.194	554.688	18.569
1203.194	554.599	18.569
1204.194	554.565	18.571
1205.194	554.581	18.570
1206.194	554.525	18.571
1207.194	554.704	18.570
1208.194	554.710	18.570
1209.194	554.760	18.570
1210.194	554.565	18.570
1211.194	554.584	18.571
1212.194	554.607	18.570
1213.194	554.599	18.570
1214.194	554.580	18.570
1215.194	554.579	18.570
1216.194	554.598	18.570
1217.194	554.596	18.570
1218.194	554.604	18.571
1219.194	554.577	18.570
1220.194	554.542	18.569
1221.194	554.481	18.569
1222.194	554.495	18.570
1223.194	554.464	18.571
1224.194	554.442	18.571
1225.194	554.464	18.570
1226.194	554.466	18.568
1227.194	554.472	18.568
1228.194	554.483	18.570
1229.194	554.495	18.570
1230.194	554.460	18.570
1231.194	554.398	18.569
1232.194	554.415	18.567
1233.194	554.373	18.569
1234.194	554.392	18.570
1235.194	554.404	18.569
1236.194	554.427	18.570
1237.194	554.388	18.570
1238.194	554.394	18.569
1239.194	554.446	18.569
1240.194	555.472	18.567
1241.194	569.135	18.791
1242.194	578.247	19.231
1243.194	584.182	19.514
1244.194	584.595	19.665
1245.194	584.598	19.676
1246.194	584.647	19.680
1247.194	584.666	19.682
1248.194	584.670	19.684
1249.194	584.713	19.683
1250.194	584.745	19.685
1251.194	584.692	19.686
1252.194	584.687	19.687
1253.194	584.667	19.688
1254.194	584.698	19.688
1255.194	584.634	19.688
1256.194	584.596	19.688
1257.194	584.616	19.689
1258.194	584.602	19.690
1259.194	584.599	19.690
1260.194	584.636	19.691
1261.194	584.557	19.690
1262.194	584.517	19.690
1263.194	584.491	19.690
1264.194	584.519	19.690
1265.194	584.513	19.691
1266.194	584.536	19.690
1267.194	584.448	19.690
1268.194	584.440	19.691
1269.194	584.351	19.690
1270.194	584.398	19.692
1271.194	584.388	19.691
1272.194	584.379	19.691
1273.194	584.382	19.691
1274.194	584.313	19.691
1275.194	584.259	19.692
1276.194	584.283	19.692
1277.194	584.218	19.691
1278.194	584.273	19.692
1279.194	584.235	19.691
1280.194	584.160	19.690
1281.194	584.192	19.689
1282.194	584.171	19.691
1283.194	584.108	19.691
1284.194	584.124	19.691
1285.194	584.110	19.690
1286.194	584.121	19.690
1287.194	584.109	19.691
1288.194	584.039	19.691
1289.194	584.040	19.690
1290.194	584.028	19.691
1291.194	584.032	19.690
1292.194	584.070	19.691
1293.194	583.997	19.690
1294.194	583.971	19.691
1295.194	584.058	19.690
1296.194	595.929	19.780
1297.194	607.135	20.270
1298.194	614.828	20.679
1299.194	619.567	20.925
1300.194	619.574	21.001
1301.194	619.568	21.008
1302.194	619.521	21.012
1303.194	619.522	21.013
1304.194	619.533	21.013
1305.194	619.494	21.014
1306.194	619.458	21.016
1307.194	619.496	21.018
1308.194	619.540	21.017
1309.194	619.527	21.017
1310.194	619.538	21.017
1311.194	619.556	21.017
1312.194	619.543	21.019
1313.194	619.535	21.021
1314.194	619.511	21.020
1315.194	619.485	21.019
1316.194	619.543	21.020
1317.194	619.561	21.020
1318.194	619.543	21.020
1319.194	619.584	21.019
1320.194	619.591	21.020
1321.194	619.601	21.019
1322.194	619.612	21.020
1323.194	619.541	21.022
1324.194	619.609	21.022
1325.194	619.714	21.022
1326.194	619.649	21.021
1327.194	619.660	21.022
1328.194	619.619	21.022
1329.194	619.622	21.021
1330.194	619.660	21.021
1331.194	619.640	21.021
1332.194	619.655	21.022
1333.194	619.581	21.022
1334.194	619.529	21.022
1335.194	619.528	21.023
1336.194	619.577	21.024
1337.194	619.516	21.024
1338.194	619.511	21.026
1339.194	619.493	21.027
1340.194	619.488	21.026
1341.194	619.492	21.027
1342.194	619.465	21.028
1343.194	619.448	21.028
1344.194	619.456	21.028
1345.194	619.437	21.028
1346.194	619.454	21.027
1347.194	619.473	21.027
1348.194	619.447	21.027
1349.194	619.441	21.028
1350.194	619.411	21.028
1351.194	619.413	21.028
1352.194	619.395	21.027
1353.194	619.167	21.027
1354.194	635.417	21.191
1355.194	642.068	21.741
1356.194	648.580	21.940
1357.194	652.006	22.197
1358.194	651.932	22.231
1359.194	651.931	22.237
1360.194	651.865	22.239
1361.194	651.903	22.241
1362.194	651.911	22.243
1363.194	651.887	22.243
1364.194	651.909	22.244
1365.194	651.880	22.245
1366.194	651.923	22.245
1367.194	651.956	22.245
1368.194	651.947	22.246
1369.194	651.914	22.247
1370.194	651.980	22.247
1371.194	651.945	22.246
1372.194	651.920	22.247
1373.194	651.883	22.248
1374.194	651.901	22.249
1375.194	651.901	22.247
1376.194	651.883	22.246
1377.194	651.860	22.246
1378.194	651.888	22.246
1379.194	651.872	22.247
1380.194	651.817	22.247
1381.194	651.825	22.246
1382.194	651.819	22.246
1383.194	651.789	22.246
1384.194	651.761	22.246
1385.194	651.778	22.247
1386.194	651.695	22.246
1387.194	651.668	22.246
1388.194	651.703	22.247
1389.194	651.661	22.246
1390.194	651.686	22.245
1391.194	651.654	22.247
1392.194	651.683	22.247
1393.194	651.662	22.246
1394.194	651.667	22.246
1395.194	651.765	22.245
1396.194	651.744	22.245
1397.194	651.620	22.244
1398.194	651.631	22.245
1399.194	651.585	22.246
1400.194	651.561	22.246
1401.194	651.500	22.244
1402.194	651.555	22.244
1403.194	651.620	22.244
1404.194	651.566	22.244
1405.194	651.600	22.244
1406.194	651.533	22.244
1407.194	651.578	22.244
1408.194	651.597	22.244
1409.194	663.453	22.311
1410.194	674.355	22.850
1411.194	684.274	23.153
1412.194	685.580	23.480
1413.194	685.448	23.494
1414.194	685.463	23.497
1415.194	685.461	23.499
1416.194	685.410	23.500
1417.194	685.382	23.503
1418.194	685.355	23.504
1419.194	685.311	23.504
1420.194	685.286	23.504
1421.194	685.284	23.505
1422.194	685.266	23.505
1423.194	685.254	23.505
1424.194	685.312	23.507
1425.194	685.293	23.506
1426.194	685.188	23.506
1427.194	685.172	23.506
1428.194	685.183	23.506
1429.194	685.142	23.505
1430.194	685.100	23.506
1431.194	685.100	23.505
1432.194	685.073	23.506
1433.194	685.146	23.505
1434.194	685.178	23.506
1435.194	685.129	23.505
1436.194	685.138	23.505
1437.194	685.155	23.506
1438.194	685.151	23.506
1439.194	685.113	23.505
1440.194	685.071	23.504
1441.194	685.055	23.505
1442.194	685.036	23.505
1443.194	685.062	23.505
1444.194	685.079	23.506
1445.194	685.047	23.504
1446.194	684.996	23.504
1447.194	684.993	23.505
1448.194	684.992	23.506
1449.194	684.932	23.503
1450.194	684.944	23.504
1451.194	684.958	23.503
1452.194	684.950	23.504
1453.194	684.907	23.503
1454.194	684.911	23.502
1455.194	684.936	23.505
1456.194	684.902	23.504
1457.194	684.822	23.503
1458.194	684.814	23.503
1459.194	684.778	23.502
1460.194	684.726	23.502
1461.194	684.695	23.502
1462.194	684.683	23.503
1463.194	685.138	23.500
1464.194	693.045	23.547
1465.194	702.242	23.916
1466.194	712.839	24.308
1467.194	713.877	24.554
1468.194	713.825	24.566
1469.194	713.809	24.570
1470.194	713.799	24.572
1471.194	713.837	24.573
1472.194	713.758	24.576
1473.194	713.817	24.579
1474.194	713.968	24.579
1475.194	713.972	24.581
1476.194	713.990	24.581
1477.194	714.014	24.581
1478.194	713.876	24.581
1479.194	713.857	24.582
1480.194	713.904	24.583
1481.194	713.904	24.584
1482.194	713.960	24.583
1483.194	713.921	24.584
1484.194	713.989	24.584
1485.194	713.989	24.586
1486.194	713.951	24.585
1487.194	713.933	24.586
1488.194	713.934	24.586
1489.194	713.915	24.587
1490.194	713.908	24.588
1491.194	713.912	24.587
1492.194	713.854	24.587
1493.194	713.868	24.587
1494.194	713.868	24.584
1495.194	713.841	24.586
1496.194	713.805	24.585
1497.194	713.821	24.586
1498.194	713.781	24.586
1499.194	713.772	24.588
1500.194	713.713	24.587
1501.194	713.758	24.586
1502.194	713.746	24.586
1503.194	713.729	24.589
1504.194	713.739	24.590
1505.194	713.817	24.591
1506.194	713.808	24.590
1507.194	713.745	24.590
1508.194	713.807	24.590
1509.194	713.773	24.591
1510.194	713.732	24.591
1511.194	713.680	24.592
1512.194	713.746	24.591
1513.194	713.710	24.591
1514.194	713.703	24.590
1515.194	723.426	24.643
1516.194	737.623	25.173
1517.194	744.960	25.608
1518.194	744.890	25.739
1519.194	744.886	25.744
1520.194	744.838	25.747
1521.194	744.873	25.749
1522.194	744.864	25.751
1523.194	744.862	25.751
1524.194	744.845	25.752
1525.194	744.816	25.752
1526.194	744.723	25.751
1527.194	744.700	25.753
1528.194	744.669	25.753
1529.194	744.681	25.753
1530.194	744.667	25.753
1531.194	744.619	25.754
1532.194	744.569	25.752
1533.194	744.553	25.751
1534.194	744.588	25.752
1535.194	744.591	25.752
1536.194	744.546	25.752
1537.194	744.509	25.750
1538.194	744.479	25.750
1539.194	744.498	25.750
1540.194	744.500	25.751
1541.194	744.508	25.749
1542.194	744.494	25.750
1543.194	744.471	25.749
1544.194	744.489	25.749
1545.194	744.456	25.749
1546.194	744.454	25.749
1547.194	744.380	25.749
1548.194	744.367	25.749
1549.194	744.334	25.749
1550.194	744.351	25.748
1551.194	744.318	25.749
1552.194	744.280	25.747
1553.194	744.241	25.747
1554.194	744.232	25.747
1555.194	744.190	25.746
1556.194	744.175	25.746
1557.194	744.325	25.747
1558.194	744.295	25.746
1559.194	744.264	25.745
1560.194	744.252	25.745
1561.194	744.216	25.744
1562.194	744.224	25.744
1563.194	744.202	25.744
1564.194	744.198	25.744
1565.194	744.140	25.744
1566.194	744.066	25.742
1567.194	743.950	25.742
1568.194	748.810	25.743
1569.194	762.813	26.124
1570.194	771.470	26.550
1571.194	777.396	26.839
1572.194	777.367	26.961
1573.194	777.333	26.967
1574.194	777.305	26.969
1575.194	777.289	26.973
1576.194	777.217	26.974
1577.194	777.232	26.975
1578.194	777.220	26.975
1579.194	777.134	26.976
1580.194	777.113	26.975
1581.194	777.088	26.975
1582.194	777.102	26.976
1583.194	777.062	26.976
1584.194	777.004	26.975
1585.194	776.923	26.975
1586.194	776.888	26.976
1587.194	776.916	26.976
1588.194	776.915	26.976
1589.194	776.902	26.976
1590.194	776.830	26.975
1591.194	776.812	26.974
1592.194	776.785	26.974
1593.194	776.761	26.974
1594.194	776.748	26.973
1595.194	776.732	26.974
1596.194	776.701	26.973
1597.194	776.666	26.973
1598.194	776.623	26.972
1599.194	776.616	26.972
1600.194	776.535	26.973
1601.194	776.593	26.972
1602.194	776.526	26.972
1603.194	776.438	26.970
1604.194	776.443	26.969
1605.194	776.405	26.969
1606.194	776.388	26.970
1607.194	776.401	26.970
1608.194	776.348	26.970
1609.194	776.341	26.969
1610.194	776.294	26.967
1611.194	776.256	26.968
1612.194	776.210	26.970
1613.194	776.232	26.969
1614.194	776.208	26.967
1615.194	776.155	26.966
1616.194	776.130	26.965
1617.194	776.096	26.966
1618.194	776.224	26.967
1619.194	776.210	26.966
1620.194	776.143	26.966
1621.194	776.136	26.965
1622.194	776.154	26.965
1623.194	776.121	26.965
1624.194	776.097	26.965
1625.194	776.092	26.964
1626.194	776.078	26.965
1627.194	776.067	26.963
1628.194	775.873	26.964
1629.194	775.835	26.961
1630.194	775.751	26.962
1631.194	783.047	26.987
1632.194	792.443	27.365
1633.194	801.588	27.674
1634.194	811.935	28.093
1635.194	812.640	28.301
1636.194	812.637	28.311
1637.194	812.605	28.315
1638.194	812.622	28.318
1639.194	812.576	28.317
1640.194	812.547	28.318
1641.194	812.537	28.319
1642.194	812.477	28.320
1643.194	812.502	28.320
1644.194	812.450	28.321
1645.194	812.487	28.321
1646.194	812.328	28.321
1647.194	812.320	28.321
1648.194	812.269	28.321
1649.194	812.234	28.321
1650.194	812.215	28.321
1651.194	812.186	28.319
1652.194	812.147	28.320
1653.194	812.096	28.320
1654.194	812.093	28.321
1655.194	812.065	28.319
1656.194	812.062	28.319
1657.194	812.042	28.318
1658.194	812.014	28.318
1659.194	811.986	28.318
1660.194	811.942	28.318
1661.194	811.921	28.318
1662.194	811.914	28.317
1663.194	811.900	28.316
1664.194	811.827	28.315
1665.194	811.829	28.315
1666.194	811.862	28.315
1667.194	811.826	28.316
1668.194	811.821	28.314
1669.194	811.811	28.313
1670.194	811.795	28.313
1671.194	811.782	28.314
1672.194	811.753	28.314
1673.194	811.720	28.313
1674.194	811.572	28.312
1675.194	811.449	28.311
1676.194	811.459	28.312
1677.194	811.413	28.311
1678.194	811.389	28.312
1679.194	811.391	28.311
1680.194	811.378	28.311
1681.194	811.369	28.309
1682.194	811.336	28.310
1683.194	811.269	28.307
1684.194	811.295	28.309
1685.194	811.321	28.308
1686.194	811.303	28.308
1687.194	811.289	28.307
1688.194	811.221	28.307
1689.194	811.176	28.306
1690.194	811.116	28.307
1691.194	811.079	28.306
1692.194	811.104	28.306
1693.194	811.088	28.305
1694.194	811.019	28.305
1695.194	811.008	28.304
1696.194	811.000	28.304
1697.194	810.969	28.304
1698.194	810.962	28.303
1699.194	810.987	28.303
1700.194	811.011	28.302
1701.194	811.009	28.302
1702.194	810.969	28.301
1703.194	810.974	28.301
1704.194	810.918	28.301
1705.194	810.910	28.300
1706.194	810.848	28.301
1707.194	810.766	28.300
1708.194	810.769	28.298
1709.194	810.764	28.298
1710.194	816.830	28.297
1711.194	827.773	28.683
1712.194	833.579	28.962
1713.194	835.239	29.148
1714.194	840.442	29.269
1715.194	840.438	29.361
1716.194	840.393	29.367
1717.194	840.356	29.371
1718.194	840.338	29.371
1719.194	840.299	29.373
1720.194	840.309	29.373
1721.194	840.278	29.375
1722.194	840.298	29.375
1723.194	840.335	29.377
1724.194	840.307	29.376
1725.194	840.292	29.376
1726.194	840.223	29.375
1727.194	840.230	29.377
1728.194	840.185	29.375
1729.194	840.135	29.375
1730.194	840.212	29.376
1731.194	840.291	29.376
1732.194	840.282	29.375
1733.194	840.248	29.375
1734.194	840.018	29.375
1735.194	840.018	29.375
1736.194	839.902	29.374
1737.194	839.887	29.375
1738.194	839.840	29.372
1739.194	839.818	29.373
1740.194	839.792	29.373
1741.194	839.857	29.373
1742.194	839.864	29.372
1743.194	839.801	29.371
1744.194	839.711	29.371
1745.194	839.692	29.371
1746.194	839.688	29.371
1747.194	839.661	29.371
1748.194	839.624	29.372
1749.194	839.610	29.369
1750.194	839.658	29.370
1751.194	839.614	29.369
1752.194	839.573	29.368
1753.194	839.471	29.369
1754.194	839.476	29.367
1755.194	839.487	29.367
1756.194	839.449	29.366
1757.194	839.416	29.366
1758.194	839.334	29.366
1759.194	839.283	29.367
1760.194	839.250	29.366
1761.194	839.170	29.365
1762.194	839.335	29.366
1763.194	839.266	29.363
1764.194	839.260	29.363
1765.194	839.251	29.364
1766.194	853.059	29.420
1767.194	864.909	30.001
1768.194	869.726	30.400
1769.194	869.557	30.470
1770.194	869.510	30.470
1771.194	869.488	30.470
1772.194	869.434	30.480
1773.194	869.449	30.470
1774.194	869.397	30.480
1775.194	869.381	30.480
1776.194	869.287	30.480
1777.194	869.295	30.480
1778.194	869.280	30.480
1779.194	869.218	30.480
1780.194	869.193	30.480
1781.194	869.237	30.480
1782.194	869.203	30.480
1783.194	869.166	30.470
1784.194	869.150	30.480
1785.194	869.132	30.480
1786.194	869.092	30.480
1787.194	869.089	30.480
1788.194	869.071	30.480
1789.194	869.034	30.480
1790.194	868.974	30.480
1791.194	868.977	30.470
1792.194	869.008	30.480
1793.194	868.995	30.480
1794.194	869.000	30.480
1795.194	868.922	30.480
1796.194	868.868	30.470
1797.194	868.897	30.470
1798.194	868.926	30.470
1799.194	868.865	30.470
1800.194	868.850	30.470
1801.194	868.851	30.470
1802.194	868.840	30.470
1803.194	868.866	30.470
1804.194	868.890	30.470
1805.194	868.849	30.470
1806.194	868.844	30.470
1807.194	868.814	30.470
1808.194	868.809	30.470
1809.194	868.834	30.470
1810.194	868.780	30.470
1811.194	868.839	30.470
1812.194	868.780	30.470
1813.194	868.796	30.470
1814.194	868.781	30.470
1815.194	868.765	30.470
1816.194	868.720	30.470
1817.194	868.621	30.470
1818.194	868.586	30.470
1819.194	868.568	30.470
1820.194	868.560	30.470
1821.194	868.561	30.470
1822.194	868.511	30.470
1823.194	868.547	30.470
1824.194	868.502	30.460
1825.194	868.493	30.460
1826.194	868.432	30.470
1827.194	868.438	30.460
1828.194	878.642	30.500
1829.194	891.623	31.020
1830.194	899.893	31.410
1831.194	900.415	31.610
1832.194	900.375	31.620
1833.194	900.345	31.620
1834.194	900.339	31.630
1835.194	900.338	31.630
1836.194	900.223	31.630
1837.194	900.191	31.630
1838.194	900.121	31.630
1839.194	900.092	31.630
1840.194	900.041	31.630
1841.194	900.033	31.630
1842.194	899.970	31.630
1843.194	899.907	31.630
1844.194	899.862	31.630
1845.194	899.838	31.630
1846.194	899.798	31.630
1847.194	899.788	31.630
1848.194	899.800	31.630
1849.194	899.770	31.630
1850.194	899.677	31.630
1851.194	899.671	31.630
1852.194	899.667	31.630
1853.194	899.630	31.630
1854.194	899.606	31.630
1855.194	899.592	31.630
1856.194	899.521	31.630
1857.194	899.535	31.620
1858.194	899.497	31.620
1859.194	899.511	31.620
1860.194	899.442	31.620
1861.194	899.398	31.620
1862.194	899.317	31.620
1863.194	899.353	31.620
1864.194	899.381	31.620
1865.194	899.276	31.620
1866.194	899.252	31.620
1867.194	899.201	31.620
1868.194	899.151	31.620
1869.194	899.151	31.620
1870.194	899.128	31.620
1871.194	899.136	31.620
1872.194	899.095	31.620
1873.194	899.058	31.620
1874.194	899.029	31.620
1875.194	898.965	31.620
1876.194	898.944	31.620
1877.194	899.010	31.620
1878.194	898.928	31.610
1879.194	898.943	31.610
1880.194	898.853	31.610
1881.194	898.776	31.610
1882.194	898.707	31.610
1883.194	898.689	31.610
1884.194	898.680	31.610
1885.194	898.662	31.610
1886.194	898.589	31.610
1887.194	898.557	31.610
1888.194	898.550	31.610
1889.194	898.560	31.610
1890.194	898.504	31.610
1891.194	898.509	31.610
1892.194	898.472	31.610
1893.194	898.419	31.610
1894.194	898.442	31.610
1895.194	898.388	31.610
1896.194	898.352	31.610
1897.194	898.362	31.610
1898.194	898.339	31.610
1899.194	906.579	31.610
1900.194	920.994	32.080
1901.194	929.255	32.570
1902.194	929.998	32.730
1903.194	930.007	32.740
1904.194	929.920	32.740
1905.194	929.872	32.750
1906.194	929.820	32.750
1907.194	929.922	32.750
1908.194	929.890	32.750
1909.194	929.864	32.750
1910.194	929.832	32.750
1911.194	929.840	32.750
1912.194	929.834	32.750
1913.194	929.806	32.750
1914.194	929.744	32.750
1915.194	929.660	32.750
1916.194	929.627	32.750
1917.194	929.465	32.750
1918.194	929.480	32.750
1919.194	929.448	32.750
1920.194	929.395	32.750
1921.194	929.404	32.750
1922.194	929.363	32.750
1923.194	929.252	32.750
1924.194	929.164	32.750
1925.194	929.124	32.750
1926.194	929.097	32.750
1927.194	929.010	32.750
1928.194	929.026	32.740
1929.194	928.969	32.750
1930.194	928.892	32.740
1931.194	928.811	32.750
1932.194	928.851	32.740
1933.194	928.820	32.740
1934.194	928.744	32.740
1935.194	928.716	32.740
1936.194	928.688	32.740
1937.194	928.689	32.740
1938.194	928.715	32.740
1939.194	928.685	32.740
1940.194	928.647	32.740
1941.194	928.624	32.740
1942.194	928.620	32.740
1943.194	928.596	32.740
1944.194	928.556	32.740
1945.194	928.491	32.740
1946.194	928.484	32.740
1947.194	928.608	32.740
1948.194	928.652	32.740
1949.194	928.594	32.740
1950.194	928.661	32.740
1951.194	928.632	32.730
1952.194	928.610	32.730
1953.194	928.621	32.730
1954.194	928.658	32.730
1955.194	928.444	32.730
1956.194	928.433	32.730
1957.194	928.424	32.730
1958.194	928.343	32.730
1959.194	928.358	32.730
1960.194	934.020	32.730
1961.194	948.833	33.180
1962.194	956.556	33.560
1963.194	958.557	33.790
1964.194	959.254	33.830
1965.194	959.225	33.840
1966.194	959.215	33.850
1967.194	959.171	33.850
1968.194	959.147	33.850
1969.194	959.104	33.850
1970.194	959.058	33.850
1971.194	959.022	33.850
1972.194	958.960	33.850
1973.194	958.889	33.850
1974.194	958.874	33.850
1975.194	958.907	33.850
1976.194	958.814	33.850
1977.194	958.755	33.850
1978.194	958.740	33.850
1979.194	958.627	33.850
1980.194	958.613	33.850
1981.194	958.577	33.850
1982.194	958.505	33.850
1983.194	958.463	33.850
1984.194	958.410	33.850
1985.194	958.420	33.850
1986.194	958.394	33.850
1987.194	958.383	33.850
1988.194	958.341	33.850
1989.194	958.317	33.850
1990.194	958.246	33.850
1991.194	958.190	33.850
1992.194	958.170	33.840
1993.194	958.179	33.840
1994.194	958.125	33.840
1995.194	958.118	33.840
1996.194	958.126	33.840
1997.194	958.071	33.840
1998.194	958.022	33.840
1999.194	957.997	33.840
2000.194	958.020	33.840
2001.194	957.948	33.840
2002.194	957.947	33.840
2003.194	957.925	33.840
2004.194	957.882	33.840
2005.194	957.835	33.840
2006.194	957.854	33.840
2007.194	957.774	33.840
2008.194	957.742	33.840
2009.194	957.722	33.840
2010.194	957.682	33.840
2011.194	957.703	33.830
2012.194	957.608	33.830
2013.194	957.595	33.830
2014.194	957.530	33.830
2015.194	957.544	33.830
2016.194	957.493	33.830
2017.194	962.520	33.830
2018.194	977.858	34.200
2019.194	985.762	34.700
2020.194	988.790	34.880
2021.194	990.112	34.990
2022.194	990.060	35.010
2023.194	990.023	35.010
2024.194	989.995	35.020
2025.194	989.938	35.020
2026.194	989.865	35.020
2027.194	989.868	35.020
2028.194	989.830	35.020
2029.194	989.816	35.020
2030.194	989.714	35.020
2031.194	989.638	35.020
2032.194	989.568	35.020
2033.194	989.478	35.020
2034.194	989.435	35.020
2035.194	989.401	35.020
2036.194	989.302	35.020
2037.194	989.276	35.020
2038.194	989.212	35.020
2039.194	989.216	35.020
2040.194	989.192	35.020
2041.194	989.093	35.020
2042.194	989.081	35.010
2043.194	989.038	35.010
2044.194	989.064	35.010
2045.194	988.993	35.010
2046.194	988.957	35.010
2047.194	988.926	35.010
2048.194	988.929	35.010
2049.194	988.813	35.010
2050.194	988.804	35.010
2051.194	988.667	35.010
2052.194	988.614	35.010
2053.194	988.639	35.010
2054.194	988.698	35.010
2055.194	988.650	35.010
2056.194	988.621	35.010
2057.194	988.528	35.010
2058.194	988.551	35.010
2059.194	988.504	35.010
2060.194	988.517	35.010
2061.194	988.489	35.000
2062.194	988.451	35.000
2063.194	988.427	35.000
2064.194	988.443	35.000
2065.194	988.464	35.000
2066.194	988.422	35.000
2067.194	988.432	35.000
2068.194	988.313	35.000
2069.194	988.282	35.000
2070.194	988.237	35.000
2071.194	988.227	35.000
2072.194	988.208	35.000
2073.194	988.118	35.000
2074.194	988.085	34.990
2075.194	988.080	35.000
2076.194	988.060	35.000
2077.194	988.021	34.990
2078.194	1000.708	35.070
2079.194	1011.714	35.610
2080.194	1017.279	35.920
2081.194	1021.122	36.080
2082.194	1021.070	36.180
2083.194	1021.030	36.190
2084.194	1020.950	36.190
2085.194	1020.894	36.200
2086.194	1020.862	36.200
2087.194	1020.837	36.200
2088.194	1020.801	36.200
2089.194	1020.731	36.200
2090.194	1020.711	36.200
2091.194	1020.660	36.200
2092.194	1020.658	36.200
2093.194	1020.609	36.190
2094.194	1020.622	36.200
2095.194	1020.554	36.200
2096.194	1020.490	36.200
2097.194	1020.529	36.190
2098.194	1020.470	36.190
2099.194	1020.474	36.190
2100.194	1020.453	36.190
2101.194	1020.433	36.180
2102.194	1020.385	36.180
2103.194	1020.375	36.180
2104.194	1020.418	36.180
2105.194	1020.380	36.190
2106.194	1020.370	36.190
2107.194	1020.367	36.190
2108.194	1020.336	36.190
2109.194	1020.244	36.180
2110.194	1020.231	36.190
2111.194	1020.186	36.180
2112.194	1020.134	36.180
2113.194	1020.136	36.190
2114.194	1020.074	36.190
2115.194	1020.057	36.180
2116.194	1020.001	36.180
2117.194	1019.974	36.180
2118.194	1019.895	36.180
2119.194	1019.859	36.180
2120.194	1019.848	36.180
2121.194	1019.784	36.180
2122.194	1019.737	36.180
2123.194	1019.720	36.180
2124.194	1019.670	36.180
2125.194	1019.639	36.180
2126.194	1019.619	36.180
2127.194	1019.545	36.180
2128.194	1019.510	36.180
2129.194	1019.513	36.180
2130.194	1019.513	36.180
2131.194	1019.477	36.180
2132.194	1019.413	36.170
2133.194	1019.388	36.170
2134.194	1019.386	36.170
2135.194	1019.323	36.170
2136.194	1019.226	36.170
2137.194	1019.038	36.170
2138.194	1029.862	36.210
2139.194	1041.139	36.670
2140.194	1047.244	37.070
2141.194	1048.321	37.200
2142.194	1048.242	37.210
2143.194	1048.220	37.220
2144.194	1048.161	37.220
2145.194	1048.160	37.220
2146.194	1048.096	37.220
2147.194	1048.063	37.220
2148.194	1047.995	37.220
2149.194	1047.947	37.220
2150.194	1047.919	37.220
2151.194	1047.984	37.220
2152.194	1047.912	37.220
2153.194	1047.870	37.220
2154.194	1047.822	37.220
2155.194	1047.768	37.220
2156.194	1047.716	37.220
2157.194	1047.678	37.220
2158.194	1047.630	37.220
2159.194	1047.596	37.220
2160.194	1047.537	37.220
2161.194	1047.486	37.220
2162.194	1047.463	37.220
2163.194	1047.423	37.220
2164.194	1047.369	37.220
2165.194	1047.377	37.220
2166.194	1047.319	37.210
2167.194	1047.252	37.210
2168.194	1047.192	37.210
2169.194	1047.151	37.210
2170.194	1047.081	37.210
2171.194	1047.028	37.210
2172.194	1047.035	37.210
2173.194	1047.019	37.210
2174.194	1047.037	37.210
2175.194	1046.980	37.210
2176.194	1046.915	37.210
2177.194	1046.881	37.210
2178.194	1046.855	37.210
2179.194	1046.754	37.210
2180.194	1046.693	37.210
2181.194	1046.629	37.200
2182.194	1046.595	37.200
2183.194	1046.515	37.200
2184.194	1046.485	37.200
2185.194	1046.483	37.200
2186.194	1046.447	37.200
2187.194	1046.444	37.200
2188.194	1046.369	37.200
2189.194	1046.357	37.200
2190.194	1046.326	37.200
2191.194	1046.351	37.200
2192.194	1046.316	37.190
2193.194	1046.261	37.190
2194.194	1046.248	37.190
2195.194	1046.261	37.180
2196.194	1053.663	37.190
2197.194	1063.899	37.540
2198.194	1074.360	37.940
2199.194	1078.182	38.280
2200.194	1078.135	38.340
2201.194	1078.100	38.340
2202.194	1078.077	38.340
2203.194	1077.990	38.350
2204.194	1077.976	38.350
2205.194	1078.006	38.350
2206.194	1077.936	38.350
2207.194	1077.848	38.350
2208.194	1077.771	38.350
2209.194	1077.747	38.350
2210.194	1077.715	38.350
2211.194	1077.600	38.350
2212.194	1077.502	38.350
2213.194	1077.434	38.340
2214.194	1077.359	38.340
2215.194	1077.275	38.340
2216.194	1077.263	38.340
2217.194	1077.230	38.340
2218.194	1077.234	38.340
2219.194	1077.240	38.340
2220.194	1077.160	38.350
2221.194	1077.103	38.350
2222.194	1077.107	38.340
2223.194	1077.064	38.350
2224.194	1077.100	38.350
2225.194	1077.036	38.350
2226.194	1076.977	38.350
2227.194	1076.965	38.350
2228.194	1076.914	38.350
2229.194	1076.893	38.350
2230.194	1076.873	38.350
2231.194	1076.839	38.350
2232.194	1076.773	38.350
2233.194	1076.798	38.340
2234.194	1076.733	38.340
2235.194	1076.642	38.340
2236.194	1076.601	38.340
2237.194	1076.597	38.340
2238.194	1076.547	38.340
2239.194	1076.538	38.340
2240.194	1076.475	38.340
2241.194	1076.386	38.340
2242.194	1076.325	38.340
2243.194	1076.294	38.340
2244.194	1076.191	38.340
2245.194	1076.170	38.340
2246.194	1076.126	38.330
2247.194	1076.087	38.330
2248.194	1076.037	38.330
2249.194	1076.017	38.330
2250.194	1075.980	38.330
2251.194	1081.592	38.330
2252.194	1095.228	38.690
2253.194	1103.376	39.150
2254.194	1107.814	39.410
2255.194	1107.816	39.480
2256.194	1107.754	39.480
2257.194	1107.662	39.480
2258.194	1107.605	39.490
2259.194	1107.567	39.490
2260.194	1107.521	39.490
2261.194	1107.486	39.490
2262.194	1107.438	39.490
2263.194	1107.376	39.490
2264.194	1107.271	39.490
2265.194	1107.259	39.490
2266.194	1107.252	39.490
2267.194	1107.180	39.490
2268.194	1107.187	39.490
2269.194	1107.141	39.490
2270.194	1107.099	39.480
2271.194	1107.041	39.490
2272.194	1106.975	39.480
2273.194	1106.921	39.480
2274.194	1106.872	39.480
2275.194	1106.858	39.480
2276.194	1106.800	39.480
2277.194	1106.725	39.480
2278.194	1106.662	39.480
2279.194	1106.601	39.480
2280.194	1106.439	39.480
2281.194	1106.367	39.480
2282.194	1106.288	39.480
2283.194	1106.277	39.470
2284.194	1106.364	39.480
2285.194	1106.287	39.470
2286.194	1106.191	39.470
2287.194	1106.088	39.470
2288.194	1106.072	39.470
2289.194	1105.986	39.470
2290.194	1105.931	39.470
2291.194	1105.885	39.470
2292.194	1105.848	39.470
2293.194	1105.787	39.470
2294.194	1105.696	39.470
2295.194	1105.692	39.470
2296.194	1105.548	39.470
2297.194	1105.511	39.470
2298.194	1105.451	39.460
2299.194	1105.434	39.460
2300.194	1105.469	39.460
2301.194	1105.539	39.460
2302.194	1105.409	39.460
2303.194	1105.379	39.460
2304.194	1105.322	39.460
2305.194	1105.220	39.460
2306.194	1105.214	39.460
2307.194	1111.978	39.470
2308.194	1125.088	39.840
2309.194	1132.970	40.270
2310.194	1137.920	40.520
2311.194	1137.914	40.630
2312.194	1137.902	40.630
2313.194	1137.859	40.640
2314.194	1137.771	40.640
2315.194	1137.757	40.640
2316.194	1137.787	40.640
2317.194	1137.648	40.640
2318.194	1137.597	40.640
2319.194	1137.562	40.640
2320.194	1137.506	40.640
2321.194	1137.395	40.640
2322.194	1137.330	40.640
2323.194	1137.270	40.640
2324.194	1137.282	40.640
2325.194	1137.246	40.640
2326.194	1137.196	40.630
2327.194	1137.141	40.640
2328.194	1137.090	40.630
2329.194	1137.053	40.630
2330.194	1137.031	40.630
2331.194	1136.946	40.630
2332.194	1136.936	40.630
2333.194	1136.890	40.630
2334.194	1136.875	40.630
2335.194	1136.833	40.630
2336.194	1136.793	40.630
2337.194	1136.683	40.630
2338.194	1136.467	40.630
2339.194	1136.355	40.630
2340.194	1136.220	40.630
2341.194	1136.161	40.620
2342.194	1136.173	40.620
2343.194	1136.189	40.620
2344.194	1136.173	40.620
2345.194	1136.087	40.620
2346.194	1136.101	40.620
2347.194	1136.070	40.620
2348.194	1136.089	40.620
2349.194	1136.043	40.620
2350.194	1135.977	40.620
2351.194	1135.926	40.620
2352.194	1135.960	40.610
2353.194	1135.928	40.610
2354.194	1135.908	40.610
2355.194	1135.857	40.610
2356.194	1135.822	40.610
2357.194	1135.737	40.610
2358.194	1135.672	40.610
2359.194	1135.615	40.610
2360.194	1135.601	40.610
2361.194	1135.569	40.610
2362.194	1135.556	40.610
2363.194	1135.494	40.600
2364.194	1135.393	40.600
2365.194	1135.341	40.600
2366.194	1135.345	40.600
2367.194	1135.331	40.600
2368.194	1135.276	40.600
2369.194	1135.192	40.600
2370.194	1135.158	40.600
2371.194	1135.113	40.600
2372.194	1135.063	40.600
2373.194	1135.018	40.590
2374.194	1135.014	40.600
2375.194	1134.974	40.590
2376.194	1134.993	40.590
2377.194	1134.945	40.590
2378.194	1134.895	40.590
2379.194	1134.895	40.590
2380.194	1134.870	40.590
2381.194	1134.799	40.590
2382.194	1134.731	40.590
2383.194	1134.653	40.590
2384.194	1134.532	40.590
2385.194	1134.519	40.580
2386.194	1134.527	40.580
2387.194	1148.557	40.680
2388.194	1162.530	41.300
2389.194	1166.058	41.660
2390.194	1165.962	41.690
2391.194	1165.901	41.690
2392.194	1165.815	41.700
2393.194	1165.731	41.700
2394.194	1165.688	41.700
2395.194	1165.641	41.700
2396.194	1165.594	41.700
2397.194	1165.536	41.700
2398.194	1165.506	41.700
2399.194	1165.430	41.700
2400.194	1165.432	41.700
2401.194	1165.424	41.700
2402.194	1165.325	41.700
2403.194	1165.175	41.690
2404.194	1165.101	41.700
2405.194	1165.115	41.690
2406.194	1165.097	41.690
2407.194	1164.972	41.690
2408.194	1164.900	41.690
2409.194	1164.851	41.690
2410.194	1164.826	41.690
2411.194	1164.736	41.690
2412.194	1164.684	41.680
2413.194	1164.678	41.680
2414.194	1164.633	41.680
2415.194	1164.545	41.680
2416.194	1164.487	41.680
2417.194	1164.432	41.680
2418.194	1164.397	41.680
2419.194	1164.376	41.680
2420.194	1164.328	41.680
2421.194	1164.317	41.680
2422.194	1164.305	41.680
2423.194	1164.264	41.680
2424.194	1164.220	41.680
2425.194	1164.227	41.680
2426.194	1164.215	41.680
2427.194	1164.163	41.680
2428.194	1164.147	41.680
2429.194	1164.123	41.680
2430.194	1164.056	41.670
2431.194	1164.038	41.670
2432.194	1163.989	41.670
2433.194	1163.997	41.670
2434.194	1164.019	41.670
2435.194	1163.937	41.670
2436.194	1163.842	41.670
2437.194	1163.709	41.670
2438.194	1163.640	41.670
2439.194	1163.579	41.670
2440.194	1163.514	41.670
2441.194	1163.548	41.670
2442.194	1163.513	41.670
2443.194	1163.505	41.660
2444.194	1163.453	41.660
2445.194	1163.371	41.660
2446.194	1163.313	41.660
2447.194	1163.201	41.660
2448.194	1163.190	41.660
2449.194	1163.111	41.660
2450.194	1163.063	41.660
2451.194	1163.004	41.660
2452.194	1162.944	41.660
2453.194	1162.895	41.660
2454.194	1162.838	41.660
2455.194	1162.807	41.660
2456.194	1162.750	41.650
2457.194	1174.223	41.670
2458.194	1184.303	42.190
2459.194	1190.147	42.450
2460.194	1191.893	42.640
2461.194	1191.785	42.670
2462.194	1191.754	42.680
2463.194	1191.684	42.680
2464.194	1191.588	42.680
2465.194	1191.569	42.680
2466.194	1191.599	42.680
2467.194	1191.555	42.680
2468.194	1191.522	42.680
2469.194	1191.419	42.680
2470.194	1191.285	42.680
2471.194	1191.262	42.680
2472.194	1191.200	42.680
2473.194	1191.204	42.680
2474.194	1191.167	42.680
2475.194	1191.133	42.680
2476.194	1191.015	42.670
2477.194	1190.926	42.670
2478.194	1190.861	42.680
2479.194	1190.833	42.670
2480.194	1190.839	42.670
2481.194	1190.816	42.670
2482.194	1190.779	42.670
2483.194	1190.730	42.670
2484.194	1190.688	42.670
2485.194	1190.623	42.670
2486.194	1190.598	42.670
2487.194	1190.492	42.670
2488.194	1190.475	42.670
2489.194	1190.365	42.670
2490.194	1190.324	42.670
2491.194	1190.294	42.670
2492.194	1190.254	42.660
2493.194	1190.209	42.660
2494.194	1190.114	42.660
2495.194	1189.990	42.660
2496.194	1189.923	42.660
2497.194	1189.850	42.660
2498.194	1189.829	42.660
2499.194	1189.741	42.660
2500.194	1189.840	42.660
2501.194	1189.643	42.660
2502.194	1189.637	42.660
2503.194	1189.622	42.660
2504.194	1189.584	42.650
2505.194	1189.543	42.650
2506.194	1189.475	42.650
2507.194	1189.446	42.650
2508.194	1189.422	42.650
2509.194	1189.412	42.650
2510.194	1189.376	42.650
2511.194	1189.354	42.650
2512.194	1189.299	42.650
2513.194	1189.218	42.650
2514.194	1189.177	42.650
2515.194	1189.346	42.650
2516.194	1202.720	42.750
2517.194	1212.773	43.240
2518.194	1220.138	43.580
2519.194	1220.815	43.770
2520.194	1220.726	43.780
2521.194	1220.761	43.780
2522.194	1220.541	43.780
2523.194	1220.465	43.780
2524.194	1220.397	43.780
2525.194	1220.385	43.780
2526.194	1220.301	43.780
2527.194	1220.229	43.780
2528.194	1220.226	43.780
2529.194	1220.143	43.780
2530.194	1220.074	43.780
2531.194	1220.028	43.780
2532.194	1219.986	43.780
2533.194	1219.920	43.780
2534.194	1219.865	43.780
2535.194	1219.796	43.770
2536.194	1219.788	43.770
2537.194	1219.730	43.770
2538.194	1219.676	43.770
2539.194	1219.566	43.770
2540.194	1219.486	43.770
2541.194	1219.417	43.770
2542.194	1219.339	43.770
2543.194	1219.228	43.770
2544.194	1219.195	43.770
2545.194	1219.128	43.770
2546.194	1219.000	43.760
2547.194	1218.936	43.760
2548.194	1218.876	43.760
2549.194	1218.822	43.760
2550.194	1218.747	43.760
2551.194	1218.737	43.760
2552.194	1218.733	43.760
2553.194	1218.704	43.760
2554.194	1218.667	43.760
2555.194	1218.608	43.760
2556.194	1218.590	43.760
2557.194	1218.548	43.750
2558.194	1218.513	43.750
2559.194	1218.467	43.750
2560.194	1218.407	43.750
2561.194	1218.343	43.750
2562.194	1218.287	43.750
2563.194	1218.171	43.750
2564.194	1218.072	43.750
2565.194	1218.038	43.750
2566.194	1217.921	43.740
2567.194	1217.855	43.740
2568.194	1217.804	43.740
2569.194	1217.721	43.740
2570.194	1217.682	43.740
2571.194	1217.622	43.740
2572.194	1217.574	43.740
2573.194	1217.513	43.740
2574.194	1217.524	43.740
2575.194	1217.512	43.740
2576.194	1217.445	43.740
2577.194	1217.368	43.730
2578.194	1217.245	43.730
2579.194	1217.212	43.730
2580.194	1220.282	43.730
2581.194	1237.476	44.160
2582.194	1244.791	44.520
2583.194	1247.554	44.740
2584.194	1247.527	44.800
2585.194	1247.516	44.800
2586.194	1247.423	44.800
2587.194	1247.371	44.800
2588.194	1247.264	44.810
2589.194	1247.196	44.800
2590.194	1247.073	44.810
2591.194	1247.062	44.810
2592.194	1246.998	44.810
2593.194	1246.919	44.810
2594.194	1246.819	44.800
2595.194	1246.715	44.800
2596.194	1246.694	44.800
2597.194	1246.618	44.800
2598.194	1246.534	44.800
2599.194	1246.517	44.800
2600.194	1246.423	44.800
2601.194	1246.364	44.800
2602.194	1246.289	44.800
2603.194	1246.225	44.800
2604.194	1246.219	44.800
2605.194	1246.203	44.790
2606.194	1246.131	44.790
2607.194	1246.093	44.790
2608.194	1245.985	44.790
2609.194	1245.896	44.790
2610.194	1245.846	44.790
2611.194	1245.795	44.790
2612.194	1245.728	44.790
2613.194	1245.729	44.790
2614.194	1245.706	44.790
2615.194	1245.618	44.790
2616.194	1245.581	44.790
2617.194	1245.490	44.780
2618.194	1245.417	44.780
2619.194	1245.358	44.780
2620.194	1245.345	44.780
2621.194	1245.307	44.780
2622.194	1245.292	44.780
2623.194	1245.280	44.780
2624.194	1245.234	44.780
2625.194	1245.168	44.780
2626.194	1245.141	44.780
2627.194	1245.098	44.770
2628.194	1245.126	44.770
2629.194	1245.117	44.770
2630.194	1245.048	44.770
2631.194	1244.962	44.770
2632.194	1244.912	44.770
2633.194	1244.869	44.770
2634.194	1244.832	44.770
2635.194	1244.848	44.770
2636.194	1244.765	44.770
2637.194	1244.748	44.770
2638.194	1244.642	44.770
2639.194	1244.591	44.770
2640.194	1244.540	44.760
2641.194	1244.538	44.760
2642.194	1244.497	44.760
2643.194	1244.431	44.760
2644.194	1244.394	44.760
2645.194	1244.385	44.760
2646.194	1244.346	44.760
2647.194	1244.255	44.760
2648.194	1246.243	44.750
2649.194	1257.203	45.060
2650.194	1257.211	45.150
2651.194	1257.144	45.150
2652.194	1257.062	45.160
2653.194	1257.027	45.160
2654.194	1256.874	45.160
2655.194	1256.828	45.160
2656.194	1256.831	45.160
2657.194	1256.794	45.160
2658.194	1256.714	45.160
2659.194	1256.655	45.160
2660.194	1256.575	45.160
2661.194	1256.496	45.160
2662.194	1256.526	45.160
2663.194	1256.472	45.160
2664.194	1256.393	45.160
2665.194	1256.314	45.160
2666.194	1256.252	45.160
2667.194	1256.214	45.160
2668.194	1256.140	45.160
2669.194	1256.128	45.150
2670.194	1256.105	45.150
2671.194	1256.046	45.150
2672.194	1256.046	45.150
2673.194	1255.989	45.150
2674.194	1255.962	45.150
2675.194	1255.859	45.150
2676.194	1255.758	45.150
2677.194	1255.713	45.150
2678.194	1255.600	45.150
2679.194	1255.536	45.150
2680.194	1255.500	45.150
2681.194	1255.511	45.150
2682.194	1255.449	45.140
2683.194	1255.377	45.140
2684.194	1255.328	45.140
2685.194	1255.204	45.140
2686.194	1255.191	45.140
2687.194	1255.112	45.140
2688.194	1255.107	45.140
2689.194	1255.080	45.140
2690.194	1255.048	45.140
2691.194	1254.992	45.140
2692.194	1254.954	45.140
2693.194	1254.908	45.130
2694.194	1254.919	45.130
2695.194	1254.813	45.130
2696.194	1254.759	45.130
2697.194	1254.739	45.130
2698.194	1254.720	45.130
2699.194	1254.700	45.130
2700.194	1254.665	45.130
2701.194	1254.647	45.130
2702.194	1254.545	45.130
2703.194	1254.492	45.130
2704.194	1254.430	45.130
2705.194	1254.374	45.120
2706.194	1254.341	45.120
2707.194	1254.261	45.120
2708.194	1254.218	45.120
2709.194	1254.234	45.120
2710.194	1254.208	45.120
2711.194	1254.174	45.120
2712.194	1254.139	45.120
2713.194	1254.056	45.120
2714.194	1253.957	45.120
2715.194	1253.906	45.110
