0.228	2.247	-1.880
1.228	2.247	-1.880
2.228	2.247	-1.880
3.228	2.247	-1.880
4.228	2.263	-1.870
5.228	2.309	-1.880
6.228	2.331	-1.880
7.228	2.344	-1.880
8.228	2.364	-1.880
9.228	2.395	-1.880
10.228	2.434	-1.890
11.228	2.470	-1.890
12.228	2.487	-1.890
13.228	2.493	-1.890
14.228	2.493	-1.900
15.228	2.493	-1.900
16.228	2.493	-1.900
17.228	2.493	-1.890
18.228	2.493	-1.900
19.228	2.493	-1.900
20.228	2.493	-1.900
21.228	2.493	-1.900
22.228	2.493	-1.900
23.228	2.493	-1.890
24.228	2.493	-1.900
25.228	2.493	-1.900
26.228	2.493	-1.890
27.228	2.492	-1.890
28.228	2.492	-1.900
29.228	2.492	-1.900
30.228	2.492	-1.900
31.228	2.492	-1.900
32.228	2.492	-1.900
33.228	2.492	-1.900
34.228	2.492	-1.900
35.228	2.492	-1.900
36.228	2.491	-1.900
37.228	2.491	-1.900
38.228	2.491	-1.900
39.228	2.491	-1.900
40.228	2.491	-1.900
41.228	2.491	-1.900
42.228	2.490	-1.900
43.228	2.490	-1.900
44.228	2.490	-1.900
45.228	2.490	-1.900
46.228	2.490	-1.900
47.228	2.490	-1.900
48.228	2.490	-1.900
49.228	2.489	-1.900
50.228	2.489	-1.900
51.228	2.489	-1.900
52.228	2.489	-1.900
53.228	2.489	-1.900
54.228	2.489	-1.900
55.228	2.489	-1.900
56.228	2.489	-1.900
57.228	2.488	-1.900
58.228	2.488	-1.900
59.228	2.488	-1.910
60.228	2.488	-1.900
61.228	2.488	-1.900
62.228	2.488	-1.900
63.228	2.487	-1.910
64.228	2.487	-1.900
65.228	2.487	-1.900
66.228	2.486	-1.900
67.228	2.486	-1.900
68.228	2.485	-1.900
69.228	2.485	-1.900
70.228	2.484	-1.900
71.228	2.484	-1.900
72.228	2.483	-1.900
73.228	2.483	-1.900
74.228	2.483	-1.900
75.228	2.482	-1.910
76.228	2.482	-1.900
77.228	2.481	-1.900
78.228	2.481	-1.900
79.228	2.480	-1.900
80.228	2.480	-1.900
81.228	2.480	-1.900
82.228	2.479	-1.900
83.228	2.478	-1.900
84.228	2.477	-1.900
85.228	2.476	-1.900
86.228	2.473	-1.900
87.228	2.470	-1.900
88.228	2.431	-1.900
89.228	2.416	-1.900
90.228	2.415	-1.900
91.228	2.413	-1.900
92.228	2.409	-1.900
93.228	2.407	-1.900
94.228	2.405	-1.900
95.228	2.389	-1.900
96.228	2.391	-1.900
97.228	2.394	-1.900
98.228	2.395	-1.910
99.228	2.395	-1.900
100.228	2.395	-1.900
101.228	2.394	-1.910
102.228	2.391	-1.890
103.228	2.384	-1.890
104.228	2.388	-1.900
105.228	2.387	-1.900
106.228	2.374	-1.900
107.228	2.362	-1.900
108.228	2.383	-1.900
109.228	2.387	-1.910
110.228	2.366	-1.900
111.228	2.362	-1.900
112.228	2.333	-1.900
113.228	2.356	-1.900
114.228	2.351	-1.900
115.228	2.345	-1.900
116.228	2.350	-1.900
117.228	2.346	-1.910
118.228	2.357	-1.900
119.228	2.366	-1.910
120.228	2.356	-1.900
121.228	2.343	-1.890
122.228	2.331	-1.900
123.228	2.334	-1.910
124.228	2.326	-1.910
125.228	2.351	-1.900
126.228	2.338	-1.900
127.228	2.340	-1.900
128.228	2.332	-1.900
129.228	2.325	-1.900
130.228	2.320	-1.900
131.228	2.311	-1.900
132.228	2.363	-1.900
133.228	2.358	-1.900
134.228	2.351	-1.900
135.228	2.342	-1.900
136.228	2.330	-1.900
137.228	2.321	-1.900
138.228	2.323	-1.900
139.228	2.356	-1.900
140.228	2.348	-1.900
141.228	2.339	-1.900
142.228	2.347	-1.910
143.228	2.343	-1.900
144.228	2.337	-1.900
145.228	2.327	-1.890
146.228	2.325	-1.910
147.228	2.325	-1.900
148.228	2.324	-1.900
149.228	2.322	-1.900
150.228	2.327	-1.900
151.228	2.338	-1.900
152.228	2.333	-1.900
153.228	2.327	-1.900
154.228	2.319	-1.900
155.228	2.316	-1.900
156.228	2.314	-1.890
157.228	2.307	-1.910
158.228	2.362	-1.900
159.228	2.351	-1.900
160.228	2.340	-1.900
161.228	2.336	-1.900
162.228	2.330	-1.900
163.228	2.323	-1.900
164.228	2.324	-1.900
165.228	2.321	-1.900
166.228	2.315	-1.890
167.228	2.318	-1.900
168.228	2.311	-1.900
169.228	2.319	-1.900
170.228	2.324	-1.900
171.228	2.320	-1.900
172.228	2.310	-1.900
173.228	2.340	-1.900
174.228	2.342	-1.900
175.228	2.322	-1.900
176.228	2.319	-1.900
177.228	2.314	-1.900
178.228	2.316	-1.900
179.228	2.307	-1.900
180.228	2.305	-1.900
181.228	2.302	-1.900
182.228	2.314	-1.900
183.228	2.311	-1.900
184.228	2.315	-1.900
185.228	2.309	-1.900
186.228	2.303	-1.900
187.228	2.296	-1.900
188.228	2.279	-1.900
189.228	2.278	-1.900
190.228	2.325	-1.900
191.228	2.326	-1.900
192.228	2.315	-1.900
193.228	2.313	-1.900
194.228	2.309	-1.900
195.228	2.318	-1.900
196.228	2.341	-1.900
197.228	2.329	-1.900
198.228	2.320	-1.900
199.228	2.308	-1.900
200.228	2.302	-1.900
201.228	2.323	-1.900
202.228	2.319	-1.900
203.228	2.310	-1.900
204.228	2.351	-1.900
205.228	2.331	-1.900
206.228	2.314	-1.900
207.228	2.308	-1.900
208.228	2.336	-1.900
209.228	2.327	-1.900
210.228	2.338	-1.900
211.228	2.328	-1.900
212.228	2.310	-1.900
213.228	2.305	-1.900
214.228	2.302	-1.900
215.228	2.300	-1.900
216.228	2.295	-1.900
217.228	2.290	-1.900
218.228	2.285	-1.900
219.228	2.291	-1.910
220.228	2.288	-1.900
221.228	2.322	-1.910
222.228	2.302	-1.900
223.228	2.299	-1.900
224.228	2.284	-1.900
225.228	2.286	-1.900
226.228	2.336	-1.910
227.228	2.302	-1.900
228.228	2.305	-1.900
229.228	2.307	-1.900
230.228	2.312	-1.900
231.228	2.316	-1.910
232.228	2.311	-1.900
233.228	2.320	-1.900
234.228	2.313	-1.900
235.228	2.301	-1.900
236.228	2.300	-1.910
237.228	2.296	-1.900
238.228	2.296	-1.900
239.228	2.293	-1.900
240.228	2.289	-1.910
241.228	2.286	-1.900
242.228	2.294	-1.900
243.228	2.287	-1.900
244.228	2.289	-1.900
245.228	2.293	-1.910
246.228	2.298	-1.900
247.228	2.290	-1.900
248.228	2.307	-1.900
249.228	2.302	-1.900
250.228	2.295	-1.900
251.228	2.291	-1.910
252.228	2.286	-1.910
253.228	2.284	-1.900
254.228	2.282	-1.900
255.228	2.279	-1.900
256.228	2.279	-1.900
257.228	2.277	-1.900
258.228	2.280	-1.900
259.228	2.302	-1.900
260.228	2.301	-1.900
261.228	2.296	-1.900
262.228	2.290	-1.900
263.228	2.286	-1.900
264.228	2.281	-1.900
265.228	2.286	-1.900
266.228	2.282	-1.900
267.228	2.277	-1.900
268.228	2.268	-1.900
269.228	2.273	-1.900
270.228	2.382	-1.910
271.228	2.329	-1.900
272.228	2.299	-1.900
273.228	2.315	-1.900
274.228	2.308	-1.900
275.228	2.309	-1.900
276.228	2.305	-1.900
277.228	2.306	-1.900
278.228	2.312	-1.900
279.228	2.323	-1.900
280.228	2.317	-1.900
281.228	2.320	-1.900
282.228	2.320	-1.900
283.228	2.314	-1.900
284.228	2.316	-1.900
285.228	2.315	-1.910
286.228	2.312	-1.900
287.228	2.314	-1.900
288.228	2.310	-1.900
289.228	2.310	-1.900
290.228	2.302	-1.900
291.228	2.302	-1.900
292.228	2.301	-1.900
293.228	2.298	-1.910
294.228	2.349	-1.900
295.228	2.331	-1.900
296.228	2.318	-1.910
297.228	2.315	-1.900
298.228	2.315	-1.900
299.228	2.311	-1.900
300.228	2.305	-1.900
301.228	2.300	-1.900
302.228	2.295	-1.900
303.228	2.285	-1.900
304.228	2.281	-1.900
305.228	2.301	-1.900
306.228	2.285	-1.900
307.228	2.281	-1.900
308.228	2.263	-1.900
309.228	2.251	-1.900
310.228	2.259	-1.900
311.228	2.267	-1.900
312.228	2.263	-1.900
313.228	2.262	-1.900
314.228	2.265	-1.900
315.228	2.268	-1.910
316.228	2.261	-1.910
317.228	2.266	-1.900
318.228	2.288	-1.900
319.228	2.284	-1.900
320.228	2.283	-1.900
321.228	2.276	-1.900
322.228	2.273	-1.900
323.228	2.273	-1.900
324.228	2.286	-1.900
325.228	2.274	-1.900
326.228	2.269	-1.910
327.228	2.267	-1.900
328.228	2.306	-1.900
329.228	2.310	-1.900
330.228	2.312	-1.900
331.228	2.292	-1.900
332.228	2.292	-1.900
333.228	2.305	-1.900
334.228	2.308	-1.900
335.228	2.307	-1.900
336.228	2.305	-1.900
337.228	2.303	-1.900
338.228	2.308	-1.910
339.228	2.311	-1.900
340.228	2.311	-1.900
341.228	2.308	-1.900
342.228	2.294	-1.910
343.228	2.297	-1.900
344.228	2.288	-1.900
345.228	2.297	-1.900
346.228	2.293	-1.900
347.228	2.291	-1.900
348.228	2.295	-1.900
349.228	2.299	-1.900
350.228	2.299	-1.900
351.228	2.294	-1.900
352.228	2.287	-1.900
353.228	2.289	-1.910
354.228	2.297	-1.910
355.228	2.289	-1.900
356.228	2.291	-1.900
357.228	2.292	-1.900
358.228	2.293	-1.910
359.228	2.287	-1.900
360.228	2.289	-1.910
361.228	2.288	-1.900
362.228	2.282	-1.900
363.228	2.283	-1.900
364.228	2.286	-1.900
365.228	2.285	-1.900
366.228	2.287	-1.900
367.228	2.288	-1.900
368.228	2.277	-1.900
369.228	2.284	-1.900
370.228	2.284	-1.900
371.228	2.283	-1.900
372.228	2.288	-1.910
373.228	2.282	-1.900
374.228	2.276	-1.910
375.228	2.276	-1.900
376.228	2.277	-1.910
377.228	2.280	-1.900
378.228	2.280	-1.900
379.228	2.275	-1.910
380.228	2.273	-1.900
381.228	2.273	-1.900
382.228	2.272	-1.900
383.228	2.280	-1.910
384.228	2.273	-1.910
385.228	2.265	-1.900
386.228	2.264	-1.900
387.228	2.273	-1.900
388.228	2.274	-1.900
389.228	2.266	-1.900
390.228	2.268	-1.900
391.228	2.278	-1.900
392.228	2.264	-1.900
393.228	2.267	-1.900
394.228	2.271	-1.900
395.228	2.275	-1.910
396.228	2.280	-1.900
397.228	2.273	-1.900
398.228	2.272	-1.900
399.228	2.267	-1.910
400.228	2.262	-1.900
401.228	2.260	-1.900
402.228	2.262	-1.900
403.228	2.270	-1.890
404.228	2.277	-1.900
405.228	2.277	-1.900
406.228	2.272	-1.900
407.228	2.268	-1.900
408.228	2.270	-1.900
409.228	2.285	-1.900
410.228	2.277	-1.900
411.228	2.270	-1.900
412.228	2.278	-1.900
413.228	2.281	-1.900
414.228	2.277	-1.900
415.228	2.274	-1.900
416.228	2.273	-1.900
417.228	2.277	-1.900
418.228	2.272	-1.900
419.228	2.270	-1.900
420.228	2.274	-1.900
421.228	2.274	-1.900
422.228	2.271	-1.900
423.228	2.273	-1.900
424.228	2.275	-1.900
425.228	2.275	-1.900
426.228	2.273	-1.900
427.228	2.275	-1.900
428.228	2.286	-1.900
429.228	2.290	-1.900
430.228	2.284	-1.900
431.228	2.283	-1.900
432.228	2.280	-1.900
433.228	2.272	-1.900
434.228	2.268	-1.900
435.228	2.276	-1.900
436.228	2.294	-1.900
437.228	2.298	-1.900
438.228	2.298	-1.900
439.228	2.301	-1.910
440.228	2.300	-1.900
441.228	2.301	-1.900
442.228	2.320	-1.900
443.228	2.323	-1.900
444.228	2.311	-1.900
445.228	2.304	-1.900
446.228	2.296	-1.900
447.228	2.295	-1.900
448.228	2.288	-1.900
449.228	2.303	-1.900
450.228	2.307	-1.900
451.228	2.305	-1.910
452.228	2.303	-1.900
453.228	2.299	-1.900
454.228	2.293	-1.900
455.228	2.293	-1.900
456.228	2.291	-1.900
457.228	2.293	-1.900
458.228	2.290	-1.900
459.228	2.286	-1.910
460.228	2.288	-1.900
461.228	2.287	-1.900
462.228	2.285	-1.900
463.228	2.289	-1.900
464.228	2.285	-1.900
465.228	2.282	-1.900
466.228	2.277	-1.900
467.228	2.277	-1.900
468.228	2.278	-1.900
469.228	2.279	-1.900
470.228	2.276	-1.900
471.228	2.273	-1.900
472.228	2.269	-1.900
473.228	2.282	-1.900
474.228	2.275	-1.900
475.228	2.281	-1.900
476.228	2.279	-1.900
477.228	2.281	-1.900
478.228	2.273	-1.890
479.228	2.271	-1.900
480.228	2.268	-1.900
481.228	2.271	-1.900
482.228	2.269	-1.900
483.228	2.271	-1.900
484.228	2.274	-1.900
485.228	2.273	-1.900
486.228	2.270	-1.900
487.228	2.271	-1.900
488.228	2.269	-1.900
489.228	2.266	-1.900
490.228	2.263	-1.910
491.228	2.260	-1.900
492.228	2.285	-1.900
493.228	2.284	-1.900
494.228	2.282	-1.900
495.228	2.277	-1.900
496.228	2.276	-1.900
497.228	2.271	-1.900
498.228	2.271	-1.900
499.228	2.266	-1.910
500.228	2.261	-1.900
501.228	2.259	-1.900
502.228	2.252	-1.900
503.228	2.250	-1.900
504.228	2.247	-1.900
505.228	2.251	-1.900
506.228	2.252	-1.900
507.228	2.414	-1.900
508.228	2.410	-1.900
509.228	2.367	-1.900
510.228	2.318	-1.900
511.228	2.343	-1.900
512.228	2.340	-1.900
513.228	2.324	-1.900
514.228	2.320	-1.900
515.228	2.315	-1.900
516.228	2.310	-1.900
517.228	2.310	-1.900
518.228	2.304	-1.900
519.228	2.304	-1.900
520.228	2.285	-1.900
521.228	2.268	-1.900
522.228	2.266	-1.900
523.228	2.263	-1.900
524.228	2.274	-1.900
525.228	2.261	-1.900
526.228	2.259	-1.900
527.228	2.329	-1.900
528.228	2.339	-1.900
529.228	2.332	-1.900
530.228	2.331	-1.900
531.228	2.325	-1.900
532.228	2.318	-1.900
533.228	2.317	-1.900
534.228	2.317	-1.900
535.228	2.346	-1.900
536.228	2.344	-1.900
537.228	2.341	-1.900
538.228	2.325	-1.900
539.228	2.310	-1.900
540.228	2.299	-1.900
541.228	2.274	-1.900
542.228	2.271	-1.900
543.228	2.262	-1.900
544.228	2.260	-1.900
545.228	2.257	-1.900
546.228	2.255	-1.900
547.228	2.248	-1.900
548.228	2.255	-1.900
549.228	2.273	-1.900
550.228	2.275	-1.900
551.228	2.276	-1.900
552.228	2.270	-1.900
553.228	2.269	-1.900
554.228	2.271	-1.900
555.228	2.278	-1.900
556.228	2.269	-1.900
557.228	2.264	-1.900
558.228	2.262	-1.900
559.228	2.264	-1.900
560.228	2.270	-1.900
561.228	2.269	-1.900
562.228	2.275	-1.900
563.228	2.270	-1.900
564.228	2.276	-1.900
565.228	2.309	-1.900
566.228	2.389	-1.900
567.228	2.407	-1.900
568.228	2.407	-1.900
569.228	2.398	-1.900
570.228	2.390	-1.900
571.228	2.383	-1.910
572.228	2.377	-1.900
573.228	2.365	-1.900
574.228	2.359	-1.910
575.228	2.358	-1.900
576.228	2.353	-1.900
577.228	2.338	-1.900
578.228	2.331	-1.910
579.228	2.348	-1.910
580.228	2.347	-1.910
581.228	2.341	-1.900
582.228	2.342	-1.900
583.228	2.347	-1.900
584.228	2.346	-1.910
585.228	2.333	-1.910
586.228	2.325	-1.900
587.228	2.316	-1.900
588.228	2.310	-1.900
589.228	2.314	-1.910
590.228	2.309	-1.910
591.228	2.299	-1.900
592.228	2.306	-1.910
593.228	2.366	-1.910
594.228	2.357	-1.900
595.228	2.327	-1.900
596.228	2.316	-1.910
597.228	2.316	-1.910
598.228	2.310	-1.900
599.228	2.305	-1.900
600.228	2.298	-1.900
601.228	2.298	-1.900
602.228	2.289	-1.900
603.228	2.284	-1.900
604.228	2.289	-1.910
605.228	2.280	-1.900
606.228	2.267	-1.900
607.228	2.276	-1.900
608.228	2.257	-1.900
609.228	2.294	-1.900
610.228	2.296	-1.900
611.228	2.286	-1.900
612.228	2.278	-1.900
613.228	2.274	-1.900
614.228	2.275	-1.900
615.228	2.268	-1.910
616.228	2.268	-1.900
617.228	2.262	-1.900
618.228	2.263	-1.900
619.228	2.263	-1.900
620.228	2.259	-1.900
621.228	2.266	-1.900
622.228	2.276	-1.900
623.228	2.277	-1.900
624.228	2.292	-1.900
625.228	2.273	-1.900
626.228	2.412	-1.900
627.228	2.429	-1.910
628.228	2.440	-1.900
629.228	2.407	-1.900
630.228	2.399	-1.910
631.228	2.392	-1.900
632.228	2.382	-1.900
633.228	2.376	-1.900
634.228	2.370	-1.900
635.228	2.365	-1.900
636.228	2.361	-1.900
637.228	2.359	-1.900
638.228	2.354	-1.900
639.228	2.355	-1.900
640.228	2.337	-1.900
641.228	2.307	-1.910
642.228	2.262	-1.900
643.228	2.371	-1.900
644.228	2.376	-1.900
645.228	2.377	-1.900
646.228	2.382	-1.900
647.228	2.355	-1.900
648.228	2.353	-1.910
649.228	2.345	-1.900
650.228	2.333	-1.900
651.228	2.324	-1.900
652.228	2.317	-1.900
653.228	2.310	-1.900
654.228	2.300	-1.900
655.228	2.305	-1.900
656.228	2.304	-1.900
657.228	2.301	-1.900
658.228	2.302	-1.900
659.228	2.298	-1.900
660.228	2.316	-1.900
661.228	2.311	-1.910
662.228	2.316	-1.900
663.228	2.313	-1.900
664.228	2.311	-1.900
665.228	2.304	-1.900
666.228	2.304	-1.900
667.228	2.298	-1.900
668.228	2.295	-1.900
669.228	2.296	-1.900
670.228	2.294	-1.900
671.228	2.285	-1.900
672.228	2.288	-1.900
673.228	2.287	-1.900
674.228	2.301	-1.900
675.228	2.288	-1.900
676.228	2.289	-1.900
677.228	2.282	-1.900
678.228	2.279	-1.900
679.228	2.273	-1.900
680.228	2.270	-1.900
681.228	2.263	-1.900
682.228	2.270	-1.900
683.228	2.271	-1.900
684.228	2.273	-1.900
685.228	2.264	-1.900
686.228	2.264	-1.910
687.228	2.263	-1.900
688.228	2.260	-1.900
689.228	2.262	-1.900
690.228	2.258	-1.900
691.228	2.259	-1.910
692.228	2.258	-1.900
693.228	2.256	-1.900
694.228	2.256	-1.900
695.228	2.250	-1.900
696.228	2.260	-1.900
697.228	2.292	-1.910
698.228	2.295	-1.910
699.228	2.292	-1.900
700.228	2.292	-1.900
701.228	2.295	-1.910
702.228	2.292	-1.900
703.228	2.292	-1.900
704.228	2.307	-1.900
705.228	2.293	-1.910
706.228	2.292	-1.910
707.228	2.292	-1.900
708.228	2.288	-1.900
709.228	2.296	-1.910
710.228	2.292	-1.900
711.228	2.294	-1.900
712.228	2.289	-1.900
713.228	2.287	-1.900
714.228	2.286	-1.900
715.228	2.285	-1.900
716.228	2.284	-1.900
717.228	2.290	-1.910
718.228	2.297	-1.910
719.228	2.286	-1.900
720.228	2.281	-1.900
721.228	2.284	-1.910
722.228	2.280	-1.900
723.228	2.285	-1.900
724.228	2.297	-1.900
725.228	2.295	-1.900
726.228	2.292	-1.900
727.228	2.287	-1.900
728.228	2.281	-1.900
729.228	2.277	-1.900
730.228	2.274	-1.900
731.228	2.270	-1.900
732.228	2.273	-1.910
733.228	2.270	-1.900
734.228	2.269	-1.900
735.228	2.277	-1.900
736.228	2.270	-1.900
737.228	2.263	-1.900
738.228	2.264	-1.900
739.228	2.263	-1.900
740.228	2.267	-1.900
741.228	2.268	-1.900
742.228	2.265	-1.900
743.228	2.266	-1.900
744.228	2.267	-1.900
745.228	2.261	-1.900
746.228	2.257	-1.900
747.228	2.254	-1.910
748.228	2.253	-1.900
749.228	2.254	-1.900
750.228	2.251	-1.900
751.228	2.249	-1.900
752.228	2.245	-1.900
753.228	2.240	-1.900
754.228	2.243	-1.910
755.228	2.286	-1.900
756.228	2.274	-1.900
757.228	2.247	-1.910
758.228	2.242	-1.900
759.228	2.242	-1.910
760.228	2.269	-1.900
761.228	2.270	-1.900
762.228	2.266	-1.900
763.228	2.265	-1.900
764.228	2.266	-1.900
765.228	2.282	-1.910
766.228	2.282	-1.900
767.228	2.281	-1.900
768.228	2.278	-1.900
769.228	2.278	-1.900
770.228	2.279	-1.900
771.228	2.280	-1.910
