0.353	5749.260	51.160
0.853	5749.261	51.150
1.353	5749.082	51.160
1.853	5748.986	51.160
2.353	5749.032	51.160
2.853	5748.918	51.150
3.353	5748.801	51.150
3.853	5748.755	51.150
4.353	5748.729	51.150
4.853	5748.675	51.150
5.353	5748.551	51.150
5.853	5748.527	51.140
6.353	5748.435	51.140
6.853	5748.327	51.150
7.353	5748.333	51.140
7.853	5748.209	51.150
8.353	5748.167	51.150
8.853	5748.096	51.150
9.353	5748.050	51.150
9.853	5747.957	51.140
10.353	5747.875	51.140
10.853	5747.822	51.150
11.353	5747.798	51.150
11.853	5747.724	51.140
12.353	5747.679	51.140
12.853	5747.688	51.150
13.353	5747.573	51.140
13.853	5747.432	51.150
14.353	5747.393	51.140
14.853	5747.263	51.140
15.353	5747.248	51.140
15.853	5747.173	51.140
16.353	5747.188	51.130
16.853	5747.101	51.140
17.353	5747.024	51.140
17.853	5746.986	51.140
18.353	5746.869	51.140
18.853	5746.831	51.140
19.353	5746.787	51.140
19.853	5746.698	51.140
20.353	5746.695	51.140
20.853	5746.594	51.130
21.353	5746.597	51.140
21.853	5746.556	51.140
22.353	5746.492	51.140
22.853	5746.364	51.140
23.353	5746.320	51.130
23.853	5746.188	51.130
24.353	5746.125	51.130
24.853	5746.079	51.130
25.353	5746.059	51.130
25.853	5745.980	51.130
26.353	5745.789	51.130
26.853	5745.797	51.140
27.353	5745.790	51.140
27.853	5745.690	51.130
28.353	5745.731	51.130
28.853	5745.619	51.130
29.353	5745.540	51.130
29.853	5745.512	51.130
30.353	5745.458	51.130
30.853	5745.362	51.140
31.353	5745.307	51.130
31.853	5745.207	51.130
32.353	5745.137	51.130
32.853	5745.018	51.130
33.353	5745.005	51.130
33.853	5745.000	51.130
34.353	5744.966	51.130
34.853	5744.881	51.130
35.353	5744.804	51.120
35.853	5744.774	51.120
36.353	5744.719	51.130
36.853	5744.648	51.130
37.353	5744.623	51.120
37.853	5744.515	51.120
38.353	5744.425	51.120
38.853	5744.373	51.120
39.353	5744.388	51.120
39.853	5744.307	51.120
40.353	5744.234	51.110
40.853	5744.174	51.120
41.353	5744.084	51.120
41.853	5744.086	51.110
42.353	5744.016	51.110
42.853	5744.012	51.110
43.353	5743.896	51.120
43.853	5743.872	51.120
44.353	5743.756	51.110
44.853	5743.702	51.120
45.353	5743.658	51.120
45.853	5743.590	51.110
46.353	5743.511	51.110
46.853	5743.485	51.110
47.353	5743.447	51.110
47.853	5743.312	51.110
48.353	5743.256	51.120
48.853	5743.194	51.110
49.353	5743.115	51.110
49.853	5743.100	51.110
50.353	5743.114	51.110
50.853	5743.044	51.110
51.353	5743.001	51.110
51.853	5742.923	51.100
52.353	5742.815	51.110
52.853	5742.790	51.110
53.353	5742.800	51.110
53.853	5742.655	51.100
54.353	5742.555	51.100
54.853	5742.607	51.100
55.353	5742.532	51.100
55.853	5742.459	51.100
56.353	5742.312	51.100
56.853	5742.407	51.100
57.353	5742.327	51.100
57.853	5742.239	51.100
58.353	5742.211	51.090
58.853	5742.109	51.090
59.353	5741.996	51.100
59.853	5741.944	51.090
60.353	5741.833	51.100
60.853	5741.811	51.090
61.353	5741.804	51.090
61.853	5741.687	51.090
62.353	5741.622	51.090
62.853	5741.556	51.090
63.353	5741.578	51.080
63.853	5741.521	51.090
64.353	5741.512	51.090
64.853	5741.498	51.090
65.353	5741.403	51.090
65.853	5741.307	51.080
66.353	5741.243	51.090
66.853	5741.240	51.090
67.353	5741.176	51.080
67.853	5740.997	51.080
68.353	5741.118	51.090
68.853	5741.055	51.090
69.353	5740.923	51.080
69.853	5740.852	51.080
70.353	5740.800	51.080
70.853	5740.759	51.080
71.353	5740.725	51.080
71.853	5740.525	51.070
72.353	5740.563	51.080
72.853	5740.543	51.080
73.353	5740.525	51.080
73.853	5740.390	51.090
74.353	5740.412	51.070
74.853	5740.204	51.070
75.353	5740.170	51.070
75.853	5740.095	51.070
76.353	5740.062	51.070
76.853	5740.159	51.080
77.353	5740.090	51.080
77.853	5739.964	51.070
78.353	5739.940	51.070
78.853	5739.876	51.080
79.353	5739.765	51.070
79.853	5739.776	51.070
80.353	5739.740	51.070
80.853	5739.667	51.070
81.353	5739.670	51.070
81.853	5739.554	51.060
82.353	5739.559	51.060
82.853	5739.401	51.060
83.353	5739.348	51.070
83.853	5739.288	51.070
84.353	5739.286	51.070
84.853	5739.288	51.060
85.353	5739.266	51.070
85.853	5739.197	51.070
86.353	5739.087	51.060
86.853	5739.178	51.070
87.353	5739.022	51.060
87.853	5738.995	51.060
88.353	5738.921	51.060
88.853	5738.875	51.060
89.353	5738.805	51.060
89.853	5738.773	51.050
90.353	5738.742	51.050
90.853	5738.646	51.060
91.353	5738.649	51.060
91.853	5738.515	51.060
92.353	5738.530	51.060
92.853	5738.463	51.050
93.353	5738.389	51.050
93.853	5738.263	51.050
94.353	5738.249	51.050
94.853	5738.136	51.050
95.353	5738.086	51.060
95.853	5738.085	51.050
96.353	5737.996	51.060
96.853	5737.981	51.060
97.353	5737.918	51.050
97.853	5737.910	51.050
98.353	5737.855	51.050
98.853	5737.809	51.050
99.353	5737.772	51.050
99.853	5737.635	51.050
100.353	5737.608	51.060
100.853	5737.567	51.060
101.353	5737.484	51.060
101.853	5737.477	51.060
102.353	5737.411	51.060
102.853	5737.403	51.060
103.353	5737.406	51.060
103.853	5737.386	51.050
104.353	5737.243	51.050
104.853	5737.200	51.060
105.353	5737.126	51.050
105.853	5737.022	51.050
106.353	5737.079	51.050
106.853	5737.008	51.050
107.353	5736.925	51.050
107.853	5736.891	51.050
108.353	5736.940	51.050
108.853	5736.887	51.050
109.353	5736.813	51.050
109.853	5736.726	51.050
110.353	5736.757	51.050
110.853	5736.732	51.050
111.353	5736.605	51.050
111.853	5736.569	51.040
112.353	5736.479	51.050
112.853	5736.490	51.050
113.353	5736.402	51.040
113.853	5736.343	51.040
114.353	5736.316	51.040
114.853	5736.266	51.050
115.353	5736.272	51.050
115.853	5736.152	51.050
116.353	5736.142	51.050
116.853	5736.116	51.050
117.353	5736.099	51.040
117.853	5736.031	51.040
118.353	5736.036	51.040
118.853	5736.004	51.040
119.353	5735.944	51.050
119.853	5735.938	51.040
120.353	5735.849	51.040
120.853	5735.769	51.050
121.353	5735.761	51.040
121.853	5735.677	51.020
122.353	5735.677	51.030
122.853	5735.535	51.040
123.353	5735.552	51.040
123.853	5735.442	51.040
124.353	5735.405	51.040
124.853	5735.389	51.030
125.353	5735.317	51.030
125.853	5735.198	51.040
126.353	5735.175	51.040
126.853	5735.102	51.030
127.353	5734.941	51.040
127.853	5735.011	51.040
128.353	5734.933	51.030
128.853	5734.862	51.040
129.353	5734.876	51.030
129.853	5734.816	51.030
130.353	5734.786	51.030
130.853	5734.672	51.030
131.353	5734.644	51.030
131.853	5734.616	51.030
132.353	5734.597	51.030
132.853	5734.528	51.030
133.353	5734.413	51.030
133.853	5734.388	51.030
134.353	5734.378	51.040
134.853	5734.345	51.020
135.353	5734.302	51.030
135.853	5734.204	51.020
136.353	5734.095	51.020
136.853	5734.084	51.020
137.353	5734.059	51.030
137.853	5734.014	51.030
138.353	5734.036	51.010
138.853	5733.977	51.020
139.353	5733.917	51.020
139.853	5733.953	51.020
140.353	5733.843	51.010
140.853	5733.793	51.020
141.353	5733.775	51.020
141.853	5733.726	51.020
142.353	5733.710	51.010
142.853	5733.576	51.020
143.353	5733.536	51.020
143.853	5733.426	51.010
144.353	5733.432	51.010
144.853	5733.376	51.010
145.353	5733.275	51.010
145.853	5733.199	51.010
146.353	5733.175	51.010
146.853	5733.216	51.010
147.353	5733.095	51.010
147.853	5733.098	51.010
148.353	5733.003	51.010
148.853	5733.008	51.010
149.353	5732.867	51.020
149.853	5732.782	51.010
150.353	5732.826	51.020
150.853	5732.723	51.010
151.353	5732.708	51.020
151.853	5732.688	51.010
152.353	5732.713	51.020
152.853	5732.649	51.020
153.353	5732.653	51.020
153.853	5732.558	51.020
154.353	5732.523	51.020
154.853	5732.431	51.010
155.353	5732.349	51.010
155.853	5732.268	51.010
156.353	5732.228	51.010
156.853	5732.177	51.020
157.353	5732.121	51.020
157.853	5732.073	51.000
158.353	5732.031	51.010
158.853	5731.994	51.010
159.353	5731.918	51.010
159.853	5731.898	51.010
160.353	5731.868	51.010
160.853	5731.842	51.000
161.353	5731.813	51.000
161.853	5731.870	51.010
162.353	5731.877	51.000
162.853	5731.771	51.000
163.353	5731.661	51.010
163.853	5731.623	51.000
164.353	5731.581	51.000
164.853	5731.542	51.000
165.353	5731.496	51.000
165.853	5731.439	51.000
166.353	5731.465	51.000
166.853	5731.384	51.000
167.353	5731.287	51.000
167.853	5731.311	50.990
168.353	5731.269	50.990
168.853	5731.214	50.990
169.353	5731.207	50.990
169.853	5731.219	50.990
170.353	5731.117	51.000
170.853	5731.047	50.990
171.353	5730.977	50.980
171.853	5730.981	50.990
172.353	5730.882	50.990
172.853	5730.866	50.990
173.353	5730.768	50.980
173.853	5730.718	50.990
174.353	5730.707	50.980
174.853	5730.675	50.990
175.353	5730.689	50.990
175.853	5730.592	50.990
176.353	5730.616	50.980
176.853	5730.612	50.980
177.353	5730.616	50.990
177.853	5730.499	50.990
178.353	5730.423	50.980
178.853	5730.402	50.980
179.353	5730.351	50.980
179.853	5730.303	50.980
180.353	5730.304	50.980
180.853	5730.200	50.980
181.353	5730.202	50.980
181.853	5730.172	50.970
182.353	5730.151	50.970
182.853	5730.013	50.980
183.353	5730.099	50.970
183.853	5730.020	50.970
184.353	5729.920	50.980
184.853	5729.932	50.980
185.353	5729.933	50.970
185.853	5729.788	50.970
186.353	5729.732	50.970
186.853	5729.781	50.960
187.353	5729.695	50.960
187.853	5729.651	50.970
188.353	5729.625	50.960
188.853	5729.550	50.970
189.353	5729.509	50.960
189.853	5729.411	50.970
190.353	5729.333	50.960
190.853	5729.354	50.950
191.353	5729.306	50.960
191.853	5729.273	50.950
192.353	5729.217	50.950
192.853	5729.223	50.950
193.353	5729.144	50.950
193.853	5729.182	50.950
194.353	5729.172	50.950
194.853	5729.089	50.950
195.353	5729.095	50.950
195.853	5729.027	50.950
196.353	5728.986	50.950
196.853	5728.952	50.950
197.353	5728.908	50.950
197.853	5728.882	50.950
198.353	5728.824	50.950
198.853	5728.793	50.950
199.353	5728.737	50.950
199.853	5728.748	50.950
200.353	5728.771	50.940
200.853	5728.647	50.950
201.353	5728.671	50.940
201.853	5728.650	50.950
202.353	5728.535	50.950
202.853	5728.605	50.940
203.353	5728.491	50.950
203.853	5728.457	50.940
204.353	5728.414	50.940
204.853	5728.336	50.950
205.353	5728.359	50.940
205.853	5728.237	50.940
206.353	5728.263	50.950
206.853	5728.114	50.940
207.353	5728.156	50.940
207.853	5728.116	50.940
208.353	5728.078	50.940
208.853	5728.050	50.950
209.353	5728.027	50.940
209.853	5727.954	50.940
210.353	5727.918	50.950
210.853	5727.927	50.940
211.353	5727.913	50.950
211.853	5727.883	50.940
212.353	5727.912	50.950
212.853	5727.817	50.950
213.353	5727.773	50.950
213.853	5727.755	50.950
214.353	5727.749	50.950
214.853	5727.663	50.950
215.353	5727.636	50.950
215.853	5727.663	50.960
216.353	5727.639	50.950
216.853	5727.587	50.950
217.353	5727.552	50.950
217.853	5727.492	50.950
218.353	5727.494	50.950
218.853	5727.447	50.950
219.353	5727.418	50.950
219.853	5727.437	50.950
220.353	5727.288	50.950
220.853	5727.283	50.950
221.353	5727.211	50.950
221.853	5727.207	50.950
222.353	5727.208	50.960
222.853	5727.085	50.950
223.353	5727.083	50.950
223.853	5727.049	50.950
224.353	5727.007	50.950
224.853	5727.086	50.950
225.353	5726.998	50.950
225.853	5726.994	50.950
226.353	5726.952	50.950
226.853	5726.865	50.950
227.353	5726.882	50.950
227.853	5726.857	50.950
228.353	5726.795	50.950
228.853	5726.725	50.950
229.353	5726.704	50.950
229.853	5726.674	50.950
230.353	5726.578	50.950
230.853	5726.653	50.950
231.353	5726.651	50.960
231.853	5726.554	50.950
232.353	5726.526	50.950
232.853	5726.461	50.950
233.353	5726.402	50.940
233.853	5726.387	50.940
234.353	5726.303	50.940
234.853	5726.276	50.950
235.353	5726.314	50.950
235.853	5726.244	50.940
236.353	5726.167	50.950
236.853	5726.173	50.940
237.353	5726.133	50.950
237.853	5726.036	50.940
238.353	5725.992	50.940
238.853	5725.943	50.940
239.353	5725.870	50.950
239.853	5725.884	50.940
240.353	5725.903	50.940
240.853	5725.763	50.950
241.353	5725.676	50.940
241.853	5725.698	50.950
242.353	5725.682	50.950
242.853	5725.727	50.940
243.353	5725.623	50.940
243.853	5725.558	50.940
244.353	5725.591	50.940
244.853	5725.601	50.940
245.353	5725.572	50.940
245.853	5725.442	50.940
246.353	5725.464	50.940
246.853	5725.361	50.940
247.353	5725.430	50.930
247.853	5725.334	50.930
248.353	5725.296	50.930
248.853	5725.257	50.930
249.353	5725.205	50.930
249.853	5725.147	50.920
250.353	5725.162	50.930
250.853	5725.101	50.920
251.353	5724.995	50.920
251.853	5725.056	50.920
252.353	5725.007	50.930
252.853	5725.013	50.930
253.353	5724.925	50.920
253.853	5724.937	50.920
254.353	5724.886	50.920
254.853	5724.843	50.920
255.353	5724.838	50.930
255.853	5724.741	50.920
256.353	5724.800	50.920
256.853	5724.779	50.920
257.353	5724.679	50.920
257.853	5724.690	50.920
258.353	5724.641	50.920
258.853	5724.619	50.920
259.353	5724.525	50.920
259.853	5724.474	50.910
260.353	5724.517	50.920
260.853	5724.402	50.920
261.353	5724.481	50.910
261.853	5724.382	50.910
262.353	5724.400	50.910
262.853	5724.365	50.920
263.353	5724.320	50.920
263.853	5724.339	50.910
264.353	5724.302	50.910
264.853	5724.202	50.910
265.353	5724.272	50.910
265.853	5724.166	50.910
266.353	5724.140	50.910
266.853	5724.060	50.910
267.353	5724.064	50.910
267.853	5724.031	50.910
268.353	5724.043	50.910
268.853	5723.960	50.910
269.353	5723.990	50.910
269.853	5724.006	50.910
270.353	5723.936	50.900
270.853	5723.978	50.910
271.353	5723.881	50.910
271.853	5723.895	50.910
272.353	5723.837	50.910
272.853	5723.694	50.900
273.353	5723.755	50.910
273.853	5723.796	50.910
274.353	5723.698	50.900
274.853	5723.571	50.900
275.353	5723.660	50.910
275.853	5723.572	50.900
276.353	5723.560	50.900
276.853	5723.533	50.900
277.353	5723.481	50.900
277.853	5723.446	50.910
278.353	5723.432	50.900
278.853	5723.434	50.900
279.353	5723.356	50.900
279.853	5723.281	50.900
280.353	5723.208	50.900
280.853	5723.266	50.900
281.353	5723.316	50.900
281.853	5723.278	50.900
282.353	5723.243	50.900
282.853	5723.084	50.900
283.353	5723.108	50.890
283.853	5722.998	50.900
284.353	5722.943	50.890
284.853	5722.961	50.900
285.353	5722.915	50.890
285.853	5722.909	50.890
286.353	5722.871	50.900
286.853	5722.789	50.890
287.353	5722.864	50.900
287.853	5722.795	50.890
288.353	5722.634	50.900
288.853	5722.748	50.890
289.353	5722.699	50.890
289.853	5722.651	50.890
290.353	5722.679	50.890
290.853	5722.615	50.890
291.353	5722.555	50.900
291.853	5722.476	50.890
292.353	5722.355	50.900
292.853	5722.368	50.890
293.353	5722.321	50.890
293.853	5722.367	50.900
294.353	5722.381	50.890
294.853	5722.315	50.890
295.353	5722.222	50.890
295.853	5722.254	50.890
296.353	5722.150	50.880
296.853	5722.168	50.890
297.353	5722.145	50.890
297.853	5722.172	50.890
298.353	5722.105	50.890
298.853	5722.001	50.890
299.353	5722.043	50.890
299.853	5721.955	50.890
300.353	5721.991	50.890
300.853	5722.028	50.890
301.353	5721.995	50.890
301.853	5721.925	50.890
302.353	5721.894	50.890
302.853	5721.802	50.890
303.353	5721.770	50.890
303.853	5721.721	50.890
304.853	5721.698	50.890
305.353	5721.705	50.890
305.853	5721.645	50.890
306.353	5721.619	50.880
306.853	5721.593	50.890
307.353	5721.529	50.880
307.853	5721.475	50.880
308.353	5721.419	50.880
308.853	5721.480	50.890
309.353	5721.429	50.880
309.853	5721.442	50.880
310.353	5721.412	50.880
310.853	5721.381	50.880
311.353	5721.286	50.880
311.853	5721.278	50.890
312.353	5721.282	50.880
312.853	5721.201	50.890
313.353	5721.230	50.890
313.853	5721.178	50.890
314.353	5721.175	50.890
314.853	5721.130	50.890
315.353	5721.073	50.890
315.853	5721.034	50.880
316.353	5721.087	50.880
316.853	5721.058	50.890
317.353	5721.039	50.880
317.853	5720.951	50.880
318.353	5720.972	50.890
318.853	5720.959	50.890
319.353	5720.974	50.890
319.853	5720.887	50.880
320.353	5720.909	50.880
320.853	5720.797	50.890
321.353	5720.837	50.890
321.853	5720.789	50.890
322.353	5720.761	50.890
322.853	5720.706	50.890
323.353	5720.718	50.890
323.853	5720.611	50.890
324.353	5720.585	50.890
324.853	5720.556	50.890
325.353	5720.557	50.890
325.853	5720.489	50.890
326.353	5720.544	50.900
326.853	5720.413	50.890
327.353	5720.444	50.890
327.853	5720.396	50.890
328.353	5720.334	50.890
328.853	5720.366	50.890
329.353	5720.297	50.890
329.853	5720.260	50.890
330.353	5720.225	50.890
330.853	5720.254	50.890
331.353	5720.208	50.890
331.853	5720.167	50.890
332.353	5720.132	50.890
332.853	5720.155	50.890
333.353	5720.085	50.890
333.853	5720.020	50.890
334.353	5720.001	50.880
334.853	5719.946	50.880
335.353	5719.886	50.890
335.853	5719.920	50.890
336.353	5719.929	50.890
336.853	5719.935	50.890
337.353	5719.895	50.890
337.853	5719.874	50.890
338.353	5719.899	50.880
338.853	5719.834	50.880
339.353	5719.842	50.870
339.853	5719.754	50.870
340.353	5719.692	50.870
340.853	5719.658	50.870
341.353	5719.613	50.880
341.853	5719.565	50.870
342.353	5719.569	50.880
342.853	5719.484	50.880
343.353	5719.582	50.880
343.853	5719.591	50.880
344.353	5719.474	50.880
344.853	5719.496	50.870
345.353	5719.462	50.870
345.853	5719.398	50.870
346.353	5719.322	50.870
346.853	5719.365	50.870
347.353	5719.365	50.870
347.853	5719.283	50.880
348.353	5719.213	50.880
348.853	5719.218	50.880
349.353	5719.270	50.870
349.853	5719.195	50.880
350.353	5719.239	50.870
350.853	5719.209	50.880
351.353	5719.145	50.880
351.853	5719.126	50.870
352.353	5719.105	50.860
352.853	5719.140	50.880
353.353	5719.093	50.870
353.853	5719.087	50.880
354.353	5719.005	50.870
354.853	5718.944	50.860
355.353	5718.902	50.870
355.853	5718.874	50.870
356.353	5718.928	50.870
356.853	5718.924	50.870
357.353	5718.839	50.880
357.853	5718.861	50.860
358.353	5718.818	50.880
358.853	5718.819	50.880
359.353	5718.727	50.880
359.853	5718.766	50.870
360.353	5718.689	50.860
360.853	5718.678	50.880
361.353	5718.599	50.870
361.853	5718.647	50.870
362.353	5718.619	50.870
362.853	5718.637	50.870
363.353	5718.573	50.880
363.853	5718.529	50.880
364.353	5718.524	50.880
364.853	5718.472	50.870
365.353	5718.444	50.870
365.853	5718.446	50.870
366.353	5718.392	50.870
366.853	5718.409	50.870
367.353	5718.450	50.870
367.853	5718.387	50.880
368.353	5718.371	50.880
368.853	5718.317	50.870
369.353	5718.267	50.860
369.853	5718.191	50.860
370.353	5718.156	50.860
370.853	5718.113	50.860
371.353	5718.113	50.860
371.853	5718.062	50.860
372.353	5718.057	50.870
372.853	5718.030	50.870
373.353	5717.948	50.860
373.853	5717.992	50.860
374.353	5717.990	50.860
374.853	5718.023	50.860
375.353	5717.937	50.850
375.853	5717.853	50.850
376.353	5717.862	50.860
376.853	5717.844	50.860
377.353	5717.843	50.860
377.853	5717.779	50.860
378.353	5717.780	50.850
378.853	5717.632	50.850
379.353	5717.627	50.850
379.853	5717.610	50.850
380.353	5717.558	50.840
380.853	5717.572	50.850
381.353	5717.488	50.850
381.853	5717.534	50.850
382.353	5717.482	50.850
382.853	5717.519	50.850
383.353	5717.431	50.850
383.853	5717.530	50.850
384.353	5717.437	50.840
384.853	5717.415	50.850
385.353	5717.393	50.850
385.853	5717.394	50.850
386.353	5717.399	50.850
386.853	5717.422	50.850
387.353	5717.425	50.850
387.853	5717.377	50.850
388.353	5717.361	50.850
388.853	5717.392	50.850
389.353	5717.337	50.850
389.853	5717.260	50.850
390.353	5717.271	50.850
390.853	5717.219	50.850
391.353	5717.201	50.850
391.853	5717.092	50.850
392.353	5717.091	50.840
392.853	5717.058	50.850
393.353	5717.038	50.840
393.853	5717.012	50.840
394.353	5716.910	50.840
394.853	5716.933	50.840
395.353	5716.950	50.840
395.853	5716.918	50.840
396.353	5717.007	50.840
396.853	5717.019	50.840
397.353	5717.055	50.850
397.853	5716.940	50.840
398.353	5716.948	50.840
398.853	5716.935	50.850
399.353	5716.856	50.840
399.853	5716.817	50.840
400.353	5716.767	50.840
400.853	5716.669	50.840
401.353	5716.708	50.840
401.853	5716.675	50.840
402.353	5716.681	50.840
402.853	5716.698	50.840
403.353	5716.590	50.840
403.853	5716.544	50.840
404.353	5716.603	50.840
404.853	5716.536	50.840
405.353	5716.520	50.840
405.853	5716.467	50.850
406.353	5716.381	50.850
406.853	5716.360	50.840
407.353	5716.372	50.840
407.853	5716.253	50.840
408.353	5716.316	50.840
408.853	5716.281	50.850
409.353	5716.216	50.840
409.853	5716.229	50.840
410.353	5716.185	50.840
410.853	5716.181	50.840
411.353	5716.055	50.840
412.353	5716.104	50.840
412.853	5716.097	50.840
413.353	5716.046	50.840
413.853	5716.032	50.840
414.353	5715.974	50.840
414.853	5716.010	50.840
415.353	5715.966	50.840
415.853	5715.955	50.840
416.353	5715.936	50.840
416.853	5715.983	50.840
417.353	5715.967	50.840
417.853	5715.848	50.840
418.353	5715.901	50.840
418.853	5715.950	50.840
419.353	5715.859	50.840
419.853	5715.859	50.840
420.353	5715.843	50.840
420.853	5715.882	50.840
421.353	5715.805	50.840
421.853	5715.866	50.840
422.353	5715.849	50.840
422.853	5715.855	50.840
423.353	5715.775	50.840
423.853	5715.705	50.840
424.353	5715.648	50.840
424.853	5715.688	50.840
425.353	5715.690	50.840
425.853	5715.610	50.840
426.353	5715.569	50.840
426.853	5715.574	50.840
427.353	5715.544	50.840
427.853	5715.571	50.840
428.353	5715.478	50.830
428.853	5715.434	50.840
429.353	5715.412	50.840
429.853	5715.307	50.840
430.353	5715.352	50.840
430.853	5715.277	50.840
431.353	5715.320	50.840
431.853	5715.315	50.840
432.353	5715.323	50.840
432.853	5715.290	50.840
433.353	5715.305	50.840
433.853	5715.226	50.840
434.353	5715.257	50.830
434.853	5715.237	50.830
435.353	5715.186	50.840
435.853	5715.116	50.840
436.353	5715.039	50.830
436.853	5715.110	50.830
437.353	5715.043	50.840
437.853	5714.962	50.830
438.353	5714.983	50.840
438.853	5714.938	50.840
439.353	5714.948	50.830
439.853	5714.966	50.830
440.353	5714.981	50.830
440.853	5714.949	50.830
441.353	5714.887	50.830
441.853	5714.859	50.830
442.353	5714.910	50.830
442.853	5714.898	50.830
443.353	5714.914	50.830
443.853	5714.863	50.830
444.353	5714.866	50.830
444.853	5714.806	50.830
445.353	5714.824	50.830
445.853	5714.750	50.830
446.353	5714.782	50.830
446.853	5714.642	50.830
447.353	5714.631	50.830
447.853	5714.665	50.830
448.353	5714.637	50.830
448.853	5714.547	50.830
449.353	5714.507	50.830
449.853	5714.547	50.830
450.353	5714.602	50.830
450.853	5714.494	50.830
451.353	5714.428	50.830
451.853	5714.425	50.830
452.353	5714.424	50.830
452.853	5714.374	50.830
453.353	5714.334	50.830
453.853	5714.322	50.830
454.353	5714.296	50.830
454.853	5714.269	50.830
455.353	5714.246	50.830
455.853	5714.228	50.830
456.353	5714.184	50.820
456.853	5714.122	50.830
457.353	5714.101	50.830
457.853	5714.098	50.820
458.353	5714.148	50.820
458.853	5714.107	50.820
459.353	5714.059	50.830
459.853	5714.039	50.830
460.353	5714.068	50.830
460.853	5714.006	50.820
461.353	5714.021	50.820
461.853	5713.944	50.820
462.353	5713.913	50.820
462.853	5713.825	50.820
463.353	5713.865	50.830
463.853	5713.849	50.820
464.353	5713.820	50.820
464.853	5713.755	50.830
465.353	5713.872	50.830
465.853	5713.836	50.830
466.353	5713.790	50.820
466.853	5713.768	50.830
467.353	5713.718	50.820
467.853	5713.721	50.820
468.353	5713.704	50.830
468.853	5713.666	50.820
469.353	5713.552	50.820
469.853	5713.576	50.820
470.353	5713.576	50.820
470.853	5713.554	50.820
471.353	5713.531	50.820
471.853	5713.598	50.820
472.353	5713.514	50.820
472.853	5713.510	50.820
473.353	5713.487	50.820
473.853	5713.420	50.820
474.353	5713.401	50.820
474.853	5713.367	50.820
475.353	5713.350	50.820
475.853	5713.322	50.820
476.353	5713.284	50.820
476.853	5713.291	50.820
477.353	5713.201	50.820
477.853	5713.231	50.820
478.353	5713.123	50.810
478.853	5713.074	50.820
479.353	5713.093	50.820
479.853	5713.112	50.820
480.353	5713.093	50.820
480.853	5713.059	50.810
481.353	5713.089	50.820
481.853	5713.092	50.820
482.353	5713.051	50.810
482.853	5713.059	50.820
483.353	5713.040	50.810
483.853	5712.989	50.810
484.353	5712.910	50.820
484.853	5712.929	50.810
485.353	5713.001	50.810
485.853	5712.914	50.810
486.353	5712.983	50.810
486.853	5712.934	50.810
487.353	5712.928	50.810
487.853	5712.970	50.810
488.353	5712.958	50.820
488.853	5712.881	50.810
489.353	5712.928	50.810
489.853	5712.894	50.810
490.353	5712.897	50.820
490.853	5712.825	50.810
491.353	5712.841	50.810
491.853	5712.811	50.810
492.353	5712.888	50.820
492.853	5712.833	50.810
493.353	5712.806	50.810
493.853	5712.764	50.810
494.353	5712.623	50.810
494.853	5712.619	50.810
495.353	5712.624	50.810
495.853	5712.597	50.810
496.353	5712.592	50.810
496.853	5712.568	50.810
497.353	5712.541	50.810
497.853	5712.509	50.810
498.353	5712.530	50.810
498.853	5712.564	50.810
499.353	5712.518	50.810
499.853	5712.493	50.810
500.353	5712.455	50.810
500.853	5712.469	50.810
501.353	5712.384	50.810
501.853	5712.361	50.810
502.353	5712.413	50.810
502.853	5712.279	50.810
503.353	5712.303	50.810
503.853	5712.320	50.810
504.353	5712.166	50.810
504.853	5712.209	50.810
505.353	5712.288	50.810
505.853	5712.304	50.810
506.353	5712.278	50.810
506.853	5712.151	50.810
507.353	5712.200	50.810
507.853	5712.127	50.810
508.353	5712.136	50.810
508.853	5712.108	50.800
509.353	5712.060	50.810
509.853	5712.117	50.810
510.353	5712.120	50.810
510.853	5712.022	50.810
511.353	5712.069	50.810
511.853	5712.053	50.810
512.353	5711.943	50.800
512.853	5711.996	50.800
513.353	5711.956	50.810
513.853	5711.876	50.810
514.353	5711.921	50.810
514.853	5711.864	50.800
515.353	5711.876	50.810
515.853	5711.929	50.800
516.353	5711.870	50.800
516.853	5711.852	50.800
517.353	5711.895	50.800
517.853	5711.890	50.800
518.353	5711.820	50.800
518.853	5711.836	50.800
519.353	5711.725	50.800
519.853	5711.854	50.800
520.353	5711.743	50.800
520.853	5711.799	50.800
521.353	5711.814	50.800
521.853	5711.762	50.800
522.353	5711.659	50.800
522.853	5711.636	50.800
523.353	5711.635	50.800
523.853	5711.693	50.800
524.353	5711.575	50.800
524.853	5711.533	50.800
525.353	5711.505	50.800
525.853	5711.536	50.800
526.353	5711.537	50.800
526.853	5711.538	50.800
527.353	5711.478	50.800
527.853	5711.407	50.800
528.353	5711.425	50.800
528.853	5711.477	50.800
529.353	5711.484	50.800
529.853	5711.382	50.800
530.353	5711.452	50.800
530.853	5711.416	50.800
531.353	5711.397	50.800
531.853	5711.398	50.800
532.353	5711.353	50.800
532.853	5711.357	50.800
533.353	5711.287	50.800
533.853	5711.242	50.800
534.353	5711.239	50.800
534.853	5711.214	50.800
535.353	5711.328	50.800
535.853	5711.238	50.800
536.353	5711.205	50.800
536.853	5711.156	50.800
537.353	5711.296	50.800
537.853	5711.254	50.800
538.353	5711.252	50.800
538.853	5711.201	50.800
539.353	5711.180	50.800
539.853	5711.148	50.800
540.353	5711.107	50.800
540.853	5711.087	50.800
541.353	5711.095	50.800
541.853	5711.093	50.800
542.353	5711.014	50.800
542.853	5711.036	50.800
543.353	5711.057	50.800
543.853	5711.098	50.800
544.353	5711.057	50.800
544.853	5711.051	50.800
545.353	5711.047	50.800
545.853	5711.055	50.800
546.353	5710.989	50.800
546.853	5710.983	50.800
547.353	5710.997	50.800
547.853	5710.946	50.800
548.353	5710.888	50.790
548.853	5710.894	50.800
549.353	5710.922	50.800
549.853	5710.859	50.800
550.353	5710.888	50.800
550.853	5710.848	50.800
551.353	5710.906	50.800
551.853	5710.864	50.800
552.353	5710.758	50.800
552.853	5710.835	50.800
553.353	5710.883	50.800
553.853	5710.771	50.800
554.353	5710.802	50.800
554.853	5710.726	50.800
555.353	5710.730	50.800
555.853	5710.680	50.800
556.353	5710.662	50.800
556.853	5710.609	50.800
557.353	5710.645	50.800
557.853	5710.623	50.790
558.353	5710.571	50.800
558.853	5710.556	50.800
559.353	5710.553	50.800
559.853	5710.570	50.790
560.353	5710.542	50.790
560.853	5710.573	50.800
561.353	5710.496	50.800
561.853	5710.456	50.790
562.353	5710.538	50.800
562.853	5710.573	50.800
563.353	5710.410	50.790
563.853	5710.385	50.800
564.353	5710.536	50.800
564.853	5710.364	50.800
565.353	5710.424	50.800
565.853	5710.447	50.800
566.353	5710.412	50.800
566.853	5710.432	50.800
567.353	5710.270	50.800
567.853	5710.336	50.800
568.353	5710.296	50.800
568.853	5710.276	50.800
569.353	5710.303	50.800
569.853	5710.217	50.800
570.353	5710.238	50.800
570.853	5710.188	50.800
571.353	5710.157	50.800
571.853	5710.141	50.800
572.353	5710.204	50.800
572.853	5710.141	50.790
573.353	5710.138	50.800
573.853	5710.153	50.790
574.353	5710.092	50.800
574.853	5710.013	50.800
575.353	5710.086	50.800
575.853	5710.061	50.800
576.353	5709.993	50.800
576.853	5710.061	50.800
577.353	5710.074	50.800
577.853	5710.045	50.800
578.353	5710.029	50.800
578.853	5709.947	50.800
579.353	5709.946	50.800
579.853	5709.926	50.800
580.353	5709.936	50.800
580.853	5709.962	50.790
581.353	5709.859	50.800
581.853	5709.872	50.800
582.353	5709.905	50.800
582.853	5709.830	50.790
583.353	5709.854	50.800
583.853	5709.841	50.800
584.353	5709.819	50.800
584.853	5709.827	50.800
585.353	5709.752	50.800
585.853	5709.814	50.800
586.353	5709.673	50.790
586.853	5709.696	50.800
587.353	5709.686	50.800
587.853	5709.650	50.790
588.353	5709.693	50.790
588.853	5709.556	50.800
589.353	5709.646	50.800
589.853	5709.633	50.790
590.353	5709.686	50.790
590.853	5709.650	50.790
591.353	5709.638	50.790
591.853	5709.638	50.790
592.353	5709.624	50.800
592.853	5709.624	50.800
593.353	5709.630	50.800
593.853	5709.620	50.790
594.353	5709.565	50.800
594.853	5709.590	50.790
595.353	5709.553	50.800
595.853	5709.631	50.790
596.353	5709.543	50.800
596.853	5709.532	50.800
597.353	5709.522	50.800
597.853	5709.525	50.790
598.353	5709.485	50.790
598.853	5709.463	50.790
599.353	5709.475	50.790
599.853	5709.497	50.790
600.353	5709.388	50.800
