0.323	12.804	6.516
1.323	12.804	6.521
2.323	12.804	6.525
3.323	12.804	6.530
4.323	12.804	6.534
5.323	12.804	6.539
6.323	12.804	6.542
7.323	12.804	6.544
8.323	12.804	6.545
9.323	12.804	6.549
10.323	12.804	6.550
11.323	12.804	6.554
12.323	12.804	6.555
13.323	12.804	6.557
14.323	12.804	6.558
15.323	12.804	6.560
16.323	12.804	6.561
17.323	12.804	6.564
18.323	12.804	6.566
19.323	12.804	6.566
20.323	12.804	6.567
21.323	12.804	6.568
22.323	12.804	6.568
23.323	12.804	6.571
24.323	12.804	6.572
25.323	12.804	6.573
26.323	12.804	6.573
27.323	12.804	6.574
28.323	12.804	6.574
29.323	12.804	6.577
30.323	12.804	6.579
31.323	12.804	6.579
32.323	12.804	6.578
33.323	12.804	6.578
34.323	12.804	6.580
35.323	12.804	6.580
36.323	12.804	6.583
37.323	12.804	6.583
38.323	12.804	6.584
39.323	12.804	6.584
40.323	12.804	6.584
41.323	12.804	6.587
42.323	12.804	6.586
43.323	12.804	6.588
44.323	12.804	6.588
45.323	12.804	6.587
46.323	12.804	6.588
47.323	12.804	6.591
48.323	12.804	6.590
49.323	12.804	6.591
50.323	12.804	6.591
51.323	12.804	6.591
52.323	12.804	6.592
53.323	12.804	6.593
54.323	12.804	6.592
55.323	12.804	6.595
56.323	12.804	6.595
57.323	12.804	6.593
58.323	12.804	6.593
59.323	12.804	6.596
60.323	12.804	6.598
61.323	12.804	6.597
62.323	12.804	6.596
63.323	12.804	6.596
64.323	12.804	6.599
65.323	12.804	6.599
66.323	12.804	6.598
67.323	12.804	6.599
68.323	12.804	6.601
69.323	12.804	6.599
70.323	12.804	6.600
71.323	12.803	6.601
72.323	12.804	6.601
73.323	12.804	6.602
74.323	12.804	6.600
75.323	12.804	6.602
76.323	12.804	6.601
77.323	12.804	6.602
78.323	12.804	6.605
79.323	12.804	6.605
80.323	12.804	6.606
81.323	12.804	6.606
82.323	12.804	6.605
83.323	12.804	6.604
84.323	12.804	6.605
85.323	12.804	6.607
86.323	12.804	6.607
87.323	12.804	6.607
88.323	12.804	6.605
89.323	12.804	6.607
90.323	12.803	6.607
91.323	12.804	6.609
92.323	12.803	6.610
93.323	12.803	6.608
94.323	12.804	6.607
95.323	12.804	6.608
96.323	12.804	6.610
97.323	12.804	6.611
98.323	12.804	6.611
99.323	12.804	6.609
100.323	12.804	6.610
101.323	12.804	6.611
102.323	12.804	6.611
103.323	12.804	6.611
104.323	12.804	6.612
105.323	12.804	6.611
106.323	12.804	6.611
107.323	12.804	6.612
108.323	12.804	6.612
109.323	12.804	6.614
110.323	12.804	6.614
111.323	12.804	6.613
112.323	12.804	6.613
113.323	12.804	6.614
114.323	12.804	6.614
115.323	12.804	6.616
116.323	12.804	6.616
117.323	12.804	6.615
118.323	12.804	6.615
119.323	12.804	6.616
120.323	12.804	6.616
121.323	12.804	6.615
122.323	12.804	6.616
123.323	12.804	6.617
124.323	12.804	6.618
125.323	12.804	6.617
126.323	12.804	6.617
127.323	12.804	6.616
128.323	12.804	6.619
129.323	12.804	6.619
130.323	12.804	6.619
131.323	12.804	6.618
132.323	12.804	6.618
133.323	12.804	6.619
134.323	12.804	6.619
135.323	12.804	6.619
136.323	12.804	6.620
137.323	12.804	6.619
138.323	12.804	6.619
139.323	12.804	6.620
140.323	12.804	6.620
141.323	12.804	6.620
142.323	12.804	6.622
143.323	12.804	6.622
144.323	12.804	6.620
145.323	12.804	6.621
146.323	12.804	6.621
147.323	12.804	6.623
148.323	12.804	6.623
149.323	12.804	6.622
150.323	12.804	6.622
151.323	12.804	6.622
152.323	12.804	6.623
153.323	12.804	6.624
154.323	12.804	6.624
155.323	12.804	6.624
156.323	12.804	6.623
157.323	12.804	6.623
158.323	12.804	6.623
159.323	12.803	6.625
160.323	12.804	6.625
161.323	12.804	6.624
162.323	12.804	6.624
163.323	12.804	6.624
164.323	12.804	6.626
165.323	12.804	6.625
166.323	12.804	6.626
167.323	12.804	6.626
168.323	12.804	6.625
169.323	12.804	6.624
170.323	12.804	6.626
171.323	12.804	6.627
172.323	12.804	6.627
173.323	12.804	6.628
174.323	12.804	6.627
175.323	12.804	6.628
176.323	12.804	6.628
177.323	12.803	6.628
178.323	12.804	6.627
179.323	12.804	6.629
180.323	12.804	6.627
181.323	12.804	6.626
182.323	12.804	6.627
183.323	12.804	6.628
184.323	12.804	6.628
185.323	12.804	6.629
186.323	12.804	6.628
187.323	12.804	6.629
188.323	12.804	6.630
189.323	12.804	6.631
190.323	12.803	6.630
191.323	12.803	6.630
192.323	12.803	6.631
193.323	12.803	6.628
194.323	12.804	6.628
195.323	12.803	6.631
196.323	12.803	6.629
197.323	12.803	6.630
198.323	12.803	6.630
199.323	12.803	6.630
200.323	12.803	6.632
201.323	12.803	6.629
202.323	12.803	6.631
203.323	12.803	6.632
204.323	12.803	6.631
205.323	12.803	6.631
206.323	12.803	6.632
207.323	12.803	6.633
208.323	12.803	6.634
209.323	12.803	6.632
210.323	12.803	6.632
211.323	12.803	6.631
212.323	12.803	6.631
213.323	12.803	6.634
214.323	12.803	6.634
215.323	12.803	6.632
216.323	12.803	6.632
217.323	12.804	6.633
218.323	12.803	6.632
219.323	12.803	6.634
220.323	12.803	6.635
221.323	12.803	6.635
222.323	12.803	6.633
223.323	12.803	6.633
224.323	12.803	6.634
225.323	12.803	6.634
226.323	12.803	6.635
227.323	12.803	6.635
228.323	12.803	6.634
229.323	12.803	6.636
230.323	12.803	6.634
231.323	12.803	6.637
232.323	12.803	6.635
233.323	12.803	6.636
234.323	12.803	6.634
235.323	12.803	6.636
236.323	12.803	6.632
237.323	12.803	6.635
238.323	12.803	6.637
239.323	12.803	6.635
240.323	12.803	6.638
241.323	12.803	6.636
242.323	12.803	6.635
243.323	12.803	6.638
244.323	12.803	6.636
245.323	12.803	6.637
246.323	12.803	6.637
247.323	12.803	6.636
248.323	12.803	6.636
249.323	12.803	6.636
250.323	12.803	6.637
251.323	12.803	6.638
252.323	12.803	6.637
253.323	12.803	6.637
254.323	12.803	6.637
255.323	12.803	6.637
256.323	12.803	6.640
257.323	12.803	6.637
258.323	12.803	6.639
259.323	12.803	6.638
260.323	12.803	6.636
261.323	12.803	6.637
262.323	12.803	6.639
263.323	12.803	6.638
264.323	12.803	6.638
265.323	12.803	6.638
266.323	12.803	6.639
267.323	12.803	6.637
268.323	12.803	6.640
269.323	12.803	6.638
270.323	12.803	6.639
271.323	12.803	6.640
272.323	12.803	6.640
273.323	12.803	6.639
274.323	12.803	6.638
275.323	12.803	6.639
276.323	12.803	6.640
277.323	12.803	6.641
278.323	12.803	6.641
279.323	12.803	6.641
280.323	12.803	6.639
281.323	12.803	6.640
282.323	12.803	6.642
283.323	12.803	6.642
284.323	12.803	6.641
285.323	12.803	6.641
286.323	12.803	6.640
287.323	12.803	6.641
288.323	12.803	6.641
289.323	12.803	6.641
290.323	12.802	6.641
291.323	12.802	6.640
292.323	12.802	6.641
293.323	12.802	6.643
294.323	12.803	6.640
295.323	12.803	6.643
296.323	12.803	6.642
297.323	12.803	6.642
298.323	12.803	6.641
299.323	12.803	6.643
300.323	12.803	6.642
301.323	12.803	6.642
302.323	12.803	6.643
303.323	12.803	6.643
304.323	12.802	6.642
305.323	12.802	6.642
306.323	12.802	6.643
307.323	12.803	6.642
308.323	12.803	6.643
309.323	12.803	6.643
310.323	12.803	6.642
311.323	12.803	6.643
312.323	12.802	6.643
313.323	12.802	6.644
314.323	12.802	6.644
315.323	12.802	6.644
316.323	12.803	6.644
317.323	12.802	6.645
318.323	12.802	6.643
319.323	12.802	6.644
320.323	12.802	6.644
321.323	12.802	6.645
322.323	12.802	6.644
323.323	12.802	6.645
324.323	12.802	6.643
325.323	12.803	6.645
326.323	12.802	6.646
327.323	12.802	6.645
328.323	12.803	6.645
329.323	12.802	6.644
330.323	12.802	6.645
331.323	12.803	6.645
332.323	12.802	6.645
333.323	12.802	6.646
334.323	12.802	6.645
335.323	12.802	6.645
336.323	12.802	6.645
337.323	12.802	6.646
338.323	12.802	6.646
339.323	12.802	6.646
340.323	12.802	6.645
341.323	12.802	6.645
342.323	12.802	6.647
343.323	12.802	6.645
344.323	12.802	6.647
345.323	12.802	6.647
346.323	12.802	6.645
347.323	12.802	6.645
348.323	12.802	6.647
349.323	12.802	6.647
350.323	12.802	6.647
351.323	12.802	6.647
352.323	12.802	6.647
353.323	12.802	6.645
354.323	12.802	6.647
355.323	12.802	6.649
356.323	12.802	6.647
357.323	12.802	6.647
358.323	12.802	6.647
359.323	12.802	6.647
360.323	12.802	6.647
361.323	12.802	6.647
362.323	12.802	6.648
363.323	12.802	6.648
364.323	12.802	6.647
365.323	12.802	6.648
366.323	12.802	6.648
367.323	12.802	6.648
368.323	12.802	6.648
369.323	12.802	6.649
370.323	12.802	6.647
371.323	12.802	6.648
372.323	12.802	6.648
373.323	12.802	6.649
374.323	12.802	6.650
375.323	12.802	6.648
376.323	12.802	6.647
377.323	12.802	6.648
378.323	12.802	6.648
379.323	12.802	6.648
380.323	12.802	6.650
381.323	12.802	6.649
382.323	12.802	6.649
383.323	12.801	6.649
384.323	12.802	6.651
385.323	12.801	6.650
386.323	12.802	6.650
387.323	12.802	6.651
388.323	12.802	6.649
389.323	12.802	6.649
390.323	12.802	6.649
391.323	12.802	6.650
392.323	12.802	6.650
393.323	12.802	6.650
394.323	12.802	6.649
395.323	12.801	6.649
396.323	12.802	6.651
397.323	12.801	6.651
398.323	12.802	6.651
399.323	12.802	6.651
400.323	12.801	6.651
401.323	12.802	6.649
402.323	12.801	6.650
403.323	12.801	6.651
404.323	12.801	6.651
405.323	12.801	6.652
406.323	12.801	6.651
407.323	12.801	6.650
408.323	12.801	6.651
409.323	12.801	6.650
410.323	12.801	6.651
411.323	12.801	6.651
412.323	12.801	6.651
413.323	12.801	6.650
414.323	12.801	6.650
415.323	12.801	6.651
416.323	12.801	6.651
417.323	12.801	6.652
418.323	12.801	6.651
419.323	12.801	6.651
420.323	12.802	6.651
421.323	12.802	6.653
422.323	12.801	6.652
423.323	12.801	6.651
424.323	12.802	6.652
425.323	12.801	6.652
426.323	12.802	6.652
427.323	12.801	6.653
428.323	12.801	6.653
429.323	12.801	6.653
430.323	12.801	6.652
431.323	12.801	6.654
432.323	12.801	6.653
433.323	12.801	6.653
434.323	12.801	6.653
435.323	12.801	6.654
436.323	12.801	6.653
437.323	12.801	6.653
438.323	12.801	6.653
439.323	12.801	6.653
440.323	12.801	6.654
441.323	12.801	6.653
442.323	12.801	6.654
443.323	12.801	6.653
444.323	12.801	6.654
445.323	12.801	6.653
446.323	12.801	6.654
447.323	12.801	6.654
448.323	12.801	6.653
449.323	12.801	6.653
450.323	12.801	6.653
451.323	12.801	6.654
452.323	12.801	6.654
453.323	12.801	6.655
454.323	12.801	6.654
455.323	12.801	6.653
456.323	12.801	6.653
457.323	12.801	6.654
458.323	12.801	6.654
459.323	12.801	6.655
460.323	12.801	6.654
461.323	12.801	6.653
462.323	12.801	6.654
463.323	12.800	6.655
464.323	12.801	6.655
465.323	12.801	6.654
466.323	12.801	6.653
467.323	12.801	6.653
468.323	12.800	6.655
469.323	12.801	6.655
470.323	12.801	6.656
471.323	12.800	6.654
472.323	12.800	6.657
473.323	12.801	6.656
474.323	12.800	6.654
475.323	12.800	6.656
476.323	12.800	6.656
477.323	12.800	6.655
478.323	12.800	6.656
479.323	12.800	6.655
480.323	12.800	6.655
481.323	12.800	6.656
482.323	12.800	6.656
483.323	12.800	6.656
484.323	12.800	6.657
485.323	12.800	6.655
486.323	12.800	6.655
487.323	12.800	6.657
488.323	12.800	6.658
489.323	12.800	6.658
490.323	12.800	6.657
491.323	12.800	6.657
492.323	12.800	6.656
493.323	12.800	6.655
494.323	12.800	6.657
495.323	12.800	6.657
496.323	12.800	6.658
497.323	12.800	6.656
498.323	12.800	6.656
499.323	12.800	6.656
500.323	12.800	6.659
501.323	12.800	6.657
502.323	12.800	6.657
503.323	12.800	6.656
504.323	12.800	6.658
505.323	12.800	6.656
506.323	12.800	6.656
507.323	12.799	6.657
508.323	12.799	6.657
509.323	12.799	6.657
510.323	12.799	6.657
511.323	12.799	6.656
512.323	12.799	6.657
513.323	12.799	6.656
514.323	12.799	6.657
515.323	12.799	6.657
516.323	12.799	6.657
517.323	12.800	6.657
518.323	12.799	6.657
519.323	12.799	6.659
520.323	12.799	6.657
521.323	12.799	6.656
522.323	12.799	6.656
523.323	12.799	6.657
524.323	12.799	6.659
525.323	12.799	6.657
526.323	12.799	6.660
527.323	12.799	6.657
528.323	12.799	6.658
529.323	12.799	6.657
530.323	12.799	6.659
531.323	12.799	6.658
532.323	12.799	6.658
533.323	12.799	6.658
534.323	12.799	6.657
535.323	12.799	6.659
536.323	12.799	6.658
537.323	12.799	6.658
538.323	12.799	6.659
539.323	12.799	6.657
540.323	12.799	6.658
541.323	12.798	6.658
542.323	12.798	6.659
543.323	12.798	6.660
544.323	12.798	6.660
545.323	12.798	6.659
546.323	12.798	6.659
547.323	12.798	6.657
548.323	12.798	6.659
549.323	12.798	6.658
550.323	12.798	6.660
551.323	12.798	6.659
552.323	12.798	6.658
553.323	12.798	6.659
554.323	12.798	6.659
555.323	12.798	6.659
556.323	12.798	6.659
557.323	12.797	6.658
558.323	12.798	6.658
559.323	12.797	6.658
560.323	12.797	6.660
561.323	12.798	6.659
562.323	12.797	6.659
563.323	12.797	6.660
564.323	12.797	6.658
565.323	12.797	6.658
566.323	12.797	6.658
567.323	12.796	6.658
568.323	12.796	6.660
569.323	12.796	6.659
570.323	12.796	6.658
571.323	12.796	6.659
572.323	12.796	6.659
573.323	12.796	6.659
574.323	12.796	6.658
575.323	12.796	6.659
576.323	12.796	6.660
577.323	12.796	6.659
578.323	12.795	6.658
579.323	12.795	6.659
580.323	12.795	6.660
581.323	12.795	6.659
582.323	12.795	6.659
583.323	12.795	6.659
584.323	12.795	6.658
585.323	12.795	6.660
586.323	12.795	6.660
587.323	12.795	6.660
588.323	12.795	6.660
589.323	12.795	6.659
590.323	12.795	6.660
591.323	12.794	6.659
592.323	12.795	6.660
593.323	12.794	6.660
594.323	12.795	6.660
595.323	12.795	6.659
596.323	12.795	6.661
597.323	12.794	6.660
598.323	12.794	6.660
599.323	12.794	6.659
600.323	12.794	6.660
