0.277	38.326	33.380
1.277	38.326	33.380
2.277	38.326	33.380
3.277	38.326	33.370
4.277	38.326	33.370
5.277	38.327	33.370
6.277	38.327	33.370
7.277	38.327	33.370
8.277	38.327	33.370
9.277	38.327	33.370
10.277	38.326	33.370
11.277	38.326	33.370
12.277	38.326	33.370
13.277	38.327	33.370
14.277	38.326	33.370
15.277	38.326	33.370
16.277	38.326	33.370
17.277	38.327	33.370
18.277	38.327	33.370
19.277	38.327	33.360
20.277	38.327	33.360
21.277	38.327	33.370
22.277	38.327	33.360
23.277	38.327	33.370
24.277	38.327	33.360
25.277	38.327	33.360
26.277	38.327	33.370
27.277	38.328	33.360
28.277	38.328	33.360
29.277	38.328	33.360
30.277	38.328	33.360
31.277	38.328	33.360
32.277	38.328	33.360
33.277	38.328	33.360
34.277	38.328	33.360
35.277	38.328	33.350
36.277	38.327	33.360
37.277	38.327	33.350
38.277	38.327	33.350
39.277	38.327	33.350
40.277	38.327	33.350
41.277	38.327	33.360
42.277	38.327	33.360
43.277	38.327	33.350
44.277	38.327	33.340
45.277	38.327	33.340
46.277	38.327	33.340
47.277	38.327	33.340
48.277	38.327	33.340
49.277	38.327	33.340
50.277	38.327	33.340
51.277	38.327	33.340
52.277	38.327	33.340
53.277	38.327	33.340
54.277	38.326	33.340
55.277	38.326	33.340
56.277	38.326	33.330
57.277	38.326	33.330
58.277	38.326	33.330
59.277	38.326	33.330
60.277	38.326	33.330
61.277	38.327	33.330
62.277	38.327	33.330
63.277	38.327	33.340
64.277	38.327	33.330
65.277	38.327	33.340
66.277	38.326	33.330
67.277	38.327	33.330
68.277	38.327	33.330
69.277	38.326	33.330
70.277	38.327	33.330
71.277	38.326	33.330
72.277	38.326	33.330
73.277	38.326	33.330
74.277	38.326	33.330
75.277	38.326	33.330
76.277	38.326	33.330
77.277	38.327	33.330
78.277	38.327	33.330
79.277	38.326	33.330
80.277	38.326	33.330
81.277	38.327	33.320
82.277	38.326	33.320
83.277	38.327	33.330
84.277	38.327	33.330
85.277	38.326	33.330
86.277	38.326	33.330
87.277	38.327	33.330
88.277	38.327	33.330
89.277	38.327	33.330
90.277	38.327	33.330
91.277	38.327	33.330
92.277	38.327	33.330
93.277	38.327	33.330
94.277	38.327	33.330
95.277	38.327	33.330
96.277	38.327	33.330
97.277	38.327	33.330
98.277	38.327	33.330
99.277	38.327	33.330
100.277	38.327	33.330
101.277	38.327	33.330
102.277	38.327	33.330
103.277	38.327	33.330
104.277	38.327	33.330
105.277	38.327	33.330
106.277	38.327	33.330
107.277	38.327	33.330
108.277	38.327	33.330
109.277	38.328	33.320
110.277	38.327	33.320
111.277	38.327	33.330
112.277	38.327	33.320
113.277	38.328	33.320
114.277	38.328	33.320
115.277	38.328	33.320
116.277	38.328	33.320
117.277	38.328	33.320
118.277	38.328	33.320
119.277	38.328	33.320
120.277	38.328	33.320
121.277	38.329	33.320
122.277	38.329	33.320
123.277	38.329	33.320
124.277	38.328	33.320
125.277	38.329	33.320
126.277	38.328	33.310
127.277	38.328	33.320
128.277	38.329	33.320
129.277	38.328	33.320
130.277	38.328	33.310
131.277	38.328	33.310
132.277	38.328	33.310
133.277	38.328	33.310
134.277	38.328	33.310
135.277	38.328	33.310
136.277	38.328	33.310
137.277	38.328	33.310
138.277	38.328	33.310
139.277	38.328	33.320
140.277	38.328	33.310
141.277	38.328	33.310
142.277	38.328	33.310
143.277	38.328	33.310
144.277	38.328	33.300
145.277	38.328	33.310
146.277	38.328	33.310
147.277	38.328	33.300
148.277	38.328	33.300
149.277	38.328	33.300
150.277	38.328	33.300
151.277	38.328	33.300
152.277	38.328	33.300
153.277	38.328	33.300
154.277	38.328	33.300
155.277	38.328	33.300
156.277	38.328	33.310
157.277	38.328	33.310
158.277	38.328	33.310
159.277	38.328	33.310
160.277	38.328	33.310
161.277	38.328	33.310
162.277	38.328	33.300
163.277	38.328	33.300
164.277	38.327	33.300
165.277	38.328	33.300
166.277	38.328	33.300
167.277	38.327	33.310
168.277	38.327	33.310
169.277	38.327	33.300
170.277	38.327	33.300
171.277	38.327	33.300
172.277	38.328	33.300
173.277	38.327	33.310
174.277	38.328	33.300
175.277	38.328	33.300
176.277	38.328	33.300
177.277	38.328	33.300
178.277	38.328	33.300
179.277	38.328	33.300
180.277	38.328	33.300
181.277	38.328	33.300
182.277	38.328	33.300
183.277	38.328	33.300
184.277	38.328	33.300
185.277	38.328	33.300
186.277	38.328	33.300
187.277	38.328	33.300
188.277	38.328	33.300
189.277	38.329	33.300
190.277	38.328	33.300
191.277	38.328	33.300
192.277	38.328	33.300
193.277	38.329	33.290
194.277	38.329	33.290
195.277	38.329	33.290
196.277	38.330	33.300
197.277	38.329	33.300
198.277	38.329	33.300
199.277	38.328	33.300
200.277	38.329	33.300
201.277	38.329	33.300
202.277	38.328	33.290
203.277	38.328	33.290
204.277	38.328	33.300
205.277	38.329	33.300
206.277	38.328	33.290
207.277	38.329	33.290
208.277	38.329	33.290
209.277	38.329	33.290
210.277	38.328	33.290
211.277	38.329	33.290
212.277	38.329	33.290
213.277	38.329	33.300
214.277	38.329	33.300
215.277	38.329	33.290
216.277	38.329	33.290
217.277	38.328	33.290
218.277	38.329	33.290
219.277	38.329	33.290
220.277	38.329	33.290
221.277	38.328	33.300
222.277	38.329	33.290
223.277	38.329	33.290
224.277	38.329	33.290
225.277	38.329	33.290
226.277	38.329	33.290
227.277	38.329	33.290
228.277	38.328	33.290
229.277	38.329	33.290
230.277	38.329	33.290
231.277	38.329	33.290
232.277	38.329	33.290
233.277	38.329	33.290
234.277	38.329	33.290
235.277	38.329	33.290
236.277	38.329	33.280
237.277	38.329	33.290
238.277	38.330	33.290
239.277	38.330	33.290
240.277	38.329	33.290
241.277	38.330	33.290
242.277	38.329	33.290
243.277	38.329	33.290
244.277	38.330	33.280
245.277	38.329	33.290
246.277	38.330	33.280
247.277	38.330	33.280
248.277	38.329	33.290
249.277	38.329	33.290
250.277	38.329	33.290
251.277	38.329	33.290
252.277	38.329	33.280
253.277	38.329	33.280
254.277	38.329	33.280
255.277	38.329	33.280
256.277	38.329	33.290
257.277	38.328	33.280
258.277	38.329	33.280
259.277	38.329	33.280
260.277	38.329	33.280
261.277	38.329	33.280
262.277	38.329	33.280
263.277	38.329	33.280
264.277	38.329	33.280
265.277	38.329	33.280
266.277	38.328	33.280
267.277	38.328	33.280
268.277	38.328	33.270
269.277	38.328	33.280
270.277	38.328	33.280
271.277	38.328	33.280
272.277	38.328	33.280
273.277	38.328	33.280
274.277	38.328	33.280
275.277	38.329	33.280
276.277	38.328	33.280
277.277	38.329	33.280
278.277	38.328	33.280
279.277	38.329	33.280
280.277	38.329	33.280
281.277	38.328	33.280
282.277	38.328	33.280
283.277	38.328	33.280
284.277	38.328	33.280
285.277	38.328	33.280
286.277	38.328	33.280
287.277	38.329	33.270
288.277	38.328	33.280
289.277	38.329	33.280
290.277	38.328	33.280
291.277	38.328	33.270
292.277	38.329	33.270
293.277	38.329	33.280
294.277	38.328	33.270
295.277	38.328	33.280
296.277	38.328	33.280
297.277	38.328	33.280
298.277	38.328	33.270
299.277	38.328	33.270
300.277	38.328	33.280
301.277	38.328	33.270
302.277	38.328	33.270
303.277	38.328	33.270
304.277	38.327	33.280
305.277	38.327	33.270
306.277	38.328	33.270
307.277	38.327	33.270
308.277	38.328	33.270
309.277	38.328	33.270
310.277	38.327	33.270
311.277	38.328	33.270
312.277	38.327	33.270
313.277	38.327	33.270
314.277	38.327	33.280
315.277	38.327	33.270
316.277	38.327	33.270
317.277	38.327	33.270
318.277	38.328	33.280
319.277	38.328	33.280
320.277	38.328	33.270
321.277	38.328	33.270
322.277	38.328	33.270
323.277	38.327	33.270
324.277	38.328	33.280
325.277	38.328	33.270
326.277	38.328	33.280
327.277	38.328	33.270
328.277	38.328	33.270
329.277	38.328	33.280
330.277	38.328	33.280
331.277	38.328	33.270
332.277	38.327	33.270
333.277	38.328	33.270
334.277	38.327	33.270
335.277	38.328	33.270
336.277	38.328	33.270
337.277	38.327	33.260
338.277	38.328	33.270
339.277	38.327	33.270
340.277	38.328	33.270
341.277	38.328	33.270
342.277	38.328	33.270
343.277	38.328	33.270
344.277	38.327	33.270
345.277	38.327	33.270
346.277	38.327	33.270
347.277	38.327	33.270
348.277	38.327	33.260
349.277	38.327	33.270
350.277	38.327	33.260
351.277	38.327	33.270
352.277	38.328	33.260
353.277	38.328	33.270
354.277	38.327	33.260
355.277	38.327	33.270
356.277	38.327	33.270
357.277	38.328	33.270
358.277	38.328	33.260
359.277	38.328	33.260
360.277	38.328	33.270
361.277	38.328	33.270
362.277	38.328	33.270
363.277	38.328	33.260
364.277	38.328	33.260
365.277	38.329	33.260
366.277	38.329	33.250
367.277	38.329	33.250
368.277	38.329	33.250
369.277	38.329	33.250
370.277	38.329	33.250
371.277	38.330	33.250
372.277	38.330	33.250
373.277	38.330	33.250
374.277	38.329	33.250
375.277	38.329	33.250
376.277	38.330	33.250
377.277	38.330	33.250
378.277	38.330	33.250
379.277	38.330	33.250
380.277	38.329	33.250
381.277	38.329	33.240
382.277	38.329	33.250
383.277	38.329	33.250
384.277	38.329	33.250
385.277	38.329	33.250
386.277	38.329	33.250
387.277	38.328	33.250
388.277	38.328	33.250
389.277	38.328	33.250
390.277	38.328	33.250
391.277	38.328	33.240
392.277	38.328	33.240
393.277	38.328	33.240
394.277	38.328	33.240
395.277	38.328	33.250
396.277	38.328	33.240
397.277	38.328	33.240
398.277	38.328	33.250
399.277	38.328	33.240
400.277	38.328	33.250
401.277	38.328	33.250
402.277	38.328	33.250
403.277	38.328	33.250
404.277	38.328	33.240
405.277	38.328	33.240
406.277	38.328	33.250
407.277	38.328	33.250
408.277	38.328	33.250
409.277	38.328	33.250
410.277	38.329	33.250
411.277	38.328	33.250
412.277	38.328	33.250
413.277	38.328	33.250
414.277	38.328	33.250
415.277	38.328	33.250
416.277	38.328	33.250
417.277	38.328	33.250
418.277	38.328	33.240
419.277	38.328	33.240
420.277	38.329	33.240
421.277	38.328	33.240
422.277	38.328	33.240
423.277	38.329	33.240
424.277	38.328	33.240
425.277	38.329	33.240
426.277	38.329	33.250
427.277	38.329	33.250
428.277	38.329	33.240
429.277	38.329	33.240
430.277	38.329	33.240
431.277	38.329	33.250
432.277	38.329	33.240
433.277	38.329	33.250
434.277	38.328	33.250
435.277	38.328	33.250
436.277	38.328	33.240
437.277	38.328	33.240
438.277	38.328	33.240
439.277	38.328	33.240
440.277	38.328	33.240
441.277	38.328	33.240
442.277	38.328	33.240
443.277	38.328	33.240
444.277	38.328	33.240
445.277	38.328	33.250
446.277	38.328	33.240
447.277	38.328	33.240
448.277	38.328	33.240
449.277	38.328	33.240
450.277	38.328	33.240
451.277	38.328	33.240
452.277	38.328	33.240
453.277	38.328	33.240
454.277	38.328	33.250
455.277	38.328	33.250
456.277	38.328	33.250
457.277	38.328	33.250
458.277	38.328	33.250
459.277	38.328	33.250
460.277	38.328	33.250
461.277	38.328	33.250
462.277	38.328	33.250
463.277	38.328	33.250
464.277	38.327	33.250
465.277	38.327	33.250
466.277	38.327	33.250
467.277	38.327	33.250
468.277	38.327	33.250
469.277	38.327	33.250
470.277	38.327	33.250
471.277	38.327	33.250
472.277	38.327	33.250
473.277	38.327	33.250
474.277	38.327	33.250
475.277	38.327	33.240
476.277	38.327	33.250
477.277	38.327	33.250
478.277	38.327	33.240
479.277	38.327	33.240
480.277	38.327	33.240
481.277	38.327	33.240
482.277	38.327	33.250
483.277	38.327	33.250
484.277	38.327	33.240
485.277	38.328	33.240
486.277	38.328	33.240
487.277	38.328	33.240
488.277	38.327	33.240
489.277	38.327	33.240
490.277	38.328	33.240
491.277	38.328	33.240
492.277	38.327	33.240
493.277	38.327	33.240
494.277	38.327	33.240
495.277	38.327	33.240
496.277	38.327	33.240
497.277	38.326	33.240
498.277	38.327	33.240
499.277	38.327	33.240
500.277	38.327	33.240
501.277	38.327	33.240
502.277	38.328	33.240
503.277	38.328	33.240
504.277	38.328	33.240
505.277	38.328	33.240
506.277	38.328	33.240
507.277	38.328	33.240
508.277	38.327	33.230
509.277	38.328	33.230
510.277	38.328	33.240
511.277	38.328	33.230
512.277	38.328	33.240
513.277	38.328	33.230
514.277	38.327	33.230
515.277	38.327	33.240
516.277	38.327	33.230
517.277	38.328	33.240
518.277	38.328	33.240
519.277	38.328	33.240
520.277	38.328	33.240
521.277	38.328	33.230
522.277	38.328	33.230
523.277	38.328	33.230
524.277	38.328	33.230
525.277	38.328	33.230
526.277	38.328	33.230
527.277	38.328	33.240
528.277	38.328	33.240
529.277	38.328	33.230
530.277	38.328	33.230
531.277	38.328	33.230
532.277	38.328	33.230
533.277	38.327	33.230
534.277	38.328	33.230
535.277	38.328	33.230
536.277	38.328	33.230
537.277	38.328	33.230
538.277	38.327	33.230
539.277	38.327	33.230
540.277	38.327	33.230
541.277	38.327	33.240
542.277	38.327	33.230
543.277	38.327	33.230
544.277	38.327	33.230
545.277	38.327	33.230
546.277	38.327	33.230
547.277	38.328	33.230
548.277	38.328	33.230
549.277	38.327	33.240
550.277	38.327	33.230
551.277	38.327	33.230
552.277	38.327	33.230
553.277	38.327	33.220
554.277	38.327	33.230
555.277	38.327	33.230
556.277	38.327	33.230
557.277	38.327	33.230
558.277	38.327	33.230
559.277	38.327	33.230
560.277	38.327	33.230
561.277	38.327	33.230
562.277	38.327	33.230
563.277	38.327	33.230
564.277	38.327	33.230
565.277	38.327	33.230
566.277	38.327	33.230
567.277	38.328	33.220
568.277	38.327	33.220
569.277	38.328	33.230
570.277	38.327	33.230
571.277	38.327	33.230
572.277	38.327	33.230
573.277	38.327	33.230
574.277	38.327	33.230
575.277	38.327	33.230
576.277	38.327	33.230
577.277	38.327	33.220
578.277	38.328	33.220
579.277	38.327	33.220
580.277	38.327	33.230
581.277	38.327	33.230
582.277	38.327	33.230
583.277	38.327	33.230
584.277	38.328	33.230
585.277	38.328	33.230
586.277	38.327	33.230
587.277	38.328	33.230
588.277	38.327	33.230
589.277	38.328	33.230
590.277	38.327	33.230
591.277	38.328	33.230
592.277	38.327	33.230
593.277	38.327	33.230
594.277	38.328	33.220
595.277	38.327	33.220
596.277	38.328	33.220
597.277	38.327	33.220
598.277	38.327	33.220
599.277	38.327	33.220
600.277	38.327	33.220
601.277	38.327	33.220
602.277	38.327	33.230
603.277	38.327	33.220
604.277	38.327	33.220
605.277	38.327	33.220
606.277	38.327	33.220
607.277	38.327	33.220
608.277	38.327	33.220
609.277	38.327	33.220
610.277	38.327	33.220
611.277	38.327	33.220
612.277	38.327	33.220
613.277	38.327	33.220
614.277	38.328	33.220
615.277	38.328	33.220
616.277	38.327	33.220
617.277	38.328	33.220
618.277	38.328	33.220
619.277	38.327	33.220
620.277	38.327	33.220
621.277	38.328	33.220
622.277	38.328	33.230
623.277	38.328	33.220
624.277	38.328	33.220
625.277	38.328	33.220
626.277	38.328	33.220
627.277	38.328	33.220
628.277	38.328	33.220
629.277	38.328	33.220
630.277	38.328	33.220
631.277	38.328	33.220
632.277	38.328	33.220
633.277	38.328	33.230
634.277	38.328	33.220
635.277	38.328	33.220
636.277	38.328	33.220
637.277	38.328	33.220
638.277	38.327	33.220
639.277	38.328	33.220
640.277	38.328	33.220
641.277	38.328	33.220
642.277	38.328	33.220
643.277	38.328	33.230
644.277	38.328	33.230
645.277	38.328	33.220
646.277	38.329	33.220
647.277	38.328	33.220
648.277	38.328	33.220
649.277	38.328	33.220
650.277	38.328	33.220
651.277	38.329	33.220
652.277	38.329	33.220
653.277	38.328	33.220
654.277	38.329	33.220
655.277	38.329	33.220
656.277	38.329	33.220
657.277	38.329	33.220
658.277	38.328	33.220
659.277	38.329	33.220
660.277	38.329	33.220
661.277	38.328	33.230
662.277	38.329	33.220
663.277	38.329	33.220
664.277	38.329	33.220
665.277	38.329	33.220
666.277	38.329	33.220
667.277	38.329	33.220
668.277	38.329	33.220
669.277	38.329	33.220
670.277	38.328	33.220
671.277	38.329	33.220
672.277	38.329	33.220
673.277	38.329	33.220
674.277	38.329	33.220
675.277	38.328	33.220
676.277	38.328	33.220
677.277	38.329	33.220
678.277	38.328	33.220
679.277	38.329	33.220
680.277	38.329	33.220
681.277	38.329	33.220
682.277	38.329	33.220
683.277	38.329	33.220
684.277	38.328	33.220
685.277	38.328	33.220
686.277	38.328	33.220
687.277	38.328	33.220
688.277	38.328	33.210
689.277	38.328	33.210
690.277	38.328	33.220
691.277	38.328	33.220
692.277	38.328	33.220
693.277	38.328	33.220
694.277	38.327	33.220
695.277	38.327	33.220
696.277	38.327	33.220
697.277	38.327	33.220
698.277	38.328	33.220
699.277	38.328	33.220
700.277	38.328	33.220
701.277	38.328	33.220
702.277	38.328	33.220
703.277	38.328	33.220
704.277	38.328	33.220
705.277	38.328	33.220
706.277	38.328	33.220
707.277	38.328	33.220
708.277	38.328	33.220
709.277	38.328	33.220
710.277	38.328	33.220
711.277	38.329	33.220
712.277	38.329	33.220
713.277	38.329	33.220
714.277	38.329	33.220
715.277	38.329	33.220
716.277	38.329	33.220
717.277	38.329	33.220
718.277	38.329	33.220
719.277	38.329	33.220
720.277	38.329	33.220
721.277	38.329	33.220
722.277	38.329	33.220
723.277	38.329	33.220
724.277	38.329	33.220
725.277	38.328	33.220
726.277	38.328	33.220
727.277	38.329	33.220
728.277	38.329	33.220
729.277	38.329	33.220
730.277	38.329	33.220
731.277	38.328	33.220
732.277	38.329	33.220
733.277	38.329	33.220
734.277	38.329	33.220
735.277	38.329	33.220
736.277	38.329	33.220
737.277	38.329	33.220
738.277	38.329	33.220
739.277	38.329	33.210
740.277	38.329	33.220
741.277	38.329	33.220
742.277	38.329	33.210
743.277	38.329	33.210
744.277	38.329	33.220
745.277	38.329	33.220
746.277	38.329	33.220
747.277	38.329	33.220
748.277	38.329	33.220
749.277	38.328	33.220
750.277	38.329	33.220
751.277	38.328	33.220
752.277	38.329	33.220
753.277	38.329	33.220
754.277	38.329	33.220
755.277	38.329	33.220
756.277	38.328	33.220
757.277	38.329	33.220
758.277	38.329	33.220
759.277	38.330	33.220
760.277	38.330	33.220
761.277	38.330	33.210
762.277	38.330	33.210
763.277	38.330	33.210
764.277	38.330	33.220
765.277	38.330	33.210
766.277	38.330	33.210
767.277	38.330	33.220
768.277	38.330	33.210
769.277	38.330	33.210
770.277	38.329	33.210
771.277	38.330	33.210
772.277	38.330	33.220
773.277	38.329	33.220
774.277	38.329	33.220
775.277	38.328	33.220
776.277	38.329	33.220
777.277	38.329	33.220
778.277	38.329	33.220
779.277	38.329	33.210
780.277	38.329	33.210
781.277	38.329	33.220
782.277	38.329	33.210
783.277	38.330	33.220
784.277	38.329	33.220
785.277	38.329	33.220
786.277	38.329	33.220
787.277	38.329	33.210
788.277	38.328	33.220
789.277	38.329	33.210
790.277	38.329	33.210
791.277	38.329	33.210
792.277	38.328	33.210
793.277	38.329	33.210
794.277	38.328	33.200
795.277	38.328	33.210
796.277	38.328	33.200
797.277	38.328	33.200
798.277	38.328	33.200
799.277	38.328	33.200
800.277	38.328	33.200
801.277	38.329	33.200
802.277	38.329	33.210
803.277	38.329	33.200
804.277	38.330	33.220
805.277	38.329	33.210
806.277	38.330	33.200
807.277	38.330	33.200
808.277	38.330	33.210
809.277	38.330	33.210
810.277	38.330	33.220
811.277	38.330	33.210
812.277	38.331	33.210
813.277	38.331	33.210
814.277	38.330	33.210
815.277	38.330	33.210
816.277	38.330	33.210
817.277	38.330	33.210
818.277	38.330	33.210
819.277	38.330	33.200
820.277	38.330	33.200
821.277	38.330	33.210
822.277	38.330	33.210
