0.633	-0.002	-0.000
1.633	-0.002	-0.000
2.633	-0.002	0.000
3.633	-0.002	0.000
4.633	-0.002	-0.000
5.633	-0.002	0.000
6.633	-0.002	0.000
7.633	-0.002	-0.000
8.633	-0.002	-0.000
9.633	-0.002	-0.000
10.633	-0.002	0.001
11.633	-0.002	-0.000
12.633	-0.002	0.000
13.633	-0.002	-0.000
14.633	-0.002	-0.000
15.633	-0.002	0.000
16.633	-0.002	0.000
17.633	-0.002	-0.000
18.633	-0.002	-0.000
19.633	-0.002	0.000
20.633	-0.002	0.000
21.633	-0.002	-0.000
22.633	-0.002	-0.000
23.633	-0.002	0.000
24.633	-0.002	0.000
25.633	-0.002	-0.000
26.633	-0.002	-0.001
27.633	-0.002	-0.000
28.633	-0.002	0.000
29.633	-0.002	-0.000
30.633	-0.002	-0.000
31.633	-0.002	0.000
32.633	-0.002	-0.000
33.633	-0.002	-0.000
34.633	-0.002	0.000
35.633	-0.002	0.000
36.633	-0.002	-0.000
37.633	-0.002	-0.000
38.633	-0.002	-0.001
39.633	-0.002	-0.000
40.633	-0.002	0.000
41.633	-0.002	0.001
42.633	-0.002	-0.000
43.633	-0.002	-0.001
44.633	-0.002	-0.000
45.633	-0.002	0.000
46.633	-0.002	0.000
47.633	-0.002	-0.000
48.633	-0.002	0.000
49.633	-0.002	0.000
50.633	-0.002	-0.000
51.633	-0.002	-0.000
52.633	-0.002	0.000
53.633	-0.002	0.000
54.633	-0.002	-0.000
55.633	-0.002	-0.010
56.633	-0.002	-0.001
57.633	-0.002	0.000
58.633	-0.002	-0.000
59.633	-0.002	-0.001
60.633	-0.002	0.000
61.633	-0.002	0.000
62.633	-0.002	-0.000
63.633	-0.002	0.000
64.633	-0.002	-0.001
65.633	-0.002	-0.001
66.633	-0.002	-0.000
67.633	-0.002	-0.000
68.633	-0.002	-0.000
69.633	-0.002	0.000
70.633	-0.002	0.000
71.633	-0.002	0.000
72.633	-0.002	-0.000
73.633	-0.002	0.000
74.633	-0.002	0.000
75.633	-0.002	-0.000
76.633	-0.002	-0.000
77.633	-0.002	0.000
78.633	-0.002	0.000
79.633	-0.002	-0.000
80.633	-0.002	-0.000
81.633	-0.002	0.000
82.633	-0.002	0.000
83.633	-0.001	-0.000
84.633	-0.002	-0.000
85.633	-0.002	0.000
86.633	-0.002	0.000
87.633	-0.002	-0.000
88.633	-0.002	0.000
89.633	-0.002	0.000
90.633	-0.002	0.000
91.633	-0.002	-0.000
92.633	-0.002	-0.000
93.633	-0.002	0.000
94.633	-0.002	0.001
95.633	-0.002	-0.000
96.633	-0.002	-0.000
97.633	-0.002	-0.000
98.633	-0.002	-0.000
99.633	-0.002	0.000
100.633	-0.002	-0.000
101.633	-0.002	-0.000
102.633	-0.002	-0.001
103.633	-0.002	0.010
104.633	-0.002	-0.000
105.633	-0.002	-0.000
106.633	-0.002	0.001
107.633	-0.002	0.000
108.633	-0.002	-0.000
109.633	-0.002	-0.000
110.633	-0.002	0.000
111.633	-0.002	0.000
112.633	-0.002	0.000
113.633	-0.002	-0.000
114.633	-0.002	0.000
115.633	-0.002	-0.000
116.633	-0.002	-0.000
117.633	-0.002	-0.000
118.633	-0.001	0.000
119.633	-0.002	0.001
120.633	-0.001	-0.000
121.633	-0.002	-0.000
122.633	-0.002	-0.000
123.633	-0.002	0.000
124.633	-0.002	0.000
125.633	-0.001	-0.000
126.633	-0.001	-0.001
127.633	-0.002	0.000
128.633	-0.001	0.000
129.633	-0.002	-0.000
130.633	-0.002	-0.001
131.633	-0.001	0.000
132.633	-0.001	0.000
133.633	-0.001	-0.000
134.633	-0.001	-0.000
135.633	-0.001	0.000
136.633	-0.001	0.000
137.633	-0.002	-0.000
138.633	-0.002	-0.000
139.633	-0.001	0.000
140.633	-0.002	0.001
141.633	-0.001	-0.000
142.633	-0.001	-0.000
143.633	-0.001	0.000
144.633	-0.002	-0.000
145.633	-0.001	-0.000
146.633	-0.001	-0.000
147.633	-0.001	0.000
148.633	-0.001	0.000
149.633	-0.001	-0.000
150.633	-0.001	-0.000
151.633	-0.002	-0.000
152.633	-0.002	0.000
153.633	-0.001	0.000
154.633	-0.001	-0.000
155.633	-0.002	-0.000
156.633	-0.001	0.000
157.633	-0.002	-0.000
158.633	-0.002	-0.000
159.633	-0.001	-0.000
160.633	-0.001	0.000
161.633	-0.001	0.000
162.633	-0.001	-0.000
163.633	-0.001	-0.000
164.633	-0.001	0.000
165.633	-0.001	-0.000
166.633	-0.002	-0.000
167.633	-0.001	-0.000
168.633	-0.001	0.000
169.633	-0.001	0.000
170.633	-0.001	-0.000
171.633	-0.001	-0.000
172.633	-0.001	0.000
173.633	-0.001	0.000
174.633	-0.001	-0.000
175.633	-0.001	-0.001
176.633	-0.001	0.000
177.633	-0.001	0.000
178.633	-0.001	-0.000
179.633	-0.001	-0.001
180.633	-0.001	0.000
181.633	-0.001	-0.000
182.633	-0.001	-0.000
183.633	-0.001	-0.000
184.633	-0.001	0.000
185.633	-0.001	-0.000
186.633	-0.001	0.000
187.633	-0.001	-0.000
188.633	-0.001	-0.000
189.633	-0.001	-0.001
190.633	-0.001	0.000
191.633	-0.001	-0.001
192.633	-0.001	-0.000
193.633	-0.001	-0.000
194.633	-0.001	0.001
195.633	-0.001	-0.000
196.633	-0.001	-0.000
197.633	-0.001	0.000
198.633	-0.001	0.000
199.633	-0.001	-0.000
200.633	-0.001	-0.000
201.633	-0.001	0.000
202.633	-0.001	0.000
203.633	-0.001	-0.000
204.633	-0.001	0.000
205.633	-0.001	0.000
206.633	-0.001	-0.000
207.633	-0.001	-0.000
208.633	-0.001	-0.001
209.633	-0.001	0.000
210.633	-0.001	0.000
211.633	-0.001	-0.000
212.633	-0.001	-0.000
213.633	-0.001	0.000
214.633	-0.001	0.000
215.633	-0.001	-0.000
216.633	-0.001	0.000
217.633	-0.001	0.001
218.633	-0.001	0.000
219.633	-0.001	0.000
220.633	-0.001	-0.000
221.633	-0.001	-0.000
222.633	-0.001	0.000
223.633	-0.001	0.000
224.633	-0.001	-0.000
225.633	-0.001	-0.000
226.633	-0.001	-0.000
227.633	-0.001	0.000
228.633	-0.001	-0.000
229.633	-0.001	-0.000
230.633	-0.001	0.000
231.633	-0.001	-0.000
232.633	-0.001	-0.000
233.633	-0.001	0.000
234.633	-0.001	0.000
235.633	-0.001	0.000
236.633	-0.001	-0.000
237.633	-0.001	-0.000
238.633	-0.001	-0.000
239.633	-0.001	-0.000
240.633	-0.001	0.000
241.633	-0.001	0.000
242.633	-0.001	0.000
243.633	-0.001	0.001
244.633	-0.001	0.000
245.633	-0.001	-0.000
246.633	-0.001	-0.000
247.633	-0.001	-0.000
248.633	-0.001	-0.001
249.633	-0.001	-0.000
250.633	-0.001	-0.000
251.633	-0.001	0.000
252.633	-0.001	-0.000
253.633	-0.001	-0.000
254.633	-0.001	-0.000
255.633	-0.001	0.000
256.633	-0.001	0.001
257.633	-0.001	-0.000
258.633	-0.001	-0.000
259.633	-0.001	0.000
260.633	-0.001	0.000
261.633	-0.001	0.000
262.633	-0.001	-0.000
263.633	-0.001	-0.000
264.633	-0.001	-0.000
265.633	-0.001	-0.000
266.633	-0.000	-0.000
267.633	-0.001	-0.000
268.633	-0.001	0.000
269.633	-0.001	0.000
270.633	-0.001	-0.001
271.633	-0.001	-0.000
272.633	-0.000	0.000
273.633	-0.001	-0.001
274.633	-0.000	-0.000
275.633	-0.000	-0.000
276.633	-0.000	0.000
277.633	-0.000	0.000
278.633	-0.001	-0.001
279.633	-0.000	0.000
280.633	-0.000	0.000
281.633	-0.000	0.000
282.633	-0.000	0.000
283.633	-0.000	-0.000
284.633	-0.000	0.000
285.633	-0.000	0.000
286.633	-0.000	-0.000
287.633	-0.000	-0.000
288.633	-0.000	0.000
289.633	-0.000	-0.000
290.633	-0.000	-0.000
291.633	-0.000	-0.000
292.633	-0.000	0.000
293.633	-0.000	0.000
294.633	-0.000	-0.000
295.633	-0.000	-0.000
296.633	-0.000	0.001
297.633	-0.000	0.001
298.633	-0.000	-0.000
299.633	-0.000	-0.001
300.633	-0.000	0.000
301.633	-0.000	-0.000
302.633	-0.000	0.000
303.633	-0.000	0.000
304.633	-0.000	-0.000
305.633	-0.001	-0.000
306.633	-0.000	0.000
307.633	-0.000	-0.000
308.633	-0.000	-0.000
309.633	-0.001	0.000
310.633	-0.001	0.000
311.633	-0.000	-0.000
312.633	-0.000	0.000
313.633	-0.000	-0.000
314.633	-0.000	-0.000
315.633	-0.000	-0.000
316.633	-0.000	-0.000
317.633	-0.000	0.000
318.633	-0.001	0.000
319.633	-0.000	-0.000
320.633	-0.000	-0.000
321.633	-0.001	0.000
322.633	-0.000	0.000
323.633	-0.000	0.000
324.633	-0.000	-0.000
325.633	-0.000	-0.000
326.633	-0.000	-0.000
327.633	-0.000	-0.001
328.633	-0.001	-0.000
329.633	-0.001	0.000
330.633	-0.001	0.000
331.633	-0.001	-0.000
332.633	-0.001	-0.001
333.633	-0.000	-0.000
334.633	-0.001	0.000
335.633	-0.001	0.000
336.633	-0.001	-0.000
337.633	-0.001	0.000
338.633	-0.000	0.000
339.633	-0.000	0.000
340.633	-0.001	-0.000
341.633	-0.001	-0.000
342.633	-0.001	0.000
343.633	-0.001	-0.000
344.633	-0.001	-0.000
345.633	-0.001	-0.000
346.633	-0.001	0.000
347.633	-0.001	0.000
348.633	-0.001	-0.000
349.633	-0.001	-0.000
350.633	-0.001	-0.000
351.633	-0.001	0.000
352.633	-0.001	-0.000
353.633	-0.001	0.000
354.633	-0.001	0.000
355.633	-0.001	0.001
356.633	-0.001	-0.000
357.633	-0.000	-0.000
358.633	-0.001	0.000
359.633	-0.000	0.000
360.633	-0.000	-0.000
361.633	-0.000	0.000
362.633	-0.000	0.000
363.633	-0.000	0.000
364.633	-0.000	-0.000
365.633	-0.000	-0.000
366.633	-0.000	0.000
367.633	-0.000	0.000
368.633	-0.000	-0.000
369.633	-0.000	0.000
370.633	-0.000	0.000
371.633	-0.000	0.000
372.633	-0.000	0.000
373.633	-0.000	-0.000
374.633	-0.000	-0.000
375.633	-0.000	-0.000
376.633	-0.000	0.000
377.633	-0.000	0.000
378.633	-0.000	-0.000
379.633	-0.000	0.000
380.633	-0.000	0.000
381.633	-0.000	-0.000
382.633	-0.000	-0.000
383.633	-0.000	0.000
384.633	-0.000	0.000
385.633	-0.000	-0.000
386.633	-0.000	-0.000
387.633	-0.000	0.000
388.633	-0.000	-0.000
389.633	-0.000	-0.000
390.633	-0.000	-0.001
391.633	-0.000	-0.000
392.633	-0.000	0.000
393.633	-0.000	-0.000
394.633	-0.000	0.000
395.633	-0.000	-0.001
396.633	-0.000	0.000
397.633	-0.000	-0.000
398.633	-0.000	0.000
399.633	-0.000	0.000
400.633	-0.000	0.001
401.633	-0.000	0.000
402.633	-0.000	-0.000
403.633	-0.000	-0.001
404.633	-0.000	0.000
405.633	-0.000	0.000
406.633	-0.000	0.000
407.633	-0.000	-0.000
408.633	-0.000	-0.000
409.633	-0.000	-0.001
410.633	-0.000	-0.000
411.633	-0.000	-0.000
412.633	-0.000	0.000
413.633	-0.000	0.000
414.633	-0.000	-0.000
415.633	-0.000	-0.000
416.633	-0.000	0.000
417.633	-0.000	0.000
418.633	-0.000	-0.000
419.633	-0.000	-0.000
420.633	-0.000	0.000
421.633	-0.000	0.000
422.633	-0.000	-0.000
423.633	-0.000	-0.000
424.633	-0.000	0.000
425.633	-0.000	0.000
426.633	-0.000	-0.001
427.633	-0.000	0.000
428.633	-0.000	0.001
429.633	-0.000	-0.000
430.633	-0.000	-0.000
431.633	-0.000	0.000
432.633	-0.000	-0.000
433.633	-0.000	-0.000
434.633	-0.000	0.000
435.633	0.000	0.000
436.633	-0.000	0.000
437.633	-0.000	0.000
438.633	-0.000	-0.000
439.633	-0.000	-0.000
440.633	-0.000	0.000
441.633	-0.000	0.000
442.633	-0.000	0.000
443.633	-0.000	-0.000
444.633	-0.000	-0.000
445.633	-0.000	0.000
446.633	-0.000	0.000
447.633	-0.000	-0.000
448.633	-0.000	-0.000
449.633	-0.000	0.000
450.633	-0.000	0.001
451.633	-0.000	-0.000
452.633	-0.000	-0.000
453.633	-0.000	0.000
454.633	-0.000	0.000
455.633	-0.000	-0.000
456.633	-0.000	-0.000
457.633	-0.000	0.000
458.633	-0.000	0.000
459.633	-0.000	-0.000
460.633	-0.000	0.000
461.633	-0.000	0.000
462.633	-0.000	0.001
463.633	-0.000	-0.000
464.633	-0.000	-0.000
465.633	-0.000	0.000
466.633	-0.000	-0.000
467.633	-0.000	-0.000
468.633	-0.000	0.000
469.633	-0.000	0.000
470.633	-0.000	0.000
471.633	-0.000	-0.000
472.633	-0.000	-0.000
473.633	-0.000	0.000
474.633	-0.000	0.000
475.633	-0.001	-0.000
476.633	-0.000	-0.000
477.633	-0.000	0.000
478.633	-0.000	0.000
479.633	-0.000	-0.000
480.633	-0.000	0.000
481.633	-0.000	0.000
482.633	-0.000	0.000
483.633	-0.000	0.000
484.633	-0.000	0.000
485.633	-0.000	-0.000
486.633	-0.000	0.000
487.633	-0.000	0.000
488.633	-0.000	-0.000
489.633	-0.000	-0.000
490.633	-0.000	0.000
491.633	-0.000	0.000
492.633	-0.000	0.001
493.633	-0.000	0.000
494.633	-0.000	0.000
495.633	-0.000	0.000
496.633	-0.000	-0.000
497.633	-0.000	-0.000
498.633	-0.000	0.000
499.633	-0.000	0.000
500.633	-0.000	-0.000
501.633	-0.000	-0.000
502.633	-0.000	-0.001
503.633	-0.000	0.000
504.633	-0.000	-0.000
505.633	-0.000	-0.000
506.633	-0.000	0.000
507.633	-0.000	0.000
508.633	-0.000	-0.000
509.633	-0.000	-0.000
510.633	-0.000	0.000
511.633	-0.000	0.000
512.633	-0.000	0.000
513.633	-0.000	0.000
514.633	-0.000	0.000
515.633	-0.000	0.000
516.633	-0.000	-0.000
517.633	-0.000	-0.000
518.633	-0.000	0.000
519.633	-0.000	-0.001
520.633	-0.000	-0.000
521.633	-0.000	0.000
522.633	-0.000	0.000
523.633	-0.000	-0.000
524.633	0.000	0.000
525.633	-0.000	-0.000
526.633	0.000	0.000
527.633	-0.000	0.000
528.633	-0.000	0.000
529.633	-0.000	-0.000
530.633	-0.000	-0.000
531.633	-0.000	0.000
532.633	-0.000	0.000
533.633	-0.000	0.000
534.633	-0.000	-0.000
535.633	-0.000	0.001
536.633	-0.000	0.000
537.633	-0.000	0.001
538.633	-0.000	0.000
539.633	-0.000	0.000
540.633	-0.000	0.000
541.633	-0.000	-0.000
542.633	-0.000	-0.000
543.633	-0.000	0.000
544.633	0.000	0.000
545.633	-0.000	-0.000
546.633	-0.000	-0.000
547.633	-0.000	0.000
548.633	-0.000	0.000
549.633	-0.000	-0.001
550.633	-0.000	0.000
551.633	-0.000	0.000
552.633	0.000	0.000
553.633	0.000	-0.000
554.633	-0.000	0.001
555.633	-0.000	0.000
556.633	-0.000	0.000
557.633	-0.000	0.000
558.633	-0.000	0.000
559.633	0.000	0.000
560.633	0.000	-0.000
561.633	0.000	-0.000
562.633	0.000	0.001
563.633	0.000	0.000
564.633	-0.000	0.000
565.633	-0.000	0.001
566.633	-0.000	-0.001
567.633	0.000	0.000
568.633	0.000	0.001
569.633	0.000	0.000
570.633	0.000	0.000
571.633	0.000	-0.000
572.633	0.000	0.001
573.633	0.000	0.000
574.633	0.000	-0.000
575.633	0.000	-0.000
576.633	-0.000	0.000
577.633	-0.000	0.000
578.633	0.000	0.000
579.633	-0.000	-0.000
580.633	0.000	0.000
581.633	0.000	0.000
582.633	0.000	-0.000
583.633	-0.000	-0.000
584.633	0.000	0.000
585.633	-0.000	0.000
586.633	0.000	0.001
587.633	0.000	-0.000
588.633	0.000	0.000
589.633	-0.000	0.000
590.633	0.000	-0.000
591.633	-0.000	-0.000
592.633	-0.000	0.000
593.633	0.000	0.000
594.633	0.000	-0.000
595.633	0.000	-0.000
596.633	-0.000	0.000
597.633	-0.000	0.000
598.633	0.000	0.000
599.633	-0.000	-0.000
600.633	0.000	0.000
601.633	-0.000	0.000
602.633	0.000	-0.000
603.633	-0.000	-0.000
604.633	0.000	0.000
605.633	-0.000	0.000
606.633	-0.000	-0.000
607.633	-0.000	-0.000
608.633	0.000	0.001
609.633	0.000	0.000
610.633	0.000	0.000
611.633	0.000	0.000
612.633	-0.000	0.000
613.633	0.000	0.000
614.633	0.000	-0.000
615.633	-0.000	0.000
616.633	0.000	0.000
617.633	0.000	0.000
618.633	-0.000	0.000
619.633	-0.000	0.000
620.633	0.000	-0.000
621.633	-0.000	0.000
622.633	-0.000	0.000
623.633	0.000	0.000
624.633	-0.000	0.000
625.633	-0.000	0.000
626.633	-0.000	0.000
627.633	0.000	0.001
628.633	0.000	0.000
629.633	0.000	0.000
630.633	0.000	0.000
631.633	0.000	-0.000
632.633	0.000	-0.000
633.633	0.000	0.000
634.633	-0.000	0.000
635.633	0.000	-0.000
636.633	-0.000	-0.000
637.633	0.000	0.000
638.633	0.000	-0.000
639.633	0.000	-0.000
640.633	-0.000	-0.000
641.633	-0.000	0.000
642.633	0.000	0.000
643.633	0.000	-0.000
644.633	0.000	-0.000
645.633	-0.000	0.000
646.633	-0.000	0.000
647.633	-0.000	-0.000
648.633	-0.000	-0.000
649.633	-0.000	0.000
650.633	-0.000	0.000
651.633	-0.000	-0.000
652.633	-0.000	-0.000
653.633	-0.000	0.000
654.633	-0.000	0.000
655.633	-0.000	0.000
656.633	-0.000	-0.000
657.633	-0.000	0.000
658.633	-0.000	0.000
659.633	-0.000	-0.000
660.633	-0.000	-0.000
661.633	-0.000	0.000
662.633	-0.000	0.000
663.633	-0.000	-0.000
664.633	-0.000	0.000
665.633	-0.000	0.001
666.633	-0.000	0.001
667.633	-0.000	-0.000
668.633	-0.000	0.000
669.633	-0.000	-0.001
670.633	-0.000	0.000
671.633	-0.000	0.000
672.633	-0.000	-0.000
673.633	-0.000	0.000
674.633	-0.000	0.000
675.633	-0.000	-0.001
676.633	-0.000	0.000
677.633	-0.000	-0.001
678.633	-0.000	0.000
679.633	-0.000	0.000
680.633	-0.000	0.001
681.633	-0.000	-0.001
682.633	-0.000	0.000
683.633	-0.000	0.000
684.633	-0.000	-0.000
685.633	-0.000	-0.000
686.633	-0.000	0.000
687.633	-0.000	0.000
688.633	-0.000	-0.000
689.633	-0.000	0.000
690.633	0.000	0.000
691.633	-0.000	0.000
692.633	-0.000	-0.000
693.633	-0.000	-0.000
694.633	-0.000	-0.000
695.633	-0.000	0.000
696.633	-0.000	0.000
697.633	-0.000	-0.001
698.633	-0.000	0.000
699.633	-0.000	0.000
700.633	-0.000	-0.000
701.633	-0.000	-0.000
702.633	-0.000	0.000
703.633	-0.000	0.000
704.633	-0.000	-0.000
705.633	-0.000	-0.000
706.633	-0.000	0.000
707.633	-0.000	0.000
708.633	-0.000	-0.000
709.633	-0.000	-0.000
710.633	-0.000	0.000
711.633	-0.000	0.000
712.633	-0.000	-0.000
713.633	-0.000	-0.001
714.633	-0.000	0.000
715.633	-0.000	0.000
716.633	-0.000	0.000
717.633	-0.000	0.000
718.633	-0.000	0.000
719.633	-0.000	0.000
720.633	-0.000	-0.000
721.633	-0.000	0.000
722.633	-0.000	0.000
723.633	-0.000	0.000
724.633	-0.000	-0.000
725.633	-0.000	-0.000
726.633	-0.000	0.000
727.633	-0.000	0.000
728.633	-0.000	0.000
729.633	-0.000	0.000
730.633	-0.000	0.000
731.633	-0.000	0.000
732.633	-0.000	-0.000
733.633	-0.000	0.000
734.633	-0.000	-0.000
735.633	-0.000	0.000
736.633	-0.000	0.000
737.633	-0.000	-0.001
738.633	-0.000	0.000
739.633	-0.000	0.000
740.633	-0.000	0.000
741.633	-0.000	-0.000
742.633	-0.000	0.001
743.633	-0.000	0.000
744.633	-0.000	0.000
745.633	-0.000	-0.000
746.633	-0.000	-0.000
747.633	-0.000	0.000
748.633	-0.000	0.001
749.633	-0.000	0.000
750.633	-0.000	-0.000
751.633	-0.000	0.000
752.633	-0.000	0.000
753.633	-0.000	-0.000
754.633	-0.000	0.000
755.633	-0.000	0.000
756.633	-0.000	0.000
757.633	-0.000	-0.001
758.633	-0.000	-0.000
759.633	-0.000	0.000
760.633	-0.000	0.000
761.633	-0.000	-0.000
762.633	-0.000	-0.000
763.633	-0.000	0.000
764.633	-0.000	0.000
765.633	-0.000	-0.000
766.633	-0.000	-0.000
767.633	-0.000	-0.000
768.633	-0.000	0.000
769.633	-0.000	-0.000
770.633	-0.000	-0.000
771.633	-0.000	0.000
772.633	-0.000	0.000
773.633	-0.000	-0.000
774.633	-0.000	0.000
775.633	-0.000	0.000
776.633	-0.000	0.000
777.633	-0.000	-0.000
778.633	-0.000	-0.000
779.633	-0.000	0.001
780.633	-0.000	0.000
781.633	-0.000	-0.000
782.633	-0.000	0.000
783.633	-0.000	0.000
784.633	-0.001	0.000
785.633	-0.001	-0.000
786.633	-0.001	0.000
787.633	-0.000	0.000
788.633	-0.000	-0.000
789.633	-0.000	-0.000
790.633	-0.000	0.000
791.633	-0.000	0.000
792.633	-0.000	0.000
793.633	-0.000	-0.001
794.633	-0.000	0.000
795.633	-0.000	0.001
796.633	-0.001	0.000
797.633	-0.000	-0.000
798.633	-0.000	0.000
799.633	-0.000	0.000
800.633	-0.000	-0.000
801.633	-0.000	0.000
802.633	-0.000	0.000
803.633	-0.000	0.000
804.633	-0.000	0.000
805.633	-0.000	0.000
806.633	-0.001	-0.000
807.633	-0.000	-0.000
808.633	-0.000	0.000
809.633	-0.000	0.000
810.633	-0.001	-0.000
811.633	-0.001	0.001
812.633	-0.001	0.000
813.633	-0.000	0.000
814.633	-0.000	-0.000
815.633	-0.000	-0.000
816.633	-0.000	0.000
817.633	-0.000	0.000
818.633	-0.000	0.000
819.633	-0.000	-0.000
820.633	-0.000	0.000
821.633	-0.000	0.000
822.633	-0.001	-0.000
823.633	-0.000	0.000
824.633	-0.000	0.000
825.633	-0.000	0.000
826.633	-0.000	0.000
827.633	-0.000	-0.000
828.633	-0.000	0.000
829.633	-0.000	0.000
830.633	-0.000	0.000
831.633	-0.000	-0.000
832.633	-0.000	0.000
833.633	-0.000	0.000
834.633	-0.000	0.000
835.633	-0.000	-0.000
836.633	-0.001	0.000
837.633	-0.000	0.000
838.633	-0.000	-0.000
839.633	-0.000	-0.000
840.633	-0.000	0.000
841.633	-0.000	0.000
842.633	-0.000	-0.000
843.633	-0.000	-0.000
844.633	-0.000	0.000
845.633	-0.000	-0.000
846.633	-0.000	-0.001
847.633	-0.000	0.000
848.633	-0.000	0.000
849.633	-0.000	0.000
850.633	-0.000	-0.000
851.633	-0.000	0.000
852.633	-0.000	0.000
853.633	-0.000	0.000
854.633	-0.000	-0.000
855.633	-0.000	-0.000
856.633	-0.000	0.000
857.633	-0.000	-0.000
858.633	-0.000	-0.001
859.633	-0.000	-0.000
860.633	-0.000	0.000
861.633	-0.000	0.000
862.633	-0.000	-0.000
863.633	-0.000	-0.000
864.633	-0.000	0.000
865.633	-0.000	0.000
866.633	-0.000	-0.001
867.633	-0.000	0.000
868.633	-0.000	0.000
869.633	-0.000	-0.000
870.633	-0.000	-0.000
871.633	-0.000	0.000
872.633	-0.000	0.000
873.633	0.000	0.000
874.633	-0.000	0.000
875.633	-0.000	-0.000
876.633	-0.000	0.000
877.633	-0.000	-0.000
878.633	-0.000	-0.000
879.633	-0.000	0.000
880.633	0.000	-0.000
881.633	-0.000	0.000
882.633	-0.000	0.000
883.633	-0.000	0.000
884.633	-0.000	0.001
885.633	-0.000	0.000
886.633	-0.000	0.000
887.633	-0.000	0.000
888.633	-0.000	0.001
889.633	-0.000	0.000
890.633	-0.000	0.000
891.633	-0.000	0.000
892.633	-0.000	-0.000
893.633	-0.000	0.000
894.633	-0.000	0.000
895.633	-0.000	-0.000
896.633	-0.000	-0.000
897.633	-0.000	0.000
898.633	-0.000	0.000
899.633	-0.000	0.001
900.633	-0.000	0.000
901.633	-0.000	0.000
902.633	-0.000	0.000
903.633	-0.000	-0.000
904.633	-0.000	-0.000
905.633	-0.000	0.000
906.633	-0.000	0.001
907.633	-0.000	-0.000
908.633	-0.000	-0.001
909.633	-0.000	0.000
910.633	-0.000	0.000
911.633	-0.000	0.000
912.633	-0.000	-0.000
913.633	-0.000	0.000
914.633	-0.000	0.000
915.633	-0.000	-0.000
916.633	-0.000	0.000
917.633	-0.000	0.000
918.633	-0.000	0.000
919.633	-0.000	-0.000
920.633	-0.000	-0.000
921.633	-0.001	0.000
922.633	-0.001	0.000
923.633	-0.000	-0.000
924.633	-0.001	-0.000
925.633	-0.001	0.000
926.633	-0.000	0.000
927.633	-0.000	-0.000
928.633	-0.000	0.000
929.633	-0.000	0.000
930.633	-0.000	0.000
931.633	-0.000	-0.000
932.633	-0.000	-0.000
933.633	-0.000	0.000
934.633	-0.001	0.000
935.633	-0.001	0.001
936.633	-0.000	-0.001
937.633	-0.000	0.000
938.633	-0.001	0.000
939.633	-0.000	-0.000
940.633	-0.000	-0.000
941.633	-0.000	0.000
942.633	-0.000	-0.000
943.633	-0.000	-0.000
944.633	-0.000	0.000
945.633	-0.000	0.000
946.633	-0.000	0.000
947.633	-0.000	-0.000
948.633	-0.000	0.000
949.633	-0.000	0.000
950.633	-0.000	0.000
951.633	-0.000	0.000
952.633	-0.000	0.000
953.633	-0.000	0.000
954.633	-0.000	0.000
955.633	0.000	-0.000
956.633	-0.000	0.000
957.633	-0.000	0.000
958.633	-0.000	0.001
959.633	-0.000	-0.000
960.633	-0.000	-0.000
961.633	-0.000	0.000
962.633	-0.000	0.000
963.633	-0.000	-0.000
964.633	0.000	-0.000
965.633	0.000	-0.000
966.633	-0.000	0.000
967.633	-0.000	0.000
968.633	-0.000	0.000
969.633	-0.000	0.001
970.633	-0.000	-0.000
971.633	-0.000	0.000
972.633	-0.000	0.000
973.633	-0.000	0.000
974.633	-0.000	0.000
975.633	-0.000	0.000
976.633	-0.000	0.000
977.633	0.000	0.000
978.633	-0.000	-0.000
979.633	-0.000	0.000
980.633	-0.000	-0.000
981.633	-0.000	0.000
982.633	-0.000	0.000
983.633	-0.001	0.000
984.633	-0.000	-0.000
985.633	-0.000	0.000
986.633	-0.000	0.000
987.633	-0.000	0.000
988.633	-0.000	-0.000
989.633	-0.000	0.000
990.633	-0.000	0.000
991.633	-0.000	0.000
992.633	-0.000	0.000
993.633	-0.000	-0.000
994.633	-0.000	0.000
995.633	-0.000	0.000
996.633	-0.000	0.000
997.633	-0.000	-0.000
998.633	-0.000	0.000
999.633	-0.000	0.000
1000.633	-0.000	0.000
1001.633	-0.000	0.000
1002.633	-0.000	0.000
1003.633	-0.000	0.000
1004.633	-0.000	0.000
1005.633	-0.000	0.001
1006.633	-0.000	0.000
1007.633	-0.000	0.000
1008.633	-0.000	0.001
1009.633	-0.000	-0.000
1010.633	-0.000	0.000
1011.633	-0.000	0.000
1012.633	-0.000	0.001
1013.633	-0.000	0.000
1014.633	-0.000	0.000
1015.633	0.000	0.000
1016.633	0.000	0.000
1017.633	0.000	-0.000
1018.633	0.000	0.000
1019.633	0.000	0.000
1020.633	0.000	0.000
1021.633	-0.000	-0.000
1022.633	-0.000	0.000
1023.633	-0.000	0.000
1024.633	0.000	-0.000
1025.633	-0.000	0.000
1026.633	-0.000	0.000
1027.633	-0.000	0.000
1028.633	-0.000	-0.001
1029.633	0.000	0.001
1030.633	0.000	0.000
1031.633	-0.000	0.000
1032.633	0.000	-0.000
1033.633	0.000	-0.000
1034.633	0.000	0.000
1035.633	0.000	0.000
1036.633	-0.000	-0.000
1037.633	0.000	-0.000
1038.633	-0.000	0.000
1039.633	-0.000	0.000
1040.633	0.000	-0.001
1041.633	0.000	-0.000
1042.633	0.000	0.000
1043.633	0.000	0.000
1044.633	0.000	0.000
1045.633	0.000	-0.001
1046.633	0.000	0.000
1047.633	0.000	0.000
1048.633	0.000	0.000
1049.633	0.000	-0.000
1050.633	0.000	0.000
1051.633	0.000	0.000
1052.633	0.000	-0.001
1053.633	0.000	-0.001
1054.633	0.000	0.000
1055.633	0.000	0.000
1056.633	0.000	-0.000
1057.633	0.000	0.000
1058.633	0.000	0.000
1059.633	0.000	0.000
1060.633	0.000	-0.001
1061.633	0.000	0.000
1062.633	0.000	0.000
1063.633	0.000	0.000
1064.633	0.000	-0.000
1065.633	0.000	0.000
1066.633	0.000	0.000
1067.633	0.000	0.000
1068.633	0.000	-0.000
1069.633	0.000	-0.000
1070.633	0.000	0.000
1071.633	0.000	-0.000
1072.633	0.000	-0.000
1073.633	0.000	-0.001
1074.633	0.000	0.000
1075.633	0.000	0.001
1076.633	0.000	-0.000
1077.633	0.000	0.000
1078.633	0.000	0.000
1079.633	0.000	0.000
1080.633	0.000	0.000
1081.633	0.000	0.000
1082.633	0.000	0.000
1083.633	0.000	0.000
1084.633	0.000	-0.000
1085.633	0.000	0.000
1086.633	0.000	0.000
1087.633	0.000	0.000
1088.633	0.000	-0.001
1089.633	0.000	-0.000
1090.633	0.000	0.000
1091.633	0.000	0.000
1092.633	0.000	0.000
1093.633	0.000	-0.000
1094.633	0.000	0.000
1095.633	0.000	0.000
1096.633	0.000	-0.000
1097.633	0.000	0.000
1098.633	0.000	0.000
1099.633	0.000	0.000
1100.633	0.000	0.000
1101.633	0.000	0.000
1102.633	0.000	0.000
1103.633	0.000	-0.000
1104.633	0.000	0.000
1105.633	-0.000	0.000
1106.633	0.000	0.000
1107.633	0.000	0.000
1108.633	0.000	0.000
1109.633	-0.000	-0.001
1110.633	-0.000	0.000
1111.633	0.000	0.000
1112.633	0.000	0.000
1113.633	-0.000	-0.000
1114.633	0.000	0.000
1115.633	0.000	0.000
1116.633	0.000	0.000
1117.633	0.000	0.000
1118.633	0.000	-0.001
1119.633	0.000	0.000
1120.633	0.000	0.000
1121.633	0.000	0.000
1122.633	0.000	0.000
1123.633	0.000	0.000
1124.633	0.000	0.000
1125.633	0.000	-0.000
1126.633	0.000	0.001
1127.633	0.000	0.000
1128.633	0.000	0.000
1129.633	0.000	0.000
1130.633	0.000	-0.000
1131.633	0.000	-0.000
1132.633	0.000	0.000
1133.633	0.000	0.000
1134.633	0.000	0.000
1135.633	0.000	0.000
1136.633	-0.000	0.000
1137.633	-0.000	0.000
1138.633	-0.000	-0.000
1139.633	0.000	0.000
1140.633	-0.000	0.000
1141.633	-0.000	0.000
1142.633	0.000	-0.001
1143.633	0.000	0.000
1144.633	0.000	0.000
1145.633	0.000	-0.000
1146.633	0.000	-0.000
1147.633	0.000	0.000
1148.633	0.000	0.000
1149.633	0.000	-0.000
1150.633	0.000	-0.000
1151.633	0.000	0.000
1152.633	0.000	0.000
1153.633	0.000	0.001
1154.633	0.000	-0.001
1155.633	0.000	0.000
1156.633	0.000	0.000
1157.633	0.000	0.000
1158.633	0.000	-0.000
1159.633	-0.000	0.000
1160.633	0.000	0.000
1161.633	0.000	0.000
1162.633	0.000	-0.000
1163.633	0.000	0.000
1164.633	-0.000	0.000
1165.633	0.000	-0.000
1166.633	0.000	-0.000
1167.633	0.000	0.000
1168.633	0.000	0.000
1169.633	0.000	-0.000
1170.633	0.000	0.001
1171.633	0.000	0.000
1172.633	0.000	0.000
1173.633	0.000	-0.001
1174.633	0.000	-0.001
1175.633	0.000	0.000
1176.633	0.000	0.000
1177.633	0.000	0.000
1178.633	0.000	0.001
1179.633	0.000	0.000
1180.633	0.000	-0.001
1181.633	0.000	0.000
1182.633	0.000	-0.000
1183.633	0.000	0.000
1184.633	0.000	0.000
1185.633	0.000	-0.000
1186.633	0.000	-0.000
1187.633	0.000	0.000
1188.633	0.000	0.000
1189.633	0.000	0.001
1190.633	0.000	-0.000
1191.633	0.000	0.000
1192.633	0.000	0.000
1193.633	0.000	0.001
1194.633	0.000	-0.000
1195.633	0.000	0.000
1196.633	0.000	0.010
1197.633	0.000	-0.000
1198.633	0.000	0.000
1199.633	0.000	0.000
1200.633	0.000	0.000
1201.633	0.000	-0.000
1202.633	0.000	-0.000
1203.633	0.000	0.000
1204.633	0.000	0.000
1205.633	0.000	0.001
1206.633	0.000	-0.000
1207.633	0.000	0.000
1208.633	0.000	0.000
1209.633	-0.000	0.000
1210.633	0.000	-0.000
1211.633	0.000	0.000
1212.633	0.000	0.000
1213.633	0.000	-0.000
1214.633	0.000	0.000
1215.633	0.000	0.000
1216.633	0.000	0.000
1217.633	0.000	-0.000
1218.633	0.000	-0.000
1219.633	0.000	0.000
1220.633	0.000	0.000
1221.633	0.000	0.000
1222.633	0.000	-0.000
1223.633	0.000	0.000
1224.633	0.000	0.000
1225.633	0.000	-0.000
1226.633	0.000	-0.000
1227.633	0.000	0.000
1228.633	0.000	0.000
1229.633	0.000	-0.000
1230.633	0.000	-0.000
1231.633	0.000	0.000
1232.633	0.000	0.000
1233.633	0.000	-0.000
1234.633	0.000	-0.000
1235.633	0.000	0.000
1236.633	0.000	0.000
1237.633	0.000	-0.000
1238.633	0.000	0.000
1239.633	0.000	0.000
1240.633	0.000	0.000
1241.633	0.000	-0.000
1242.633	0.000	0.000
1243.633	0.000	0.000
1244.633	0.000	0.000
1245.633	0.000	-0.000
1246.633	0.000	-0.000
1247.633	0.000	0.000
1248.633	0.000	0.000
1249.633	0.000	-0.000
1250.633	-0.000	0.000
1251.633	0.000	0.000
1252.633	0.000	0.000
1253.633	0.000	0.000
1254.633	0.000	-0.000
1255.633	0.000	0.000
1256.633	0.000	0.000
1257.633	0.000	0.000
1258.633	0.000	-0.000
1259.633	0.000	0.010
1260.633	0.000	0.000
1261.633	0.000	-0.000
1262.633	0.000	0.000
1263.633	0.000	0.000
1264.633	0.000	0.000
1265.633	0.000	-0.000
1266.633	0.000	0.000
1267.633	0.001	0.000
1268.633	0.000	0.000
1269.633	0.000	0.000
1270.633	0.000	0.000
1271.633	0.000	0.000
1272.633	0.000	0.000
1273.633	0.000	-0.000
1274.633	0.000	-0.000
1275.633	0.000	0.000
1276.633	0.000	0.000
1277.633	0.000	-0.000
1278.633	0.000	0.000
1279.633	0.000	0.000
1280.633	0.000	0.000
1281.633	0.000	0.000
1282.633	0.000	0.000
1283.633	0.000	0.000
1284.633	0.000	0.000
1285.633	0.000	-0.000
1286.633	0.000	-0.000
1287.633	0.000	0.000
1288.633	0.000	0.000
1289.633	0.000	-0.000
1290.633	0.000	-0.000
1291.633	0.000	0.000
1292.633	0.000	0.000
1293.633	0.000	-0.000
1294.633	0.000	0.000
1295.633	0.000	0.000
1296.633	0.000	0.000
1297.633	0.000	-0.000
1298.633	0.000	-0.000
1299.633	0.000	0.000
1300.633	0.000	0.000
1301.633	0.000	-0.000
1302.633	0.000	-0.000
1303.633	0.000	0.000
1304.633	0.000	0.000
1305.633	0.000	-0.000
1306.633	0.000	-0.000
1307.633	0.001	0.000
1308.633	0.000	0.000
1309.633	0.000	-0.000
1310.633	0.000	-0.000
1311.633	0.000	0.000
1312.633	0.001	0.000
1313.633	0.001	-0.000
1314.633	0.000	-0.000
1315.633	0.000	0.000
1316.633	0.000	0.000
1317.633	0.000	-0.000
1318.633	0.000	-0.000
1319.633	0.000	-5.060
1320.633	0.000	0.000
1321.633	0.000	-0.000
1322.633	0.000	-0.001
1323.633	0.000	0.000
1324.633	0.000	0.000
1325.633	0.000	-0.000
1326.633	0.000	-0.001
1327.633	0.000	0.010
1328.633	0.000	0.000
1329.633	0.000	0.000
1330.633	0.000	-0.000
1331.633	0.000	0.000
1332.633	0.000	0.000
1333.633	0.000	-0.000
1334.633	0.000	-0.001
1335.633	0.000	0.000
1336.633	0.000	0.000
1337.633	0.000	0.000
1338.633	0.001	0.001
1339.633	0.000	0.000
1340.633	0.000	0.000
1341.633	0.000	-0.000
1342.633	0.000	-0.000
1343.633	0.000	0.000
1344.633	0.000	0.000
1345.633	0.000	-0.000
1346.633	0.000	0.000
1347.633	0.000	0.000
1348.633	0.000	0.000
1349.633	0.000	-0.000
1350.633	0.000	0.000
1351.633	0.000	0.000
1352.633	0.000	0.000
1353.633	0.000	0.000
1354.633	0.000	-0.000
1355.633	0.000	0.000
1356.633	0.000	0.000
1357.633	0.001	-0.000
1358.633	0.001	-0.000
1359.633	0.001	0.000
1360.633	0.001	0.000
1361.633	0.001	-0.001
1362.633	0.000	0.001
1363.633	0.000	0.000
1364.633	0.000	0.000
1365.633	0.000	-0.000
1366.633	0.000	-0.000
1367.633	0.000	0.000
1368.633	0.001	0.010
1369.633	0.001	-0.000
1370.633	0.001	-0.000
1371.633	0.001	0.000
1372.633	0.001	0.000
1373.633	0.000	0.001
1374.633	0.001	0.000
1375.633	0.001	0.000
1376.633	0.001	0.000
1377.633	0.001	-0.000
1378.633	0.001	-0.000
1379.633	0.001	0.000
1380.633	0.000	0.000
1381.633	0.001	0.001
1382.633	0.000	0.000
1383.633	0.000	0.000
1384.633	0.000	0.000
1385.633	0.000	-0.000
1386.633	0.000	0.001
1387.633	0.000	0.000
1388.633	0.000	0.000
1389.633	0.001	0.000
1390.633	0.000	0.000
1391.633	0.000	0.000
1392.633	0.000	0.000
1393.633	0.000	-0.000
1394.633	0.000	0.000
1395.633	0.000	0.000
1396.633	0.000	0.000
1397.633	0.000	-0.000
1398.633	0.000	-0.000
1399.633	0.000	0.000
1400.633	0.000	0.010
1401.633	0.000	0.000
1402.633	0.000	-0.000
1403.633	0.000	0.000
1404.633	0.001	0.000
1405.633	0.000	-0.000
1406.633	0.000	-0.000
1407.633	0.001	0.000
1408.633	0.001	0.000
1409.633	0.001	-0.000
1410.633	0.001	-0.000
1411.633	0.001	0.000
1412.633	0.001	0.000
1413.633	0.001	-0.000
1414.633	0.001	0.000
1415.633	0.001	0.000
1416.633	0.001	0.000
1417.633	0.001	-0.000
1418.633	0.001	-0.000
1419.633	0.001	0.010
1420.633	0.001	0.000
1421.633	0.001	-0.000
1422.633	0.000	0.001
1423.633	0.001	0.000
1424.633	0.001	0.000
1425.633	0.001	0.000
1426.633	0.001	0.000
1427.633	0.001	0.000
1428.633	0.001	0.000
1429.633	0.001	0.000
1430.633	0.001	-0.000
1431.633	0.001	0.001
1432.633	0.001	0.000
1433.633	0.001	-0.000
1434.633	0.001	-0.000
1435.633	0.001	0.000
1436.633	0.001	0.000
1437.633	0.001	-0.000
1438.633	0.001	-0.000
1439.633	0.001	0.000
1440.633	0.001	0.000
1441.633	0.001	0.000
1442.633	0.001	0.000
1443.633	0.001	0.000
1444.633	0.001	0.000
1445.633	0.000	0.000
1446.633	0.001	0.000
1447.633	0.001	0.000
1448.633	0.000	0.000
1449.633	0.000	0.000
1450.633	0.000	-0.001
1451.633	0.000	0.000
1452.633	0.001	0.000
1453.633	0.000	0.000
1454.633	0.001	-0.000
1455.633	0.000	0.000
1456.633	0.000	0.000
1457.633	0.000	0.000
1458.633	0.001	0.000
1459.633	0.001	0.000
1460.633	0.001	0.000
1461.633	0.001	0.001
1462.633	0.001	-0.000
1463.633	0.001	0.000
1464.633	0.001	0.000
1465.633	0.001	0.000
1466.633	0.001	0.000
1467.633	0.001	0.000
1468.633	0.001	0.000
1469.633	0.000	-0.000
1470.633	0.001	-0.001
1471.633	0.001	0.000
1472.633	0.000	0.000
1473.633	0.001	0.000
1474.633	0.001	0.000
1475.633	0.001	0.000
1476.633	0.001	0.000
1477.633	0.001	0.001
1478.633	0.001	0.000
1479.633	0.001	0.000
1480.633	0.001	0.000
1481.633	0.000	0.000
1482.633	0.001	0.000
1483.633	0.000	0.001
1484.633	0.001	0.000
1485.633	0.001	0.000
1486.633	0.001	0.000
1487.633	0.001	-0.000
1488.633	0.001	0.000
1489.633	0.001	-0.001
1490.633	0.001	0.000
1491.633	0.001	0.000
1492.633	0.000	0.000
1493.633	0.000	0.000
1494.633	0.000	0.000
1495.633	0.000	0.000
1496.633	0.000	0.000
1497.633	0.001	-0.000
1498.633	0.001	0.000
1499.633	0.001	0.000
1500.633	0.001	0.000
1501.633	0.001	0.000
1502.633	0.000	-0.000
1503.633	0.001	0.000
1504.633	0.000	-0.000
1505.633	0.000	0.000
1506.633	0.001	-0.001
1507.633	0.001	0.000
1508.633	0.001	0.000
1509.633	0.001	0.000
1510.633	0.001	0.010
1511.633	0.000	0.000
1512.633	0.000	-0.000
1513.633	0.000	-0.000
1514.633	0.001	0.000
1515.633	0.001	0.000
1516.633	0.000	0.000
1517.633	0.001	0.000
1518.633	0.001	0.000
1519.633	0.001	0.000
1520.633	0.000	0.001
1521.633	0.001	0.000
1522.633	0.001	0.000
1523.633	0.001	0.000
1524.633	0.001	-0.000
1525.633	0.001	0.001
1526.633	0.001	0.000
1527.633	0.001	0.000
1528.633	0.001	0.001
1529.633	0.001	0.000
1530.633	0.001	0.000
1531.633	0.001	0.000
1532.633	0.001	-0.001
1533.633	0.001	0.000
1534.633	0.001	0.000
1535.633	0.001	0.000
1536.633	0.001	-0.001
1537.633	0.001	0.000
1538.633	0.001	0.000
1539.633	0.001	0.000
1540.633	0.001	0.000
1541.633	0.001	0.000
1542.633	0.001	0.010
1543.633	0.001	0.000
1544.633	0.001	0.000
1545.633	0.001	0.000
1546.633	0.001	0.000
1547.633	0.001	0.000
1548.633	0.001	-0.000
1549.633	0.001	0.000
1550.633	0.001	0.000
1551.633	0.001	0.000
1552.633	0.001	-0.000
1553.633	0.001	0.000
1554.633	0.001	0.000
1555.633	0.001	0.000
1556.633	0.001	0.001
1557.633	0.001	0.000
1558.633	0.001	0.000
1559.633	0.001	-0.000
1560.633	0.001	0.001
1561.633	0.001	0.000
1562.633	0.001	0.000
1563.633	0.001	0.000
1564.633	0.001	-0.000
1565.633	0.001	-0.000
1566.633	0.001	0.010
1567.633	0.001	0.000
1568.633	0.001	0.001
1569.633	0.001	-0.000
1570.633	0.001	0.000
1571.633	0.001	0.000
1572.633	0.001	-0.000
1573.633	0.001	0.000
1574.633	0.000	0.000
1575.633	0.001	0.000
1576.633	0.001	-0.000
1577.633	0.001	-0.000
1578.633	0.001	0.000
1579.633	0.001	0.000
1580.633	0.001	0.000
1581.633	0.001	-0.001
1582.633	0.001	0.000
1583.633	0.001	0.000
1584.633	0.001	0.000
1585.633	0.001	-0.000
1586.633	0.001	0.010
1587.633	0.001	0.000
1588.633	0.001	-0.000
1589.633	0.001	0.000
1590.633	0.001	0.000
1591.633	0.001	0.000
1592.633	0.001	-0.000
1593.633	0.001	0.000
1594.633	0.001	0.000
1595.633	0.001	0.000
1596.633	0.001	-0.001
1597.633	0.001	-0.000
1598.633	0.001	0.000
1599.633	0.001	0.000
1600.633	0.001	-0.000
1601.633	0.001	-0.000
1602.633	0.001	0.000
1603.633	0.001	0.000
1604.633	0.001	-0.000
1605.633	0.001	-0.000
1606.633	0.001	0.000
1607.633	0.001	0.000
1608.633	0.001	-0.000
1609.633	0.001	-0.001
1610.633	0.001	-0.000
1611.633	0.001	0.000
1612.633	0.001	-0.000
1613.633	0.000	0.000
1614.633	0.001	0.000
1615.633	0.001	0.000
1616.633	0.001	0.000
1617.633	0.001	-0.000
1618.633	0.001	0.010
1619.633	0.000	0.000
1620.633	0.001	-0.000
1621.633	0.001	0.000
1622.633	0.001	0.000
1623.633	0.001	0.000
1624.633	0.001	-0.000
1625.633	0.001	-0.000
1626.633	0.001	0.000
1627.633	0.001	0.000
1628.633	0.001	0.000
1629.633	0.000	0.000
1630.633	0.001	0.000
1631.633	0.001	0.000
1632.633	0.001	0.000
1633.633	0.001	-0.000
1634.633	0.001	0.000
1635.633	0.001	0.000
1636.633	0.001	0.000
1637.633	0.001	0.000
1638.633	0.001	0.000
1639.633	0.001	0.000
1640.633	0.001	0.000
1641.633	0.001	0.000
1642.633	0.001	0.000
1643.633	0.001	0.000
1644.633	0.001	0.000
1645.633	0.001	-0.001
1646.633	0.001	0.000
1647.633	0.001	0.000
1648.633	0.001	0.000
1649.633	0.000	-0.000
1650.633	0.001	0.000
1651.633	0.000	0.000
1652.633	0.001	-0.000
1653.633	0.001	0.000
1654.633	0.001	0.000
1655.633	0.001	0.000
1656.633	0.000	0.000
1657.633	0.000	-0.000
1658.633	0.001	-0.000
1659.633	0.001	0.000
1660.633	0.000	0.000
1661.633	0.001	0.000
1662.633	0.001	0.000
1663.633	0.001	0.000
1664.633	0.001	0.000
1665.633	0.001	0.000
1666.633	0.001	0.000
1667.633	0.001	-0.000
1668.633	0.001	0.000
1669.633	0.001	0.000
1670.633	0.001	0.000
1671.633	0.001	-0.000
1672.633	0.001	0.000
1673.633	0.000	0.000
1674.633	0.001	0.000
1675.633	0.001	0.000
1676.633	0.001	0.000
1677.633	0.001	0.000
1678.633	0.001	0.000
1679.633	0.001	0.001
1680.633	0.001	-0.000
1681.633	0.001	0.000
1682.633	0.001	0.000
1683.633	0.001	0.000
1684.633	0.001	0.000
1685.633	0.001	0.010
1686.633	0.001	0.000
1687.633	0.001	-0.000
1688.633	0.001	0.000
1689.633	0.000	0.000
1690.633	0.001	0.000
1691.633	0.001	-0.000
1692.633	0.001	-0.000
1693.633	0.001	0.010
1694.633	0.001	0.000
1695.633	0.001	-0.000
1696.633	0.001	-0.000
1697.633	0.001	0.000
1698.633	0.001	0.000
1699.633	0.001	-0.000
1700.633	0.001	-0.001
1701.633	0.001	0.000
1702.633	0.001	0.000
1703.633	0.001	0.000
1704.633	0.001	0.000
1705.633	0.001	0.000
1706.633	0.001	0.000
1707.633	0.001	-0.000
1708.633	0.001	-0.000
1709.633	0.001	0.000
1710.633	0.001	0.000
1711.633	0.001	-0.000
1712.633	0.001	0.000
1713.633	0.001	0.000
1714.633	0.001	0.000
1715.633	0.001	0.000
1716.633	0.001	0.000
1717.633	0.001	0.000
1718.633	0.001	0.000
1719.633	0.001	-0.000
1720.633	0.001	0.000
1721.633	0.001	0.010
1722.633	0.001	0.000
1723.633	0.001	-0.000
1724.633	0.001	0.001
1725.633	0.001	0.010
1726.633	0.001	0.000
1727.633	0.001	-0.000
1728.633	0.001	-0.000
1729.633	0.001	0.000
1730.633	0.001	0.000
1731.633	0.001	-0.000
1732.633	0.001	0.000
1733.633	0.001	0.000
1734.633	0.001	0.000
1735.633	0.001	0.000
1736.633	0.001	0.000
1737.633	0.001	0.000
1738.633	0.001	0.000
1739.633	0.001	0.000
1740.633	0.001	0.000
1741.633	0.001	0.000
1742.633	0.001	0.000
1743.633	0.001	0.000
1744.633	0.001	-0.000
1745.633	0.001	0.000
1746.633	0.001	0.000
1747.633	0.001	0.000
1748.633	0.001	0.000
1749.633	0.001	0.000
1750.633	0.001	0.000
1751.633	0.001	0.000
1752.633	0.001	0.000
1753.633	0.001	0.000
1754.633	0.001	0.000
1755.633	0.001	0.001
1756.633	0.001	0.000
1757.633	0.001	0.000
1758.633	0.001	0.000
1759.633	0.001	0.000
1760.633	0.001	0.000
1761.633	0.001	0.000
1762.633	0.001	0.000
1763.633	0.001	0.000
1764.633	0.001	0.000
1765.633	0.001	0.000
1766.633	0.001	0.000
1767.633	0.001	0.000
1768.633	0.001	0.000
1769.633	0.001	0.000
1770.633	0.001	-0.000
1771.633	0.001	0.000
1772.633	0.001	0.000
1773.633	0.001	0.000
1774.633	0.001	0.001
1775.633	0.001	0.000
1776.633	0.001	0.000
1777.633	0.001	0.000
1778.633	0.001	0.000
1779.633	0.001	0.000
1780.633	0.001	0.000
1781.633	0.001	0.000
1782.633	0.001	0.000
1783.633	0.001	0.000
1784.633	0.001	0.000
1785.633	0.001	0.000
1786.633	0.001	0.000
1787.633	0.001	-0.000
1788.633	0.001	0.000
1789.633	0.001	0.000
1790.633	0.001	0.000
1791.633	0.001	-0.000
1792.633	0.001	0.000
1793.633	0.001	0.000
1794.633	0.001	0.001
1795.633	0.001	-0.001
1796.633	0.001	0.000
1797.633	0.001	0.000
1798.633	0.001	0.000
1799.633	0.001	0.000
1800.633	0.001	0.000
1801.633	0.001	0.000
1802.633	0.001	0.001
1803.633	0.001	0.000
1804.633	0.001	0.000
1805.633	0.001	0.000
1806.633	0.001	-0.000
1807.633	0.001	-0.000
1808.633	0.001	0.000
1809.633	0.001	0.000
1810.633	0.001	0.001
1811.633	0.001	0.001
1812.633	0.001	0.000
1813.633	0.001	0.010
1814.633	0.001	0.000
1815.633	0.001	0.000
1816.633	0.001	0.000
1817.633	0.001	0.000
1818.633	0.001	0.000
1819.633	0.001	0.000
1820.633	0.001	0.000
1821.633	0.001	0.000
1822.633	0.001	0.000
1823.633	0.001	0.000
1824.633	0.001	0.000
1825.633	0.001	0.000
1826.633	0.001	0.000
1827.633	0.001	-0.000
1828.633	0.001	0.000
1829.633	0.001	0.000
1830.633	0.001	-0.000
1831.633	0.001	-0.000
1832.633	0.001	0.000
1833.633	0.001	0.000
1834.633	0.001	0.000
1835.633	0.001	0.000
1836.633	0.001	0.000
1837.633	0.001	0.000
1838.633	0.001	0.000
1839.633	0.001	0.000
1840.633	0.001	0.000
1841.633	0.001	0.000
1842.633	0.001	0.000
1843.633	0.001	0.000
1844.633	0.001	0.001
1845.633	0.001	0.000
1846.633	0.001	0.000
1847.633	0.001	0.000
1848.633	0.001	-0.001
1849.633	0.001	-0.001
1850.633	0.001	0.000
1851.633	0.001	0.000
1852.633	0.001	0.000
1853.633	0.001	-0.000
1854.633	0.001	0.000
1855.633	0.001	0.000
1856.633	0.001	0.000
1857.633	0.001	0.000
1858.633	0.001	-0.000
1859.633	0.001	0.000
1860.633	0.001	0.000
1861.633	0.001	-0.001
1862.633	0.001	0.000
1863.633	0.001	0.000
1864.633	0.001	0.000
1865.633	0.001	0.001
1866.633	0.001	0.000
1867.633	0.001	0.000
1868.633	0.001	0.000
1869.633	0.001	0.000
1870.633	0.001	0.000
1871.633	0.001	0.000
1872.633	0.001	0.000
1873.633	0.001	0.001
1874.633	0.001	0.000
1875.633	0.001	0.000
1876.633	0.001	0.010
1877.633	0.001	0.000
1878.633	0.001	0.001
1879.633	0.001	0.000
1880.633	0.001	0.000
1881.633	0.001	0.001
1882.633	0.001	-0.001
1883.633	0.001	0.000
1884.633	0.001	0.000
1885.633	0.001	-0.000
1886.633	0.001	0.000
1887.633	0.001	0.000
1888.633	0.001	0.000
1889.633	0.001	0.000
1890.633	0.001	-0.000
1891.633	0.001	0.000
1892.633	0.001	0.000
1893.633	0.000	0.000
1894.633	0.001	-0.000
1895.633	0.000	0.000
1896.633	0.001	0.000
1897.633	0.001	-0.001
1898.633	0.001	0.000
1899.633	0.001	0.000
1900.633	0.001	-0.000
1901.633	0.001	0.000
1902.633	0.001	-0.000
1903.633	0.001	0.000
1904.633	0.001	0.000
1905.633	0.001	0.000
1906.633	0.001	0.000
1907.633	0.001	0.000
1908.633	0.001	0.000
1909.633	0.001	0.000
1910.633	0.001	0.000
1911.633	0.001	0.000
1912.633	0.001	0.000
1913.633	0.001	0.000
1914.633	0.001	0.000
1915.633	0.001	0.000
1916.633	0.000	-0.000
1917.633	0.001	0.000
1918.633	0.001	0.000
1919.633	0.001	0.000
1920.633	0.001	0.001
1921.633	0.000	0.000
1922.633	0.001	0.001
1923.633	0.001	-0.000
1924.633	0.001	0.000
1925.633	0.001	0.000
1926.633	0.001	0.000
1927.633	0.001	0.000
1928.633	0.000	-0.000
1929.633	0.001	0.000
1930.633	0.001	0.000
1931.633	0.001	0.010
1932.633	0.001	0.001
1933.633	0.001	0.001
1934.633	0.001	0.000
1935.633	0.001	0.000
1936.633	0.001	0.000
1937.633	0.001	0.000
1938.633	0.001	0.000
1939.633	0.001	0.000
1940.633	0.001	-0.000
1941.633	0.001	0.000
1942.633	0.001	0.000
1943.633	0.001	0.000
1944.633	0.001	-0.001
1945.633	0.001	-0.000
1946.633	0.001	0.000
1947.633	0.001	0.000
1948.633	0.001	-0.000
1949.633	0.001	0.000
1950.633	0.001	0.000
1951.633	0.001	0.000
1952.633	0.001	-0.000
1953.633	0.001	0.000
1954.633	0.001	0.000
1955.633	0.001	0.010
1956.633	0.001	0.000
1957.633	0.001	-0.000
1958.633	0.001	0.000
1959.633	0.001	0.000
1960.633	0.001	0.000
1961.633	0.001	0.001
1962.633	0.001	0.000
1963.633	0.001	0.000
1964.633	0.001	0.000
1965.633	0.001	-0.000
1966.633	0.001	0.000
1967.633	0.001	0.000
1968.633	0.001	-0.000
1969.633	0.001	0.000
1970.633	0.001	0.000
1971.633	0.001	0.000
1972.633	0.001	-0.000
1973.633	0.001	0.001
1974.633	0.001	0.000
1975.633	0.001	0.000
1976.633	0.001	0.000
1977.633	0.001	0.000
1978.633	0.001	0.000
1979.633	0.000	0.000
1980.633	0.001	0.000
1981.633	0.001	0.000
1982.633	0.001	0.000
1983.633	0.001	0.000
1984.633	0.000	0.000
1985.633	0.001	0.000
1986.633	0.001	0.000
1987.633	0.001	0.000
1988.633	0.001	0.001
1989.633	0.001	0.000
1990.633	0.001	0.000
1991.633	0.001	0.000
1992.633	0.001	0.000
1993.633	0.001	0.000
1994.633	0.001	0.000
1995.633	0.001	-0.000
1996.633	0.001	0.000
1997.633	0.001	0.000
1998.633	0.001	0.000
1999.633	0.001	0.000
2000.633	0.001	0.000
2001.633	0.001	0.000
2002.633	0.001	0.000
2003.633	0.001	0.000
2004.633	0.001	0.001
2005.633	0.001	0.000
2006.633	0.001	0.000
2007.633	0.001	-0.000
2008.633	0.001	0.000
2009.633	0.001	0.000
2010.633	0.001	0.000
2011.633	0.001	0.000
2012.633	0.001	-0.000
2013.633	0.001	0.000
2014.633	0.001	0.000
2015.633	0.001	0.000
2016.633	0.000	0.000
2017.633	0.001	0.000
2018.633	0.001	0.000
2019.633	0.001	0.001
2020.633	0.001	0.000
2021.633	0.001	0.000
2022.633	0.001	0.000
2023.633	0.001	0.000
2024.633	0.001	-0.000
2025.633	0.001	0.000
2026.633	0.001	0.000
2027.633	0.001	-0.000
2028.633	0.001	-0.001
2029.633	0.001	0.000
2030.633	0.001	0.000
2031.633	0.001	0.000
2032.633	0.001	-0.000
2033.633	0.001	0.000
2034.633	0.001	0.000
2035.633	0.001	0.001
2036.633	0.001	0.000
2037.633	0.001	0.000
2038.633	0.001	0.000
2039.633	0.001	0.000
2040.633	0.001	0.000
2041.633	0.001	0.000
2042.633	0.001	0.000
2043.633	0.001	0.000
2044.633	0.001	0.001
2045.633	0.001	0.000
2046.633	0.001	0.000
2047.633	0.001	0.000
2048.633	0.001	0.000
2049.633	0.001	0.000
2050.633	0.001	-0.000
2051.633	0.001	0.000
2052.633	0.000	-0.120
2053.633	0.001	0.000
2054.633	0.001	-0.000
2055.633	0.001	-0.000
2056.633	0.001	0.000
2057.633	0.001	0.000
2058.633	0.001	0.000
2059.633	0.001	0.000
2060.633	0.001	0.000
2061.633	0.001	0.000
2062.633	0.001	-0.000
2063.633	0.001	0.000
2064.633	0.001	0.000
2065.633	0.001	0.000
2066.633	0.001	-0.000
2067.633	0.001	0.000
2068.633	0.001	0.000
2069.633	0.001	0.000
2070.633	0.001	0.000
2071.633	0.001	-0.000
2072.633	0.001	0.000
2073.633	0.001	0.000
2074.633	0.001	0.001
2075.633	0.001	-0.000
2076.633	0.001	0.000
2077.633	0.001	0.000
2078.633	0.001	-0.000
2079.633	0.001	0.000
2080.633	0.001	0.000
2081.633	0.001	0.000
2082.633	0.001	-0.001
2083.633	0.001	-0.001
2084.633	0.001	0.010
2085.633	0.001	0.000
2086.633	0.001	0.001
2087.633	0.001	-0.000
2088.633	0.001	0.000
2089.633	0.001	0.000
2090.633	0.001	0.000
2091.633	0.001	-0.000
2092.633	0.001	0.000
2093.633	0.001	0.000
2094.633	0.001	-0.000
2095.633	0.001	-0.001
2096.633	0.001	0.000
2097.633	0.001	0.000
2098.633	0.001	0.000
2099.633	0.001	0.000
2100.633	0.001	0.000
2101.633	0.001	0.000
2102.633	0.001	0.000
2103.633	0.001	0.000
2104.633	0.001	0.000
2105.633	0.001	0.000
2106.633	0.001	-0.000
2107.633	0.001	0.000
2108.633	0.001	0.000
2109.633	0.001	0.000
2110.633	0.001	0.001
2111.633	0.001	0.000
2112.633	0.001	0.001
2113.633	0.001	0.000
2114.633	0.001	0.000
2115.633	0.001	0.000
2116.633	0.001	0.000
2117.633	0.001	-0.000
2118.633	0.001	0.000
2119.633	0.001	0.000
2120.633	0.001	0.000
2121.633	0.001	0.000
2122.633	0.001	-0.000
2123.633	0.001	0.000
2124.633	0.001	0.000
2125.633	0.001	0.000
2126.633	0.001	0.000
2127.633	0.001	0.000
2128.633	0.001	0.000
2129.633	0.001	0.000
2130.633	0.001	0.001
2131.633	0.001	0.010
2132.633	0.001	0.000
2133.633	0.001	-0.000
2134.633	0.001	0.001
2135.633	0.001	0.000
2136.633	0.001	0.000
2137.633	0.001	0.000
2138.633	0.001	-0.000
2139.633	0.001	0.000
2140.633	0.001	0.000
2141.633	0.001	-0.000
2142.633	0.001	-0.000
2143.633	0.001	0.000
2144.633	0.001	0.000
2145.633	0.001	0.000
2146.633	0.001	-0.000
2147.633	0.001	0.000
2148.633	0.001	0.000
2149.633	0.001	-0.000
2150.633	0.001	0.000
2151.633	0.001	0.000
2152.633	0.001	0.000
2153.633	0.001	0.000
2154.633	0.001	0.000
2155.633	0.001	0.010
2156.633	0.001	0.000
2157.633	0.001	-0.000
2158.633	0.001	0.000
2159.633	0.001	-0.000
2160.633	0.001	0.000
2161.633	0.001	0.000
2162.633	0.001	0.000
2163.633	0.001	0.000
2164.633	0.001	-0.000
2165.633	0.001	0.000
2166.633	0.001	0.000
2167.633	0.001	0.000
2168.633	0.001	-0.000
2169.633	0.001	0.000
2170.633	0.001	0.000
2171.633	0.001	0.001
2172.633	0.001	-0.000
2173.633	0.001	-0.000
2174.633	0.001	0.000
2175.633	0.001	0.000
2176.633	0.001	-0.000
2177.633	0.001	-0.000
2178.633	0.001	0.000
2179.633	0.001	0.000
2180.633	0.001	0.001
2181.633	0.001	-0.000
2182.633	0.001	0.000
2183.633	0.001	0.000
2184.633	0.001	-0.000
2185.633	0.001	-0.000
2186.633	0.001	0.000
2187.633	0.001	0.000
2188.633	0.001	-0.000
2189.633	0.001	0.000
2190.633	0.001	0.000
2191.633	0.001	0.000
2192.633	0.001	0.000
2193.633	0.001	0.000
2194.633	0.001	0.010
2195.633	0.001	0.000
2196.633	0.001	-0.000
2197.633	0.001	0.000
2198.633	0.001	0.000
2199.633	0.001	0.000
2200.633	0.001	-0.000
2201.633	0.001	-0.000
2202.633	0.001	0.000
2203.633	0.001	0.000
2204.633	0.001	0.000
2205.633	0.001	0.000
2206.633	0.001	0.000
2207.633	0.001	0.000
2208.633	0.001	0.000
2209.633	0.001	-0.000
2210.633	0.001	0.000
2211.633	0.001	0.000
2212.633	0.001	0.000
2213.633	0.001	-0.001
2214.633	0.001	0.000
2215.633	0.001	-0.000
2216.633	0.001	0.000
2217.633	0.001	0.000
2218.633	0.001	0.000
2219.633	0.001	-0.000
2220.633	0.001	-0.000
2221.633	0.001	0.000
2222.633	0.001	0.000
2223.633	0.001	0.000
2224.633	0.001	0.000
2225.633	0.001	0.000
2226.633	0.001	0.000
2227.633	0.001	-0.001
2228.633	0.001	0.000
2229.633	0.001	0.000
2230.633	0.001	0.000
2231.633	0.001	-0.000
2232.633	0.001	0.000
2233.633	0.001	0.000
2234.633	0.001	0.010
2235.633	0.001	-0.000
2236.633	0.001	-0.000
2237.633	0.001	0.000
2238.633	0.001	0.000
2239.633	0.001	-0.001
2240.633	0.001	0.000
2241.633	0.001	0.000
2242.633	0.001	0.000
2243.633	0.001	0.001
2244.633	0.001	0.000
2245.633	0.001	0.000
2246.633	0.001	0.000
2247.633	0.001	-0.000
2248.633	0.001	0.000
2249.633	0.001	0.000
2250.633	0.001	0.010
2251.633	0.001	0.000
2252.633	0.001	0.000
2253.633	0.001	0.000
2254.633	0.001	0.000
2255.633	0.001	-0.000
2256.633	0.001	0.000
2257.633	0.001	0.000
2258.633	0.001	0.010
2259.633	0.001	0.000
2260.633	0.001	0.000
2261.633	0.001	0.000
2262.633	0.001	0.001
2263.633	0.001	0.000
2264.633	0.001	0.000
2265.633	0.001	0.000
2266.633	0.001	-0.000
2267.633	0.001	0.000
2268.633	0.001	0.000
2269.633	0.001	0.000
2270.633	0.001	0.000
2271.633	0.001	0.000
2272.633	0.001	0.000
2273.633	0.001	-0.001
2274.633	0.001	0.000
2275.633	0.001	0.000
2276.633	0.001	0.000
2277.633	0.001	0.000
2278.633	0.001	-0.000
2279.633	0.001	0.000
2280.633	0.001	0.000
2281.633	0.001	0.000
2282.633	0.001	0.000
2283.633	0.001	0.000
2284.633	0.001	0.000
2285.633	0.001	0.000
2286.633	0.001	-0.000
2287.633	0.001	-0.000
2288.633	0.001	0.000
2289.633	0.001	0.000
2290.633	0.001	0.000
2291.633	0.001	0.000
2292.633	0.001	0.000
2293.633	0.001	0.000
2294.633	0.001	0.001
2295.633	0.001	0.000
2296.633	0.001	0.010
2297.633	0.001	0.000
2298.633	0.001	0.000
2299.633	0.001	0.000
2300.633	0.001	0.000
2301.633	0.001	0.000
2302.633	0.001	0.000
2303.633	0.001	0.000
2304.633	0.001	0.000
2305.633	0.001	0.000
2306.633	0.001	0.000
2307.633	0.000	0.000
2308.633	0.001	0.000
2309.633	0.000	0.000
2310.633	0.001	0.000
2311.633	0.001	0.000
2312.633	0.000	0.000
2313.633	0.001	0.000
2314.633	0.000	0.001
2315.633	0.000	0.000
2316.633	0.000	0.000
2317.633	0.000	0.000
2318.633	0.000	0.000
2319.633	0.000	0.000
2320.633	0.000	0.000
2321.633	0.000	-0.000
2322.633	0.000	0.000
2323.633	0.001	0.000
2324.633	0.001	0.000
2325.633	0.000	-0.000
2326.633	0.000	0.000
2327.633	0.001	0.010
2328.633	0.000	0.000
2329.633	0.000	-0.000
2330.633	0.000	0.000
2331.633	0.001	0.000
2332.633	0.001	0.010
2333.633	0.000	0.000
2334.633	0.000	0.000
2335.633	0.001	0.000
2336.633	0.001	0.000
2337.633	0.000	0.000
2338.633	0.001	-0.000
2339.633	0.001	0.000
2340.633	0.001	0.000
2341.633	0.000	-0.000
2342.633	0.000	-0.000
2343.633	0.001	0.000
2344.633	0.001	0.010
2345.633	0.001	0.000
2346.633	0.001	0.000
2347.633	0.001	0.000
2348.633	0.001	0.000
2349.633	0.001	0.000
2350.633	0.001	-0.000
2351.633	0.001	0.000
2352.633	0.001	0.010
2353.633	0.001	0.001
2354.633	0.001	0.000
2355.633	0.001	0.000
2356.633	0.001	0.000
2357.633	0.001	0.000
2358.633	0.001	0.000
2359.633	0.001	0.000
2360.633	0.000	0.000
2361.633	0.001	0.000
2362.633	0.001	0.000
2363.633	0.001	0.000
2364.633	0.001	0.000
2365.633	0.001	0.000
2366.633	0.001	0.000
2367.633	0.001	-0.001
2368.633	0.001	-0.000
2369.633	0.001	0.000
2370.633	0.001	0.000
2371.633	0.001	0.000
2372.633	0.001	-0.000
2373.633	0.001	0.000
2374.633	0.001	0.000
2375.633	0.001	0.010
2376.633	0.001	-0.000
2377.633	0.001	-0.000
2378.633	0.001	0.000
2379.633	0.001	0.000
2380.633	0.001	0.000
2381.633	0.001	0.000
2382.633	0.001	0.000
2383.633	0.001	0.010
2384.633	0.001	0.000
2385.633	0.001	0.000
2386.633	0.001	0.000
2387.633	0.001	0.000
2388.633	0.001	0.000
2389.633	0.001	0.000
2390.633	0.001	0.000
2391.633	0.001	0.000
2392.633	0.001	0.000
2393.633	0.001	-0.001
2394.633	0.001	0.000
2395.633	0.001	0.000
2396.633	0.001	0.000
2397.633	0.001	-0.001
2398.633	0.001	0.000
2399.633	0.001	0.000
2400.633	0.001	-0.000
2401.633	0.001	0.000
2402.633	0.001	0.000
2403.633	0.001	0.001
2404.633	0.001	0.000
2405.633	0.001	0.000
2406.633	0.001	0.000
2407.633	0.001	0.000
2408.633	0.001	0.000
2409.633	0.000	0.000
2410.633	0.000	0.001
2411.633	0.001	0.000
2412.633	0.001	0.000
2413.633	0.001	0.000
2414.633	0.001	0.000
2415.633	0.001	0.000
2416.633	0.001	0.000
2417.633	0.001	0.000
2418.633	0.001	0.000
2419.633	0.001	0.000
2420.633	0.001	0.000
2421.633	0.001	0.000
2422.633	0.001	0.000
2423.633	0.001	0.000
2424.633	0.001	-0.001
2425.633	0.001	0.000
2426.633	0.001	0.000
2427.633	0.001	0.000
2428.633	0.001	0.000
2429.633	0.001	0.000
2430.633	0.001	0.001
2431.633	0.001	0.000
2432.633	0.001	0.000
2433.633	0.001	0.000
2434.633	0.001	0.000
2435.633	0.001	0.000
2436.633	0.001	0.000
2437.633	0.001	0.000
2438.633	0.001	0.000
2439.633	0.001	0.000
2440.633	0.001	0.001
2441.633	0.001	0.000
2442.633	0.001	0.000
2443.633	0.001	0.000
2444.633	0.001	0.000
2445.633	0.001	0.000
2446.633	0.001	-0.001
2447.633	0.001	0.000
2448.633	0.001	-0.000
2449.633	0.001	0.000
2450.633	0.001	0.000
2451.633	0.001	0.001
2452.633	0.001	0.000
2453.633	0.001	0.000
2454.633	0.001	0.000
2455.633	0.001	0.000
2456.633	0.001	0.010
2457.633	0.001	0.000
2458.633	0.001	0.000
2459.633	0.001	0.000
2460.633	0.001	0.000
2461.633	0.001	0.000
2462.633	0.001	0.000
2463.633	0.001	-0.000
2464.633	0.001	0.000
2465.633	0.001	0.000
2466.633	0.001	0.000
2467.633	0.001	0.000
2468.633	0.001	0.000
2469.633	0.001	0.000
2470.633	0.001	-0.001
2471.633	0.001	-0.000
2472.633	0.001	0.000
2473.633	0.001	0.000
2474.633	0.001	-0.000
2475.633	0.001	0.000
2476.633	0.001	0.000
2477.633	0.001	0.000
2478.633	0.001	-0.001
2479.633	0.001	0.000
2480.633	0.001	0.000
2481.633	0.001	0.000
2482.633	0.001	0.000
2483.633	0.001	0.000
2484.633	0.001	0.010
2485.633	0.001	0.000
2486.633	0.001	0.000
2487.633	0.001	-0.001
2488.633	0.001	0.000
2489.633	0.001	0.000
2490.633	0.001	0.000
2491.633	0.001	0.000
2492.633	0.001	0.000
2493.633	0.001	0.000
2494.633	0.001	0.000
2495.633	0.001	0.000
2496.633	0.001	0.000
2497.633	0.001	0.000
2498.633	0.001	0.000
2499.633	0.001	0.000
2500.633	0.001	0.000
2501.633	0.001	0.001
2502.633	0.001	0.000
2503.633	0.001	0.000
2504.633	0.001	0.000
2505.633	0.001	0.000
2506.633	0.001	-0.001
2507.633	0.001	0.000
2508.633	0.001	0.000
2509.633	0.001	-0.000
2510.633	0.001	-0.001
2511.633	0.001	0.000
2512.633	0.001	0.000
2513.633	0.001	0.000
2514.633	0.001	-0.000
2515.633	0.001	0.000
2516.633	0.001	0.000
2517.633	0.001	-0.000
2518.633	0.001	0.000
2519.633	0.001	0.000
2520.633	0.001	0.000
2521.633	0.001	-0.000
2522.633	0.001	0.000
2523.633	0.001	0.000
2524.633	0.001	0.000
2525.633	0.001	0.001
2526.633	0.001	0.000
2527.633	0.001	0.000
2528.633	0.001	0.000
2529.633	0.001	-0.001
2530.633	0.001	-0.000
2531.633	0.001	0.000
2532.633	0.001	0.010
2533.633	0.001	0.000
2534.633	0.001	0.001
2535.633	0.001	0.000
2536.633	0.001	0.000
2537.633	0.001	0.000
2538.633	0.001	0.000
2539.633	0.001	0.000
2540.633	0.001	-0.001
2541.633	0.001	0.000
2542.633	0.001	0.000
2543.633	0.001	0.000
2544.633	0.001	0.000
2545.633	0.001	-0.001
2546.633	0.001	0.000
2547.633	0.001	0.000
2548.633	0.001	-0.000
2549.633	0.001	0.000
2550.633	0.001	0.000
2551.633	0.001	0.000
2552.633	0.001	0.000
2553.633	0.001	0.000
2554.633	0.001	0.010
2555.633	0.001	0.000
2556.633	0.001	0.000
2557.633	0.001	-0.000
2558.633	0.001	0.000
2559.633	0.001	0.000
2560.633	0.001	-0.000
2561.633	0.001	0.000
2562.633	0.001	0.000
2563.633	0.001	0.000
2564.633	0.001	-0.000
2565.633	0.001	-0.000
2566.633	0.001	0.000
2567.633	0.001	0.000
2568.633	0.001	-0.000
2569.633	0.001	0.000
2570.633	0.001	0.000
2571.633	0.001	0.000
2572.633	0.001	0.000
2573.633	0.001	0.000
2574.633	0.001	0.000
2575.633	0.001	0.000
2576.633	0.001	0.000
2577.633	0.001	0.000
2578.633	0.001	0.000
2579.633	0.001	0.000
2580.633	0.001	0.000
2581.633	0.001	0.000
2582.633	0.001	0.000
2583.633	0.001	0.000
2584.633	0.001	0.000
2585.633	0.001	0.000
2586.633	0.001	0.000
2587.633	0.001	0.000
2588.633	0.001	0.000
2589.633	0.001	0.000
2590.633	0.001	0.000
2591.633	0.001	0.001
2592.633	0.001	-0.000
2593.633	0.001	0.000
2594.633	0.001	0.010
2595.633	0.001	0.000
2596.633	0.001	0.000
2597.633	0.001	0.000
2598.633	0.001	0.000
2599.633	0.001	-0.000
2600.633	0.001	-0.001
2601.633	0.001	0.000
2602.633	0.001	0.010
2603.633	0.001	-0.001
2604.633	0.001	0.000
2605.633	0.001	0.000
2606.633	0.001	0.000
2607.633	0.001	-0.000
2608.633	0.001	0.000
2609.633	0.001	0.000
2610.633	0.001	0.000
2611.633	0.001	0.000
2612.633	0.001	0.000
2613.633	0.001	0.000
2614.633	0.001	0.000
2615.633	0.001	0.001
2616.633	0.001	0.000
2617.633	0.001	0.000
2618.633	0.001	0.000
2619.633	0.001	-0.000
2620.633	0.001	0.000
2621.633	0.001	0.000
2622.633	0.001	-0.000
2623.633	0.001	-0.000
2624.633	0.001	0.000
2625.633	0.001	0.000
2626.633	0.001	0.000
2627.633	0.001	0.000
2628.633	0.001	0.000
2629.633	0.001	0.000
2630.633	0.001	0.000
2631.633	0.001	0.000
2632.633	0.001	0.000
2633.633	0.001	0.010
2634.633	0.001	0.000
2635.633	0.001	0.001
2636.633	0.001	0.000
2637.633	0.001	0.000
2638.633	0.001	-0.000
2639.633	0.001	0.000
2640.633	0.001	0.000
2641.633	0.001	0.000
2642.633	0.001	0.000
2643.633	0.001	-0.001
2644.633	0.001	0.000
2645.633	0.001	0.001
2646.633	0.001	0.000
2647.633	0.001	0.000
2648.633	0.001	0.000
2649.633	0.001	0.000
2650.633	0.001	0.000
2651.633	0.001	0.000
2652.633	0.001	0.000
2653.633	0.001	0.000
2654.633	0.001	0.000
2655.633	0.001	0.000
2656.633	0.001	0.000
2657.633	0.001	0.000
2658.633	0.001	0.000
2659.633	0.001	0.000
2660.633	0.001	0.000
2661.633	0.001	0.000
2662.633	0.001	0.000
2663.633	0.001	0.010
2664.633	0.001	-0.000
2665.633	0.001	0.000
2666.633	0.001	-0.000
2667.633	0.001	0.010
2668.633	0.001	0.000
2669.633	0.001	-0.001
2670.633	0.001	-0.000
2671.633	0.001	0.000
2672.633	0.001	0.000
2673.633	0.001	0.000
2674.633	0.001	-0.000
2675.633	0.001	0.000
2676.633	0.001	0.000
2677.633	0.001	-0.001
2678.633	0.001	0.000
2679.633	0.001	0.000
2680.633	0.001	0.000
2681.633	0.001	-0.001
2682.633	0.001	-0.000
2683.633	0.001	0.000
2684.633	0.001	0.000
2685.633	0.001	0.000
2686.633	0.001	-0.000
2687.633	0.001	0.000
2688.633	0.001	0.000
2689.633	0.001	-0.000
2690.633	0.001	0.000
2691.633	0.001	0.000
2692.633	0.001	0.010
2693.633	0.001	0.000
2694.633	0.001	0.000
2695.633	0.001	0.000
2696.633	0.001	0.000
2697.633	0.001	0.000
2698.633	0.001	0.000
2699.633	0.001	0.000
2700.633	0.001	0.000
2701.633	0.001	0.000
2702.633	0.001	0.000
2703.633	0.001	0.000
2704.633	0.001	-0.000
2705.633	0.001	0.000
2706.633	0.001	0.000
2707.633	0.001	0.001
2708.633	0.001	-0.001
2709.633	0.001	0.000
2710.633	0.001	0.000
2711.633	0.001	0.000
2712.633	0.001	0.000
2713.633	0.001	0.000
2714.633	0.001	0.000
2715.633	0.001	0.000
2716.633	0.001	-0.001
2717.633	0.001	-0.000
2718.633	0.001	0.010
2719.633	0.001	0.000
2720.633	0.001	0.000
2721.633	0.001	0.000
2722.633	0.001	0.010
2723.633	0.001	0.000
2724.633	0.001	0.000
2725.633	0.001	-0.000
2726.633	0.001	0.000
2727.633	0.001	0.000
2728.633	0.001	0.000
2729.633	0.001	0.000
2730.633	0.001	0.000
2731.633	0.001	0.000
2732.633	0.001	0.000
2733.633	0.001	0.001
2734.633	0.001	0.010
2735.633	0.002	0.000
2736.633	0.001	0.000
2737.633	0.001	0.000
2738.633	0.001	0.000
2739.633	0.001	0.000
2740.633	0.001	0.000
2741.633	0.001	0.000
2742.633	0.001	0.000
2743.633	0.001	-0.000
2744.633	0.001	0.000
2745.633	0.001	0.000
2746.633	0.002	0.000
2747.633	0.001	0.000
2748.633	0.001	0.000
2749.633	0.001	0.000
2750.633	0.001	0.000
2751.633	0.001	0.000
2752.633	0.002	0.000
2753.633	0.001	0.010
2754.633	0.002	0.000
2755.633	0.001	0.000
2756.633	0.001	0.000
2757.633	0.001	0.000
2758.633	0.001	0.000
2759.633	0.001	0.001
2760.633	0.001	0.000
2761.633	0.001	0.000
2762.633	0.001	0.000
2763.633	0.001	-0.000
2764.633	0.001	-0.000
2765.633	0.001	0.000
2766.633	0.001	0.000
2767.633	0.001	-0.000
2768.633	0.001	-0.001
2769.633	0.001	0.000
2770.633	0.001	0.000
2771.633	0.001	0.000
2772.633	0.001	0.000
2773.633	0.001	0.000
2774.633	0.001	0.000
2775.633	0.001	0.000
2776.633	0.001	0.000
2777.633	0.001	0.000
2778.633	0.001	0.000
2779.633	0.001	0.000
2780.633	0.001	0.000
2781.633	0.001	0.000
2782.633	0.001	0.000
2783.633	0.001	0.000
2784.633	0.001	0.000
2785.633	0.001	0.000
2786.633	0.001	-0.000
2787.633	0.001	0.000
2788.633	0.001	0.010
2789.633	0.001	0.010
2790.633	0.001	0.000
2791.633	0.001	-0.000
2792.633	0.001	0.000
2793.633	0.001	0.010
2794.633	0.001	-0.000
2795.633	0.001	0.000
2796.633	0.001	0.000
2797.633	0.001	0.000
2798.633	0.001	0.000
2799.633	0.001	0.000
2800.633	0.001	0.000
2801.633	0.001	0.000
2802.633	0.001	0.000
2803.633	0.001	0.000
2804.633	0.001	0.010
2805.633	0.001	0.000
2806.633	0.001	0.001
2807.633	0.001	0.000
2808.633	0.001	0.000
2809.633	0.001	0.000
2810.633	0.001	0.000
2811.633	0.001	0.000
2812.633	0.001	0.000
2813.633	0.001	0.000
2814.633	0.001	0.000
2815.633	0.001	0.000
2816.633	0.001	0.000
2817.633	0.001	0.000
2818.633	0.001	-0.001
2819.633	0.001	0.000
2820.633	0.000	0.000
2821.633	0.001	0.000
2822.633	0.001	0.000
2823.633	0.001	0.000
2824.633	0.001	0.000
2825.633	0.001	0.000
2826.633	0.001	0.000
2827.633	0.001	0.000
2828.633	0.001	0.000
2829.633	0.001	-0.000
2830.633	0.001	0.000
2831.633	0.001	0.000
2832.633	0.001	0.010
2833.633	0.001	-0.001
2834.633	0.001	0.000
2835.633	0.001	0.000
2836.633	0.001	-0.000
2837.633	0.000	0.000
2838.633	0.000	0.000
2839.633	0.001	0.000
2840.633	0.001	0.000
2841.633	0.001	-0.001
2842.633	0.001	0.001
2843.633	0.001	0.000
2844.633	0.000	0.000
2845.633	0.000	0.000
2846.633	0.000	0.001
2847.633	0.000	0.000
2848.633	0.000	0.010
2849.633	0.000	0.000
2850.633	0.001	0.000
2851.633	0.000	0.000
2852.633	0.000	0.000
2853.633	0.001	0.000
2854.633	0.001	0.000
2855.633	0.001	0.000
2856.633	0.001	0.000
2857.633	0.001	0.000
2858.633	0.001	0.000
2859.633	0.001	0.000
2860.633	0.001	0.000
2861.633	0.001	0.000
2862.633	0.001	0.010
2863.633	0.001	0.000
2864.633	0.001	-0.000
2865.633	0.001	0.000
2866.633	0.001	0.000
2867.633	0.001	0.000
2868.633	0.001	0.000
2869.633	0.001	-0.001
2870.633	0.001	0.000
2871.633	0.001	0.000
2872.633	0.001	0.000
2873.633	0.001	0.000
2874.633	0.001	0.000
2875.633	0.001	0.000
2876.633	0.001	0.000
2877.633	0.001	0.000
2878.633	0.001	0.000
2879.633	0.001	0.000
2880.633	0.001	0.000
2881.633	0.001	0.000
2882.633	0.001	0.000
2883.633	0.001	0.000
2884.633	0.001	0.000
2885.633	0.001	0.000
2886.633	0.001	0.000
2887.633	0.001	-0.000
2888.633	0.001	0.000
2889.633	0.001	0.000
2890.633	0.001	0.000
2891.633	0.001	0.000
2892.633	0.001	0.000
2893.633	0.001	0.000
2894.633	0.001	0.000
2895.633	0.001	0.000
2896.633	0.001	0.000
2897.633	0.001	0.000
2898.633	0.001	0.000
2899.633	0.001	0.000
2900.633	0.001	0.000
2901.633	0.001	0.000
2902.633	0.001	0.000
2903.633	0.001	0.001
2904.633	0.001	-0.000
2905.633	0.001	0.000
2906.633	0.001	0.010
2907.633	0.001	0.000
2908.633	0.001	0.000
2909.633	0.001	0.000
2910.633	0.001	0.000
2911.633	0.001	0.000
2912.633	0.001	0.000
2913.633	0.001	0.000
2914.633	0.001	0.000
2915.633	0.001	0.000
2916.633	0.001	0.000
2917.633	0.001	0.000
2918.633	0.001	0.000
2919.633	0.001	0.000
2920.633	0.001	0.000
2921.633	0.001	0.000
2922.633	0.001	0.000
2923.633	0.001	0.000
2924.633	0.001	0.000
2925.633	0.001	0.000
2926.633	0.001	0.000
2927.633	0.001	0.000
