0.420	1.843	-4.076
1.420	1.844	-4.084
2.420	1.844	-4.093
3.420	1.844	-4.101
4.420	1.844	-4.110
5.420	1.844	-4.119
6.420	1.844	-4.125
7.420	1.844	-4.135
8.420	1.844	-4.142
9.420	1.844	-4.150
10.420	1.844	-4.158
11.420	1.843	-4.166
12.420	1.843	-4.174
13.420	1.843	-4.181
14.420	1.843	-4.189
15.420	1.843	-4.196
16.420	1.843	-4.203
17.420	1.843	-4.210
18.420	1.843	-4.218
19.420	1.843	-4.225
20.420	1.843	-4.232
21.420	1.843	-4.238
22.420	1.843	-4.247
23.420	1.843	-4.252
24.420	1.843	-4.259
25.420	1.843	-4.267
26.420	1.843	-4.273
27.420	1.843	-4.279
28.420	1.843	-4.286
29.420	1.843	-4.292
30.420	1.844	-4.298
31.420	1.843	-4.305
32.420	1.843	-4.310
33.420	1.843	-4.318
34.420	1.843	-4.323
35.420	1.843	-4.329
36.420	1.843	-4.334
37.420	1.843	-4.340
38.420	1.843	-4.346
39.420	1.843	-4.351
40.420	1.843	-4.357
41.420	1.843	-4.363
42.420	1.843	-4.370
43.420	1.843	-4.375
44.420	1.843	-4.381
45.420	1.843	-4.386
46.420	1.843	-4.390
47.420	1.843	-4.395
48.420	1.843	-4.402
49.420	1.843	-4.407
50.420	1.843	-4.411
51.420	1.843	-4.417
52.420	1.843	-4.422
53.420	1.843	-4.427
54.420	1.843	-4.431
55.420	1.844	-4.436
56.420	1.843	-4.440
57.420	1.843	-4.447
58.420	1.843	-4.451
59.420	1.843	-4.455
60.420	1.843	-4.460
61.420	1.843	-4.465
62.420	1.843	-4.470
63.420	1.843	-4.474
64.420	1.843	-4.479
65.420	1.843	-4.483
66.420	1.843	-4.487
67.420	1.843	-4.492
68.420	1.843	-4.496
69.420	1.843	-4.500
70.420	1.843	-4.505
71.420	1.843	-4.509
72.420	1.843	-4.513
73.420	1.843	-4.517
74.420	1.843	-4.522
75.420	1.843	-4.525
76.420	1.843	-4.530
77.420	1.843	-4.534
78.420	1.843	-4.538
79.420	1.843	-4.543
80.420	1.843	-4.546
81.420	1.843	-4.550
82.420	1.843	-4.554
83.420	1.843	-4.558
84.420	1.843	-4.561
85.420	1.843	-4.565
86.420	1.843	-4.568
87.420	1.843	-4.573
88.420	1.843	-4.576
89.420	1.843	-4.581
90.420	1.843	-4.583
91.420	1.843	-4.588
92.420	1.843	-4.591
93.420	1.843	-4.596
94.420	1.843	-4.599
95.420	1.843	-4.603
96.420	1.843	-4.605
97.420	1.843	-4.609
98.420	1.843	-4.613
99.420	1.843	-4.617
100.420	1.843	-4.619
101.420	1.843	-4.624
102.420	1.843	-4.626
103.420	1.844	-4.630
104.420	1.843	-4.634
105.420	1.843	-4.638
106.420	1.843	-4.640
107.420	1.843	-4.643
108.420	1.844	-4.647
109.420	1.844	-4.651
110.420	1.844	-4.654
111.420	1.843	-4.656
112.420	1.843	-4.660
113.420	1.843	-4.664
114.420	1.843	-4.666
115.420	1.843	-4.669
116.420	1.843	-4.672
117.420	1.843	-4.675
118.420	1.843	-4.679
119.420	1.843	-4.682
120.420	1.843	-4.685
121.420	1.844	-4.689
122.420	1.844	-4.690
123.420	1.844	-4.694
124.420	1.843	-4.698
125.420	1.844	-4.700
126.420	1.843	-4.703
127.420	1.843	-4.707
128.420	1.843	-4.709
129.420	1.843	-4.712
130.420	1.844	-4.715
131.420	1.844	-4.717
132.420	1.844	-4.720
133.420	1.843	-4.724
134.420	1.844	-4.726
135.420	1.843	-4.729
136.420	1.843	-4.732
137.420	1.844	-4.735
138.420	1.844	-4.738
139.420	1.843	-4.740
140.420	1.844	-4.743
141.420	1.843	-4.746
142.420	1.843	-4.749
143.420	1.843	-4.751
144.420	1.843	-4.753
145.420	1.844	-4.756
146.420	1.843	-4.759
147.420	1.844	-4.763
148.420	1.843	-4.765
149.420	1.843	-4.767
150.420	1.844	-4.770
151.420	1.844	-4.773
152.420	1.844	-4.775
153.420	1.843	-4.777
154.420	1.843	-4.781
155.420	1.844	-4.783
156.420	1.843	-4.786
157.420	1.843	-4.788
158.420	1.843	-4.792
159.420	1.843	-4.792
160.420	1.843	-4.795
161.420	1.843	-4.798
162.420	1.843	-4.800
163.420	1.843	-4.803
164.420	1.843	-4.806
165.420	1.843	-4.807
166.420	1.843	-4.811
167.420	1.843	-4.812
168.420	1.843	-4.815
169.420	1.843	-4.818
170.420	1.843	-4.819
171.420	1.843	-4.822
172.420	1.843	-4.825
173.420	1.843	-4.827
174.420	1.843	-4.830
175.420	1.843	-4.833
176.420	1.843	-4.835
177.420	1.843	-4.836
178.420	1.843	-4.839
179.420	1.843	-4.841
180.420	1.843	-4.843
181.420	1.843	-4.845
182.420	1.843	-4.847
183.420	1.843	-4.851
184.420	1.843	-4.852
185.420	1.843	-4.855
186.420	1.843	-4.857
187.420	1.843	-4.859
188.420	1.843	-4.862
189.420	1.843	-4.864
190.420	1.843	-4.866
191.420	1.843	-4.868
192.420	1.843	-4.870
193.420	1.843	-4.873
194.420	1.843	-4.875
195.420	1.843	-4.877
196.420	1.843	-4.879
197.420	1.843	-4.881
198.420	1.843	-4.884
199.420	1.843	-4.885
200.420	1.843	-4.887
201.420	1.843	-4.890
202.420	1.843	-4.893
203.420	1.843	-4.894
204.420	1.843	-4.896
205.420	1.843	-4.898
206.420	1.843	-4.900
207.420	1.843	-4.902
208.420	1.843	-4.905
209.420	1.843	-4.905
210.420	1.843	-4.908
211.420	1.843	-4.910
212.420	1.843	-4.913
213.420	1.843	-4.914
214.420	1.843	-4.917
215.420	1.843	-4.919
216.420	1.843	-4.921
217.420	1.843	-4.922
218.420	1.843	-4.925
219.420	1.843	-4.927
220.420	1.843	-4.929
221.420	1.843	-4.929
222.420	1.843	-4.933
223.420	1.843	-4.935
224.420	1.843	-4.936
225.420	1.843	-4.937
226.420	1.843	-4.940
227.420	1.843	-4.943
228.420	1.843	-4.944
229.420	1.843	-4.946
230.420	1.843	-4.947
231.420	1.843	-4.949
232.420	1.843	-4.952
233.420	1.843	-4.953
234.420	1.843	-4.955
235.420	1.843	-4.957
236.420	1.843	-4.959
237.420	1.843	-4.961
238.420	1.843	-4.963
239.420	1.843	-4.965
240.420	1.844	-4.966
241.420	1.844	-4.968
242.420	1.843	-4.970
243.420	1.843	-4.972
244.420	1.844	-4.973
245.420	1.843	-4.976
246.420	1.843	-4.977
247.420	1.844	-4.978
248.420	1.843	-4.981
249.420	1.844	-4.983
250.420	1.843	-4.984
251.420	1.843	-4.985
252.420	1.844	-4.987
253.420	1.844	-4.990
254.420	1.844	-4.991
255.420	1.844	-4.993
256.420	1.844	-4.995
257.420	1.844	-4.997
258.420	1.844	-4.998
259.420	1.844	-5.000
260.420	1.844	-5.001
261.420	1.844	-5.003
262.420	1.844	-5.005
263.420	1.844	-5.007
264.420	1.844	-5.009
265.420	1.844	-5.010
266.420	1.844	-5.011
267.420	1.844	-5.013
268.420	1.844	-5.016
269.420	1.844	-5.018
270.420	1.844	-5.019
271.420	1.844	-5.021
272.420	1.844	-5.023
273.420	1.844	-5.024
274.420	1.844	-5.025
275.420	1.844	-5.028
276.420	1.844	-5.029
277.420	1.844	-5.032
278.420	1.844	-5.032
279.420	1.844	-5.034
280.420	1.844	-5.036
281.420	1.844	-5.037
282.420	1.844	-5.039
283.420	1.844	-5.040
284.420	1.844	-5.042
285.420	1.844	-5.043
286.420	1.844	-5.045
287.420	1.844	-5.046
288.420	1.844	-5.049
289.420	1.844	-5.049
290.420	1.844	-5.051
291.420	1.844	-5.053
292.420	1.844	-5.055
293.420	1.844	-5.056
294.420	1.844	-5.058
295.420	1.844	-5.059
296.420	1.844	-5.061
297.420	1.844	-5.063
298.420	1.844	-5.064
299.420	1.844	-5.066
300.420	1.844	-5.067
301.420	1.844	-5.069
302.420	1.844	-5.071
303.420	1.844	-5.072
304.420	1.844	-5.074
305.420	1.844	-5.075
306.420	1.844	-5.077
307.420	1.844	-5.078
308.420	1.844	-5.080
309.420	1.844	-5.081
310.420	1.845	-5.082
311.420	1.844	-5.085
312.420	1.844	-5.085
313.420	1.844	-5.087
314.420	1.844	-5.088
315.420	1.844	-5.090
316.420	1.844	-5.091
317.420	1.844	-5.093
318.420	1.844	-5.093
319.420	1.844	-5.096
320.420	1.844	-5.098
321.420	1.844	-5.100
322.420	1.844	-5.099
323.420	1.844	-5.102
324.420	1.845	-5.103
325.420	1.844	-5.105
326.420	1.844	-5.106
327.420	1.844	-5.108
328.420	1.844	-5.109
329.420	1.844	-5.111
330.420	1.844	-5.112
331.420	1.844	-5.114
332.420	1.844	-5.116
333.420	1.845	-5.118
334.420	1.844	-5.119
335.420	1.844	-5.120
336.420	1.844	-5.121
337.420	1.845	-5.123
338.420	1.845	-5.124
339.420	1.845	-5.126
340.420	1.845	-5.127
341.420	1.844	-5.130
342.420	1.845	-5.131
343.420	1.845	-5.133
344.420	1.845	-5.134
345.420	1.844	-5.134
346.420	1.844	-5.136
347.420	1.845	-5.138
348.420	1.845	-5.139
349.420	1.845	-5.141
350.420	1.844	-5.142
351.420	1.845	-5.143
352.420	1.844	-5.145
353.420	1.844	-5.145
354.420	1.845	-5.148
355.420	1.844	-5.149
356.420	1.844	-5.149
357.420	1.844	-5.151
358.420	1.844	-5.153
359.420	1.844	-5.154
360.420	1.844	-5.155
361.420	1.844	-5.157
362.420	1.844	-5.159
363.420	1.844	-5.160
364.420	1.844	-5.160
365.420	1.844	-5.162
366.420	1.844	-5.164
367.420	1.844	-5.166
368.420	1.844	-5.165
369.420	1.844	-5.167
370.420	1.844	-5.169
371.420	1.844	-5.169
372.420	1.844	-5.172
373.420	1.844	-5.172
374.420	1.844	-5.174
375.420	1.844	-5.175
376.420	1.844	-5.177
377.420	1.844	-5.177
378.420	1.844	-5.180
379.420	1.844	-5.180
380.420	1.844	-5.182
381.420	1.844	-5.183
382.420	1.844	-5.185
383.420	1.844	-5.185
384.420	1.844	-5.188
385.420	1.844	-5.188
386.420	1.844	-5.189
387.420	1.844	-5.191
388.420	1.844	-5.192
389.420	1.844	-5.193
390.420	1.844	-5.194
391.420	1.844	-5.196
392.420	1.844	-5.196
393.420	1.844	-5.198
394.420	1.844	-5.200
395.420	1.844	-5.202
396.420	1.844	-5.203
397.420	1.844	-5.203
398.420	1.844	-5.204
399.420	1.844	-5.205
400.420	1.844	-5.206
401.420	1.843	-5.207
402.420	1.844	-5.209
403.420	1.844	-5.210
404.420	1.844	-5.212
405.420	1.844	-5.213
406.420	1.844	-5.215
407.420	1.844	-5.215
408.420	1.844	-5.217
409.420	1.844	-5.217
410.420	1.844	-5.219
411.420	1.844	-5.220
412.420	1.844	-5.221
413.420	1.844	-5.223
414.420	1.844	-5.223
415.420	1.844	-5.224
416.420	1.844	-5.226
417.420	1.844	-5.227
418.420	1.844	-5.228
419.420	1.844	-5.230
420.420	1.844	-5.231
421.420	1.844	-5.232
422.420	1.844	-5.233
423.420	1.844	-5.234
424.420	1.844	-5.235
425.420	1.844	-5.236
426.420	1.844	-5.238
427.420	1.844	-5.238
428.420	1.844	-5.240
429.420	1.844	-5.240
430.420	1.844	-5.242
431.420	1.844	-5.243
432.420	1.844	-5.245
433.420	1.844	-5.245
434.420	1.844	-5.247
435.420	1.844	-5.248
436.420	1.844	-5.250
437.420	1.844	-5.249
438.420	1.844	-5.252
439.420	1.844	-5.253
440.420	1.844	-5.254
441.420	1.844	-5.254
442.420	1.844	-5.255
443.420	1.844	-5.257
444.420	1.844	-5.258
445.420	1.845	-5.260
446.420	1.844	-5.259
447.420	1.845	-5.261
448.420	1.844	-5.262
449.420	1.845	-5.264
450.420	1.844	-5.265
451.420	1.844	-5.266
452.420	1.844	-5.267
453.420	1.844	-5.268
454.420	1.844	-5.268
455.420	1.844	-5.271
456.420	1.844	-5.271
457.420	1.844	-5.273
458.420	1.844	-5.273
459.420	1.844	-5.274
460.420	1.844	-5.276
461.420	1.844	-5.276
462.420	1.844	-5.277
463.420	1.844	-5.279
464.420	1.844	-5.280
465.420	1.844	-5.281
466.420	1.844	-5.282
467.420	1.844	-5.282
468.420	1.844	-5.284
469.420	1.844	-5.285
470.420	1.844	-5.287
471.420	1.844	-5.287
472.420	1.844	-5.288
473.420	1.844	-5.289
474.420	1.843	-5.290
475.420	1.844	-5.292
476.420	1.844	-5.292
477.420	1.844	-5.293
478.420	1.844	-5.295
479.420	1.844	-5.295
480.420	1.844	-5.296
481.420	1.844	-5.298
482.420	1.844	-5.299
483.420	1.844	-5.299
484.420	1.844	-5.300
485.420	1.844	-5.301
486.420	1.844	-5.303
487.420	1.844	-5.304
488.420	1.844	-5.304
489.420	1.844	-5.306
490.420	1.844	-5.306
491.420	1.844	-5.308
492.420	1.844	-5.308
493.420	1.844	-5.309
494.420	1.844	-5.310
495.420	1.844	-5.312
496.420	1.844	-5.312
497.420	1.844	-5.314
498.420	1.844	-5.314
499.420	1.844	-5.316
500.420	1.844	-5.316
501.420	1.844	-5.318
502.420	1.844	-5.318
503.420	1.844	-5.320
504.420	1.844	-5.321
505.420	1.844	-5.322
506.420	1.844	-5.323
507.420	1.844	-5.324
508.420	1.844	-5.324
509.420	1.844	-5.325
510.420	1.844	-5.327
511.420	1.844	-5.328
512.420	1.844	-5.330
513.420	1.844	-5.329
514.420	1.844	-5.331
515.420	1.844	-5.332
516.420	1.844	-5.332
517.420	1.843	-5.334
518.420	1.844	-5.335
519.420	1.844	-5.336
520.420	1.843	-5.335
521.420	1.844	-5.337
522.420	1.843	-5.337
523.420	1.843	-5.339
524.420	1.843	-5.340
525.420	1.843	-5.341
526.420	1.843	-5.341
527.420	1.843	-5.343
528.420	1.843	-5.344
529.420	1.843	-5.345
530.420	1.843	-5.345
531.420	1.843	-5.347
532.420	1.843	-5.348
533.420	1.843	-5.349
534.420	1.843	-5.350
535.420	1.843	-5.351
536.420	1.843	-5.352
537.420	1.843	-5.352
538.420	1.843	-5.353
539.420	1.843	-5.354
540.420	1.843	-5.355
541.420	1.843	-5.356
542.420	1.843	-5.357
543.420	1.843	-5.359
544.420	1.843	-5.358
545.420	1.843	-5.359
546.420	1.843	-5.360
547.420	1.843	-5.361
548.420	1.843	-5.362
549.420	1.843	-5.364
550.420	1.843	-5.364
551.420	1.843	-5.366
552.420	1.843	-5.367
553.420	1.843	-5.367
554.420	1.843	-5.368
555.420	1.843	-5.368
556.420	1.843	-5.369
557.420	1.843	-5.370
558.420	1.843	-5.372
559.420	1.843	-5.372
560.420	1.843	-5.373
561.420	1.843	-5.375
562.420	1.843	-5.374
563.420	1.843	-5.375
564.420	1.843	-5.376
565.420	1.843	-5.378
566.420	1.843	-5.379
567.420	1.843	-5.380
568.420	1.843	-5.381
569.420	1.843	-5.381
570.420	1.843	-5.381
571.420	1.843	-5.383
572.420	1.843	-5.384
573.420	1.843	-5.384
574.420	1.843	-5.386
575.420	1.843	-5.386
576.420	1.843	-5.387
577.420	1.843	-5.388
578.420	1.843	-5.389
579.420	1.843	-5.390
580.420	1.843	-5.391
581.420	1.843	-5.392
582.420	1.843	-5.393
583.420	1.843	-5.395
584.420	1.843	-5.394
585.420	1.843	-5.395
586.420	1.843	-5.397
587.420	1.843	-5.397
588.420	1.843	-5.397
589.420	1.843	-5.399
590.420	1.843	-5.399
591.420	1.843	-5.401
592.420	1.843	-5.400
593.420	1.843	-5.401
594.420	1.843	-5.403
595.420	1.843	-5.404
596.420	1.843	-5.405
597.420	1.843	-5.405
598.420	1.843	-5.407
599.420	1.843	-5.407
600.420	1.843	-5.407
601.420	1.843	-5.409
602.420	1.843	-5.409
603.420	1.843	-5.411
604.420	1.843	-5.411
605.420	1.843	-5.411
606.420	1.843	-5.413
607.420	1.842	-5.414
608.420	1.843	-5.414
609.420	1.843	-5.416
610.420	1.843	-5.416
611.420	1.843	-5.417
612.420	1.843	-5.417
613.420	1.843	-5.418
614.420	1.843	-5.419
615.420	1.843	-5.421
616.420	1.843	-5.421
617.420	1.843	-5.422
618.420	1.843	-5.422
619.420	1.843	-5.424
620.420	1.843	-5.425
621.420	1.843	-5.426
622.420	1.843	-5.427
623.420	1.843	-5.427
624.420	1.843	-5.428
625.420	1.843	-5.428
626.420	1.843	-5.429
627.420	1.843	-5.431
628.420	1.843	-5.432
629.420	1.843	-5.432
630.420	1.843	-5.433
631.420	1.843	-5.433
632.420	1.843	-5.435
633.420	1.843	-5.436
634.420	1.843	-5.436
635.420	1.843	-5.437
636.420	1.843	-5.436
637.420	1.843	-5.438
638.420	1.843	-5.439
639.420	1.843	-5.439
640.420	1.843	-5.440
641.420	1.843	-5.441
642.420	1.843	-5.441
643.420	1.843	-5.443
644.420	1.843	-5.444
645.420	1.843	-5.444
646.420	1.843	-5.445
647.420	1.843	-5.446
648.420	1.843	-5.446
649.420	1.843	-5.448
650.420	1.843	-5.448
651.420	1.843	-5.449
652.420	1.843	-5.449
653.420	1.843	-5.451
654.420	1.843	-5.451
655.420	1.843	-5.452
656.420	1.843	-5.453
657.420	1.843	-5.454
658.420	1.842	-5.455
659.420	1.843	-5.456
660.420	1.843	-5.456
661.420	1.842	-5.457
662.420	1.843	-5.457
663.420	1.843	-5.459
664.420	1.843	-5.460
665.420	1.843	-5.460
666.420	1.843	-5.460
667.420	1.843	-5.461
668.420	1.843	-5.462
669.420	1.843	-5.464
670.420	1.843	-5.464
671.420	1.843	-5.464
672.420	1.843	-5.465
673.420	1.843	-5.465
674.420	1.843	-5.467
675.420	1.843	-5.467
676.420	1.843	-5.468
677.420	1.843	-5.469
678.420	1.843	-5.471
679.420	1.843	-5.471
680.420	1.843	-5.472
681.420	1.843	-5.472
682.420	1.843	-5.473
683.420	1.843	-5.474
684.420	1.843	-5.474
685.420	1.843	-5.474
686.420	1.843	-5.476
687.420	1.843	-5.477
688.420	1.843	-5.477
689.420	1.843	-5.479
690.420	1.843	-5.478
691.420	1.843	-5.480
692.420	1.843	-5.480
693.420	1.843	-5.481
694.420	1.843	-5.482
