0.180	0.018	221.900
1.180	0.018	221.900
2.180	0.017	221.900
3.180	0.017	221.900
4.180	0.016	222.000
5.180	0.016	222.000
6.180	0.015	222.000
7.180	0.015	222.000
8.180	0.015	222.000
9.180	0.014	222.000
10.180	0.014	222.000
11.180	0.013	222.000
12.180	0.013	222.000
13.180	0.013	222.000
14.180	0.012	222.100
15.180	0.012	222.100
16.180	0.012	222.100
17.180	0.011	222.100
18.180	0.011	222.100
19.180	0.011	222.100
20.180	0.010	222.100
21.180	0.010	222.100
22.180	0.009	222.100
23.180	0.009	222.100
24.180	0.009	222.100
25.180	0.009	222.100
26.180	0.009	222.100
27.180	0.009	222.100
28.180	0.008	222.100
29.180	0.008	222.100
30.180	0.008	222.100
31.180	0.008	222.100
32.180	0.007	222.100
33.180	0.007	222.100
34.180	0.007	222.100
35.180	0.007	222.100
36.180	0.007	222.100
37.180	0.007	222.100
38.180	0.006	222.100
39.180	0.006	222.100
40.180	0.006	222.100
41.180	0.005	222.100
42.180	0.005	222.100
43.180	0.005	222.100
44.180	0.005	222.100
45.180	0.005	222.100
46.180	0.004	222.100
47.180	0.004	222.100
48.180	0.004	222.100
49.180	0.004	222.100
50.180	0.003	222.100
51.180	0.003	222.100
52.180	0.003	222.100
53.180	0.003	222.100
54.180	0.003	222.100
55.180	0.003	222.000
56.180	0.002	222.000
57.180	0.003	222.000
58.180	0.003	222.000
59.180	0.002	222.000
60.180	0.002	222.000
61.180	0.002	222.000
62.180	0.002	221.900
63.180	0.002	221.900
64.180	0.002	221.900
65.180	0.002	221.900
66.180	0.002	221.900
67.180	0.002	221.900
68.180	0.002	221.900
69.180	0.002	221.900
70.180	0.001	221.800
71.180	0.001	221.800
72.180	0.001	221.800
73.180	0.001	221.800
74.180	0.001	221.800
75.180	0.001	221.800
76.180	0.000	221.800
77.180	0.000	221.800
78.180	0.001	221.800
79.180	0.001	221.800
80.180	0.000	221.700
81.180	0.001	221.700
82.180	0.000	221.700
83.180	0.000	221.700
84.180	0.000	221.700
85.180	0.000	221.700
86.180	0.000	221.700
87.180	0.001	221.700
88.180	0.001	221.700
89.180	0.001	221.700
90.180	0.001	221.700
91.180	0.001	221.700
92.180	0.001	221.700
93.180	0.001	221.700
94.180	0.001	221.700
95.180	0.000	221.700
96.180	0.000	221.700
97.180	0.000	221.700
98.180	-0.000	221.700
99.180	-0.000	221.600
100.180	0.000	221.600
101.180	-0.000	221.600
102.180	0.000	221.600
103.180	0.000	221.600
104.180	0.000	221.600
105.180	0.000	221.600
106.180	0.000	221.600
107.180	0.000	221.600
108.180	0.000	221.600
109.180	0.000	221.600
110.180	0.000	221.600
111.180	0.000	221.600
112.180	-0.000	221.600
113.180	-0.000	221.600
114.180	-0.000	221.500
115.180	0.000	221.500
116.180	0.000	221.500
117.180	0.000	221.500
118.180	-0.000	221.500
119.180	-0.000	221.500
120.180	0.000	221.500
121.180	-0.000	221.500
122.180	-0.000	221.500
123.180	-0.216	221.500
124.180	1.375	221.500
125.180	1.353	221.600
126.180	1.352	221.500
127.180	1.351	221.500
128.180	1.350	221.500
129.180	1.350	221.500
130.180	1.349	221.500
131.180	1.349	221.500
132.180	1.349	221.500
133.180	1.349	221.500
134.180	1.348	221.500
135.180	1.348	221.500
136.180	1.348	221.500
137.180	1.348	221.500
138.180	1.348	221.500
139.180	1.348	221.400
140.180	1.348	221.500
141.180	1.348	221.400
142.180	1.348	221.400
143.180	1.348	221.500
144.180	1.348	221.400
145.180	1.348	221.400
146.180	1.348	221.400
147.180	1.348	221.400
148.180	1.348	221.400
149.180	1.349	221.300
150.180	1.349	221.300
151.180	1.349	221.300
152.180	1.349	221.300
153.180	1.349	221.300
154.180	1.349	221.300
155.180	1.349	221.300
156.180	1.349	221.300
157.180	1.349	221.300
158.180	1.349	221.300
159.180	1.349	221.300
160.180	1.349	221.300
161.180	1.349	221.300
162.180	1.349	221.300
163.180	1.349	221.400
164.180	1.349	221.400
165.180	1.349	221.400
166.180	1.350	221.400
167.180	1.350	221.400
168.180	1.350	221.500
169.180	1.350	221.400
170.180	1.351	221.500
171.180	1.351	221.500
172.180	1.351	221.500
173.180	1.351	221.500
174.180	1.351	221.500
175.180	1.351	221.500
176.180	1.351	221.400
177.180	1.351	221.500
178.180	1.351	221.500
179.180	1.351	221.400
180.180	1.352	221.400
181.180	1.352	221.400
182.180	1.352	221.400
183.180	1.352	221.400
184.180	1.352	221.400
185.180	1.352	221.400
186.180	1.353	221.400
187.180	1.353	221.300
188.180	1.353	221.400
189.180	1.353	221.300
190.180	1.353	221.300
191.180	1.353	221.400
192.180	1.353	221.300
193.180	1.353	221.300
194.180	1.353	221.400
195.180	1.353	221.400
196.180	1.353	221.300
197.180	1.353	221.400
198.180	1.353	221.400
199.180	1.353	221.300
200.180	1.353	221.300
201.180	1.354	221.300
202.180	1.354	221.400
203.180	1.354	221.300
204.180	1.354	221.300
205.180	1.354	221.300
206.180	1.354	221.300
207.180	1.354	221.300
208.180	1.354	221.300
209.180	1.354	221.300
210.180	1.354	221.200
211.180	1.354	221.200
212.180	1.354	221.200
213.180	1.354	221.200
214.180	1.354	221.200
215.180	1.354	221.200
216.180	1.354	221.200
217.180	1.354	221.200
218.180	1.354	221.200
219.180	1.354	221.200
220.180	1.354	221.200
221.180	1.354	221.200
222.180	1.354	221.200
223.180	1.354	221.200
224.180	1.354	221.200
225.180	1.354	221.100
226.180	1.354	221.200
227.180	1.354	221.200
228.180	1.354	221.200
229.180	1.354	221.200
230.180	1.353	221.200
231.180	1.353	221.200
232.180	1.353	221.200
233.180	1.353	221.100
234.180	1.353	221.100
235.180	1.353	221.100
236.180	1.353	221.200
237.180	1.353	221.100
238.180	1.353	221.100
239.180	1.353	221.100
240.180	1.353	221.100
241.180	1.353	221.100
242.180	1.353	221.100
243.180	1.353	221.100
244.180	1.353	221.100
245.180	1.354	221.100
246.180	1.353	221.000
247.180	1.353	221.000
248.180	1.354	221.100
249.180	1.354	221.100
250.180	1.354	221.100
251.180	1.354	221.100
252.180	1.354	221.100
253.180	1.354	221.100
254.180	1.354	221.000
255.180	1.354	221.000
256.180	1.353	221.000
257.180	1.353	221.000
258.180	1.353	221.200
259.180	1.353	221.300
260.180	1.353	221.300
261.180	1.354	221.300
262.180	1.353	221.300
263.180	1.353	221.300
264.180	1.353	221.400
265.180	1.353	221.400
266.180	1.353	221.300
267.180	1.353	221.300
268.180	1.353	221.400
269.180	1.353	221.300
270.180	1.686	221.300
271.180	2.436	221.400
272.180	2.684	221.400
273.180	2.820	221.400
274.180	2.928	221.300
275.180	3.064	221.400
276.180	3.209	221.400
277.180	3.378	221.400
278.180	3.457	221.400
279.180	3.600	221.400
280.180	3.803	221.400
281.180	3.809	221.400
282.180	4.267	221.400
283.180	4.547	221.400
284.180	4.806	221.500
285.180	5.006	221.400
286.180	5.067	221.400
287.180	5.066	221.400
288.180	5.066	221.400
289.180	5.066	221.400
290.180	5.066	221.400
291.180	5.066	221.400
292.180	5.066	221.400
293.180	5.066	221.400
294.180	5.066	221.400
295.180	5.066	221.400
296.180	5.066	221.400
297.180	5.066	221.300
298.180	5.066	221.400
299.180	5.066	221.400
300.180	5.066	221.300
301.180	5.065	221.300
302.180	5.065	221.300
303.180	5.065	221.300
304.180	5.066	221.300
305.180	5.066	221.300
306.180	5.066	221.300
307.180	5.066	221.300
308.180	5.066	221.300
309.180	5.066	221.300
310.180	5.066	221.300
311.180	5.066	221.300
312.180	5.066	221.200
313.180	5.066	221.300
314.180	5.066	221.200
315.180	5.066	221.200
316.180	5.066	221.200
317.180	5.066	221.200
318.180	5.066	221.200
319.180	5.066	221.200
320.180	5.066	221.200
321.180	5.066	221.200
322.180	5.066	221.200
323.180	5.066	221.100
324.180	5.066	221.100
325.180	5.066	221.100
326.180	5.066	222.200
327.180	5.066	222.900
328.180	5.066	222.900
329.180	5.066	222.800
330.180	5.066	222.800
331.180	5.065	222.600
332.180	5.065	222.600
333.180	5.065	222.500
334.180	5.065	222.400
335.180	5.065	222.200
336.180	5.065	222.000
337.180	5.065	221.900
338.180	5.065	221.800
339.180	5.065	221.700
340.180	5.065	221.700
341.180	5.065	221.600
342.180	5.065	221.500
343.180	5.065	221.500
344.180	5.065	221.400
345.180	5.065	221.400
346.180	5.065	221.400
347.180	5.065	221.300
348.180	5.065	221.300
349.180	5.066	221.200
350.180	5.066	221.200
351.180	5.066	221.200
352.180	5.065	221.100
353.180	5.065	221.100
354.180	5.065	221.100
355.180	5.065	221.100
356.180	5.065	221.000
357.180	5.065	221.000
358.180	5.064	221.000
359.180	5.064	221.000
360.180	5.064	221.000
361.180	5.064	220.900
362.180	5.064	220.900
363.180	5.064	220.900
364.180	5.065	220.900
365.180	5.064	220.800
366.180	5.064	220.800
367.180	5.065	220.800
368.180	5.064	220.800
369.180	5.064	220.700
370.180	5.065	220.700
371.180	5.065	220.700
372.180	5.065	220.700
373.180	5.065	220.700
374.180	5.065	220.600
375.180	5.065	220.600
376.180	5.065	220.600
377.180	5.064	220.600
378.180	5.064	220.600
379.180	5.064	220.600
380.180	5.064	220.600
381.180	5.064	220.600
382.180	5.064	220.500
383.180	5.064	220.500
384.180	5.064	220.500
385.180	5.064	220.500
386.180	5.064	220.500
387.180	5.064	220.400
388.180	5.064	220.500
389.180	5.064	220.400
390.180	5.064	220.400
391.180	5.063	220.400
392.180	5.063	220.300
393.180	5.064	220.400
394.180	5.064	220.300
395.180	5.064	220.400
396.180	5.064	220.400
397.180	5.064	220.300
398.180	5.064	220.300
399.180	5.064	220.300
400.180	5.064	220.300
401.180	5.064	220.300
402.180	5.064	220.300
403.180	5.064	220.300
404.180	5.064	220.300
405.180	5.064	220.200
406.180	5.064	220.200
407.180	5.064	220.200
408.180	5.064	220.200
409.180	5.064	220.200
410.180	5.064	220.200
411.180	5.064	220.200
412.180	5.064	220.200
413.180	5.064	220.200
414.180	5.064	220.200
415.180	5.064	220.200
416.180	5.064	220.200
417.180	5.064	220.200
418.180	5.064	220.200
419.180	5.064	220.200
420.180	5.064	220.200
421.180	5.064	220.200
422.180	5.064	220.300
423.180	5.064	220.300
424.180	5.064	220.300
425.180	5.064	220.300
426.180	5.063	220.300
427.180	5.063	220.300
428.180	5.063	220.300
429.180	5.063	220.300
430.180	5.063	220.300
431.180	5.063	220.400
432.180	5.063	220.400
433.180	5.063	220.400
434.180	5.063	220.400
435.180	5.063	220.400
436.180	5.064	220.400
437.180	5.064	220.400
438.180	5.064	220.400
439.180	5.063	220.400
440.180	5.063	220.400
441.180	5.063	220.400
442.180	5.064	220.400
443.180	5.063	220.400
444.180	5.063	220.400
445.180	5.063	220.400
446.180	5.063	220.400
447.180	5.063	220.400
448.180	5.064	220.400
449.180	5.063	220.400
450.180	5.064	220.400
451.180	5.064	220.400
452.180	5.064	220.400
453.180	5.063	220.400
454.180	5.063	220.400
455.180	5.063	220.400
456.180	5.063	220.400
457.180	5.063	220.400
458.180	5.063	220.400
459.180	5.063	220.400
460.180	5.063	220.400
461.180	5.063	220.400
462.180	5.063	220.400
463.180	5.039	220.300
464.180	5.360	220.400
465.180	6.401	220.400
466.180	7.211	220.500
467.180	8.221	220.600
468.180	8.362	220.700
469.180	8.948	220.600
470.180	9.930	220.800
471.180	10.863	220.900
472.180	11.138	221.000
473.180	11.138	220.900
474.180	11.138	220.900
475.180	11.702	220.800
476.180	12.350	221.000
477.180	12.928	221.000
478.180	13.201	221.100
479.180	13.201	221.100
480.180	13.658	221.100
481.180	14.345	221.400
482.180	14.835	221.900
483.180	15.241	222.300
484.180	15.508	222.700
485.180	15.506	222.900
486.180	15.506	223.000
487.180	15.507	223.000
488.180	15.507	223.100
489.180	15.507	223.200
490.180	15.507	223.200
491.180	15.507	223.200
492.180	15.507	223.200
493.180	15.507	223.200
494.180	15.507	223.200
495.180	15.507	223.300
496.180	15.507	223.300
497.180	15.507	223.200
498.180	15.507	223.300
499.180	15.507	223.300
500.180	15.507	223.300
501.180	15.507	223.400
502.180	15.507	223.400
503.180	15.507	223.300
504.180	15.507	223.300
505.180	15.507	223.400
506.180	15.507	223.300
507.180	15.507	223.400
508.180	15.507	223.300
509.180	15.507	223.400
510.180	15.507	223.400
511.180	15.507	223.400
512.180	15.507	223.400
513.180	15.507	223.400
514.180	15.507	223.300
515.180	15.507	223.400
516.180	15.508	223.400
517.180	15.508	223.400
518.180	15.507	223.400
519.180	15.508	223.500
520.180	15.508	223.400
521.180	15.508	223.400
522.180	15.508	223.400
523.180	15.508	223.500
524.180	15.508	223.500
525.180	15.508	223.400
526.180	15.508	223.400
527.180	15.508	223.400
528.180	15.508	223.400
529.180	15.508	223.400
530.180	15.508	223.500
531.180	15.507	223.500
532.180	15.507	223.500
533.180	15.507	223.500
534.180	15.507	223.500
535.180	15.508	223.500
536.180	15.508	223.600
537.180	15.507	223.600
538.180	15.507	223.700
539.180	15.507	223.700
540.180	15.507	223.700
541.180	15.507	223.700
542.180	15.507	223.700
543.180	15.508	223.700
544.180	15.507	223.700
545.180	15.507	223.800
546.180	15.507	223.800
547.180	15.507	223.800
548.180	15.508	223.800
549.180	15.507	223.800
550.180	15.507	223.800
551.180	15.508	223.900
552.180	15.507	223.800
553.180	15.508	223.900
554.180	15.508	223.800
555.180	15.507	223.900
556.180	15.508	223.800
557.180	15.508	223.900
558.180	15.507	223.900
559.180	15.508	223.900
560.180	15.508	223.900
561.180	15.508	223.900
562.180	15.508	223.900
563.180	15.508	223.800
564.180	15.508	223.900
565.180	15.508	223.900
566.180	15.508	223.900
567.180	15.508	223.900
568.180	15.507	223.900
569.180	15.507	223.800
570.180	15.507	223.900
571.180	15.508	223.900
572.180	15.507	223.900
573.180	15.507	223.800
574.180	15.508	223.900
575.180	15.507	223.900
576.180	15.508	223.800
577.180	15.507	223.900
578.180	15.507	223.900
579.180	15.507	223.800
580.180	15.507	223.900
581.180	15.507	223.900
582.180	15.508	223.900
583.180	15.507	223.900
584.180	15.508	223.900
585.180	15.508	223.800
586.180	15.508	223.800
587.180	15.508	223.800
588.180	15.508	223.800
589.180	15.508	223.800
590.180	15.507	223.900
591.180	15.508	223.800
592.180	15.508	223.800
593.180	15.508	223.700
594.180	15.508	223.800
595.180	15.508	223.800
596.180	15.508	223.800
597.180	15.508	223.800
598.180	15.508	223.800
599.180	15.507	223.800
600.180	15.507	223.900
601.180	15.507	223.900
602.180	15.507	223.900
603.180	15.507	223.900
604.180	15.507	223.900
605.180	15.507	223.900
606.180	15.507	224.000
607.180	15.507	223.900
608.180	15.507	223.900
609.180	15.507	224.000
610.180	15.507	223.900
611.180	15.507	224.000
612.180	15.506	224.000
613.180	15.506	223.900
614.180	15.506	224.000
615.180	15.506	223.900
616.180	15.507	224.000
617.180	15.507	224.000
618.180	15.507	224.000
619.180	15.507	224.000
620.180	15.507	224.100
621.180	15.507	224.000
622.180	15.507	224.100
623.180	15.507	224.000
624.180	15.507	224.100
625.180	15.507	224.100
626.180	15.507	224.100
627.180	15.507	224.000
628.180	15.507	224.100
629.180	15.508	224.100
630.180	15.508	224.100
631.180	15.508	224.100
632.180	15.508	224.100
633.180	15.508	224.100
634.180	15.508	224.100
635.180	15.508	224.100
636.180	15.508	224.100
637.180	15.508	224.000
638.180	15.508	224.100
639.180	15.508	224.100
640.180	15.508	224.000
641.180	16.276	224.100
642.180	16.975	224.500
643.180	17.557	225.400
644.180	18.136	226.700
645.180	18.133	227.700
646.180	18.134	228.200
647.180	18.160	228.500
648.180	18.192	228.800
649.180	18.165	228.900
650.180	18.238	229.100
651.180	18.447	229.400
652.180	18.574	229.700
653.180	18.581	230.100
654.180	18.975	230.600
655.180	19.127	231.800
656.180	20.036	232.800
657.180	20.009	237.600
658.180	20.010	239.700
659.180	20.009	241.100
660.180	20.010	242.000
661.180	20.010	242.800
662.180	20.009	243.400
663.180	20.009	243.900
664.180	20.010	244.400
665.180	20.010	244.700
666.180	20.010	245.100
667.180	20.010	245.400
668.180	20.010	245.700
669.180	20.010	246.000
670.180	20.010	246.300
671.180	20.010	246.500
672.180	20.010	246.700
673.180	20.010	246.900
674.180	20.010	247.100
675.180	20.009	247.300
676.180	20.010	247.500
677.180	20.010	247.700
678.180	20.010	247.900
679.180	20.010	248.000
680.180	20.009	248.200
681.180	20.009	248.300
682.180	20.009	248.400
683.180	20.009	248.600
684.180	20.009	248.700
685.180	20.009	248.900
686.180	20.009	249.100
687.180	20.009	249.200
688.180	20.009	249.400
689.180	20.009	249.500
690.180	20.009	249.600
691.180	20.009	249.700
692.180	20.009	249.800
693.180	20.009	249.900
694.180	20.009	250.100
695.180	20.009	250.100
696.180	20.009	250.200
697.180	20.009	250.300
698.180	20.009	250.400
699.180	20.009	250.500
700.180	20.009	250.500
701.180	20.009	250.600
702.180	20.009	250.700
703.180	20.009	250.800
704.180	20.009	250.900
705.180	20.009	251.000
706.180	20.009	251.000
707.180	20.009	251.100
708.180	20.009	251.100
709.180	20.010	251.200
710.180	20.010	251.300
711.180	20.010	251.400
712.180	20.010	251.400
713.180	20.010	251.500
714.180	20.010	251.500
715.180	20.010	251.600
716.180	20.010	251.600
717.180	20.010	251.700
718.180	20.010	251.800
719.180	20.010	251.800
720.180	20.009	251.900
721.180	20.009	251.900
722.180	20.009	252.000
723.180	20.009	252.000
724.180	20.009	252.000
725.180	20.009	252.100
726.180	20.009	252.200
727.180	20.009	252.200
728.180	20.009	252.300
729.180	20.008	252.300
730.180	20.008	252.400
731.180	20.008	252.400
732.180	20.008	252.500
733.180	20.009	252.500
734.180	20.009	252.600
735.180	20.009	252.600
736.180	20.009	252.600
737.180	20.008	252.700
738.180	20.009	252.700
739.180	20.009	252.700
740.180	20.009	252.800
741.180	20.008	252.800
742.180	20.008	252.900
743.180	20.008	252.900
744.180	20.009	253.000
745.180	20.009	253.000
746.180	20.009	253.000
747.180	20.009	253.100
748.180	20.009	253.100
749.180	20.008	253.200
750.180	20.008	253.200
751.180	20.008	253.300
752.180	20.008	253.300
753.180	20.009	253.400
754.180	20.008	253.400
755.180	20.008	253.500
756.180	20.008	253.500
757.180	20.008	253.600
758.180	20.008	253.600
759.180	20.008	253.600
760.180	20.008	253.700
761.180	20.008	253.700
762.180	20.008	253.800
763.180	20.008	253.800
764.180	20.008	253.800
765.180	20.008	253.800
766.180	20.008	253.800
767.180	20.008	253.900
768.180	20.008	254.000
769.180	20.008	254.000
770.180	20.008	254.000
771.180	20.007	254.000
772.180	20.007	254.000
773.180	20.007	254.100
774.180	20.007	254.100
775.180	20.007	254.100
776.180	20.007	254.200
777.180	20.007	254.200
778.180	20.007	254.200
779.180	20.007	254.200
780.180	20.007	254.300
