0.637	-0.003	-0.000
1.637	-0.003	-0.000
2.637	-0.003	-0.000
3.637	-0.003	-0.000
4.637	-0.003	-0.001
5.637	-0.003	-0.002
6.637	-0.003	-0.002
7.637	-0.003	-0.000
8.637	-0.003	0.000
9.637	-0.003	-0.000
10.637	-0.003	-0.000
11.637	-0.003	-0.000
12.637	-0.003	-0.002
13.637	-0.003	-0.000
14.637	-0.003	-0.001
15.637	-0.003	-0.001
16.637	-0.002	-0.000
17.637	-0.002	-0.002
18.637	-0.003	-0.001
19.637	-0.003	-0.002
20.637	-0.002	0.001
21.637	-0.003	-0.001
22.637	-0.002	-0.000
23.637	-0.002	-0.001
24.637	-0.002	-0.000
25.637	-0.002	-0.001
26.637	-0.002	-0.000
27.637	-0.002	-0.000
28.637	-0.002	-0.000
29.637	3.799	-0.000
30.637	5.378	-0.002
31.637	5.388	-0.000
32.637	5.395	-0.001
33.637	5.397	-0.000
34.637	6.339	0.000
35.637	7.088	-0.000
36.637	7.813	0.000
37.637	8.112	-0.000
38.637	9.197	-0.000
39.637	9.209	-0.000
40.637	9.210	0.000
41.637	9.211	-0.000
42.637	9.208	-0.001
43.637	9.206	-0.001
44.637	9.204	-0.000
45.637	9.205	-0.000
46.637	9.205	-0.000
47.637	9.207	-0.000
48.637	9.211	0.000
49.637	9.214	-0.001
50.637	9.218	-0.001
51.637	9.222	-0.000
52.637	9.225	-0.000
53.637	9.231	-0.000
54.637	9.236	-0.000
55.637	9.240	-0.000
56.637	9.243	-0.001
57.637	9.249	0.000
58.637	9.252	-0.000
59.637	9.255	-0.001
60.637	9.259	-0.001
61.637	9.264	-0.002
62.637	9.269	-0.001
63.637	9.273	-0.001
64.637	9.276	-0.000
65.637	9.279	-0.000
66.637	9.282	-0.002
67.637	9.283	-0.000
68.637	9.285	-0.000
69.637	9.287	-0.000
70.637	9.289	-0.000
71.637	9.289	0.000
72.637	9.289	-0.000
73.637	9.290	-0.000
74.637	9.292	0.000
75.637	9.294	-0.000
76.637	9.295	-0.001
77.637	9.296	-0.001
78.637	9.298	-0.000
79.637	9.299	-0.000
80.637	9.300	-0.000
81.637	9.301	-0.000
82.637	9.303	-0.000
83.637	9.305	-0.001
84.637	9.305	-0.001
85.637	9.307	-0.000
86.637	9.307	-0.001
87.637	9.309	0.000
88.637	9.309	-0.000
89.637	9.311	-0.000
90.637	9.312	-0.000
91.637	9.312	0.000
92.637	9.314	-0.000
93.637	9.315	0.000
94.637	9.316	-0.000
95.637	9.316	-0.001
96.637	9.317	-0.000
97.637	9.317	0.000
98.637	9.316	-0.000
99.637	9.316	-0.000
100.637	9.316	-0.001
101.637	9.318	-0.001
102.637	9.319	-0.001
103.637	9.319	-0.000
104.637	9.319	-0.000
105.637	9.320	-0.000
106.637	9.320	-0.001
107.637	9.321	-0.001
108.637	9.322	-0.001
109.637	9.323	-0.001
110.637	9.326	-0.001
111.637	9.326	-0.000
112.637	9.327	-0.000
113.637	9.328	-0.001
114.637	9.329	-0.002
115.637	9.330	-0.000
116.637	9.332	0.000
117.637	9.332	-0.000
118.637	9.334	-0.000
119.637	9.335	-0.002
120.637	9.336	-0.002
121.637	9.336	0.000
122.637	9.337	0.000
123.637	9.338	-0.000
124.637	9.339	-0.001
125.637	9.339	-0.002
126.637	9.339	-0.001
127.637	9.340	-0.000
128.637	9.341	0.000
129.637	9.342	-0.001
130.637	9.343	-0.000
131.637	9.344	-0.002
132.637	9.345	-0.001
133.637	9.345	-0.000
134.637	9.346	-0.000
135.637	9.347	-0.001
136.637	9.347	-0.000
137.637	9.348	-0.000
138.637	9.349	-0.002
139.637	9.349	-0.000
140.637	9.350	-0.000
141.637	9.351	-0.002
142.637	9.351	-0.000
143.637	9.352	-0.002
144.637	9.352	-0.001
145.637	9.352	-0.002
146.637	9.353	-0.001
147.637	9.353	-0.000
148.637	9.354	-0.000
149.637	9.354	-0.002
150.637	9.354	-0.001
151.637	9.354	-0.000
152.637	9.355	-0.000
153.637	9.355	-0.001
154.637	9.356	-0.000
155.637	9.357	-0.001
156.637	9.357	-0.001
157.637	9.357	-0.000
158.637	9.358	-0.002
159.637	9.358	-0.001
160.637	9.358	0.000
161.637	9.359	-0.000
162.637	9.360	-0.001
163.637	9.361	-0.002
164.637	9.363	-0.001
165.637	9.369	-0.000
166.637	9.374	0.000
167.637	9.386	-0.000
168.637	9.394	-0.001
169.637	9.399	-0.002
170.637	9.404	-0.001
171.637	9.407	-0.000
172.637	9.410	0.000
173.637	9.413	-0.000
174.637	9.415	-0.002
175.637	9.416	-0.000
176.637	9.417	-0.000
177.637	9.410	-0.000
178.637	9.412	-0.000
179.637	9.414	0.000
180.637	9.415	-0.001
181.637	9.416	-0.001
182.637	9.417	-0.002
183.637	9.417	-0.001
184.637	9.418	-0.000
185.637	9.419	0.000
186.637	9.419	-0.001
187.637	9.420	-0.000
188.637	9.420	-0.000
189.637	9.421	0.000
190.637	9.421	0.000
191.637	9.422	-0.000
192.637	9.423	-0.000
193.637	9.423	-0.002
194.637	9.424	-0.002
195.637	9.425	-0.000
196.637	9.425	0.000
197.637	9.426	-0.000
198.637	9.427	-0.001
199.637	9.427	-0.001
200.637	9.428	-0.000
201.637	9.428	-0.001
202.637	9.428	-0.000
203.637	9.429	-0.000
204.637	9.429	-0.000
205.637	9.430	-0.000
206.637	9.430	0.000
207.637	9.430	-0.000
208.637	9.430	-0.000
209.637	9.431	-0.001
210.640	9.431	-0.000
211.637	9.432	-0.000
212.637	9.432	-0.000
213.637	9.432	0.000
214.637	9.433	0.000
215.637	9.433	-0.000
216.637	9.433	-0.000
217.637	9.434	0.000
218.637	9.434	-0.002
219.637	9.434	-0.000
220.637	9.435	-0.000
221.637	9.435	-0.001
222.637	9.435	-0.000
223.637	9.436	-0.000
224.637	9.436	-0.002
225.637	9.437	0.000
226.637	9.437	-0.000
227.637	9.438	-0.001
228.637	9.438	0.000
229.637	9.438	-0.000
230.637	9.439	0.000
231.637	9.439	0.000
232.637	9.440	0.000
233.637	9.440	-0.000
234.637	9.440	-0.000
235.637	9.441	-0.001
236.637	9.441	-0.001
237.637	9.441	-0.000
238.637	9.441	0.000
239.637	9.442	-0.000
240.637	9.442	0.000
241.637	9.443	-0.001
242.637	9.443	-0.000
243.637	9.443	-0.000
244.637	9.443	-0.002
245.637	9.444	-0.000
246.637	9.444	-0.000
247.637	9.444	-0.000
248.637	9.444	-0.001
249.637	9.445	-0.001
250.637	9.445	-0.000
251.637	9.445	-0.000
252.637	9.445	-0.000
253.637	9.446	-0.000
254.637	9.446	-0.001
255.637	9.446	-0.002
256.637	9.446	-0.001
257.637	9.447	-0.000
258.637	9.447	-0.000
259.637	9.447	-0.000
260.637	9.447	-0.000
261.637	9.447	-0.000
262.637	9.448	0.000
263.637	9.448	-0.002
264.637	9.448	-0.000
265.637	9.448	-0.001
266.637	9.448	-0.000
267.637	9.448	-0.000
268.637	9.449	-0.000
269.637	9.449	-0.000
270.637	9.449	-0.000
271.637	9.449	0.000
272.637	9.449	-0.002
273.637	9.449	-0.000
274.637	9.450	-0.000
275.637	9.450	-0.000
276.637	9.450	-0.001
277.637	9.450	-0.000
278.637	9.450	-0.002
279.637	9.450	-0.000
280.637	9.451	-0.000
281.637	9.451	-0.000
282.637	9.451	-0.000
283.637	9.451	-0.000
284.637	9.451	-0.000
285.637	9.452	-0.001
286.637	9.452	-0.000
287.637	9.452	0.000
288.637	9.452	-0.000
289.637	9.452	-0.001
290.637	9.452	-0.001
291.637	9.452	-0.000
292.637	9.452	-0.000
293.637	9.452	-0.000
294.637	9.453	-0.000
295.637	9.453	0.000
296.637	9.453	-0.000
297.637	9.454	-0.001
298.637	9.454	-0.001
299.637	9.454	0.000
300.637	9.454	-0.001
301.637	9.454	-0.001
302.637	9.454	-0.002
303.637	9.455	-0.000
304.637	9.454	-0.001
305.637	9.455	0.000
306.637	9.455	-0.000
307.637	9.455	-0.000
308.637	9.455	-0.001
309.637	9.455	-0.001
310.637	9.455	-0.000
311.637	9.455	-0.000
312.637	9.455	-0.000
313.637	9.455	-0.001
314.637	9.455	-0.000
315.637	9.455	-0.001
316.637	9.455	-0.000
317.637	9.456	-0.001
318.637	9.456	-0.000
319.637	9.456	-0.001
320.637	9.456	-0.000
321.637	9.456	-0.000
322.637	9.456	-0.000
323.637	9.456	0.000
324.637	9.456	-0.000
325.637	9.456	-0.002
326.637	9.456	-0.002
327.637	9.456	-0.000
328.637	9.456	-0.000
329.637	9.456	0.000
330.637	9.457	-0.000
331.637	9.457	-0.002
332.637	9.457	-0.002
333.637	9.457	-0.001
334.637	9.457	-0.002
335.637	9.457	-0.002
336.637	9.457	-0.000
337.637	9.457	-0.002
338.637	9.457	-0.000
339.637	9.457	-0.000
340.637	9.457	-0.001
341.637	9.457	-0.002
342.637	9.457	0.000
343.637	9.457	0.000
344.637	9.457	-0.002
345.637	9.458	-0.000
346.637	9.458	-0.002
347.637	9.458	-0.000
348.637	9.458	-0.002
349.637	9.458	-0.000
350.637	9.458	-0.001
351.637	9.458	-0.000
352.637	9.458	-0.000
353.637	9.458	-0.001
354.637	9.458	-0.000
355.637	9.458	-0.000
356.637	9.458	-0.001
357.637	9.458	-0.001
358.637	9.458	-0.000
359.637	9.458	-0.000
360.637	9.458	-0.001
361.637	9.458	-0.001
362.637	9.459	-0.000
363.637	9.459	-0.000
364.637	9.458	-0.000
365.637	9.459	-0.001
366.637	9.459	-0.000
367.637	9.459	-0.001
368.637	9.459	-0.000
369.637	9.459	-0.000
370.637	9.459	-0.000
371.637	9.459	-0.001
372.637	9.459	-0.001
373.637	9.459	-0.001
374.637	9.459	-0.001
375.637	9.460	-0.001
376.637	9.459	-0.000
377.637	9.460	-0.001
378.637	9.460	-0.000
379.637	9.459	-0.000
380.637	9.460	0.000
381.637	9.460	-0.001
382.637	9.460	-0.001
383.637	9.460	-0.000
384.637	9.460	-0.000
385.637	9.460	-0.000
386.637	9.460	-0.000
387.637	9.460	-0.002
388.637	9.460	-0.000
389.637	9.460	0.000
390.637	9.460	-0.000
391.637	9.461	0.000
392.637	9.461	-0.001
393.637	9.461	-0.002
394.637	9.461	-0.001
395.637	9.461	-0.000
396.637	9.461	-0.000
397.637	9.461	-0.000
398.637	9.461	-0.001
399.637	9.461	-0.000
400.637	9.461	-0.000
401.637	9.461	-0.000
402.637	9.462	-0.001
403.637	9.461	-0.000
404.637	9.461	-0.002
405.637	9.462	-0.000
406.637	9.462	0.000
407.637	9.462	-0.000
408.637	9.462	-0.000
409.637	9.462	-0.000
410.637	9.462	0.000
411.637	9.462	-0.001
412.637	9.462	-0.000
413.637	9.462	-0.000
414.637	9.462	-0.000
415.637	9.462	0.000
416.637	9.462	-0.000
417.637	9.462	-0.001
418.637	9.462	-0.002
419.637	9.462	-0.000
420.637	9.462	-0.002
421.637	9.462	-0.000
422.637	9.462	-0.000
423.637	9.463	-0.002
424.637	9.463	-0.000
425.637	9.463	-0.000
426.637	9.463	-0.001
427.637	9.463	-0.000
428.637	9.463	-0.000
429.637	9.463	-0.002
430.637	9.463	-0.000
431.637	9.463	-0.001
432.637	9.463	-0.000
433.637	9.463	-0.000
434.637	9.463	-0.000
435.637	9.463	-0.001
436.637	9.463	-0.000
437.637	9.464	0.000
438.637	9.463	-0.000
439.637	9.463	-0.000
440.637	9.464	0.000
441.637	9.464	-0.000
442.637	9.464	-0.000
443.637	9.464	-0.001
444.637	9.464	-0.001
445.637	9.464	-0.001
446.637	9.464	-0.000
447.637	9.464	0.000
448.637	9.464	-0.000
449.637	9.464	-0.001
450.637	9.464	-0.002
451.637	9.464	-0.000
452.637	9.464	-0.000
453.637	9.464	-0.000
454.637	9.464	-0.000
455.637	9.464	-0.000
456.637	9.464	0.000
457.637	9.464	0.000
458.637	9.464	-0.001
459.637	9.464	-0.000
460.637	9.464	-0.000
461.637	9.464	0.000
462.637	9.464	-0.000
463.637	9.464	-0.000
464.637	9.464	-0.000
465.637	9.464	0.000
466.637	9.464	-0.000
467.637	9.464	-0.000
468.637	9.464	-0.000
469.637	9.464	-0.001
470.637	9.464	-0.000
471.637	9.464	-0.000
472.637	9.464	0.000
473.637	9.464	-0.000
474.637	9.464	-0.000
475.637	9.464	-0.001
476.637	9.464	0.000
477.637	9.464	-0.001
478.637	9.464	-0.000
479.637	9.464	-0.000
480.637	9.464	0.000
481.637	9.464	-0.000
482.637	9.464	-0.000
483.637	9.464	-0.000
484.637	9.464	-0.000
485.637	9.464	-0.002
486.637	9.464	-0.002
487.637	9.464	-0.001
488.637	9.464	-0.000
489.637	9.464	-0.000
490.637	9.464	-0.001
491.637	9.464	-0.002
492.637	9.464	-0.001
493.637	9.464	-0.000
494.637	9.464	-0.000
495.637	9.464	-0.000
496.637	9.464	-0.000
497.637	9.464	-0.002
498.637	9.464	-0.000
499.637	9.464	-0.000
500.637	9.464	0.000
501.637	9.465	-0.000
502.637	9.464	0.000
503.637	9.464	-0.001
504.637	9.464	-0.000
505.637	9.464	-0.000
506.637	9.465	0.000
507.637	9.464	-0.002
508.637	9.465	0.000
509.637	9.464	-0.000
510.637	9.464	-0.000
511.637	9.464	-0.001
512.637	9.464	-0.000
513.637	9.465	-0.001
514.637	9.464	-0.000
515.637	9.465	-0.000
516.637	9.465	-0.000
517.637	9.464	-0.000
518.637	9.465	-0.000
519.637	9.465	0.000
520.637	9.464	-0.000
521.637	9.465	-0.000
522.637	9.465	-0.000
523.637	9.465	-0.001
524.637	9.465	-0.000
525.637	9.465	-0.000
526.637	9.465	-0.000
527.637	9.465	-0.002
528.637	9.465	-0.001
529.637	9.465	-0.000
530.637	9.465	-0.002
531.637	9.465	0.000
532.637	9.465	-0.002
533.637	9.465	-0.001
534.637	9.465	-0.000
535.637	9.465	-0.002
536.637	9.465	-0.000
537.637	9.465	-0.001
538.637	9.465	-0.000
539.637	9.465	-0.001
540.637	9.465	-0.000
541.637	9.465	-0.000
542.637	9.465	-0.002
543.637	9.465	0.000
544.637	9.465	-0.000
545.637	9.465	-0.001
546.637	9.465	-0.002
547.637	9.465	-0.000
548.637	9.465	-0.002
549.637	9.465	-0.000
550.637	9.465	-0.000
551.637	9.465	-0.002
552.637	9.465	-0.001
553.637	9.465	-0.000
554.637	9.465	-0.000
555.637	9.465	-0.000
556.637	9.465	-0.000
557.637	9.465	-0.000
558.637	9.465	0.000
559.637	9.465	-0.001
560.637	9.465	-0.002
561.637	9.465	-0.001
562.637	9.465	0.000
563.637	9.465	-0.000
564.637	9.465	-0.002
565.637	9.465	0.000
566.637	9.465	-0.000
567.637	9.465	-0.000
568.637	9.465	-0.000
569.637	9.465	-0.000
570.637	9.465	-0.002
571.637	9.465	0.000
572.637	9.465	0.000
573.637	9.465	-0.001
574.637	9.465	-0.001
575.637	9.465	-0.000
576.637	9.465	-0.000
577.637	9.465	-0.001
578.637	9.465	-0.000
579.637	9.465	-0.000
580.637	9.465	-0.000
581.637	9.465	-0.000
582.637	9.465	-0.001
583.637	9.465	-0.000
584.637	9.465	-0.000
585.637	9.465	-0.000
586.637	9.465	-0.001
587.637	9.465	-0.000
588.637	9.465	0.000
589.637	9.465	-0.000
590.637	9.465	0.000
591.637	9.465	0.000
592.637	9.465	-0.000
593.637	9.465	-0.001
594.637	9.465	-0.001
595.637	9.465	-0.000
596.637	9.465	-0.000
597.637	9.465	-0.002
598.637	9.465	-0.001
599.637	9.465	0.000
600.637	9.465	-0.002
601.637	9.465	-0.000
602.637	9.465	-0.000
603.637	9.465	-0.000
604.637	9.465	-0.002
605.637	9.465	-0.000
606.637	9.465	-0.001
607.637	9.465	-0.000
608.637	9.465	-0.000
609.637	9.465	-0.000
610.637	9.465	-0.002
611.637	9.465	-0.000
612.637	9.465	-0.001
613.637	9.465	-0.001
614.637	9.465	0.000
615.637	9.465	-0.002
616.637	9.465	-0.000
617.637	9.465	-0.001
618.637	9.465	-0.001
619.637	9.465	-0.000
620.637	9.465	-0.000
621.637	9.465	-0.000
622.637	9.465	-0.000
623.637	9.465	-0.002
624.637	9.465	-0.000
625.637	9.465	-0.000
626.637	9.465	-0.000
627.637	9.465	-0.000
628.637	9.465	-0.001
629.637	9.465	-0.001
630.637	9.465	-0.001
631.637	9.465	-0.000
632.637	9.465	-0.000
633.637	9.465	-0.000
634.637	9.465	-0.000
635.637	9.465	-0.000
