0.342	0.772	14.928
1.342	0.772	14.929
2.342	0.772	14.929
3.342	0.772	14.929
4.342	0.772	14.931
5.342	0.772	14.930
6.342	0.772	14.929
7.342	0.772	14.929
8.342	0.772	14.929
9.342	0.772	14.930
10.342	0.772	14.930
11.342	0.772	14.930
12.342	0.772	14.929
13.342	0.772	14.929
14.342	0.772	14.927
15.342	0.772	14.928
16.342	0.772	14.928
17.342	0.772	14.929
18.342	0.772	14.929
19.342	0.772	14.924
20.342	0.772	14.925
21.342	0.772	14.926
22.342	0.772	14.926
23.342	0.772	14.926
24.342	0.772	14.925
25.342	0.772	14.925
26.342	0.772	14.925
27.342	0.772	14.926
28.342	0.772	14.925
29.342	0.772	14.925
30.342	0.772	14.926
31.342	0.771	14.925
32.342	0.772	14.926
33.342	0.772	14.927
34.342	0.772	14.927
35.342	0.772	14.929
36.342	0.771	14.928
37.342	0.772	14.927
38.342	0.771	14.927
39.342	0.771	14.927
40.342	0.771	14.928
41.342	0.772	14.928
42.342	0.772	14.927
43.342	0.772	14.925
44.342	0.772	14.926
45.342	0.772	14.926
46.342	0.772	14.926
47.342	0.772	14.927
48.342	0.772	14.924
49.342	0.771	14.921
50.342	0.772	14.922
51.342	0.772	14.924
52.342	0.772	14.924
53.342	0.772	14.924
54.342	0.772	14.924
55.342	0.772	14.923
56.342	0.772	14.923
57.342	0.772	14.924
58.342	0.771	14.925
59.342	0.772	14.925
60.342	0.772	14.926
61.342	0.772	14.924
62.342	0.772	14.924
63.342	0.772	14.925
64.342	0.772	14.925
65.342	0.772	14.925
66.342	0.772	14.925
67.342	0.772	14.925
68.342	0.772	14.925
69.342	0.771	14.924
70.342	0.772	14.924
71.342	0.772	14.925
72.342	0.772	14.924
73.342	0.772	14.922
74.342	0.772	14.923
75.342	0.772	14.923
76.342	0.772	14.924
77.342	0.772	14.925
78.342	0.772	14.924
79.342	0.772	14.923
80.342	0.772	14.924
81.342	0.772	14.925
82.342	0.772	14.924
83.342	0.772	14.924
84.342	0.772	14.925
85.342	0.772	14.924
86.342	0.772	14.923
87.342	0.772	14.922
88.342	0.772	14.922
89.342	0.772	14.922
90.342	0.772	14.922
91.342	0.772	14.921
92.342	0.772	14.921
93.342	0.772	14.921
94.342	0.771	14.922
95.342	0.771	14.922
96.342	0.771	14.922
97.342	0.772	14.921
98.342	0.772	14.921
99.342	0.771	14.921
100.342	0.772	14.922
101.342	0.772	14.923
102.342	0.772	14.923
103.342	0.772	14.922
104.342	0.771	14.922
105.342	0.772	14.922
106.342	0.772	14.924
107.342	0.772	14.922
108.342	0.772	14.924
109.342	0.772	14.923
110.342	0.771	14.924
111.342	0.772	14.922
112.342	0.772	14.921
113.342	0.772	14.921
114.342	0.772	14.923
115.342	0.772	14.921
116.342	0.772	14.920
117.342	0.772	14.920
118.342	0.772	14.923
119.342	0.772	14.923
120.342	0.772	14.921
121.342	0.772	14.919
122.342	0.771	14.919
123.342	0.772	14.919
124.342	0.772	14.920
125.342	0.772	14.920
126.342	0.771	14.920
127.342	0.772	14.918
128.342	0.772	14.918
129.342	0.772	14.921
130.342	0.771	14.919
131.342	0.772	14.920
132.342	0.772	14.922
133.342	0.772	14.920
134.342	0.772	14.921
135.342	0.772	14.921
136.342	0.772	14.922
137.342	0.772	14.922
138.342	0.772	14.921
139.342	0.771	14.922
140.342	0.771	14.921
141.342	0.772	14.922
142.342	0.772	14.922
143.342	0.772	14.923
144.342	0.772	14.924
145.342	0.772	14.923
146.342	0.772	14.921
147.342	0.772	14.923
148.342	0.772	14.924
149.342	0.772	14.925
150.342	0.772	14.924
151.342	0.772	14.925
152.342	0.772	14.924
153.342	0.772	14.925
154.342	0.772	14.924
155.342	0.772	14.925
156.342	0.772	14.925
157.342	0.772	14.922
158.342	0.772	14.923
159.342	0.772	14.924
160.342	0.772	14.924
161.342	0.772	14.922
162.342	0.772	14.921
163.342	0.772	14.921
164.342	0.772	14.920
165.342	0.772	14.920
166.342	0.772	14.922
167.342	0.772	14.922
168.342	0.772	14.921
169.342	0.772	14.919
170.342	0.772	14.921
171.342	0.772	14.920
172.342	0.772	14.920
173.342	0.771	14.918
174.342	0.771	14.918
175.342	0.771	14.919
176.342	0.772	14.919
177.342	0.772	14.920
178.342	0.772	14.921
179.342	0.772	14.921
180.342	0.772	14.921
181.342	0.772	14.919
182.342	0.772	14.920
183.342	0.772	14.922
184.342	0.772	14.920
185.342	0.772	14.921
186.342	0.772	14.921
187.342	0.772	14.921
188.342	0.772	14.921
189.342	0.772	14.922
190.342	0.772	14.920
191.342	0.772	14.920
192.342	0.772	14.920
193.342	0.772	14.921
194.342	0.772	14.921
195.342	0.772	14.922
196.342	0.772	14.923
197.342	0.772	14.921
198.342	0.772	14.918
199.342	0.772	14.920
200.342	0.772	14.918
201.342	0.772	14.918
202.342	0.772	14.919
203.342	0.772	14.919
204.342	0.772	14.920
205.342	0.772	14.919
206.342	0.771	14.919
207.342	0.772	14.921
208.342	0.771	14.920
209.342	0.771	14.919
210.342	0.771	14.919
211.342	0.772	14.918
212.342	0.772	14.921
213.342	0.772	14.922
214.342	0.771	14.921
215.342	0.772	14.921
216.342	0.772	14.921
217.342	0.772	14.920
218.342	0.772	14.918
219.342	0.772	14.919
220.342	0.772	14.919
221.342	0.772	14.918
222.342	0.772	14.914
223.342	0.772	14.915
224.342	0.772	14.915
225.342	0.772	14.915
226.342	0.772	14.916
227.342	0.772	14.917
228.342	0.772	14.917
229.342	0.771	14.914
230.342	0.772	14.914
231.342	0.772	14.914
232.342	0.771	14.914
233.342	0.771	14.913
234.342	0.772	14.914
235.342	0.771	14.914
236.342	0.771	14.914
237.342	0.771	14.914
238.342	0.771	14.915
239.342	0.772	14.915
240.342	0.771	14.914
241.342	0.772	14.914
242.342	0.772	14.914
243.342	0.772	14.912
244.342	0.771	14.914
245.342	0.771	14.914
246.342	0.772	14.915
247.342	0.771	14.914
248.342	0.772	14.915
249.342	0.772	14.916
250.342	0.771	14.915
251.342	0.772	14.916
252.342	0.772	14.917
253.342	0.772	14.917
254.342	0.772	14.915
255.342	0.772	14.916
256.342	0.772	14.916
257.342	0.772	14.917
258.342	0.772	14.917
259.342	0.772	14.916
260.342	0.771	14.914
261.342	0.772	14.916
262.342	0.772	14.917
263.342	0.772	14.916
264.342	0.772	14.916
265.342	0.772	14.914
266.342	0.771	14.915
267.342	0.771	14.915
268.342	0.772	14.916
269.342	0.771	14.915
270.342	0.772	14.915
271.342	0.772	14.914
272.342	0.771	14.913
273.342	0.771	14.913
274.342	0.771	14.912
275.342	0.771	14.912
276.342	0.771	14.911
277.342	0.771	14.911
278.342	0.771	14.911
279.342	0.771	14.911
280.342	0.771	14.912
281.342	0.771	14.911
282.342	0.771	14.910
283.342	0.771	14.910
284.342	0.771	14.912
285.342	0.771	14.911
286.342	0.771	14.910
287.342	0.771	14.912
288.342	0.771	14.910
289.342	0.771	14.912
290.342	0.771	14.913
291.342	0.771	14.914
292.342	0.771	14.913
293.342	0.771	14.913
294.342	0.771	14.913
295.342	0.771	14.914
296.342	0.771	14.915
297.342	0.771	14.915
298.342	0.771	14.916
299.342	0.771	14.917
300.342	0.771	14.916
301.342	0.771	14.913
302.342	0.772	14.915
303.342	0.771	14.916
304.342	0.772	14.916
305.342	0.772	14.916
306.342	0.772	14.916
307.342	0.772	14.916
308.342	0.771	14.914
309.342	0.771	14.915
310.342	0.772	14.916
311.342	0.771	14.915
312.342	0.772	14.913
313.342	0.771	14.913
314.342	0.772	14.914
315.342	0.772	14.913
316.342	0.772	14.914
317.342	0.772	14.912
318.342	0.771	14.913
319.342	0.772	14.913
320.342	0.772	14.912
321.342	0.771	14.913
322.342	0.771	14.913
323.342	0.771	14.913
324.342	0.771	14.911
325.342	0.772	14.912
326.342	0.771	14.913
327.342	0.771	14.912
328.342	0.771	14.911
329.342	0.772	14.911
330.342	0.771	14.909
331.342	0.771	14.910
332.342	0.771	14.911
333.342	0.771	14.910
334.342	0.771	14.911
335.342	0.772	14.910
336.342	0.771	14.910
337.342	0.771	14.910
338.342	0.771	14.909
339.342	0.771	14.910
340.342	0.771	14.908
341.342	0.771	14.908
342.342	0.771	14.907
343.342	0.771	14.907
344.342	0.771	14.907
345.342	0.771	14.906
346.342	0.771	14.907
347.342	0.771	14.908
348.342	0.771	14.907
349.342	0.771	14.908
350.342	0.771	14.907
351.342	0.771	14.908
352.342	0.771	14.907
353.342	0.771	14.906
354.342	0.771	14.905
355.342	0.771	14.905
356.342	0.771	14.905
357.342	0.771	14.906
358.342	0.771	14.906
359.342	0.771	14.906
360.342	0.771	14.907
361.342	0.771	14.906
362.342	0.771	14.906
363.342	0.771	14.907
364.342	0.771	14.907
365.342	0.771	14.906
366.342	0.771	14.907
367.342	0.771	14.905
368.342	0.771	14.906
369.342	0.771	14.907
370.342	0.771	14.908
371.342	0.771	14.908
372.342	0.771	14.908
373.342	0.771	14.907
374.342	0.771	14.907
375.342	0.771	14.909
376.342	0.771	14.907
377.342	0.771	14.906
378.342	0.771	14.906
379.342	0.771	14.907
380.342	0.771	14.907
381.342	0.771	14.908
382.342	0.771	14.907
383.342	0.771	14.907
384.342	0.771	14.907
385.342	0.771	14.907
386.342	0.771	14.905
387.342	0.771	14.904
388.342	0.771	14.908
389.342	0.771	14.907
390.342	0.771	14.907
391.342	0.771	14.907
392.342	0.771	14.906
393.342	0.771	14.907
394.342	0.771	14.906
395.342	0.771	14.905
396.342	0.771	14.904
397.342	0.771	14.903
398.342	0.771	14.903
399.342	0.771	14.904
400.342	0.771	14.906
401.342	0.771	14.906
402.342	0.771	14.906
403.342	0.771	14.904
404.342	0.771	14.904
405.342	0.771	14.904
406.342	0.771	14.903
407.342	0.771	14.903
408.342	0.771	14.902
409.342	0.771	14.901
410.342	0.771	14.902
411.342	0.771	14.902
412.342	0.771	14.902
413.342	0.771	14.904
414.342	0.771	14.905
415.342	0.771	14.902
416.342	0.771	14.902
417.342	0.771	14.901
418.342	0.771	14.902
419.342	0.771	14.902
420.342	0.771	14.902
421.342	0.771	14.901
422.342	0.771	14.902
423.342	0.771	14.903
424.342	0.771	14.903
425.342	0.771	14.901
426.342	0.771	14.901
427.342	0.771	14.902
428.342	0.771	14.902
429.342	0.771	14.899
430.342	0.771	14.899
431.342	0.771	14.898
432.342	0.771	14.900
433.342	0.771	14.900
434.342	0.771	14.900
435.342	0.771	14.900
436.342	0.771	14.902
437.342	0.771	14.901
438.342	0.771	14.901
439.342	0.771	14.900
440.342	0.771	14.900
441.342	0.771	14.899
442.342	0.771	14.900
443.342	0.771	14.900
444.342	0.771	14.900
445.342	0.771	14.899
446.342	0.771	14.900
447.342	0.771	14.900
448.342	0.771	14.899
449.342	0.771	14.900
450.342	0.771	14.900
451.342	0.771	14.900
452.342	0.771	14.899
453.342	0.771	14.897
454.342	0.771	14.899
455.342	0.771	14.897
456.342	0.771	14.897
457.342	0.771	14.897
458.342	0.771	14.897
459.342	0.771	14.896
460.342	0.771	14.897
461.342	0.771	14.897
462.342	0.771	14.896
463.342	0.771	14.896
464.342	0.771	14.896
465.342	0.771	14.895
466.342	0.771	14.897
467.342	0.771	14.897
468.342	0.771	14.896
469.342	0.771	14.896
470.342	0.771	14.897
471.342	0.771	14.897
472.342	0.771	14.899
473.342	0.771	14.898
474.342	0.771	14.897
475.342	0.771	14.897
476.342	0.771	14.898
477.342	0.771	14.897
478.342	0.771	14.898
479.342	0.771	14.898
480.342	0.771	14.896
481.342	0.771	14.897
482.342	0.771	14.895
483.342	0.771	14.896
484.342	0.771	14.896
485.342	0.771	14.898
486.342	0.771	14.897
487.342	0.771	14.897
488.342	0.771	14.896
489.342	0.771	14.896
490.342	0.771	14.898
491.342	0.771	14.897
492.342	0.771	14.896
493.342	0.771	14.897
494.342	0.771	14.895
495.342	0.770	14.894
496.342	0.770	14.895
497.342	0.770	14.895
498.342	0.771	14.895
499.342	0.771	14.895
500.342	0.771	14.895
501.342	0.771	14.894
502.342	0.771	14.896
503.342	0.771	14.897
504.342	0.771	14.897
505.342	0.771	14.895
506.342	0.771	14.896
507.342	0.771	14.896
508.342	0.771	14.898
509.342	0.771	14.898
510.342	0.771	14.896
511.342	0.771	14.895
512.342	0.771	14.895
513.342	0.771	14.896
514.342	0.771	14.897
515.342	0.771	14.896
516.342	0.771	14.897
517.342	0.770	14.896
518.342	0.770	14.897
519.342	0.771	14.897
520.342	0.771	14.898
521.342	0.771	14.899
522.342	0.771	14.898
523.342	0.771	14.898
524.342	0.771	14.897
525.342	0.771	14.897
526.342	0.771	14.898
527.342	0.771	14.900
528.342	0.771	14.898
529.342	0.771	14.897
530.342	0.771	14.898
531.342	0.771	14.898
532.342	0.771	14.896
533.342	0.771	14.898
534.342	0.771	14.898
535.342	0.771	14.897
536.342	0.771	14.897
537.342	0.771	14.897
538.342	0.771	14.897
539.342	0.770	14.897
540.342	0.771	14.895
541.342	0.771	14.894
542.342	0.770	14.894
543.342	0.770	14.893
544.342	0.770	14.894
545.342	0.770	14.896
546.342	0.771	14.897
547.342	0.771	14.895
548.342	0.771	14.896
549.342	0.771	14.895
550.342	0.771	14.897
551.342	0.771	14.896
552.342	0.771	14.896
553.342	0.770	14.896
554.342	0.770	14.895
555.342	0.770	14.896
556.342	0.770	14.896
557.342	0.771	14.896
558.342	0.771	14.896
559.342	0.770	14.895
560.342	0.770	14.893
561.342	0.770	14.892
562.342	0.770	14.892
563.342	0.770	14.893
564.342	0.770	14.891
565.342	0.770	14.891
566.342	0.770	14.892
567.342	0.770	14.892
568.342	0.770	14.892
569.342	0.770	14.891
570.342	0.771	14.892
571.342	0.771	14.893
572.342	0.770	14.891
573.342	0.771	14.892
574.342	0.771	14.892
575.342	0.770	14.893
576.342	0.770	14.891
577.342	0.770	14.891
578.342	0.770	14.891
579.342	0.770	14.890
580.342	0.770	14.892
581.342	0.770	14.891
582.342	0.770	14.891
583.342	0.770	14.891
584.342	0.770	14.891
585.342	0.771	14.892
586.342	0.770	14.893
587.342	0.770	14.892
588.342	0.771	14.893
589.342	0.770	14.891
590.342	0.771	14.893
591.342	0.771	14.892
592.342	0.770	14.892
593.342	0.770	14.892
594.342	0.770	14.893
595.342	0.770	14.891
596.342	0.771	14.892
597.342	0.771	14.893
598.342	0.770	14.895
599.342	0.770	14.892
600.342	0.770	14.892
601.342	0.770	14.893
602.342	0.770	14.891
603.342	0.770	14.893
604.342	0.770	14.894
605.342	0.770	14.895
606.342	0.770	14.894
607.342	0.770	14.892
608.342	0.770	14.893
609.342	0.770	14.894
610.342	0.770	14.894
611.342	0.770	14.894
612.342	0.770	14.894
613.342	0.770	14.893
614.342	0.770	14.893
615.342	0.770	14.892
616.342	0.770	14.895
617.342	0.770	14.893
618.342	0.770	14.894
619.342	0.770	14.894
620.342	0.770	14.892
621.342	0.770	14.891
622.342	0.770	14.894
623.342	0.771	14.894
624.342	0.771	14.894
625.342	0.771	14.894
626.342	0.771	14.895
627.342	0.771	14.896
628.342	0.771	14.897
629.342	0.771	14.897
630.342	0.771	14.895
631.342	0.771	14.894
632.342	0.771	14.894
633.342	0.771	14.895
634.342	0.771	14.897
635.342	0.771	14.895
636.342	0.771	14.894
637.342	0.771	14.893
638.342	0.770	14.891
639.342	0.771	14.893
640.342	0.770	14.892
641.342	0.770	14.892
642.342	0.770	14.892
643.342	0.770	14.892
644.342	0.770	14.892
645.342	0.770	14.890
646.342	0.770	14.893
647.342	0.770	14.893
648.342	0.770	14.891
649.342	0.770	14.891
650.342	0.770	14.890
651.342	0.770	14.891
652.342	0.770	14.891
653.342	0.770	14.890
654.342	0.770	14.890
655.342	0.770	14.889
656.342	0.770	14.889
657.342	0.770	14.889
658.342	0.770	14.892
659.342	0.770	14.891
660.342	0.770	14.889
661.342	0.770	14.890
662.342	0.770	14.889
663.342	0.770	14.891
664.342	0.770	14.891
665.342	0.770	14.891
666.342	0.770	14.891
667.342	0.770	14.890
668.342	0.770	14.889
669.342	0.770	14.891
670.342	0.770	14.891
671.342	0.770	14.893
672.342	0.770	14.893
673.342	0.770	14.892
674.342	0.770	14.892
675.342	0.770	14.891
676.342	0.770	14.891
677.342	0.770	14.893
678.342	0.770	14.892
679.342	0.770	14.892
680.342	0.770	14.894
681.342	0.770	14.892
682.342	0.770	14.892
683.342	0.770	14.893
684.342	0.770	14.892
685.342	0.770	14.893
686.342	0.770	14.891
687.342	0.770	14.891
688.342	0.770	14.891
689.342	0.770	14.892
690.342	0.770	14.892
691.342	0.770	14.892
692.342	0.771	14.891
693.342	0.770	14.889
694.342	0.770	14.892
695.342	0.771	14.891
696.342	0.771	14.891
697.342	0.770	14.892
698.342	0.770	14.891
699.342	0.771	14.890
700.342	0.770	14.891
701.342	0.771	14.892
702.342	0.770	14.893
703.342	0.770	14.892
704.342	0.770	14.893
705.342	0.770	14.892
706.342	0.770	14.889
707.342	0.770	14.889
708.342	0.770	14.887
709.342	0.770	14.889
710.342	0.770	14.889
711.342	0.770	14.887
712.342	0.770	14.888
713.342	0.770	14.889
714.342	0.770	14.890
715.342	0.770	14.888
716.342	0.770	14.888
717.342	0.770	14.888
718.342	0.770	14.888
719.342	0.770	14.888
720.342	0.770	14.888
