0.184	0.040	-0.000
1.184	0.040	-0.000
2.184	0.040	-0.010
3.184	0.040	-0.000
4.184	0.040	-0.000
5.184	0.040	-0.000
6.184	0.040	-0.000
7.184	0.040	0.000
8.184	0.040	-0.001
9.184	0.040	-0.000
10.184	0.040	-0.000
11.184	0.040	-0.000
12.184	0.039	-0.000
13.184	0.039	-0.000
14.184	0.040	-0.000
15.184	0.039	-0.000
16.184	0.039	-0.000
17.184	0.040	0.000
18.184	0.039	0.000
19.184	0.039	-0.000
20.184	0.039	-0.000
21.184	0.039	-0.000
22.184	0.039	0.000
23.184	0.039	-0.000
24.184	0.039	-0.000
25.184	0.039	-0.000
26.184	0.039	-0.000
27.184	0.039	-0.000
28.184	0.039	-0.000
29.184	0.039	-0.000
30.184	0.039	0.000
31.184	0.039	-0.000
32.184	0.039	-0.000
33.184	0.039	-0.000
34.184	0.039	0.001
35.184	0.039	0.000
36.184	0.039	-0.000
37.184	1.552	-1.050
38.184	3.373	-2.490
39.184	6.406	-4.750
40.184	7.451	-6.250
41.184	8.954	-7.520
42.184	8.954	-7.520
43.184	8.953	-7.520
44.184	8.953	-7.520
45.184	8.953	-7.520
46.184	8.953	-7.530
47.184	8.953	-7.520
48.184	8.954	-7.520
49.184	8.954	-7.520
50.184	8.954	-7.520
51.184	8.954	-7.520
52.184	8.953	-7.520
53.184	8.953	-7.520
54.184	8.953	-7.520
55.184	8.953	-7.520
56.184	9.201	-7.590
57.184	10.154	-8.260
58.184	11.550	-9.320
59.184	14.083	-11.530
60.184	15.556	-12.890
61.184	15.802	-13.290
62.184	15.802	-13.290
63.184	15.802	-13.290
64.184	15.802	-13.300
65.184	15.802	-13.290
66.184	15.802	-13.290
67.184	15.802	-13.290
68.184	15.802	-13.290
69.184	15.802	-13.290
70.184	15.802	-13.290
71.184	15.801	-13.300
72.184	15.801	-13.300
73.184	15.801	-13.290
74.184	15.801	-13.290
75.184	15.801	-13.290
76.184	15.801	-13.300
77.184	15.801	-13.290
78.184	16.766	-13.750
79.184	18.899	-15.380
80.184	20.793	-17.160
81.184	22.193	-18.490
82.184	23.404	-19.470
83.184	23.655	-19.920
84.184	23.654	-19.910
85.184	23.654	-19.910
86.184	23.653	-19.920
87.184	23.652	-19.920
88.184	23.652	-19.910
89.184	23.652	-19.910
90.184	23.652	-19.910
91.184	23.651	-19.920
92.184	23.651	-19.920
93.184	23.651	-19.920
94.184	23.650	-19.920
95.184	23.650	-19.910
96.184	23.649	-19.910
97.184	23.649	-19.910
98.184	23.889	-19.910
99.184	24.962	-20.850
100.184	26.059	-21.680
101.184	27.553	-22.720
102.184	29.722	-24.600
103.184	30.870	-25.860
104.184	31.157	-26.240
105.184	31.156	-26.240
106.184	31.155	-26.230
107.184	31.153	-26.230
108.184	31.152	-26.240
109.184	31.151	-26.240
110.184	31.150	-26.240
111.184	31.149	-26.230
112.184	31.148	-26.230
113.184	31.147	-26.230
114.184	31.146	-26.220
115.184	31.145	-26.230
116.184	31.144	-26.230
117.184	31.142	-26.220
118.184	31.141	-26.210
119.184	31.140	-26.230
120.184	31.630	-26.270
121.184	33.322	-27.680
122.184	35.639	-29.690
123.184	37.341	-31.200
124.184	38.141	-31.900
125.184	38.604	-32.400
126.184	39.321	-33.100
127.184	39.347	-33.100
128.184	39.344	-33.100
129.184	39.342	-33.100
130.184	39.340	-33.100
131.184	39.337	-33.100
132.184	39.335	-33.100
133.184	39.333	-33.100
134.184	39.331	-33.100
135.184	39.328	-33.100
136.184	39.326	-33.100
137.184	39.324	-33.100
138.184	39.322	-33.100
139.184	39.319	-33.100
140.184	39.317	-33.100
141.184	39.315	-33.100
142.184	39.673	-33.100
143.184	41.219	-34.400
144.184	42.884	-35.900
145.184	44.796	-37.600
146.184	45.955	-38.500
147.184	46.520	-39.100
148.184	46.666	-39.300
149.184	46.662	-39.300
150.184	46.658	-39.300
151.184	46.654	-39.300
152.184	46.650	-39.300
153.184	46.646	-39.300
154.184	46.712	-39.300
155.184	47.467	-39.700
156.184	49.211	-41.100
157.184	50.841	-42.600
158.184	51.929	-43.500
159.184	53.519	-44.700
160.184	54.464	-45.800
161.184	54.474	-45.900
162.184	54.467	-45.800
163.184	54.461	-45.900
164.184	54.454	-45.800
165.184	54.448	-45.800
166.184	54.441	-45.800
167.184	54.435	-45.800
168.184	54.428	-45.800
169.184	54.421	-45.800
170.184	54.415	-45.800
171.184	54.409	-45.800
172.184	54.402	-45.800
173.184	54.396	-45.800
174.184	54.390	-45.800
175.184	54.384	-45.800
176.184	54.377	-45.800
177.184	54.371	-45.800
178.184	54.365	-45.800
179.184	54.359	-45.800
180.184	54.353	-45.700
181.184	54.347	-45.700
182.184	55.140	-45.900
183.184	58.041	-48.400
184.184	61.222	-51.100
185.184	62.212	-52.300
186.184	62.206	-52.400
187.184	62.196	-52.400
188.184	62.186	-52.300
189.184	62.177	-52.300
190.184	62.167	-52.300
191.184	62.157	-52.300
192.184	62.147	-52.300
193.184	62.138	-52.300
194.184	62.129	-52.300
195.184	62.119	-52.300
196.184	62.110	-52.300
197.184	62.101	-52.300
198.184	62.092	-52.300
199.184	62.082	-52.300
200.184	62.073	-52.200
201.184	62.063	-52.200
202.184	62.054	-52.200
203.184	62.046	-52.200
204.184	62.037	-52.200
205.184	62.027	-52.200
206.184	62.018	-52.200
207.184	62.010	-52.200
208.184	62.001	-52.200
209.184	61.992	-52.200
210.184	61.984	-52.200
211.184	61.975	-52.100
212.184	61.966	-52.100
213.184	61.958	-52.100
214.184	61.950	-52.100
215.184	61.941	-52.100
216.184	61.932	-52.100
217.184	61.924	-52.100
218.184	61.915	-52.100
219.184	61.907	-52.100
220.184	61.898	-52.100
221.184	61.890	-52.100
222.184	61.882	-52.100
223.184	61.873	-52.000
224.184	61.865	-52.000
225.184	61.857	-52.000
226.184	61.848	-52.000
227.184	61.840	-52.000
228.184	61.832	-52.000
229.184	61.823	-52.000
230.184	61.815	-52.000
231.184	61.807	-52.000
232.184	61.798	-52.000
233.184	61.790	-52.000
234.184	61.782	-52.000
235.184	61.774	-52.000
236.184	61.766	-51.900
237.184	61.758	-51.900
238.184	61.750	-51.900
239.184	61.742	-51.900
240.184	61.734	-51.900
241.184	61.726	-51.900
242.184	61.718	-51.900
243.184	61.710	-51.900
244.184	61.702	-51.900
245.184	61.694	-51.900
246.184	61.686	-51.900
247.184	61.679	-51.900
248.184	61.671	-51.900
249.184	61.663	-51.900
250.184	61.655	-51.900
251.184	61.648	-51.800
252.184	61.640	-51.800
253.184	61.632	-51.800
254.184	61.624	-51.800
255.184	61.617	-51.800
256.184	61.610	-51.800
257.184	61.602	-51.800
258.184	61.594	-51.800
259.184	61.587	-51.800
260.184	61.580	-51.800
261.184	61.572	-51.800
262.184	61.565	-51.800
263.184	61.558	-51.800
264.184	61.550	-51.800
265.184	61.543	-51.700
266.184	61.536	-51.700
267.184	61.529	-51.700
268.184	61.521	-51.700
269.184	61.514	-51.700
270.184	61.507	-51.700
271.184	61.501	-51.700
272.184	61.493	-51.700
273.184	61.486	-51.700
274.184	61.479	-51.700
275.184	61.472	-51.700
276.184	61.465	-51.700
277.184	61.457	-51.700
278.185	61.450	-51.700
279.184	61.443	-51.700
280.184	61.436	-51.600
281.184	61.429	-51.600
282.184	61.422	-51.600
283.184	61.414	-51.600
284.184	61.407	-51.600
285.184	61.400	-51.600
286.184	61.393	-51.600
287.184	61.386	-51.600
288.184	61.379	-51.600
289.184	61.372	-51.600
290.184	61.365	-51.600
291.184	61.358	-51.600
292.184	61.351	-51.600
293.184	61.345	-51.600
294.184	61.338	-51.600
295.184	61.331	-51.600
296.184	61.325	-51.500
297.184	61.318	-51.500
298.184	61.312	-51.500
299.184	61.306	-51.500
300.184	61.299	-51.500
301.184	61.292	-51.500
302.184	61.286	-51.500
303.184	61.279	-51.500
304.184	61.273	-51.500
305.184	61.266	-51.500
306.184	61.260	-51.500
307.184	61.254	-51.500
308.184	61.247	-51.500
309.184	61.241	-51.500
310.184	61.235	-51.500
311.184	61.229	-51.500
312.184	61.222	-51.500
313.184	61.216	-51.500
314.184	61.209	-51.400
315.184	61.203	-51.400
316.184	61.197	-51.400
317.184	61.191	-51.400
318.184	61.184	-51.400
319.184	61.178	-51.400
320.184	61.172	-51.400
321.184	61.166	-51.400
322.184	61.160	-51.400
323.184	61.154	-51.400
324.184	61.148	-51.400
325.184	61.142	-51.400
326.184	61.135	-51.400
327.184	61.130	-51.400
328.184	61.124	-51.400
329.184	61.118	-51.400
330.184	61.112	-51.400
331.184	61.105	-51.400
332.184	61.099	-51.300
333.184	61.093	-51.300
334.184	61.088	-51.300
335.184	61.082	-51.300
336.184	61.077	-51.300
337.184	61.071	-51.300
338.184	61.065	-51.300
339.184	61.060	-51.300
340.184	61.054	-51.300
341.184	61.049	-51.300
342.184	61.043	-51.300
343.184	61.037	-51.300
344.184	61.031	-51.300
345.184	61.026	-51.300
346.184	61.021	-51.300
347.184	61.015	-51.300
348.184	61.010	-51.300
349.184	61.004	-51.300
350.184	60.998	-51.200
351.184	60.993	-51.200
352.184	60.987	-51.200
353.184	60.982	-51.200
354.184	60.977	-51.200
355.184	60.971	-51.200
356.184	60.966	-51.200
357.184	60.960	-51.200
358.184	60.955	-51.200
359.184	60.950	-51.200
360.184	60.945	-51.200
361.184	60.940	-51.200
362.184	60.934	-51.200
363.184	60.929	-51.200
364.184	60.924	-51.200
365.184	60.919	-51.200
366.184	60.913	-51.200
367.184	60.908	-51.200
368.184	60.903	-51.200
369.184	60.897	-51.200
370.184	60.893	-51.200
371.184	60.888	-51.100
372.184	60.882	-51.100
373.184	60.877	-51.100
374.184	60.872	-51.100
375.184	60.867	-51.100
376.184	60.862	-51.100
377.184	60.857	-51.100
378.184	60.852	-51.100
379.184	60.847	-51.100
380.184	60.842	-51.100
381.184	60.837	-51.100
382.184	60.832	-51.100
383.184	60.827	-51.100
384.184	60.822	-51.100
385.184	60.817	-51.100
386.184	60.812	-51.100
387.184	60.808	-51.100
388.184	60.803	-51.100
389.184	60.798	-51.100
390.184	60.793	-51.000
391.184	60.789	-51.000
392.184	60.784	-51.100
393.184	60.779	-51.100
394.184	60.775	-51.000
395.184	60.770	-51.000
396.184	60.765	-51.000
397.184	60.760	-51.000
398.184	60.755	-51.000
399.184	60.750	-51.000
400.184	60.745	-51.000
401.184	60.741	-51.000
402.184	60.736	-51.000
403.184	60.731	-51.000
404.184	60.727	-51.000
405.184	60.722	-51.000
406.184	60.718	-51.000
407.184	60.713	-51.000
408.184	60.709	-51.000
409.184	60.704	-51.000
410.184	60.699	-51.000
411.184	60.695	-51.000
412.184	60.690	-51.000
413.184	60.685	-51.000
414.184	60.680	-51.000
415.184	60.676	-50.900
416.184	60.671	-51.000
417.184	60.667	-50.900
418.184	60.663	-50.900
419.184	60.659	-50.900
420.184	60.656	-50.900
421.184	60.651	-50.900
422.184	60.646	-50.900
423.184	60.642	-50.900
424.184	60.637	-50.900
425.184	60.633	-50.900
426.184	60.629	-50.900
427.184	60.625	-50.900
428.184	60.620	-50.900
429.184	60.616	-50.900
430.184	60.611	-50.900
431.184	60.607	-50.900
432.184	60.602	-50.900
433.184	60.598	-50.900
434.184	60.594	-50.900
435.184	60.590	-50.900
436.184	60.586	-50.900
437.184	60.581	-50.900
438.184	60.578	-50.900
439.184	60.574	-50.900
440.184	60.570	-50.900
441.184	60.565	-50.800
442.184	60.560	-50.800
443.184	60.556	-50.800
444.184	60.552	-50.800
445.184	60.548	-50.800
446.184	60.544	-50.800
447.184	60.541	-50.800
448.184	60.536	-50.800
449.184	60.532	-50.800
450.184	60.528	-50.800
451.184	60.524	-50.800
452.184	60.520	-50.800
453.184	60.516	-50.800
454.184	60.512	-50.800
455.184	60.509	-50.800
456.184	60.505	-50.800
457.184	60.501	-50.800
458.184	60.497	-50.800
459.184	60.494	-50.800
460.184	60.490	-50.800
461.184	60.485	-50.800
462.184	60.482	-50.800
463.184	60.479	-50.800
464.184	60.474	-50.800
465.184	60.471	-50.800
466.184	60.467	-50.800
467.184	60.464	-50.700
468.184	60.460	-50.800
469.184	60.455	-50.800
470.184	60.451	-50.700
471.184	60.448	-50.700
472.184	60.444	-50.700
473.184	60.441	-50.700
