0.728	-0.001	-0.001
1.728	-0.001	-0.000
2.728	-0.001	0.000
3.728	-0.000	-0.000
4.728	-0.000	-0.001
5.728	-0.000	-0.001
6.728	-0.000	-0.000
7.728	-0.001	0.000
8.728	-0.000	-0.001
9.728	-0.000	-0.001
10.728	-0.000	-0.003
11.728	-0.000	-0.001
12.728	-0.000	-0.002
13.728	-0.000	-0.002
14.728	-0.000	-0.002
15.728	-0.000	-0.004
16.728	-0.000	-0.004
17.728	-0.000	-0.004
18.728	-0.000	-0.004
19.728	-0.000	-0.003
20.728	-0.000	-0.003
21.728	-0.000	-0.003
22.728	-0.000	-0.003
23.728	-0.000	-0.003
24.728	0.000	-0.005
25.728	-0.000	-0.003
26.728	-0.000	-0.005
27.728	-0.000	-0.004
28.728	-0.000	-0.005
29.728	-0.000	-0.005
30.728	-0.000	-0.005
31.728	0.000	-0.004
32.728	-0.000	-0.005
33.728	-0.000	-0.003
34.728	-0.000	-0.004
35.728	-0.000	-0.006
36.728	-0.000	-0.005
37.728	-0.000	-0.005
38.728	-0.000	-0.005
39.728	-0.000	-0.005
40.728	-0.000	-0.007
41.728	-0.000	-0.007
42.728	-0.000	-0.006
43.728	-0.000	-0.006
44.728	-0.000	-0.006
45.728	-0.000	-0.007
46.728	-0.000	-0.006
47.728	-0.000	-0.008
48.728	-0.000	-0.008
49.728	-0.000	-0.007
50.728	-0.000	-0.007
51.728	-0.000	-0.007
52.728	-0.000	-0.007
53.728	-0.000	-0.009
54.728	-0.000	-0.010
55.728	-0.000	-0.009
56.728	-0.000	-0.008
57.728	-0.000	-0.008
58.728	-0.000	-0.009
59.728	-0.000	-0.009
60.728	-0.000	-0.009
61.728	-0.000	-0.008
62.728	-0.000	-0.008
63.728	-0.000	-0.008
64.728	-0.000	-0.010
65.728	-0.000	-0.010
66.728	-0.000	-0.010
67.728	-0.000	-0.009
68.728	-0.000	-0.009
69.728	-0.000	-0.009
70.728	-0.000	-0.010
71.728	-0.000	-0.010
72.728	-0.000	-0.009
73.728	-0.000	-0.009
74.728	-0.000	-0.010
75.728	-0.000	-0.010
76.728	-0.000	-0.010
77.728	-0.000	-0.011
78.728	-0.000	-0.012
79.728	-0.000	-0.011
80.728	-0.000	-0.011
81.728	-0.000	-0.011
82.728	-0.000	-0.013
83.728	-0.000	-0.013
84.728	-0.000	-0.012
85.728	-0.000	-0.012
86.728	-0.000	-0.012
87.728	-0.000	-0.011
88.728	-0.000	-0.011
89.728	-0.000	-0.012
90.728	-0.000	-0.013
91.728	-0.000	-0.012
92.728	-0.000	-0.011
93.728	-0.000	-0.012
94.728	-0.000	-0.013
95.728	-0.000	-0.013
96.728	-0.000	-0.014
97.728	-0.001	-0.013
98.728	-0.001	-0.013
99.728	-0.000	-0.014
100.728	-0.001	-0.012
101.728	-0.001	-0.014
102.728	-0.000	-0.014
103.728	-0.001	-0.014
104.728	-0.000	-0.015
105.728	-0.000	-0.015
106.728	-0.000	-0.013
107.728	-0.000	-0.014
108.728	-0.000	-0.014
109.728	-0.000	-0.015
110.728	-0.000	-0.016
111.728	-0.000	-0.014
112.728	-0.000	-0.016
113.728	-0.000	-0.017
114.728	-0.000	-0.015
115.728	-0.000	-0.016
116.728	-0.000	-0.015
117.728	-0.000	-0.015
118.728	-0.000	-0.015
119.728	-0.000	-0.016
120.728	-0.000	-0.015
121.728	-0.000	-0.016
122.728	-0.000	-0.018
123.728	-0.000	-0.018
124.728	-0.000	-0.016
125.728	-0.000	-0.017
126.728	-0.000	-0.018
127.728	-0.000	-0.018
128.728	-0.000	-0.018
129.728	-0.000	-0.018
130.728	-0.000	-0.018
131.728	-0.000	-0.017
132.728	-0.000	-0.016
133.728	-0.001	-0.018
134.728	-0.000	-0.019
135.728	-0.000	-0.018
136.728	-0.000	-0.018
137.728	-0.000	-0.018
138.728	-0.001	-0.019
139.728	-0.000	-0.018
140.728	-0.001	-0.019
141.728	-0.001	-0.018
142.728	-0.000	-0.019
143.728	-0.000	-0.019
144.728	-0.000	-0.019
145.728	-0.001	-0.019
146.728	-0.000	-0.022
147.728	-0.000	-0.021
148.728	-0.000	-0.020
149.728	-0.000	-0.020
150.728	-0.000	-0.020
151.728	-0.000	-0.021
152.728	-0.000	-0.022
153.728	-0.000	-0.021
154.728	-0.000	-0.021
155.728	-0.001	-0.020
156.728	-0.000	-0.021
157.728	-0.000	-0.020
158.728	-0.000	-0.022
159.728	-0.000	-0.021
160.728	-0.000	-0.021
161.728	-0.000	-0.022
162.728	-0.000	-0.021
163.728	-0.000	-0.022
164.728	-0.000	-0.022
165.728	-0.001	-0.022
166.728	-0.000	-0.022
167.728	-0.000	-0.022
168.728	-0.000	-0.021
169.728	-0.001	-0.022
170.728	-0.001	-0.024
171.728	-0.000	-0.022
172.728	-0.001	-0.022
173.728	-0.001	-0.023
174.728	-0.001	-0.022
175.728	-0.001	-0.023
176.728	-0.001	-0.024
177.728	-0.001	-0.024
178.728	-0.000	-0.023
179.728	-0.000	-0.023
180.728	-0.000	-0.023
181.728	-0.001	-0.025
182.728	-0.000	-0.024
183.728	-0.001	-0.024
184.728	-0.001	-0.023
185.728	-0.001	-0.024
186.728	-0.001	-0.024
187.728	-0.000	-0.025
188.728	-0.000	-0.025
189.728	-0.001	-0.026
190.728	-0.001	-0.025
191.728	-0.001	-0.025
192.728	-0.000	-0.025
193.728	-0.001	-0.025
194.728	-0.001	-0.026
195.728	-0.001	-0.026
196.728	-0.001	-0.026
197.728	-0.001	-0.026
198.728	-0.001	-0.025
199.728	-0.000	-0.026
200.728	-0.001	-0.027
201.728	-0.000	-0.026
202.728	-0.000	-0.027
203.728	-0.001	-0.026
204.728	-0.000	-0.026
205.728	-0.000	-0.027
206.728	-0.000	-0.026
207.728	-0.000	-0.027
208.728	-0.000	-0.026
209.728	-0.000	-0.026
210.728	-0.000	-0.027
211.728	-0.000	-0.027
212.728	-0.000	-0.028
213.728	-0.000	-0.029
214.728	-0.000	-0.028
215.728	-0.000	-0.027
216.728	-0.000	-0.027
217.728	-0.000	-0.028
218.728	-0.000	-0.029
219.728	-0.000	-0.029
220.728	-0.000	-0.029
221.728	-0.000	-0.027
222.728	-0.000	-0.028
223.728	-0.000	-0.028
224.728	-0.000	-0.028
225.728	-0.000	-0.030
226.728	-0.000	-0.028
227.728	-0.000	-0.028
228.728	-0.000	-0.028
229.728	-0.000	-0.029
230.728	-0.000	-0.030
231.728	0.000	-0.030
232.728	-0.000	-0.031
233.728	0.000	-0.029
234.728	-0.000	-0.029
235.728	-0.000	-0.029
236.728	-0.000	-0.031
237.728	-0.000	-0.032
238.728	-0.000	-0.031
239.728	-0.000	-0.030
240.728	-0.000	-0.030
241.728	-0.000	-0.030
242.728	-0.000	-0.031
243.728	-0.000	-0.032
244.728	-0.000	-0.031
245.728	0.000	-0.031
246.728	0.000	-0.031
247.728	-0.000	-0.032
248.728	-0.000	-0.031
249.728	-0.000	-0.033
250.728	-0.000	-0.033
251.728	-0.000	-0.031
252.728	-0.000	-0.031
253.728	-0.000	-0.032
254.728	-0.000	-0.032
255.728	-0.000	-0.033
256.728	0.000	-0.033
257.728	-0.000	-0.032
258.728	-0.000	-0.033
259.728	-0.000	-0.033
260.728	-0.000	-0.032
261.728	-0.000	-0.033
262.728	-0.000	-0.033
263.728	-0.000	-0.033
264.728	-0.000	-0.033
265.728	-0.000	-0.033
266.728	-0.000	-0.033
267.728	-0.000	-0.034
268.728	-0.000	-0.033
269.728	-0.001	-0.035
270.728	-0.000	-0.033
271.728	-0.000	-0.033
272.728	-0.000	-0.034
273.728	-0.000	-0.034
274.728	-0.001	-0.034
275.728	-0.000	-0.035
276.728	-0.001	-0.035
277.728	-0.000	-0.034
278.728	-0.000	-0.035
279.728	-0.000	-0.034
280.728	-0.001	-0.035
281.728	-0.000	-0.036
282.728	-0.001	-0.034
283.728	-0.001	-0.034
284.728	-0.000	-0.036
285.728	-0.000	-0.036
286.728	-0.000	-0.036
287.728	-0.001	-0.036
288.728	-0.001	-0.035
289.728	-0.000	-0.036
290.728	-0.001	-0.035
291.728	-0.001	-0.036
292.728	-0.000	-0.038
293.728	-0.001	-0.037
294.728	-0.001	-0.036
295.728	-0.001	-0.035
296.728	-0.001	-0.036
297.728	-0.001	-0.036
298.728	-0.001	-0.037
299.728	-0.001	-0.037
300.728	-0.001	-0.036
301.728	-0.001	-0.036
302.728	-0.000	-0.037
303.728	-0.001	-0.036
304.728	-0.000	-0.038
305.728	-0.000	-0.039
306.728	-0.000	-0.037
307.728	-0.001	-0.036
308.728	-0.001	-0.037
309.728	-0.001	-0.037
310.728	-0.000	-0.039
311.728	-0.000	-0.038
312.728	-0.000	-0.038
313.728	-0.000	-0.037
314.728	-0.000	-0.038
315.728	-0.000	-0.039
316.728	-0.000	-0.039
317.728	-0.001	-0.039
318.728	-0.001	-0.039
319.728	-0.001	-0.039
320.728	-0.001	-0.039
321.728	-0.001	-0.039
322.728	-0.001	-0.041
323.728	-0.001	-0.040
324.728	-0.001	-0.040
325.728	-0.001	-0.038
326.728	-0.001	-0.039
327.728	-0.001	-0.040
328.728	-0.001	-0.041
329.728	-0.001	-0.041
330.728	-0.001	-0.041
331.728	-0.001	-0.039
332.728	-0.001	-0.040
333.728	-0.001	-0.040
334.728	-0.001	-0.041
335.728	-0.001	-0.042
336.728	-0.001	-0.042
337.728	-0.001	-0.040
338.728	-0.001	-0.040
339.728	-0.001	-0.041
340.728	-0.001	-0.041
341.728	-0.001	-0.042
342.728	-0.001	-0.042
343.728	-0.001	-0.040
344.728	-0.001	-0.041
345.728	-0.000	-0.041
346.728	-0.001	-0.042
347.728	-0.001	-0.041
348.728	-0.000	-0.042
349.728	-0.001	-0.041
350.728	-0.001	-0.042
351.728	-0.000	-0.041
352.728	-0.001	-0.042
353.728	-0.001	-0.041
354.728	-0.001	-0.042
355.728	-0.001	-0.042
356.728	-0.000	-0.041
357.728	-0.001	-0.043
358.728	-0.001	-0.042
359.728	-0.000	-0.044
360.728	-0.000	-0.043
361.728	-0.001	-0.042
362.728	-0.001	-0.041
363.728	-0.001	-0.042
364.728	-0.001	-0.042
365.728	-0.001	-0.043
366.728	-0.001	-0.044
367.728	-0.001	-0.044
368.728	-0.001	-0.043
369.728	-0.001	-0.043
370.728	-0.001	-0.044
371.728	-0.001	-0.043
372.728	-0.001	-0.044
373.728	-0.000	-0.044
374.728	-0.001	-0.042
375.728	-0.001	-0.044
376.728	-0.001	-0.044
377.728	-0.001	-0.045
378.728	-0.001	-0.044
379.728	-0.000	-0.045
380.728	-0.001	-0.044
381.728	-0.001	-0.044
382.728	-0.001	-0.043
383.728	-0.001	-0.045
384.728	-0.001	-0.045
385.728	-0.001	-0.044
386.728	-0.001	-0.044
387.728	-0.001	-0.045
388.728	-0.001	-0.043
389.728	-0.001	-0.045
390.728	-0.001	-0.044
391.728	-0.001	-0.046
392.728	-0.001	-0.045
393.728	-0.001	-0.045
394.728	-0.001	-0.046
395.728	-0.001	-0.047
396.728	-0.001	-0.047
397.728	-0.001	-0.046
398.728	-0.001	-0.046
399.728	-0.001	-0.046
400.728	-0.001	-0.045
401.728	-0.001	-0.047
402.728	-0.001	-0.047
403.728	-0.001	-0.047
404.728	-0.001	-0.047
405.728	-0.001	-0.046
406.728	-0.001	-0.046
407.728	-0.001	-0.047
408.728	-0.001	-0.046
409.728	-0.001	-0.048
410.728	-0.001	-0.047
411.728	-0.001	-0.046
412.728	-0.001	-0.047
413.728	-0.001	-0.047
414.728	-0.001	-0.047
415.728	-0.001	-0.048
416.728	-0.001	-0.048
417.728	-0.001	-0.049
418.728	-0.001	-0.048
419.728	-0.001	-0.048
420.728	-0.001	-0.049
421.728	-0.001	-0.048
422.728	-0.000	-0.048
423.728	-0.000	-0.049
424.728	-0.001	-0.049
425.728	-0.001	-0.049
426.728	-0.001	-0.050
427.728	-0.001	-0.049
428.728	-0.001	-0.049
429.728	-0.000	-0.050
430.728	-0.001	-0.051
431.728	-0.001	-0.049
432.728	-0.001	-0.049
433.728	-0.001	-0.049
434.728	-0.001	-0.049
435.728	-0.001	-0.049
436.728	-0.001	-0.050
437.728	-0.001	-0.051
438.728	-0.001	-0.051
439.728	-0.001	-0.051
440.728	-0.001	-0.049
441.728	-0.001	-0.051
442.728	-0.001	-0.052
443.728	-0.001	-0.051
444.728	-0.001	-0.050
445.728	-0.001	-0.050
446.728	-0.001	-0.051
447.728	-0.001	-0.050
448.728	-0.001	-0.051
449.728	-0.001	-0.052
450.728	-0.001	-0.051
451.728	-0.001	-0.052
452.728	-0.001	-0.051
453.728	-0.000	-0.052
454.728	-0.000	-0.052
455.728	-0.000	-0.053
456.728	-0.000	-0.052
457.728	-0.000	-0.052
458.728	-0.000	-0.052
459.728	-0.000	-0.052
460.728	-0.000	-0.053
461.728	-0.000	-0.051
462.728	-0.001	-0.052
463.728	-0.000	-0.053
464.728	-0.001	-0.052
465.728	-0.001	-0.053
466.728	-0.001	-0.055
467.728	-0.001	-0.053
468.728	-0.001	-0.053
469.728	-0.001	-0.053
470.728	-0.001	-0.052
471.728	-0.001	-0.054
472.728	-0.001	-0.055
473.728	-0.001	-0.055
474.728	-0.001	-0.054
475.728	-0.001	-0.053
476.728	-0.000	-0.053
477.728	-0.000	-0.055
478.728	-0.000	-0.054
479.728	-0.000	-0.054
480.728	-0.000	-0.054
481.728	-0.000	-0.055
482.728	-0.000	-0.055
483.728	-0.000	-0.054
484.728	-0.000	-0.054
485.728	-0.001	-0.054
486.728	-0.001	-0.053
487.728	-0.001	-0.054
488.728	-0.000	-0.054
489.728	-0.000	-0.055
490.728	-0.000	-0.054
491.728	-0.001	-0.055
492.728	-0.001	-0.056
493.728	-0.001	-0.055
494.728	-0.001	-0.057
495.728	-0.001	-0.056
496.728	-0.001	-0.057
497.728	-0.001	-0.057
498.728	-0.000	-0.056
499.728	-0.001	-0.055
500.728	-0.001	-0.056
501.728	-0.001	-0.057
502.728	-0.000	-0.057
503.728	-0.000	-0.059
504.728	-0.001	-0.058
505.728	-0.000	-0.056
506.728	-0.000	-0.058
507.728	-0.001	-0.057
508.728	-0.001	-0.059
509.728	-0.000	-0.058
510.728	-0.001	-0.058
511.728	-0.001	-0.057
512.728	-0.001	-0.057
513.728	-0.001	-0.059
514.728	-0.000	-0.059
515.728	-0.001	-0.058
516.728	-0.000	-0.058
517.728	-0.000	-0.057
518.728	-0.000	-0.058
519.728	-0.000	-0.058
520.728	-0.000	-0.060
521.728	-0.000	-0.059
522.728	-0.000	-0.057
523.728	-0.001	-0.059
524.728	-0.001	-0.058
525.728	-0.000	-0.059
526.728	-0.000	-0.059
527.728	-0.000	-0.060
528.728	-0.000	-0.059
529.728	-0.001	-0.059
530.728	-0.000	-0.059
531.731	-0.001	-0.060
532.728	-0.001	-0.060
533.728	-0.001	-0.060
534.728	-0.001	-0.059
535.728	-0.001	-0.060
536.728	-0.001	-0.059
537.728	-0.001	-0.061
538.728	-0.001	-0.061
539.728	-0.000	-0.061
540.728	-0.001	-0.060
541.728	-0.001	-0.059
542.728	-0.001	-0.060
543.728	-0.001	-0.061
544.728	-0.001	-0.061
545.728	-0.001	-0.062
546.728	-0.001	-0.060
547.728	-0.001	-0.060
548.728	-0.001	-0.061
549.728	-0.001	-0.062
550.728	-0.001	-0.062
551.728	-0.001	-0.061
552.728	-0.001	-0.061
553.728	-0.001	-0.060
554.728	-0.001	-0.060
555.728	-0.001	-0.062
556.728	-0.001	-0.060
557.728	-0.001	-0.062
558.728	-0.001	-0.062
559.728	-0.001	-0.061
560.728	-0.001	-0.062
561.728	-0.001	-0.064
562.728	-0.001	-0.063
563.728	-0.001	-0.063
564.728	-0.001	-0.062
565.728	-0.001	-0.062
566.728	-0.001	-0.062
567.728	-0.001	-0.063
568.728	-0.001	-0.063
569.728	-0.001	-0.063
570.728	-0.001	-0.063
571.728	-0.001	-0.063
572.728	-0.001	-0.063
573.728	-0.001	-0.063
574.728	-0.001	-0.063
575.728	-0.001	-0.064
576.728	-0.001	-0.065
577.728	-0.001	-0.063
578.728	-0.001	-0.063
579.728	-0.001	-0.063
580.728	-0.001	-0.065
581.728	-0.001	-0.065
582.728	-0.001	-0.064
583.728	-0.001	-0.064
584.728	-0.001	-0.063
585.728	-0.001	-0.063
586.728	-0.001	-0.064
587.728	-0.001	-0.065
588.728	-0.001	-0.065
589.728	-0.001	-0.066
590.728	-0.001	-0.064
591.728	-0.001	-0.066
592.728	-0.001	-0.066
593.728	-0.001	-0.066
594.728	-0.001	-0.067
595.728	-0.001	-0.066
596.728	-0.001	-0.065
597.728	-0.001	-0.066
598.728	-0.001	-0.068
599.728	-0.001	-0.068
600.728	-0.001	-0.067
