0.226	5778.760	0.003
1.226	5778.883	0.005
2.226	5778.842	0.002
3.226	5778.760	-0.006
4.226	5778.735	-0.000
5.226	5778.735	-0.002
6.226	5778.836	-0.000
7.226	5778.768	0.000
8.226	5778.711	0.006
9.226	5778.793	0.002
10.226	5778.755	-0.005
11.226	5778.853	0.000
12.226	5778.732	0.002
13.226	5778.750	0.001
14.226	5778.887	0.007
15.226	5778.615	0.000
16.226	5778.701	0.005
17.226	5778.827	0.006
18.226	5778.777	-0.007
19.226	5778.874	-0.005
20.226	5778.663	-0.009
21.226	5778.816	-0.006
22.226	5778.699	-0.010
23.226	5778.667	-0.012
24.226	5778.579	-0.011
25.226	5778.719	-0.011
26.226	5778.761	-0.010
27.226	5778.985	-0.006
28.226	5778.614	-0.010
29.226	5778.758	-0.007
30.226	5778.620	0.000
31.226	5778.813	-0.000
32.226	5778.802	0.005
33.226	5778.886	0.011
34.226	5778.711	0.008
35.226	5778.517	0.003
36.226	5778.709	0.003
37.226	5778.780	0.003
38.226	5778.884	0.003
39.226	5778.549	0.006
40.226	5778.738	0.002
41.226	5778.783	-0.000
42.226	5778.731	0.001
43.226	5778.920	-0.000
44.226	5778.771	0.000
45.226	5778.804	0.004
46.226	5778.696	0.003
47.226	5778.788	0.003
48.226	5778.804	0.004
49.226	5778.778	0.001
50.226	5778.751	-0.000
51.226	5778.691	-0.000
52.226	5778.710	0.000
53.226	5778.677	0.001
54.226	5778.775	0.000
55.226	5778.779	-0.000
56.226	5778.795	-0.005
57.226	5778.844	-0.001
58.226	5778.691	0.003
59.226	5778.715	0.005
60.226	5778.766	0.002
61.226	5778.651	0.002
62.226	5778.609	0.002
63.226	5778.720	-0.001
64.226	5778.808	-0.002
65.226	5778.726	0.004
66.226	5778.719	-0.002
67.226	5778.797	-0.004
68.226	5778.890	-0.003
69.226	5778.791	0.002
70.226	5778.909	0.003
71.226	5778.776	0.002
72.226	5778.743	-0.003
73.226	5778.716	-0.003
74.226	5778.694	-0.001
75.226	5778.722	-0.002
76.226	5778.857	0.003
77.226	5778.782	0.007
78.226	5778.663	0.002
79.226	5778.742	0.002
80.226	5778.695	-0.001
81.226	5778.706	0.004
82.226	5778.777	0.000
83.226	5778.768	0.004
84.226	5778.750	0.001
85.226	5778.805	-0.000
86.226	5778.665	-0.003
87.226	5778.687	-0.002
88.226	5778.887	0.003
89.226	5778.777	0.005
90.226	5778.724	0.003
91.226	5778.748	-0.001
92.226	5778.764	-0.001
93.226	5778.830	0.001
94.226	5778.864	0.002
95.226	5778.818	0.002
96.226	5778.748	0.002
97.226	5778.740	0.000
98.226	5778.680	-0.001
99.226	5778.762	0.000
100.226	5778.637	-0.003
101.226	5778.736	-0.000
102.226	5778.747	0.003
103.226	5778.596	0.000
104.226	5778.628	0.001
105.226	5778.763	0.002
106.226	5778.748	0.002
107.226	5778.738	0.000
108.226	5778.922	0.000
109.226	5778.832	0.000
110.226	5778.717	0.000
111.226	5778.765	0.004
112.226	5778.763	-0.003
113.226	5778.821	-0.003
114.226	5778.774	0.000
115.226	5778.704	-0.002
116.226	5778.708	-0.001
117.226	5778.408	-0.002
118.226	5778.753	-0.002
119.226	5778.956	0.002
120.226	5778.713	0.000
121.226	5778.566	-0.002
122.226	5778.877	-0.002
123.226	5778.749	-0.002
124.226	5778.712	-0.006
125.226	5778.712	-0.002
126.226	5778.739	0.000
127.226	5778.637	-0.003
128.226	5778.786	-0.003
129.226	5778.698	-0.002
130.226	5778.669	-0.003
131.226	5778.992	-0.005
132.226	5778.697	-0.003
133.226	5778.764	-0.000
134.226	5778.732	0.002
135.226	5778.820	-0.000
136.226	5778.752	-0.000
137.226	5778.723	0.000
138.226	5778.793	0.005
139.226	5778.728	0.002
140.226	5778.841	-0.002
141.226	5778.802	-0.005
142.226	5778.748	-0.002
143.226	5778.732	-0.001
144.226	5778.709	-0.002
145.226	5778.639	-0.000
146.226	5778.593	-0.005
147.226	5778.737	0.003
148.226	5778.715	0.001
149.226	5778.714	-0.002
150.226	5778.777	-0.001
151.226	5778.820	-0.003
152.226	5778.846	-0.004
153.226	5778.605	-0.002
154.226	5778.696	-0.000
155.226	5778.747	-0.000
156.226	5778.674	0.002
157.226	5778.700	-0.001
158.226	5778.675	-0.003
159.226	5778.702	-0.005
160.226	5778.779	-0.004
161.226	5778.704	-0.004
162.226	5779.005	-0.002
163.226	5778.868	0.001
164.226	5778.649	-0.002
165.226	5778.770	-0.005
166.226	5778.730	0.000
167.226	5778.597	0.000
168.226	5778.742	0.002
169.226	5778.810	0.001
170.226	5778.689	0.000
171.226	5778.595	0.000
172.226	5778.794	-0.005
173.226	5778.727	-0.003
174.226	5778.675	-0.002
175.226	5778.815	0.000
176.226	5778.636	0.000
177.226	5778.786	-0.006
178.226	5778.835	-0.006
179.226	5778.735	-0.004
180.226	5778.705	-0.003
181.226	5778.761	-0.008
182.226	5778.769	-0.000
183.226	5778.746	-0.004
184.226	5778.719	-0.004
185.226	5778.719	-0.005
186.226	5778.653	-0.006
187.226	5778.775	-0.004
188.226	5778.748	0.001
189.226	5778.736	0.000
190.226	5778.644	0.000
191.226	5778.757	-0.004
192.226	5778.903	-0.007
193.226	5778.622	-0.003
194.226	5778.693	-0.004
195.226	5778.586	-0.000
196.226	5778.773	-0.005
197.226	5778.820	-0.002
198.226	5778.757	-0.002
199.226	5778.581	-0.000
200.226	5778.758	-0.004
201.226	5778.758	-0.002
202.226	5778.842	-0.001
203.226	5778.756	0.002
204.226	5778.662	0.000
205.226	5778.538	-0.003
206.226	5778.619	-0.004
207.226	5778.859	-0.005
208.226	5778.604	-0.007
209.226	5778.858	-0.002
210.226	5778.631	-0.002
211.226	5778.765	-0.004
212.226	5778.642	0.000
213.226	5778.668	-0.006
214.226	5778.790	-0.003
215.226	5778.697	0.004
216.226	5778.821	0.001
217.226	5778.885	-0.004
218.226	5778.847	-0.002
219.226	5778.666	-0.007
220.226	5778.751	-0.003
221.226	5778.752	-0.003
222.226	5778.697	-0.003
223.226	5778.781	-0.004
224.226	5778.728	-0.005
225.226	5778.678	-0.005
226.226	5778.740	-0.003
227.226	5778.763	-0.004
228.226	5778.755	-0.005
229.226	5778.685	-0.004
230.226	5778.844	-0.007
231.226	5778.859	-0.003
232.226	5778.816	-0.002
233.226	5778.786	-0.003
234.226	5778.723	-0.003
235.226	5778.738	-0.000
236.226	5778.673	-0.005
237.226	5778.613	-0.003
238.226	5778.855	-0.002
239.226	5778.725	-0.005
240.226	5778.732	-0.000
241.226	5778.653	-0.004
242.226	5778.745	-0.003
243.226	5778.909	-0.006
244.226	5778.713	-0.001
245.226	5778.881	-0.003
246.226	5778.866	-0.002
247.226	5778.712	-0.000
248.226	5778.776	-0.003
249.226	5778.694	-0.007
250.226	5778.796	-0.000
251.226	5778.691	0.001
252.226	5778.776	-0.000
253.226	5778.884	-0.005
254.226	5778.737	-0.003
255.226	5778.803	-0.007
256.226	5778.743	0.000
257.226	5778.794	-0.008
258.226	5778.699	-0.004
259.226	5778.676	-0.002
260.226	5778.806	-0.002
261.226	5778.786	-0.002
262.226	5778.707	-0.003
263.226	5778.799	-0.001
264.226	5778.790	-0.002
265.226	5778.799	-0.008
266.226	5778.722	-0.002
267.226	5778.794	-0.004
268.226	5778.561	-0.003
269.226	5778.646	-0.004
270.226	5778.751	0.000
271.226	5778.764	-0.002
272.226	5778.634	-0.002
273.226	5778.719	0.000
274.226	5778.701	0.000
275.226	5778.750	-0.000
276.226	5778.742	0.001
277.226	5778.697	-0.003
278.226	5778.902	-0.005
279.226	5778.766	-0.004
280.226	5778.735	-0.002
281.226	5778.781	-0.002
282.226	5778.810	-0.002
283.226	5778.614	-0.000
284.226	5778.732	-0.005
285.226	5778.842	-0.002
286.226	5778.764	-0.003
287.226	5778.692	0.003
288.226	5778.717	-0.008
289.226	5778.759	-0.001
290.226	5778.707	-0.002
291.226	5778.660	-0.001
292.226	5778.705	-0.004
293.226	5778.787	0.003
294.226	5778.768	-0.006
295.226	5778.634	-0.000
296.226	5778.774	-0.007
297.226	5778.727	0.000
298.226	5778.767	-0.003
299.226	5778.901	-0.000
300.226	5778.857	-0.004
301.226	5778.800	0.000
302.226	5778.705	0.002
303.226	5778.768	-0.001
304.226	5778.679	-0.002
305.226	5778.755	-0.003
306.226	5778.684	-0.000
307.226	5778.645	-0.004
308.226	5778.650	0.000
309.226	5778.767	-0.003
310.226	5778.722	0.000
311.226	5778.761	0.002
312.226	5778.934	0.001
313.226	5778.872	0.001
314.226	5778.736	-0.003
315.226	5778.851	-0.000
316.226	5778.801	-0.003
317.226	5778.845	0.000
318.226	5778.698	0.002
319.226	5778.697	-0.002
320.226	5778.657	-0.002
321.226	5778.719	-0.001
322.226	5778.634	-0.001
323.226	5778.758	-0.000
324.226	5778.719	-0.000
325.226	5778.559	-0.000
326.226	5778.757	0.000
327.226	5778.719	0.003
328.226	5778.674	-0.003
329.226	5778.857	0.000
330.226	5778.775	-0.000
331.226	5778.866	0.005
332.226	5778.658	0.002
333.226	5778.692	0.000
334.226	5778.603	0.002
335.226	5778.782	-0.004
336.226	5778.852	-0.004
337.226	5778.649	-0.002
338.226	5778.791	0.000
339.226	5778.878	-0.003
340.226	5778.804	-0.000
341.226	5778.825	-0.002
342.226	5778.806	0.000
343.226	5778.806	-0.002
344.226	5778.687	0.002
345.226	5778.859	0.002
346.226	5778.708	0.000
347.226	5778.758	-0.000
348.226	5778.712	-0.004
349.226	5778.842	-0.004
350.226	5778.727	0.003
351.226	5778.651	0.000
352.226	5778.753	-0.001
353.226	5778.744	-0.003
354.226	5778.635	-0.000
355.226	5778.878	-0.001
356.226	5778.910	0.002
357.226	5778.756	-0.002
358.226	5778.763	-0.003
359.226	5778.666	-0.000
360.226	5778.648	0.000
361.226	5778.725	-0.004
362.226	5778.850	-0.006
363.226	5778.727	-0.000
364.226	5778.687	-0.001
365.226	5778.797	-0.003
366.226	5778.747	-0.000
367.226	5778.744	-0.003
368.226	5778.707	-0.000
369.226	5778.679	0.000
370.226	5778.734	0.003
371.226	5778.768	-0.000
372.226	5778.709	0.002
373.226	5778.884	0.002
374.226	5778.786	-0.004
375.226	5778.619	-0.000
376.226	5778.720	0.002
377.226	5778.677	-0.001
378.226	5778.845	-0.000
379.226	5778.557	-0.001
380.226	5778.639	0.002
381.226	5778.658	-0.002
382.226	5778.717	-0.003
383.226	5778.868	-0.001
384.226	5778.678	-0.002
385.226	5778.777	-0.002
386.226	5778.928	0.000
387.226	5778.778	-0.002
388.226	5778.912	-0.003
389.226	5778.706	0.000
390.226	5778.810	-0.006
391.226	5778.666	0.005
392.226	5778.638	-0.000
393.226	5778.678	0.000
394.226	5778.629	0.000
395.226	5778.642	0.001
396.226	5778.803	-0.000
397.226	5778.788	0.000
398.226	5778.759	-0.003
399.226	5778.819	0.004
400.226	5778.861	0.004
401.226	5778.747	0.001
402.226	5778.786	0.000
403.226	5778.766	0.004
404.226	5778.825	0.004
405.226	5778.786	0.004
406.226	5778.695	0.002
407.226	5778.693	0.002
408.226	5778.677	0.003
409.226	5778.645	0.003
410.226	5778.677	0.005
411.226	5778.795	0.001
412.226	5778.779	0.004
413.226	5778.660	0.005
414.226	5778.829	-0.001
415.226	5778.683	-0.000
416.226	5778.848	0.004
417.226	5778.673	0.001
418.226	5778.604	0.002
419.226	5778.743	0.002
420.226	5778.900	0.002
421.226	5778.815	-0.000
422.226	5778.812	-0.001
423.226	5778.898	0.000
424.226	5778.744	0.001
425.226	5778.737	0.004
426.226	5778.681	0.001
427.226	5778.697	0.002
428.226	5778.648	0.002
429.226	5778.886	-0.000
430.226	5778.873	-0.002
431.226	5778.687	0.000
432.226	5778.682	-0.000
433.226	5778.835	0.003
434.226	5778.717	-0.000
435.226	5778.776	-0.001
436.226	5778.692	0.000
437.226	5778.826	-0.000
438.226	5778.756	0.001
439.226	5778.959	0.004
440.226	5778.602	0.003
441.226	5778.849	-0.000
442.226	5778.713	0.002
443.226	5778.704	0.003
444.226	5778.779	0.003
445.226	5778.847	0.002
446.226	5778.834	0.003
447.226	5778.888	0.003
448.226	5778.728	0.004
449.226	5778.707	0.001
450.226	5778.771	0.001
451.226	5778.685	-0.000
452.226	5778.831	-0.000
453.226	5778.743	0.003
454.226	5778.779	-0.001
455.226	5778.879	0.002
456.226	5778.640	0.000
457.226	5778.699	-0.000
458.226	5607.379	-0.003
459.226	5331.645	0.012
460.226	5024.704	0.025
461.226	4658.232	0.044
462.226	4241.380	0.081
463.226	3766.183	0.118
464.226	3248.352	0.159
465.226	2627.019	0.220
466.226	2023.748	0.296
467.226	1469.098	0.378
468.226	810.841	0.501
469.226	32.472	0.806
470.226	-394.492	1.151
471.226	-462.791	1.246
472.226	-0.551	1.304
473.226	-18.758	1.345
474.226	-3.951	1.381
475.226	-0.647	1.409
476.226	-0.092	1.431
477.226	-0.014	1.450
478.226	-0.005	1.470
479.226	-0.004	1.488
480.226	-0.004	1.504
481.226	-0.003	1.513
482.226	-0.003	1.528
483.226	-0.003	1.539
484.226	-0.003	1.548
485.226	-0.003	1.561
486.226	-0.003	1.570
487.226	-0.003	1.579
488.226	-0.003	1.588
489.226	-0.003	1.597
490.226	-0.003	1.604
491.226	-0.003	1.612
492.226	-0.003	1.619
493.226	-0.003	1.625
494.226	-0.002	1.633
495.226	-0.003	1.638
496.226	-0.003	1.646
497.226	-0.002	1.650
498.226	-0.003	1.656
499.226	-0.003	1.663
500.226	-0.003	1.669
501.226	-0.003	1.674
502.226	-0.003	1.679
503.226	-0.003	1.683
504.226	-0.003	1.690
505.226	-0.003	1.692
506.226	-0.003	1.699
507.226	-0.003	1.699
508.226	-0.003	1.706
509.226	-0.004	1.709
510.226	-0.004	1.715
511.226	-0.004	1.720
512.226	-0.004	1.720
513.226	-0.003	1.724
514.226	-0.003	1.732
515.226	-0.003	1.735
516.226	-0.003	1.739
517.226	-0.003	1.740
518.226	-0.003	1.743
519.226	-0.003	1.747
520.226	-0.003	1.752
521.226	-0.003	1.755
522.226	-0.003	1.760
523.226	-0.003	1.762
524.226	-0.003	1.765
525.226	-0.003	1.767
526.226	-0.003	1.771
527.226	-0.003	1.773
528.226	-0.003	1.777
529.226	-0.003	1.779
530.226	-0.003	1.784
531.226	-0.003	1.785
532.226	-0.002	1.787
533.226	-0.002	1.794
534.226	-0.002	1.797
535.226	-0.003	1.796
536.226	-0.003	1.797
537.226	-0.002	1.799
538.226	-0.002	1.806
539.226	-0.003	1.807
540.226	-0.002	1.809
541.226	-0.002	1.811
542.226	-0.003	1.811
543.226	-0.003	1.818
544.226	-0.003	1.816
545.226	-0.003	1.819
546.226	-0.003	1.821
547.226	-0.003	1.827
548.226	-0.003	1.829
549.226	-0.003	1.830
550.226	-0.002	1.832
551.226	-0.002	1.834
552.226	-0.002	1.837
553.226	-0.002	1.840
554.226	-0.002	1.842
555.226	-0.002	1.841
556.226	-0.002	1.843
557.226	-0.002	1.843
558.226	-0.002	1.849
559.226	-0.002	1.851
560.226	-0.002	1.851
561.226	-0.002	1.853
562.226	-0.001	1.855
563.226	-0.001	1.857
564.226	-0.001	1.860
565.226	-0.001	1.861
566.226	-0.001	1.864
567.226	-0.001	1.866
568.226	-0.001	1.867
569.226	-0.001	1.868
570.226	-0.001	1.869
571.226	-0.001	1.871
572.226	-0.001	1.877
573.226	-0.001	1.877
574.226	-0.001	1.880
575.226	-0.002	1.881
576.226	-0.001	1.885
577.226	-0.001	1.884
578.226	-0.001	1.886
579.226	-0.001	1.888
580.226	-0.001	1.889
581.226	-0.001	1.891
582.226	-0.000	1.892
583.226	-0.001	1.893
584.226	-0.000	1.896
585.226	-0.000	1.896
586.226	-0.001	1.899
587.226	-0.000	1.901
588.226	-0.000	1.903
589.226	-0.000	1.901
590.226	-0.000	1.902
591.226	-0.001	1.903
592.226	-0.001	1.906
593.226	-0.000	1.908
594.226	-0.001	1.910
595.226	-0.000	1.912
596.226	-0.001	1.914
597.226	-0.000	1.916
598.226	-0.000	1.913
599.226	-0.001	1.914
600.226	-0.001	1.917
601.226	-0.001	1.920
602.226	-0.001	1.922
603.226	-0.001	1.923
604.226	-0.001	1.923
605.226	-0.001	1.925
606.226	-0.001	1.925
607.226	-0.001	1.929
608.226	-0.001	1.929
609.226	-0.001	1.930
610.226	-0.002	1.933
611.226	-0.001	1.934
612.226	-0.000	1.936
613.226	-0.001	1.934
614.226	-0.000	1.936
615.226	-0.000	1.938
616.226	-0.001	1.937
617.226	-0.001	1.939
618.226	-0.001	1.941
619.226	-0.001	1.943
620.226	-0.001	1.943
621.226	-0.001	1.948
622.226	-0.000	1.947
623.226	-0.001	1.947
624.226	-0.001	1.950
625.226	-0.002	1.948
626.226	-0.001	1.949
627.226	-0.000	1.951
628.226	-0.002	1.954
629.226	-0.002	1.957
630.226	-0.002	1.957
631.226	-0.002	1.960
632.226	-0.001	1.962
633.226	-0.002	1.961
634.226	-0.002	1.961
635.226	-0.002	1.963
636.226	-0.003	1.963
637.226	-0.002	1.964
638.226	-0.003	1.964
639.226	-0.003	1.965
640.226	-0.004	1.966
641.226	-0.004	1.968
642.226	-0.003	1.970
643.226	-0.003	1.971
644.226	-0.004	1.972
645.226	-0.004	1.972
646.226	-0.004	1.973
647.226	-0.003	1.974
648.226	-0.004	1.976
649.226	-0.003	1.976
650.226	-0.004	1.980
651.226	-0.004	1.978
652.226	-0.004	1.979
653.226	-0.004	1.982
654.226	-0.005	1.983
655.226	-0.004	1.983
656.226	-0.004	1.982
657.226	-0.004	1.985
658.226	-0.004	1.985
659.226	-0.004	1.989
660.226	-0.004	1.987
661.226	-0.004	1.987
662.226	-0.003	1.990
663.226	-0.003	1.990
664.226	-0.003	1.993
665.226	-0.003	1.992
666.226	-0.004	1.992
667.226	-0.003	1.996
668.226	-0.003	1.994
669.226	-0.003	1.996
670.226	-0.004	1.997
671.226	-0.003	1.997
672.226	-0.004	1.999
673.226	-0.003	1.999
674.226	-0.003	2.000
675.226	-0.003	2.001
676.226	-0.003	2.001
677.226	-0.004	2.004
678.226	-0.003	2.005
679.226	-0.004	2.003
680.226	-0.003	2.004
681.226	-0.004	2.008
682.226	-0.004	2.005
683.226	-0.004	2.008
684.226	-0.004	2.009
685.226	-0.004	2.010
686.226	-0.004	2.010
687.226	-0.005	2.010
688.226	-0.005	2.011
689.226	-0.005	2.012
690.226	-0.003	2.015
691.226	-0.004	2.011
692.226	-0.004	2.012
693.226	-0.004	2.014
694.226	-0.004	2.019
695.226	-0.004	2.018
696.226	-0.004	2.018
697.226	-0.004	2.020
698.226	-0.004	2.021
699.226	-0.004	2.021
700.226	-0.004	2.024
701.226	-0.003	2.024
702.226	-0.004	2.022
703.226	-0.003	2.022
704.226	-0.004	2.023
705.226	-0.004	2.028
706.226	-0.003	2.030
707.226	-0.004	2.028
708.226	-0.003	2.029
709.226	-0.003	2.029
710.226	-0.003	2.031
711.226	-0.003	2.031
712.226	-0.003	2.030
713.226	-0.003	2.032
714.226	-0.002	2.032
715.226	-0.003	2.032
716.226	-0.003	2.035
717.226	-0.003	2.036
718.226	-0.004	2.035
719.226	-0.004	2.035
720.226	-0.003	2.039
721.226	-0.005	2.040
722.226	-0.005	2.040
723.226	-0.004	2.040
724.226	-0.004	2.039
725.226	-0.005	2.041
726.226	-0.005	2.042
727.226	-0.004	2.043
728.226	-0.004	2.044
729.226	-0.004	2.042
730.226	-0.005	2.044
731.226	-0.005	2.043
732.226	-0.004	2.045
733.226	-0.003	2.048
734.226	-0.004	2.048
735.226	-0.004	2.049
736.226	-0.003	2.049
737.226	-0.003	2.050
738.226	-0.003	2.050
739.226	-0.004	2.052
740.226	-0.004	2.049
741.226	-0.003	2.050
742.226	-0.004	2.052
743.226	-0.003	2.051
744.226	-0.004	2.052
745.226	-0.003	2.055
746.226	-0.003	2.055
747.226	-0.003	2.055
748.226	-0.003	2.059
749.226	-0.004	2.054
750.226	-0.003	2.057
751.226	-0.002	2.058
752.226	-0.004	2.057
753.226	-0.003	2.060
754.226	-0.003	2.059
755.226	-0.002	2.062
756.226	-0.003	2.060
757.226	-0.003	2.061
758.226	-0.003	2.063
759.226	-0.003	2.063
760.226	-0.003	2.064
761.226	-0.003	2.062
762.226	-0.003	2.064
763.226	-0.004	2.067
764.226	-0.003	2.065
765.226	-0.004	2.068
766.226	-0.004	2.069
767.226	-0.004	2.068
768.226	-0.004	2.070
769.226	-0.004	2.069
770.226	-0.005	2.071
771.226	-0.004	2.072
772.226	-0.004	2.068
773.226	-0.005	2.073
774.226	-0.004	2.072
775.226	-0.004	2.073
776.226	-0.004	2.073
777.226	-0.004	2.074
778.226	-0.005	2.075
779.226	-0.005	2.077
780.226	-0.005	2.078
781.226	-0.005	2.076
782.226	-0.005	2.075
783.226	-0.005	2.077
784.226	-0.004	2.078
785.226	-0.006	2.078
786.226	-0.004	2.080
787.226	-0.004	2.082
788.226	-0.005	2.081
789.226	-0.005	2.083
790.226	-0.005	2.081
791.226	-0.005	2.081
792.226	-0.005	2.084
793.226	-0.006	2.084
794.226	-0.006	2.086
795.226	-0.006	2.086
796.226	-0.005	2.088
797.226	-0.005	2.087
798.226	-0.004	2.086
799.226	-0.005	2.087
800.226	-0.005	2.087
801.226	-0.004	2.089
802.226	-0.006	2.088
803.226	-0.005	2.090
804.226	-0.006	2.091
805.226	-0.005	2.091
806.226	-0.006	2.092
807.226	-0.006	2.090
808.226	-0.006	2.093
809.226	-0.006	2.093
810.226	-0.006	2.095
811.226	-0.005	2.093
812.226	-0.006	2.093
813.226	-0.005	2.092
814.226	-0.005	2.095
815.226	-0.005	2.095
816.226	-0.005	2.096
817.226	-0.005	2.096
818.226	-0.005	2.096
819.226	-0.005	2.100
820.226	-0.004	2.096
821.226	-0.005	2.098
822.226	-0.005	2.098
823.226	-0.004	2.100
824.226	-0.005	2.100
825.226	-0.005	2.104
826.226	-0.005	2.102
827.226	-0.004	2.101
828.226	-0.004	2.101
829.226	-0.005	2.105
830.226	-0.005	2.105
831.226	-0.005	2.104
832.226	-0.005	2.106
833.226	-0.004	2.108
834.226	-0.005	2.107
835.226	-0.004	2.109
836.226	-0.004	2.108
837.226	-0.004	2.110
838.226	-0.004	2.109
839.226	-0.003	2.111
840.226	-0.004	2.109
841.226	-0.005	2.112
842.226	-0.004	2.110
843.226	-0.004	2.112
844.226	-0.004	2.111
845.226	-0.004	2.111
846.226	-0.005	2.114
847.226	-0.005	2.114
848.226	-0.004	2.113
849.226	-0.004	2.113
850.226	-0.004	2.117
851.226	-0.004	2.116
852.226	-0.003	2.117
853.226	-0.003	2.118
854.226	-0.003	2.116
855.226	-0.004	2.120
856.226	-0.004	2.117
857.226	-0.004	2.117
858.226	-0.004	2.119
859.226	-0.004	2.119
860.226	-0.004	2.118
861.226	-0.004	2.120
862.226	-0.004	2.119
863.226	-0.004	2.123
864.226	-0.004	2.122
865.226	-0.003	2.122
866.226	-0.003	2.120
867.226	-0.004	2.123
868.226	-0.004	2.124
869.226	-0.003	2.124
870.226	-0.004	2.123
871.226	-0.003	2.127
872.226	-0.004	2.127
873.226	-0.004	2.127
874.226	-0.004	2.126
875.226	-0.004	2.126
876.226	-0.004	2.127
877.226	-0.005	2.128
878.226	-0.003	2.126
879.226	-0.003	2.128
880.226	-0.003	2.128
881.226	-0.004	2.131
882.226	-0.004	2.129
883.226	-0.004	2.134
884.226	-0.004	2.130
885.226	-0.004	2.132
886.226	-0.005	2.133
887.226	-0.004	2.134
888.226	-0.004	2.134
889.226	-0.005	2.133
890.226	-0.004	2.132
891.226	-0.004	2.136
892.226	-0.003	2.134
893.226	-0.004	2.135
894.226	-0.005	2.135
895.226	-0.005	2.138
896.226	-0.005	2.136
897.226	-0.005	2.138
898.226	-0.005	2.138
899.226	-0.006	2.137
900.226	-0.006	2.135
901.226	-0.005	2.139
902.226	-0.006	2.138
903.226	-0.005	2.142
904.226	-0.005	2.137
905.226	-0.006	2.140
906.226	-0.005	2.138
907.226	-0.005	2.142
908.226	-0.006	2.142
909.226	-0.006	2.142
910.226	-0.006	2.143
911.226	-0.005	2.143
912.226	-0.006	2.146
913.226	-0.005	2.143
914.226	-0.005	2.145
915.226	-0.005	2.144
916.226	-0.006	2.145
917.226	-0.005	2.143
918.226	-0.005	2.147
919.226	-0.005	2.148
920.226	-0.005	2.148
921.226	-0.005	2.149
922.226	-0.005	2.146
923.226	-0.005	2.147
924.226	-0.005	2.151
925.226	-0.005	2.149
926.226	-0.005	2.151
927.226	-0.005	2.149
928.226	-0.004	2.151
929.226	-0.004	2.152
930.226	-0.005	2.152
931.226	-0.004	2.152
932.226	-0.004	2.154
933.226	-0.004	2.149
934.226	-0.004	2.154
935.226	-0.004	2.158
936.226	-0.005	2.152
937.226	-0.005	2.154
938.226	-0.004	2.153
939.226	-0.004	2.155
940.226	-0.005	2.158
941.226	-0.004	2.156
942.226	-0.004	2.154
943.226	-0.004	2.156
944.226	-0.004	2.158
945.226	-0.003	2.159
946.226	-0.004	2.161
947.226	-0.004	2.159
948.226	-0.003	2.161
949.226	-0.003	2.163
950.226	-0.004	2.159
951.226	-0.004	2.160
952.226	-0.003	2.161
953.226	-0.004	2.163
954.226	-0.002	2.161
955.226	-0.003	2.161
956.226	-0.004	2.161
957.226	-0.004	2.164
958.226	-0.003	2.162
959.226	-0.002	2.164
960.226	-0.002	2.163
961.226	-0.003	2.165
962.226	-0.003	2.165
963.226	-0.004	2.168
964.226	-0.004	2.166
965.226	-0.002	2.169
966.226	-0.004	2.167
967.226	-0.003	2.167
968.226	-0.003	2.167
969.226	-0.004	2.169
970.226	-0.004	2.168
971.226	-0.003	2.168
972.226	-0.004	2.169
973.226	-0.003	2.168
974.226	-0.004	2.170
975.226	-0.004	2.170
976.226	-0.003	2.171
977.226	-0.003	2.169
978.226	-0.003	2.170
979.226	-0.004	2.171
980.226	-0.003	2.172
981.226	-0.003	2.172
982.226	-0.004	2.175
983.226	-0.003	2.172
984.226	-0.003	2.175
985.226	-0.004	2.175
986.226	-0.004	2.173
987.226	-0.003	2.176
988.226	-0.004	2.176
989.226	-0.004	2.177
990.226	-0.004	2.173
991.226	-0.004	2.174
992.226	-0.004	2.179
993.226	-0.004	2.179
994.226	-0.005	2.179
995.226	-0.004	2.178
996.226	-0.005	2.177
997.226	-0.004	2.179
998.226	-0.003	2.180
999.226	-0.003	2.179
1000.226	-0.003	2.179
1001.226	-0.003	2.181
1002.226	-0.003	2.181
1003.226	-0.003	2.182
1004.226	-0.004	2.181
1005.226	-0.004	2.182
1006.226	-0.005	2.182
1007.226	-0.004	2.182
1008.226	-0.003	2.183
1009.226	-0.005	2.182
1010.226	-0.003	2.183
1011.226	-0.004	2.182
1012.226	-0.003	2.182
1013.226	-0.004	2.186
1014.226	-0.003	2.183
1015.226	-0.004	2.183
1016.226	-0.004	2.184
1017.226	-0.003	2.185
1018.226	-0.004	2.186
1019.226	-0.004	2.186
1020.226	-0.003	2.187
1021.226	-0.004	2.184
1022.226	-0.003	2.190
1023.226	-0.004	2.185
1024.226	-0.002	2.188
1025.226	-0.004	2.188
1026.226	-0.003	2.189
1027.226	-0.003	2.189
1028.226	-0.004	2.188
1029.226	-0.003	2.191
1030.226	-0.004	2.188
1031.226	-0.005	2.187
1032.226	-0.004	2.188
1033.226	-0.003	2.191
1034.226	-0.003	2.193
1035.226	-0.003	2.194
1036.226	-0.003	2.192
1037.226	-0.003	2.194
1038.226	-0.002	2.196
1039.226	-0.002	2.194
1040.226	-0.003	2.198
1041.226	-0.002	2.199
1042.226	-0.003	2.198
1043.226	-0.004	2.198
1044.226	-0.004	2.198
1045.226	-0.003	2.198
1046.226	-0.003	2.198
1047.226	-0.003	2.199
1048.226	-0.003	2.200
1049.226	-0.002	2.201
1050.226	-0.004	2.201
1051.226	-0.004	2.201
1052.226	-0.004	2.203
1053.226	-0.002	2.202
1054.226	-0.003	2.203
1055.226	-0.003	2.202
1056.226	-0.003	2.203
1057.226	-0.004	2.206
1058.226	-0.003	2.202
1059.226	-0.004	2.204
1060.226	-0.003	2.204
1061.226	-0.004	2.205
1062.226	-0.003	2.203
1063.226	-0.004	2.205
1064.226	-0.004	2.205
1065.226	-0.004	2.208
1066.226	-0.002	2.206
1067.226	-0.003	2.205
1068.226	-0.003	2.207
1069.226	-0.003	2.207
1070.226	-0.004	2.209
1071.226	-0.004	2.208
1072.226	-0.004	2.211
1073.226	-0.004	2.211
1074.226	-0.004	2.211
1075.226	-0.004	2.208
1076.226	-0.004	2.209
1077.226	-0.004	2.210
1078.226	-0.003	2.211
1079.226	-0.004	2.210
1080.226	-0.003	2.212
1081.226	-0.003	2.209
1082.226	-0.002	2.212
1083.226	-0.004	2.213
1084.226	-0.004	2.214
1085.226	-0.003	2.212
1086.226	-0.003	2.214
1087.226	-0.003	2.214
1088.226	-0.004	2.213
1089.226	-0.003	2.215
1090.226	-0.004	2.212
1091.226	-0.003	2.216
1092.226	-0.003	2.217
1093.226	-0.004	2.216
1094.226	-0.003	2.217
1095.226	-0.003	2.215
1096.226	-0.003	2.214
1097.226	-0.002	2.215
1098.226	-0.003	2.217
1099.226	-0.003	2.218
1100.226	-0.003	2.217
1101.226	-0.004	2.219
1102.226	-0.004	2.218
1103.226	-0.004	2.218
1104.226	-0.003	2.217
1105.226	-0.004	2.221
1106.226	-0.004	2.218
1107.226	-0.003	2.218
1108.226	-0.003	2.219
1109.226	-0.004	2.220
1110.226	-0.004	2.220
1111.226	-0.004	2.221
1112.226	-0.004	2.220
1113.226	-0.004	2.221
1114.226	-0.005	2.223
1115.226	-0.005	2.222
1116.226	-0.004	2.221
1117.226	-0.005	2.223
1118.226	-0.005	2.225
1119.226	-0.004	2.223
1120.226	-0.004	2.223
1121.226	-0.003	2.225
1122.226	-0.005	2.224
1123.226	-0.005	2.225
1124.226	-0.005	2.225
1125.226	-0.005	2.225
1126.226	-0.005	2.227
1127.226	-0.005	2.226
1128.226	-0.005	2.225
1129.226	-0.005	2.226
1130.226	-0.005	2.227
1131.226	-0.004	2.226
1132.226	-0.003	2.228
1133.226	-0.005	2.227
1134.226	-0.005	2.229
1135.226	-0.004	2.229
1136.226	-0.003	2.230
1137.226	-0.005	2.227
1138.226	-0.003	2.229
1139.226	-0.004	2.230
1140.226	-0.005	2.230
1141.226	-0.004	2.230
1142.226	-0.005	2.231
1143.226	-0.005	2.231
1144.226	-0.005	2.231
1145.226	-0.004	2.233
1146.226	-0.004	2.231
1147.226	-0.004	2.232
1148.226	-0.005	2.232
1149.226	-0.004	2.232
1150.226	-0.003	2.233
1151.226	-0.003	2.232
1152.226	-0.003	2.234
1153.226	-0.004	2.233
1154.226	-0.003	2.232
1155.226	-0.004	2.234
1156.226	-0.004	2.233
1157.226	-0.004	2.235
1158.226	-0.004	2.233
1159.226	-0.005	2.234
1160.226	-0.005	2.235
1161.226	-0.004	2.235
1162.226	-0.004	2.233
1163.226	-0.005	2.234
1164.226	-0.004	2.235
1165.226	-0.004	2.234
1166.226	-0.004	2.236
1167.226	-0.004	2.237
1168.226	-0.005	2.235
1169.226	-0.004	2.238
1170.226	-0.004	2.236
1171.226	-0.004	2.236
1172.226	-0.004	2.238
1173.226	-0.004	2.237
1174.226	-0.003	2.238
1175.226	-0.005	2.238
1176.226	-0.004	2.240
1177.226	-0.005	2.240
1178.226	-0.004	2.240
1179.226	-0.004	2.238
1180.226	-0.003	2.241
1181.226	-0.005	2.240
1182.226	-0.005	2.242
1183.226	-0.005	2.242
1184.226	-0.003	2.244
1185.226	-0.004	2.241
1186.226	-0.004	2.241
1187.226	-0.004	2.241
1188.226	-0.003	2.242
1189.226	-0.003	2.241
1190.226	-0.003	2.242
1191.226	-0.004	2.242
1192.226	-0.003	2.243
1193.226	-0.003	2.243
1194.226	-0.004	2.244
1195.226	-0.003	2.245
1196.226	-0.004	2.244
1197.226	-0.004	2.243
1198.226	-0.003	2.244
1199.226	-0.004	2.245
1200.226	-0.004	2.246
1201.226	-0.003	2.246
1202.226	-0.003	2.244
1203.226	-0.003	2.244
1204.226	-0.004	2.246
1205.226	-0.002	2.248
1206.226	-0.003	2.248
1207.226	-0.003	2.248
1208.226	-0.002	2.248
1209.226	-0.003	2.247
1210.226	-0.002	2.246
1211.226	-0.002	2.247
1212.226	-0.004	2.249
1213.226	-0.002	2.249
1214.226	-0.003	2.247
1215.226	-0.003	2.248
1216.226	-0.003	2.251
1217.226	-0.004	2.248
1218.226	-0.004	2.250
1219.226	-0.004	2.249
1220.226	-0.003	2.249
1221.226	-0.002	2.249
1222.226	-0.002	2.250
1223.226	-0.003	2.250
1224.226	-0.004	2.251
1225.226	-0.003	2.250
1226.226	-0.003	2.250
1227.226	-0.003	2.250
1228.226	-0.003	2.254
1229.226	-0.002	2.256
1230.226	-0.003	2.252
1231.226	-0.003	2.254
1232.226	-0.003	2.253
1233.226	-0.004	2.253
1234.226	-0.003	2.255
1235.226	-0.003	2.255
1236.226	-0.004	2.254
1237.226	-0.003	2.255
1238.226	-0.003	2.253
1239.226	-0.003	2.253
1240.226	-0.002	2.253
1241.226	-0.004	2.254
1242.226	-0.002	2.257
1243.226	-0.002	2.257
1244.226	-0.004	2.253
1245.226	-0.003	2.255
1246.226	-0.003	2.256
1247.226	-0.004	2.257
1248.226	-0.004	2.257
1249.226	-0.004	2.255
1250.226	-0.004	2.257
1251.226	-0.004	2.260
1252.226	-0.004	2.258
1253.226	-0.003	2.255
1254.226	-0.003	2.256
1255.226	-0.003	2.258
1256.226	-0.003	2.258
1257.226	-0.004	2.259
1258.226	-0.003	2.258
1259.226	-0.003	2.261
1260.226	-0.004	2.259
1261.226	-0.004	2.261
1262.226	-0.003	2.260
1263.226	-0.004	2.260
1264.226	-0.004	2.259
1265.226	-0.004	2.260
1266.226	-0.004	2.260
1267.226	-0.004	2.261
1268.226	-0.003	2.260
1269.226	-0.002	2.263
1270.226	-0.003	2.264
1271.226	-0.003	2.261
1272.226	-0.003	2.261
1273.226	-0.003	2.262
1274.226	-0.002	2.263
1275.226	-0.003	2.265
1276.226	-0.004	2.259
1277.226	-0.004	2.262
1278.226	-0.003	2.263
1279.226	-0.002	2.262
1280.226	-0.004	2.266
1281.226	-0.004	2.262
1282.226	-0.003	2.266
1283.226	-0.002	2.264
1284.226	-0.003	2.263
1285.226	-0.004	2.267
1286.226	-0.003	2.263
1287.226	-0.003	2.266
1288.226	-0.004	2.266
1289.226	-0.003	2.266
1290.226	-0.002	2.265
1291.226	-0.004	2.265
1292.226	-0.002	2.267
1293.226	-0.003	2.268
1294.226	-0.003	2.268
1295.226	-0.004	2.266
1296.226	-0.004	2.268
1297.226	-0.004	2.268
1298.226	-0.002	2.271
1299.226	-0.002	2.269
1300.226	-0.003	2.268
1301.226	-0.002	2.271
1302.226	-0.002	2.270
1303.226	-0.003	2.269
1304.226	-0.003	2.268
1305.226	-0.002	2.270
1306.226	-0.002	2.269
1307.226	-0.003	2.270
1308.226	-0.002	2.271
1309.226	-0.003	2.271
1310.226	-0.003	2.270
1311.226	-0.002	2.273
1312.226	-0.002	2.272
1313.226	-0.003	2.271
1314.226	-0.002	2.272
1315.226	-0.003	2.271
1316.226	-0.004	2.273
1317.226	-0.003	2.271
1318.226	-0.003	2.273
1319.226	-0.001	2.271
1320.226	-0.002	2.272
1321.226	-0.003	2.273
1322.226	-0.002	2.270
1323.226	-0.003	2.274
1324.226	-0.002	2.274
1325.226	-0.003	2.272
1326.226	-0.003	2.272
1327.226	-0.003	2.270
1328.226	-0.003	2.272
1329.226	-0.003	2.271
1330.226	-0.004	2.271
1331.226	-0.004	2.270
1332.226	-0.003	2.272
1333.226	-0.003	2.272
1334.226	-0.004	2.273
1335.226	-0.003	2.274
1336.226	-0.004	2.275
1337.226	-0.003	2.275
1338.226	-0.004	2.276
1339.226	-0.004	2.277
1340.226	-0.004	2.277
1341.226	-0.003	2.275
1342.226	-0.004	2.278
1343.226	-0.003	2.278
1344.226	-0.005	2.278
1345.226	-0.004	2.278
1346.226	-0.005	2.279
1347.226	-0.004	2.277
1348.226	-0.003	2.281
1349.226	-0.004	2.276
1350.226	-0.003	2.277
1351.226	-0.003	2.278
1352.226	-0.003	2.280
1353.226	-0.004	2.280
1354.226	-0.003	2.278
1355.226	-0.004	2.281
1356.226	-0.003	2.276
1357.226	-0.004	2.277
1358.226	-0.002	2.281
1359.226	-0.003	2.281
1360.226	-0.004	2.281
1361.226	-0.003	2.281
1362.226	-0.004	2.281
1363.226	-0.003	2.285
1364.226	-0.003	2.285
1365.226	-0.004	2.281
1366.226	-0.004	2.280
1367.226	-0.003	2.284
1368.226	-0.002	2.284
1369.226	-0.004	2.281
1370.226	-0.003	2.281
1371.226	-0.003	2.280
1372.226	-0.003	2.282
1373.226	-0.003	2.284
1374.226	-0.004	2.284
1375.226	-0.004	2.282
1376.226	-0.004	2.284
1377.226	-0.003	2.283
1378.226	-0.003	2.284
1379.226	-0.004	2.283
1380.226	-0.003	2.282
1381.226	-0.004	2.286
1382.226	-0.003	2.284
1383.226	-0.003	2.288
1384.226	-0.004	2.287
1385.226	-0.004	2.286
1386.226	-0.004	2.285
1387.226	-0.004	2.289
1388.226	-0.004	2.289
1389.226	-0.004	2.287
1390.226	-0.004	2.287
1391.226	-0.004	2.287
1392.226	-0.003	2.285
1393.226	-0.003	2.287
1394.226	-0.002	2.287
1395.226	-0.003	2.289
1396.226	-0.004	2.290
1397.226	-0.003	2.290
1398.226	-0.003	2.290
1399.226	-0.003	2.292
1400.226	-0.003	2.291
1401.226	-0.003	2.293
1402.226	-0.003	2.292
1403.226	-0.004	2.295
1404.226	-0.003	2.295
1405.226	-0.002	2.296
1406.226	-0.003	2.295
1407.226	-0.003	2.296
1408.226	-0.003	2.295
1409.226	-0.003	2.295
1410.226	-0.003	2.295
1411.226	-0.003	2.298
1412.226	-0.003	2.296
1413.226	-0.003	2.298
1414.226	-0.002	2.299
1415.226	-0.002	2.297
1416.226	-0.003	2.300
1417.226	-0.003	2.298
1418.226	-0.002	2.297
1419.226	-0.003	2.297
1420.226	-0.003	2.297
1421.226	-0.003	2.299
1422.226	-0.002	2.301
1423.226	-0.002	2.301
1424.226	-0.002	2.302
1425.226	-0.003	2.298
1426.226	-0.003	2.300
1427.226	-0.003	2.299
1428.226	-0.003	2.300
1429.226	-0.003	2.300
1430.226	-0.002	2.302
1431.226	-0.003	2.303
1432.226	-0.001	2.301
1433.226	-0.002	2.301
1434.226	-0.001	2.303
1435.226	-0.002	2.302
1436.226	-0.002	2.303
1437.226	-0.003	2.304
1438.226	-0.002	2.302
1439.226	-0.002	2.302
1440.226	-0.002	2.304
1441.226	-0.002	2.305
1442.226	-0.002	2.304
1443.226	-0.003	2.304
1444.226	-0.002	2.305
1445.226	-0.002	2.305
1446.226	-0.003	2.308
1447.226	-0.003	2.308
1448.226	-0.002	2.304
1449.226	-0.003	2.305
1450.226	-0.002	2.305
1451.226	-0.002	2.305
1452.226	-0.002	2.303
1453.226	-0.003	2.305
1454.226	-0.002	2.307
1455.226	-0.002	2.307
1456.226	-0.003	2.308
1457.226	-0.002	2.308
1458.226	-0.002	2.308
1459.226	-0.001	2.308
1460.226	-0.002	2.308
1461.226	-0.003	2.308
1462.226	-0.003	2.308
1463.226	-0.003	2.309
1464.226	-0.003	2.309
1465.226	-0.003	2.311
1466.226	-0.003	2.310
1467.226	-0.002	2.310
1468.226	-0.003	2.312
1469.226	-0.003	2.312
1470.226	-0.003	2.310
1471.226	-0.003	2.310
1472.226	-0.004	2.307
1473.226	-0.003	2.311
1474.226	-0.003	2.310
1475.226	-0.004	2.311
1476.226	-0.003	2.314
1477.226	-0.002	2.311
1478.226	-0.002	2.313
1479.226	-0.002	2.313
1480.226	-0.003	2.313
1481.226	-0.003	2.311
1482.226	-0.002	2.312
1483.226	-0.003	2.312
1484.226	-0.002	2.314
1485.226	-0.002	2.314
1486.226	-0.002	2.314
1487.226	-0.002	2.316
1488.226	-0.003	2.315
1489.226	-0.002	2.314
1490.226	-0.002	2.314
1491.226	-0.002	2.314
1492.226	-0.002	2.312
1493.226	-0.001	2.313
1494.226	-0.001	2.315
1495.226	-0.001	2.314
1496.226	-0.001	2.316
1497.226	-0.002	2.316
1498.226	-0.001	2.318
1499.226	-0.001	2.318
1500.226	-0.002	2.314
1501.226	-0.001	2.314
1502.226	-0.002	2.315
1503.226	-0.001	2.315
1504.226	-0.002	2.316
1505.226	-0.002	2.316
1506.226	-0.002	2.316
1507.226	-0.001	2.317
1508.226	-0.001	2.317
1509.226	-0.001	2.319
1510.226	-0.000	2.319
1511.226	-0.001	2.318
1512.226	-0.002	2.319
1513.226	-0.002	2.316
1514.226	-0.002	2.316
1515.226	-0.001	2.319
1516.226	-0.003	2.319
1517.226	-0.002	2.321
1518.226	-0.002	2.320
1519.226	-0.003	2.320
1520.226	-0.001	2.319
1521.226	-0.002	2.319
1522.226	-0.002	2.320
1523.226	-0.003	2.320
1524.226	-0.001	2.322
1525.226	-0.002	2.319
1526.226	-0.002	2.322
1527.226	-0.002	2.323
1528.226	-0.003	2.320
1529.226	-0.002	2.319
1530.226	-0.002	2.323
1531.226	-0.002	2.323
1532.226	-0.002	2.324
1533.226	-0.002	2.321
1534.226	-0.003	2.322
1535.226	-0.002	2.320
1536.226	-0.002	2.323
1537.226	-0.002	2.323
1538.226	-0.001	2.324
1539.226	-0.002	2.322
1540.226	-0.002	2.323
1541.226	-0.001	2.324
1542.226	-0.002	2.323
1543.226	-0.002	2.322
1544.226	-0.001	2.324
1545.226	-0.002	2.325
1546.226	-0.002	2.325
1547.226	-0.001	2.326
1548.226	-0.002	2.327
1549.226	-0.001	2.323
1550.226	-0.001	2.324
1551.226	-0.001	2.327
1552.226	-0.002	2.327
1553.226	-0.001	2.327
1554.226	-0.001	2.326
1555.226	-0.001	2.325
1556.226	-0.000	2.326
1557.226	-0.001	2.326
1558.226	-0.001	2.328
1559.226	-0.001	2.328
1560.226	-0.002	2.329
1561.226	-0.002	2.327
1562.226	-0.002	2.327
1563.226	-0.002	2.328
1564.226	-0.001	2.329
1565.226	-0.002	2.328
1566.226	-0.002	2.329
1567.226	-0.002	2.330
1568.226	-0.002	2.328
1569.226	-0.002	2.328
1570.226	-0.001	2.330
1571.226	-0.002	2.328
1572.226	-0.002	2.328
1573.226	-0.002	2.330
1574.226	-0.002	2.329
1575.226	-0.002	2.329
1576.226	-0.002	2.330
1577.226	-0.002	2.330
1578.226	-0.002	2.331
1579.226	-0.001	2.332
1580.226	-0.002	2.331
1581.226	-0.001	2.330
1582.226	-0.002	2.331
1583.226	-0.001	2.332
1584.226	-0.002	2.332
1585.226	-0.001	2.332
1586.226	-0.002	2.333
1587.226	-0.001	2.332
1588.226	-0.002	2.332
1589.226	-0.001	2.331
1590.226	-0.002	2.331
1591.226	-0.002	2.333
1592.226	-0.002	2.332
1593.226	-0.002	2.332
1594.226	-0.003	2.333
1595.226	-0.002	2.332
1596.226	-0.002	2.332
1597.226	-0.003	2.335
1598.226	-0.003	2.335
1599.226	-0.002	2.335
1600.226	-0.002	2.332
1601.226	-0.002	2.334
1602.226	-0.002	2.333
1603.226	-0.002	2.334
1604.226	-0.002	2.333
1605.226	-0.003	2.334
1606.226	-0.001	2.336
1607.226	-0.002	2.335
1608.226	-0.002	2.336
1609.226	-0.002	2.338
1610.226	-0.002	2.336
1611.226	-0.002	2.334
1612.226	-0.002	2.335
1613.226	-0.002	2.336
1614.226	-0.001	2.337
1615.226	-0.002	2.338
1616.226	-0.002	2.334
1617.226	-0.002	2.337
1618.226	-0.002	2.336
1619.226	-0.002	2.335
1620.226	-0.003	2.335
1621.226	-0.002	2.340
1622.226	-0.002	2.336
1623.226	-0.002	2.338
1624.226	-0.002	2.339
1625.226	-0.001	2.339
1626.226	-0.003	2.338
1627.226	-0.003	2.338
1628.226	-0.002	2.338
1629.226	-0.003	2.338
1630.226	-0.002	2.339
1631.226	-0.001	2.339
1632.226	-0.002	2.340
1633.226	-0.002	2.338
1634.226	-0.002	2.340
1635.226	-0.002	2.340
1636.226	-0.002	2.338
1637.226	-0.002	2.339
1638.226	-0.002	2.341
1639.226	-0.003	2.341
1640.226	-0.002	2.340
1641.226	-0.003	2.340
1642.226	-0.003	2.340
1643.226	-0.003	2.341
1644.226	-0.003	2.343
1645.226	-0.003	2.341
1646.226	-0.003	2.339
1647.226	-0.002	2.341
1648.226	-0.003	2.340
1649.226	-0.002	2.342
1650.226	-0.002	2.342
1651.226	-0.002	2.342
1652.226	-0.001	2.341
1653.226	-0.002	2.342
1654.226	-0.001	2.344
1655.226	-0.001	2.344
1656.226	-0.001	2.342
1657.226	-0.001	2.343
1658.226	-0.002	2.344
1659.226	-0.001	2.342
1660.226	-0.001	2.341
1661.226	-0.001	2.343
1662.226	-0.002	2.343
1663.226	-0.002	2.342
1664.226	-0.002	2.343
1665.226	-0.001	2.344
1666.226	-0.000	2.342
1667.226	-0.001	2.345
1668.226	-0.002	2.345
1669.226	-0.002	2.342
1670.226	-0.001	2.344
1671.226	-0.002	2.343
1672.226	-0.002	2.345
1673.226	-0.001	2.346
1674.226	-0.001	2.345
1675.226	-0.002	2.346
1676.226	-0.001	2.345
1677.226	-0.002	2.345
1678.226	-0.001	2.346
1679.226	-0.002	2.343
1680.226	-0.002	2.346
1681.226	-0.002	2.346
1682.226	-0.002	2.345
1683.226	-0.002	2.344
1684.226	-0.002	2.344
1685.226	-0.002	2.347
1686.226	-0.002	2.347
1687.226	-0.003	2.348
1688.226	-0.001	2.348
1689.226	-0.001	2.349
1690.226	-0.001	2.347
1691.226	-0.001	2.349
1692.226	-0.002	2.349
1693.226	-0.002	2.350
1694.226	-0.002	2.349
1695.226	-0.002	2.348
1696.226	-0.002	2.347
1697.226	-0.002	2.349
1698.226	-0.001	2.348
1699.226	-0.003	2.349
1700.226	-0.002	2.349
1701.226	-0.003	2.350
1702.226	-0.003	2.350
1703.226	-0.003	2.348
1704.226	-0.003	2.348
1705.226	-0.003	2.350
1706.226	-0.003	2.350
1707.226	-0.002	2.349
1708.226	-0.003	2.348
1709.226	-0.003	2.350
1710.226	-0.002	2.351
1711.226	-0.003	2.350
1712.226	-0.002	2.351
1713.226	-0.002	2.354
1714.226	-0.003	2.354
1715.226	-0.002	2.356
1716.226	-0.002	2.355
1717.226	-0.003	2.349
1718.226	-0.002	2.350
1719.226	-0.002	2.354
1720.226	-0.003	2.354
1721.226	-0.003	2.352
1722.226	-0.003	2.351
1723.226	-0.002	2.354
1724.226	-0.002	2.354
1725.226	-0.003	2.355
1726.226	-0.003	2.353
1727.226	-0.002	2.351
1728.226	-0.003	2.353
1729.226	-0.002	2.354
1730.226	-0.003	2.354
1731.226	-0.002	2.354
1732.226	-0.002	2.353
1733.226	-0.003	2.355
1734.226	-0.003	2.357
1735.226	-0.003	2.354
1736.226	-0.003	2.353
1737.226	-0.003	2.357
1738.226	-0.003	2.354
1739.226	-0.003	2.358
1740.226	-0.002	2.357
1741.226	-0.002	2.355
1742.226	-0.003	2.359
1743.226	-0.002	2.357
1744.226	-0.002	2.355
1745.226	-0.002	2.358
1746.226	-0.001	2.358
1747.226	-0.002	2.358
1748.226	-0.002	2.358
1749.226	-0.001	2.356
1750.226	-0.002	2.357
1751.226	-0.002	2.359
1752.226	-0.002	2.358
1753.226	-0.002	2.358
1754.226	-0.002	2.359
1755.226	-0.002	2.357
1756.226	-0.002	2.356
1757.226	-0.002	2.359
1758.226	-0.002	2.357
1759.226	-0.001	2.358
1760.226	-0.002	2.358
1761.226	-0.003	2.357
1762.226	-0.001	2.357
1763.226	-0.002	2.357
1764.226	-0.002	2.357
1765.226	-0.001	2.358
1766.226	-0.002	2.357
1767.226	-0.002	2.359
1768.226	-0.001	2.362
1769.226	-0.002	2.360
1770.226	-0.001	2.363
1771.226	-0.003	2.362
1772.226	-0.002	2.358
1773.226	-0.002	2.361
1774.226	-0.002	2.361
1775.226	-0.001	2.358
1776.226	-0.002	2.361
1777.226	-0.003	2.359
1778.226	-0.002	2.361
1779.226	-0.003	2.361
1780.226	-0.002	2.361
1781.226	-0.001	2.360
1782.226	-0.003	2.362
1783.226	-0.001	2.361
1784.226	-0.002	2.360
1785.226	-0.002	2.360
1786.226	-0.002	2.360
1787.226	-0.002	2.360
1788.226	-0.001	2.362
1789.226	-0.002	2.364
1790.226	-0.002	2.362
1791.226	-0.001	2.364
1792.226	-0.001	2.362
1793.226	-0.001	2.362
1794.226	-0.002	2.364
1795.226	-0.001	2.365
1796.226	-0.001	2.366
1797.226	-0.001	2.362
1798.226	-0.001	2.364
1799.226	-0.001	2.365
1800.226	-0.002	2.365
1801.226	-0.002	2.366
1802.226	-0.000	2.367
1803.226	-0.001	2.363
1804.226	-0.002	2.363
1805.226	-0.001	2.364
1806.226	-0.002	2.365
1807.226	-0.002	2.365
1808.226	-0.001	2.366
1809.226	-0.002	2.367
1810.226	-0.002	2.369
1811.226	-0.001	2.368
1812.226	-0.002	2.366
1813.226	-0.001	2.366
1814.226	-0.001	2.366
1815.226	-0.001	2.369
1816.226	-0.002	2.368
1817.226	-0.001	2.368
1818.226	-0.002	2.366
1819.226	-0.002	2.366
1820.226	-0.002	2.367
1821.226	-0.001	2.366
1822.226	-0.001	2.364
1823.226	-0.002	2.364
1824.226	-0.002	2.367
1825.226	-0.001	2.367
1826.226	-0.002	2.366
1827.226	-0.001	2.368
1828.226	-0.002	2.362
1829.226	-0.002	2.366
1830.226	-0.002	2.366
1831.226	-0.002	2.366
1832.226	-0.002	2.368
1833.226	-0.001	2.371
1834.226	-0.001	2.367
1835.226	-0.001	2.370
1836.226	-0.001	2.369
1837.226	-0.001	2.368
1838.226	-0.002	2.367
1839.226	-0.002	2.368
1840.226	-0.002	2.366
1841.226	-0.001	2.369
1842.226	-0.002	2.372
1843.226	-0.001	2.370
1844.226	-0.000	2.368
1845.226	-0.001	2.370
1846.226	-0.002	2.372
1847.226	-0.002	2.372
1848.226	-0.002	2.373
1849.226	-0.002	2.371
1850.226	-0.001	2.369
1851.226	-0.002	2.372
1852.226	-0.002	2.370
1853.226	-0.002	2.372
1854.226	-0.001	2.373
1855.226	-0.002	2.373
1856.226	-0.001	2.375
1857.226	-0.002	2.371
1858.226	-0.001	2.374
1859.226	-0.001	2.374
1860.226	-0.002	2.375
1861.226	-0.002	2.372
1862.226	-0.001	2.375
1863.226	-0.002	2.373
1864.226	-0.002	2.372
1865.226	-0.001	2.372
1866.226	-0.002	2.373
1867.226	-0.001	2.375
1868.226	-0.001	2.377
1869.226	-0.002	2.376
1870.226	-0.001	2.374
1871.226	-0.002	2.377
1872.226	-0.002	2.376
1873.226	-0.002	2.376
1874.226	-0.002	2.373
1875.226	-0.001	2.374
1876.226	-0.001	2.371
1877.226	-0.001	2.375
1878.226	-0.001	2.377
1879.226	-0.003	2.374
1880.226	-0.002	2.374
1881.226	-0.003	2.380
1882.226	-0.001	2.376
1883.226	-0.002	2.376
1884.226	-0.002	2.375
1885.226	-0.002	2.373
1886.226	-0.002	2.374
1887.226	-0.002	2.377
1888.226	-0.002	2.375
1889.226	-0.001	2.377
1890.226	-0.003	2.376
1891.226	-0.002	2.371
1892.226	-0.001	2.376
1893.226	-0.002	2.377
1894.226	-0.003	2.379
1895.226	-0.002	2.379
1896.226	-0.002	2.377
1897.226	-0.003	2.378
1898.226	-0.002	2.378
1899.226	-0.001	2.378
1900.226	-0.002	2.379
1901.226	-0.001	2.375
1902.226	-0.002	2.376
1903.226	-0.003	2.376
1904.226	-0.002	2.378
1905.226	-0.002	2.380
1906.226	-0.001	2.381
1907.226	-0.002	2.380
1908.226	-0.002	2.381
1909.226	-0.002	2.380
1910.226	-0.003	2.377
1911.226	-0.003	2.377
1912.226	-0.002	2.381
1913.226	-0.002	2.379
1914.226	-0.002	2.380
1915.226	-0.002	2.381
1916.226	-0.002	2.379
1917.226	-0.002	2.380
1918.226	-0.002	2.380
1919.226	-0.002	2.378
1920.226	-0.002	2.382
1921.226	-0.002	2.377
1922.226	-0.002	2.381
1923.226	-0.002	2.386
1924.226	-0.002	2.382
1925.226	-0.002	2.382
1926.226	-0.002	2.378
1927.226	-0.001	2.380
1928.226	-0.001	2.384
1929.226	-0.002	2.384
1930.226	-0.002	2.379
1931.226	-0.001	2.381
1932.226	-0.001	2.385
1933.226	-0.001	2.383
1934.226	-0.002	2.379
1935.226	-0.001	2.385
1936.226	-0.002	2.386
1937.226	-0.001	2.385
1938.226	-0.002	2.380
1939.226	-0.001	2.382
1940.226	-0.002	2.386
1941.226	-0.002	2.386
1942.226	-0.001	2.384
1943.226	-0.002	2.383
1944.226	-0.001	2.382
1945.226	-0.002	2.382
1946.226	-0.002	2.388
1947.226	-0.002	2.385
1948.226	-0.002	2.383
1949.226	-0.001	2.387
1950.226	-0.001	2.387
1951.226	-0.002	2.391
1952.226	-0.001	2.390
1953.226	-0.002	2.391
1954.226	-0.003	2.393
1955.226	-0.002	2.393
1956.226	-0.002	2.389
1957.226	-0.001	2.391
1958.226	-0.002	2.392
1959.226	-0.001	2.391
1960.226	-0.002	2.391
1961.226	-0.002	2.392
1962.226	-0.001	2.389
1963.226	-0.002	2.392
1964.226	-0.001	2.393
1965.226	-0.001	2.393
1966.226	-0.002	2.394
1967.226	-0.002	2.392
1968.226	-0.001	2.392
1969.226	-0.001	2.393
1970.226	-0.002	2.393
1971.226	-0.001	2.394
1972.226	-0.001	2.395
1973.226	-0.001	2.391
1974.226	-0.001	2.393
1975.226	-0.001	2.393
1976.226	-0.002	2.393
1977.226	-0.002	2.392
1978.226	-0.003	2.396
1979.226	-0.001	2.393
1980.226	-0.002	2.395
1981.226	-0.002	2.395
1982.226	-0.001	2.395
1983.226	-0.002	2.395
1984.226	-0.002	2.392
1985.226	-0.002	2.394
1986.226	-0.002	2.394
1987.226	-0.002	2.397
1988.226	-0.001	2.396
1989.226	-0.001	2.398
1990.226	-0.002	2.394
1991.226	-0.001	2.395
1992.226	-0.002	2.397
1993.226	-0.002	2.397
1994.226	-0.002	2.397
1995.226	-0.002	2.395
1996.226	-0.002	2.395
1997.226	-0.002	2.398
1998.226	-0.003	2.396
1999.226	-0.003	2.397
2000.226	-0.002	2.399
2001.226	-0.003	2.399
2002.226	-0.002	2.399
2003.226	-0.003	2.399
2004.226	-0.003	2.398
2005.226	-0.002	2.398
2006.226	-0.001	2.397
2007.226	-0.002	2.398
2008.226	-0.002	2.399
2009.226	-0.001	2.400
2010.226	-0.002	2.400
2011.226	-0.002	2.397
2012.226	-0.001	2.398
2013.226	-0.001	2.399
2014.226	-0.002	2.401
2015.226	-0.002	2.401
2016.226	-0.001	2.402
2017.226	-0.002	2.399
2018.226	-0.001	2.401
2019.226	-0.002	2.402
2020.226	-0.002	2.399
2021.226	-0.002	2.400
2022.226	-0.002	2.400
2023.226	-0.002	2.400
2024.226	-0.001	2.399
2025.226	-0.003	2.400
2026.226	-0.001	2.401
2027.226	-0.002	2.401
2028.226	-0.002	2.403
2029.226	-0.002	2.401
2030.226	-0.003	2.400
2031.226	-0.002	2.401
2032.226	-0.002	2.400
2033.226	-0.001	2.402
2034.226	-0.002	2.401
2035.226	-0.002	2.403
2036.226	-0.002	2.403
2037.226	-0.002	2.402
2038.226	-0.002	2.404
2039.226	-0.002	2.402
2040.226	-0.003	2.402
2041.226	-0.002	2.404
2042.226	-0.002	2.402
2043.226	-0.002	2.404
2044.226	-0.002	2.404
2045.226	-0.002	2.403
2046.226	-0.003	2.405
2047.226	-0.003	2.402
2048.226	-0.002	2.403
2049.226	-0.003	2.404
2050.226	-0.002	2.403
2051.226	-0.002	2.404
2052.226	-0.002	2.404
2053.226	-0.003	2.406
2054.226	-0.001	2.403
2055.226	-0.002	2.403
2056.226	-0.002	2.405
2057.226	-0.002	2.402
2058.226	-0.003	2.405
2059.226	-0.003	2.406
2060.226	-0.003	2.407
2061.226	-0.003	2.406
2062.226	-0.003	2.407
2063.226	-0.003	2.406
2064.226	-0.003	2.403
2065.226	-0.002	2.405
2066.226	-0.002	2.405
2067.226	-0.003	2.407
2068.226	-0.003	2.406
2069.226	-0.001	2.406
2070.226	-0.001	2.405
2071.226	-0.001	2.405
2072.226	-0.001	2.409
2073.226	-0.001	2.407
2074.226	-0.003	2.406
2075.226	-0.002	2.409
2076.226	-0.003	2.408
2077.226	-0.003	2.409
2078.226	-0.002	2.408
2079.226	-0.002	2.407
2080.226	-0.003	2.409
2081.226	-0.003	2.409
2082.226	-0.003	2.410
2083.226	-0.003	2.409
2084.226	-0.003	2.408
2085.226	-0.003	2.408
2086.226	-0.004	2.408
2087.226	-0.004	2.410
2088.226	-0.004	2.410
2089.226	-0.004	2.409
2090.226	-0.004	2.409
2091.226	-0.003	2.409
2092.226	-0.003	2.410
2093.226	-0.002	2.410
2094.226	-0.003	2.409
2095.226	-0.003	2.409
2096.226	-0.003	2.409
2097.226	-0.003	2.408
2098.226	-0.004	2.408
2099.226	-0.002	2.410
2100.226	-0.003	2.410
2101.226	-0.003	2.409
2102.226	-0.003	2.411
2103.226	-0.003	2.409
2104.226	-0.003	2.410
2105.226	-0.002	2.410
2106.226	-0.003	2.410
2107.226	-0.002	2.409
2108.226	-0.003	2.411
2109.226	-0.002	2.411
2110.226	-0.002	2.409
2111.226	-0.003	2.410
2112.226	-0.002	2.408
2113.226	-0.002	2.412
2114.226	-0.003	2.412
2115.226	-0.003	2.412
2116.226	-0.002	2.413
2117.226	-0.002	2.411
2118.226	-0.002	2.412
2119.226	-0.001	2.413
2120.226	-0.002	2.411
2121.226	-0.003	2.412
2122.226	-0.002	2.414
2123.226	-0.003	2.412
2124.226	-0.002	2.410
2125.226	-0.003	2.414
2126.226	-0.002	2.410
2127.226	-0.002	2.410
2128.226	-0.003	2.414
2129.226	-0.002	2.413
2130.226	-0.002	2.413
2131.226	-0.002	2.415
2132.226	-0.002	2.415
2133.226	-0.001	2.414
2134.226	-0.002	2.415
2135.226	-0.002	2.411
2136.226	-0.000	2.412
2137.226	-0.001	2.413
2138.226	-0.000	2.415
2139.226	-0.001	2.416
2140.226	-0.002	2.416
2141.226	-0.001	2.416
2142.226	-0.001	2.415
2143.226	-0.000	2.414
2144.226	-0.001	2.414
2145.226	-0.001	2.416
2146.226	-0.000	2.414
2147.226	-0.001	2.417
2148.226	-0.001	2.416
2149.226	-0.001	2.415
2150.226	-0.001	2.414
2151.226	-0.001	2.415
2152.226	-0.002	2.414
2153.226	-0.002	2.416
2154.226	-0.002	2.413
2155.226	-0.002	2.414
2156.226	-0.002	2.414
2157.226	-0.001	2.414
2158.226	-0.000	2.416
2159.226	-0.001	2.415
2160.226	-0.001	2.416
2161.226	-0.001	2.417
2162.226	-0.002	2.415
2163.226	-0.001	2.414
2164.226	-0.001	2.413
2165.226	-0.002	2.414
2166.226	-0.002	2.414
2167.226	-0.002	2.413
2168.226	-0.002	2.413
2169.226	-0.002	2.412
2170.226	-0.002	2.417
2171.226	-0.001	2.415
2172.226	-0.002	2.416
2173.226	-0.002	2.418
2174.226	-0.002	2.415
2175.226	-0.001	2.413
2176.226	-0.002	2.415
2177.226	-0.001	2.417
2178.226	-0.001	2.417
2179.226	-0.002	2.413
2180.226	-0.002	2.415
2181.226	-0.001	2.417
2182.226	-0.001	2.417
2183.226	-0.002	2.418
2184.226	-0.002	2.419
2185.226	-0.001	2.416
2186.226	-0.001	2.417
2187.226	-0.002	2.417
2188.226	-0.001	2.417
2189.226	-0.002	2.415
2190.226	-0.001	2.418
2191.226	-0.002	2.421
2192.226	-0.002	2.419
2193.226	-0.000	2.416
2194.226	-0.001	2.418
2195.226	-0.001	2.419
2196.226	-0.002	2.420
2197.226	-0.001	2.417
2198.226	-0.001	2.418
2199.226	-0.002	2.420
2200.226	-0.001	2.424
2201.226	-0.001	2.421
2202.226	-0.002	2.419
2203.226	-0.001	2.417
2204.226	-0.001	2.419
2205.226	-0.002	2.417
2206.226	-0.002	2.420
2207.226	-0.003	2.419
2208.226	-0.002	2.420
2209.226	-0.003	2.418
2210.226	-0.003	2.419
2211.226	-0.001	2.422
2212.226	-0.001	2.418
2213.226	-0.002	2.421
2214.226	-0.002	2.420
2215.226	-0.002	2.416
2216.226	-0.001	2.418
2217.226	-0.002	2.421
2218.226	-0.002	2.419
2219.226	-0.002	2.422
2220.226	-0.002	2.422
2221.226	-0.002	2.419
2222.226	-0.002	2.422
2223.226	-0.002	2.420
2224.226	-0.002	2.421
2225.226	-0.002	2.422
2226.226	-0.002	2.423
2227.226	-0.002	2.423
2228.226	-0.001	2.423
2229.226	-0.002	2.423
2230.226	-0.002	2.422
2231.226	-0.001	2.421
2232.226	-0.002	2.425
2233.226	-0.002	2.423
2234.226	-0.002	2.425
2235.226	-0.002	2.424
2236.226	-0.001	2.424
2237.226	-0.001	2.421
2238.226	-0.002	2.424
2239.226	-0.003	2.423
2240.226	-0.002	2.425
2241.226	-0.002	2.425
2242.226	-0.002	2.424
2243.226	-0.002	2.424
2244.226	-0.001	2.424
2245.226	-0.001	2.425
2246.226	-0.001	2.425
2247.226	-0.001	2.425
2248.226	-0.001	2.430
2249.226	-0.002	2.428
2250.226	-0.002	2.425
2251.226	-0.001	2.425
2252.226	-0.002	2.424
2253.226	-0.001	2.427
2254.226	-0.002	2.424
2255.226	-0.001	2.423
2256.226	-0.001	2.423
2257.226	-0.001	2.427
2258.226	-0.002	2.426
2259.226	-0.001	2.428
2260.226	-0.001	2.429
2261.226	-0.000	2.429
2262.226	-0.000	2.428
2263.226	-0.001	2.429
2264.226	-0.002	2.423
2265.226	-0.001	2.426
2266.226	-0.001	2.426
2267.226	-0.002	2.431
2268.226	-0.000	2.428
2269.226	-0.001	2.425
2270.226	-0.002	2.425
2271.226	0.000	2.429
2272.226	0.000	2.425
2273.226	-0.001	2.429
2274.226	-0.001	2.426
2275.226	-0.001	2.431
2276.226	0.000	2.433
2277.226	-0.001	2.424
2278.226	0.000	2.425
2279.226	0.000	2.426
2280.226	-0.001	2.424
2281.226	0.000	2.426
2282.226	-0.000	2.429
2283.226	-0.001	2.432
2284.226	-0.001	2.425
2285.226	0.000	2.427
2286.226	-0.001	2.425
2287.226	-0.001	2.427
2288.226	-0.001	2.430
2289.226	-0.001	2.427
2290.226	-0.000	2.435
2291.226	-0.001	2.433
2292.226	-0.001	2.431
2293.226	-0.001	2.428
2294.226	-0.001	2.429
2295.226	-0.001	2.434
2296.226	-0.002	2.435
2297.226	-0.001	2.432
2298.226	-0.001	2.434
2299.226	-0.001	2.431
2300.226	-0.002	2.428
2301.226	-0.001	2.432
2302.226	-0.001	2.431
2303.226	-0.001	2.434
2304.226	-0.000	2.437
2305.226	-0.001	2.435
2306.226	-0.001	2.436
2307.226	-0.000	2.435
2308.226	-0.000	2.435
2309.226	-0.000	2.435
2310.226	-0.001	2.437
2311.226	-0.000	2.436
2312.226	-0.001	2.436
2313.226	-0.000	2.435
2314.226	-0.002	2.437
2315.226	-0.001	2.436
2316.226	-0.001	2.437
2317.226	-0.002	2.436
2318.226	-0.001	2.436
2319.226	-0.000	2.436
2320.226	-0.002	2.438
2321.226	-0.001	2.435
2322.226	-0.001	2.436
2323.226	-0.001	2.438
2324.226	-0.001	2.435
2325.226	-0.001	2.432
2326.226	-0.001	2.434
2327.226	-0.001	2.436
2328.226	-0.002	2.440
2329.226	-0.001	2.437
2330.226	-0.001	2.437
2331.226	-0.001	2.437
2332.226	-0.002	2.434
2333.226	-0.001	2.437
2334.226	-0.001	2.437
2335.226	-0.000	2.439
2336.226	-0.001	2.435
2337.226	-0.000	2.435
2338.226	-0.001	2.436
2339.226	-0.000	2.440
2340.226	-0.000	2.438
2341.226	-0.001	2.436
2342.226	-0.000	2.436
2343.226	-0.001	2.438
2344.226	-0.001	2.439
2345.226	-0.001	2.438
2346.226	-0.001	2.435
2347.226	-0.001	2.438
2348.226	-0.001	2.438
2349.226	-0.002	2.438
2350.226	-0.002	2.439
2351.226	-0.001	2.438
2352.226	-0.001	2.441
2353.226	-0.001	2.439
2354.226	-0.002	2.439
2355.226	-0.001	2.436
2356.226	-0.002	2.436
2357.226	-0.002	2.441
2358.226	-0.001	2.439
2359.226	-0.002	2.439
2360.226	-0.001	2.439
2361.226	-0.002	2.436
2362.226	-0.001	2.440
2363.226	-0.001	2.441
2364.226	-0.001	2.443
2365.226	-0.002	2.439
2366.226	-0.001	2.440
2367.226	-0.001	2.440
2368.226	-0.002	2.435
2369.226	-0.002	2.436
2370.226	-0.002	2.437
2371.226	-0.002	2.442
2372.226	-0.002	2.441
2373.226	-0.002	2.442
2374.226	-0.001	2.439
2375.226	-0.002	2.439
2376.226	-0.001	2.442
2377.226	-0.002	2.432
2378.226	-0.001	2.439
2379.226	-0.001	2.437
2380.226	-0.001	2.440
2381.226	-0.001	2.442
2382.226	-0.002	2.443
2383.226	-0.001	2.439
2384.226	-0.002	2.441
2385.226	-0.001	2.440
2386.226	-0.001	2.442
2387.226	-0.002	2.437
2388.226	-0.001	2.436
2389.226	-0.002	2.436
2390.226	-0.001	2.438
2391.226	-0.002	2.444
2392.226	-0.002	2.445
2393.226	-0.001	2.443
2394.226	-0.001	2.440
2395.226	-0.001	2.442
2396.226	-0.001	2.439
2397.226	-0.002	2.444
2398.226	-0.002	2.440
2399.226	-0.002	2.446
2400.226	-0.001	2.443
2401.226	-0.002	2.443
2402.226	-0.001	2.441
2403.226	-0.001	2.445
2404.226	-0.002	2.442
2405.226	-0.001	2.444
