0.179	38.327	33.180
1.179	38.327	33.180
2.179	38.327	33.180
3.179	38.327	33.180
4.179	38.327	33.180
5.179	38.327	33.190
6.179	38.327	33.190
7.179	38.327	33.190
8.179	38.327	33.190
9.179	38.327	33.190
10.179	38.327	33.190
11.179	38.326	33.190
12.179	38.326	33.190
13.179	38.326	33.190
14.179	38.326	33.190
15.179	38.326	33.190
16.179	38.326	33.190
17.179	38.326	33.180
18.179	38.326	33.180
19.179	38.326	33.180
20.179	38.326	33.180
21.179	38.327	33.180
22.179	38.327	33.180
23.179	38.327	33.180
24.179	38.327	33.180
25.179	38.327	33.180
26.179	38.326	33.190
27.179	38.326	33.180
28.179	38.327	33.180
29.179	38.327	33.180
30.179	38.327	33.180
31.179	38.326	33.180
32.179	38.326	33.180
33.179	38.327	33.180
34.179	38.326	33.180
35.179	38.326	33.180
36.179	38.326	33.180
37.179	38.326	33.180
38.179	38.326	33.180
39.179	38.326	33.180
40.179	38.326	33.180
41.179	38.327	33.180
42.179	38.326	33.180
43.179	38.327	33.170
44.179	38.327	33.180
45.179	38.327	33.180
46.179	38.327	33.180
47.179	38.327	33.180
48.179	38.327	33.180
49.179	38.327	33.180
50.179	38.328	33.180
51.179	38.327	33.180
52.179	38.327	33.180
53.179	38.328	33.170
54.179	38.327	33.180
55.179	38.328	33.180
56.179	38.328	33.180
57.179	38.328	33.180
58.179	38.328	33.180
59.179	38.328	33.180
60.179	38.328	33.180
61.179	38.327	33.180
62.179	38.328	33.190
63.179	38.328	33.180
64.179	38.327	33.190
65.179	38.327	33.180
66.179	38.327	33.180
67.179	38.327	33.180
68.179	38.327	33.180
69.179	38.327	33.180
70.179	38.327	33.180
71.179	38.327	33.180
72.179	38.327	33.180
73.179	38.327	33.180
74.179	38.327	33.180
75.179	38.327	33.180
76.179	38.327	33.180
77.179	38.326	33.180
78.179	38.326	33.180
79.179	38.327	33.180
80.179	38.326	33.180
81.179	38.327	33.180
82.179	38.327	33.180
83.179	38.326	33.180
84.179	38.327	33.180
85.179	38.327	33.190
86.179	38.327	33.180
87.179	38.327	33.180
88.179	38.327	33.180
89.179	38.327	33.180
90.179	38.327	33.180
91.179	38.327	33.180
92.179	38.327	33.190
93.179	38.327	33.180
94.179	38.327	33.180
95.179	38.327	33.170
96.179	38.327	33.180
97.179	38.327	33.180
98.179	38.327	33.190
99.179	38.327	33.180
100.179	38.327	33.180
101.179	38.327	33.180
102.179	38.327	33.180
103.179	38.327	33.180
104.179	38.327	33.180
105.179	38.327	33.180
106.179	38.327	33.180
107.179	38.327	33.180
108.179	38.327	33.170
109.179	38.327	33.180
110.179	38.327	33.180
111.179	38.327	33.180
112.179	38.327	33.180
113.179	38.327	33.180
114.179	38.327	33.170
115.179	38.327	33.180
116.179	38.326	33.180
117.179	38.326	33.180
118.179	38.327	33.180
119.179	38.327	33.170
120.179	38.326	33.180
121.179	38.327	33.170
122.179	38.327	33.180
123.179	38.327	33.180
124.179	38.326	33.180
125.179	38.326	33.180
126.179	38.326	33.180
127.179	38.327	33.170
128.179	38.327	33.180
129.179	38.327	33.180
130.179	38.326	33.180
131.179	38.327	33.170
132.179	38.327	33.170
133.179	38.326	33.170
134.179	38.326	33.170
135.179	38.327	33.170
136.179	38.327	33.180
137.179	38.327	33.180
138.179	38.327	33.180
139.179	38.327	33.170
140.179	38.327	33.180
142.179	38.326	33.180
143.179	38.326	33.180
144.179	38.327	33.170
145.179	38.327	33.180
146.179	38.326	33.170
147.179	38.326	33.170
148.179	38.326	33.180
149.179	38.326	33.180
150.179	38.326	33.170
151.179	38.327	33.170
152.179	38.327	33.170
153.179	38.327	33.170
154.179	38.327	33.170
155.179	38.327	33.180
156.179	38.327	33.170
157.179	38.327	33.180
158.179	38.327	33.180
159.179	38.327	33.180
160.179	38.327	33.170
161.179	38.327	33.170
162.179	38.327	33.170
163.179	38.327	33.170
164.179	38.327	33.170
165.179	38.328	33.180
166.179	38.328	33.170
167.179	38.328	33.170
168.179	38.328	33.170
169.179	38.328	33.170
170.179	38.328	33.180
171.179	38.328	33.170
172.179	38.329	33.170
173.179	38.328	33.170
174.179	38.328	33.170
175.179	38.328	33.170
176.179	38.328	33.170
177.179	38.328	33.180
178.179	38.328	33.170
179.179	38.328	33.170
180.179	38.328	33.170
181.179	38.328	33.170
182.179	38.328	33.170
183.179	38.329	33.170
184.179	38.328	33.170
185.179	38.329	33.170
186.179	38.329	33.170
187.179	38.329	33.160
188.179	38.329	33.170
189.179	38.329	33.180
190.179	38.329	33.170
191.179	38.329	33.170
192.179	38.329	33.170
193.179	38.329	33.180
194.179	38.329	33.170
195.179	38.329	33.170
196.179	38.329	33.170
197.179	38.329	33.180
198.179	38.330	33.170
199.179	38.330	33.170
200.179	38.330	33.170
201.179	38.329	33.170
202.179	38.329	33.170
203.179	38.329	33.170
204.179	38.329	33.170
205.179	38.329	33.170
206.179	38.329	33.170
207.179	38.329	33.170
208.179	38.329	33.170
209.179	38.329	33.170
210.179	38.328	33.170
211.179	38.329	33.170
212.179	38.329	33.170
213.179	38.329	33.170
214.179	38.329	33.170
215.179	38.329	33.170
216.179	38.329	33.170
217.179	38.329	33.170
218.179	38.329	33.170
219.179	38.329	33.170
220.179	38.329	33.170
221.179	38.328	33.170
222.179	38.328	33.170
223.179	38.328	33.170
224.179	38.328	33.170
225.179	38.328	33.170
226.179	38.328	33.170
227.179	38.327	33.160
228.179	38.328	33.170
229.179	38.328	33.170
230.179	38.328	33.170
231.179	38.328	33.170
232.179	38.328	33.160
233.179	38.328	33.170
234.179	38.328	33.170
235.179	38.328	33.170
236.179	38.328	33.170
237.179	38.328	33.170
238.179	38.328	33.170
239.179	38.329	33.170
240.179	38.329	33.170
241.179	38.328	33.170
242.179	38.329	33.180
243.179	38.329	33.170
244.179	38.328	33.170
245.179	38.329	33.170
246.179	38.329	33.170
247.179	38.329	33.170
248.179	38.329	33.170
249.179	38.329	33.170
250.179	38.329	33.170
251.179	38.328	33.170
252.179	38.329	33.170
253.179	38.328	33.170
254.179	38.328	33.170
255.179	38.328	33.170
256.179	38.328	33.170
257.179	38.328	33.160
258.179	38.328	33.170
259.179	38.328	33.170
260.179	38.328	33.170
261.179	38.328	33.170
262.179	38.328	33.170
263.179	38.328	33.170
264.179	38.328	33.170
265.179	38.328	33.170
266.179	38.328	33.170
267.179	38.328	33.170
268.179	38.328	33.170
269.179	38.328	33.170
270.179	38.328	33.170
271.179	38.328	33.170
272.179	38.327	33.170
273.179	38.328	33.170
274.179	38.328	33.170
275.179	38.329	33.170
276.179	38.328	33.170
277.179	38.328	33.170
278.179	38.329	33.170
279.179	38.329	33.170
280.179	38.329	33.170
281.179	38.329	33.170
282.179	38.329	33.170
283.179	38.329	33.170
284.179	38.329	33.170
285.179	38.329	33.170
286.179	38.329	33.170
287.179	38.329	33.160
288.179	38.329	33.170
289.179	38.329	33.170
290.179	38.329	33.170
291.179	38.329	33.170
292.179	38.329	33.170
293.179	38.328	33.170
294.179	38.328	33.170
295.179	38.328	33.170
296.179	38.328	33.160
297.179	38.328	33.170
298.179	38.328	33.160
299.179	38.328	33.160
300.179	38.328	33.170
301.179	38.328	33.170
302.179	38.328	33.170
303.179	38.328	33.170
304.179	38.328	33.160
305.179	38.328	33.170
306.179	38.328	33.170
307.179	38.328	33.170
308.179	38.329	33.160
309.179	38.328	33.170
310.179	38.328	33.170
311.179	38.328	33.170
312.179	38.328	33.170
313.179	38.328	33.170
314.179	38.328	33.170
315.179	38.328	33.170
316.179	38.328	33.160
317.179	38.328	33.160
318.179	38.328	33.160
319.179	38.328	33.170
320.179	38.328	33.170
321.179	38.327	33.160
322.179	38.327	33.160
323.179	38.328	33.160
324.179	38.328	33.160
325.179	38.328	33.160
326.179	38.328	33.170
327.179	38.329	33.160
328.179	38.329	33.170
329.179	38.329	33.170
330.179	38.329	33.160
331.179	38.329	33.170
332.179	38.329	33.170
333.179	38.329	33.170
334.179	38.329	33.160
335.179	38.329	33.170
336.179	38.329	33.160
337.179	38.329	33.170
338.179	38.329	33.170
339.179	38.329	33.170
340.179	38.329	33.170
341.179	38.329	33.170
342.179	38.328	33.170
343.179	38.329	33.170
344.179	38.328	33.170
345.179	38.328	33.160
346.179	38.328	33.160
347.179	38.329	33.170
348.179	38.328	33.170
349.179	38.328	33.170
350.179	38.328	33.170
351.179	38.328	33.170
352.179	38.328	33.170
353.179	38.328	33.160
354.179	38.327	33.170
355.179	38.327	33.170
356.179	38.328	33.180
357.179	38.328	33.180
358.179	38.328	33.180
359.179	38.328	33.180
360.179	38.328	33.180
361.179	38.329	33.180
362.179	38.329	33.180
363.179	38.328	33.180
364.179	38.328	33.170
365.179	38.328	33.170
366.179	38.328	33.180
367.179	38.328	33.170
368.179	38.328	33.170
369.179	38.329	33.180
370.179	38.329	33.180
371.179	38.329	33.170
372.179	38.328	33.170
373.179	38.329	33.180
374.179	38.328	33.170
375.179	38.328	33.180
376.179	38.328	33.170
377.179	38.328	33.170
378.179	38.328	33.170
379.179	38.328	33.170
380.179	38.328	33.170
381.179	38.329	33.170
382.179	38.328	33.170
383.179	38.328	33.170
384.179	38.329	33.170
385.179	38.328	33.180
386.179	38.328	33.170
387.179	38.328	33.170
388.179	38.329	33.170
389.179	38.329	33.170
390.179	38.329	33.170
391.179	38.329	33.170
392.179	38.329	33.170
393.179	38.329	33.170
394.179	38.328	33.170
395.179	38.329	33.170
396.179	38.329	33.180
397.179	38.329	33.170
398.179	38.329	33.170
399.179	38.329	33.170
400.179	38.329	33.170
401.179	38.329	33.170
402.179	38.329	33.170
403.179	38.329	33.170
404.179	38.328	33.170
405.179	38.328	33.170
406.179	38.328	33.170
407.179	38.328	33.170
408.179	38.328	33.170
409.179	38.328	33.170
410.179	38.328	33.170
411.179	38.328	33.170
412.179	38.328	33.170
413.179	38.328	33.170
414.179	38.328	33.170
415.179	38.327	33.170
416.179	38.328	33.170
417.179	38.328	33.170
418.179	38.327	33.170
419.179	38.327	33.170
420.179	38.328	33.160
421.179	38.327	33.170
422.179	38.328	33.170
423.179	38.328	33.170
424.179	38.328	33.170
425.179	38.328	33.160
426.179	38.328	33.170
427.179	38.328	33.160
428.179	38.328	33.170
429.179	38.328	33.170
430.179	38.327	33.160
431.179	38.327	33.170
432.179	38.327	33.170
433.179	38.326	33.170
434.179	38.326	33.170
435.179	38.327	33.170
436.179	38.327	33.170
437.179	38.327	33.170
438.179	38.327	33.160
439.179	38.327	33.170
440.179	38.327	33.170
441.179	38.328	33.170
442.179	38.328	33.170
443.179	38.328	33.170
444.179	38.328	33.180
445.179	38.328	33.170
446.179	38.329	33.180
447.179	38.329	33.170
448.179	38.329	33.170
449.179	38.329	33.180
450.179	38.329	33.180
451.179	38.329	33.170
452.179	38.329	33.180
453.179	38.330	33.170
454.179	38.330	33.180
455.179	38.330	33.180
456.179	38.330	33.170
457.179	38.330	33.170
458.179	38.330	33.180
459.179	38.330	33.180
460.179	38.330	33.180
461.179	38.330	33.180
462.179	38.330	33.170
463.179	38.330	33.180
464.179	38.329	33.180
465.179	38.329	33.180
466.179	38.329	33.180
467.179	38.330	33.180
468.179	38.330	33.180
469.179	38.330	33.180
470.179	38.330	33.170
471.179	38.330	33.170
472.179	38.330	33.180
473.179	38.330	33.180
474.179	38.330	33.180
475.179	38.330	33.180
476.179	38.330	33.180
477.179	38.329	33.180
478.179	38.329	33.180
479.179	38.330	33.170
480.179	38.329	33.180
481.179	38.330	33.180
482.179	38.330	33.180
483.179	38.330	33.180
484.179	38.329	33.180
485.179	38.330	33.180
486.179	38.330	33.180
487.179	38.329	33.180
488.179	38.329	33.180
489.179	38.329	33.180
490.179	38.329	33.180
491.179	38.329	33.180
492.179	38.329	33.180
493.179	38.329	33.180
494.179	38.329	33.170
495.179	38.329	33.180
496.179	38.329	33.180
497.179	38.329	33.180
498.179	38.329	33.180
499.179	38.329	33.170
500.179	38.329	33.180
501.179	38.330	33.180
502.179	38.329	33.180
503.179	38.329	33.180
504.179	38.329	33.180
505.179	38.329	33.180
506.179	38.329	33.180
507.179	38.329	33.180
508.179	38.329	33.180
509.179	38.329	33.180
510.179	38.329	33.180
511.179	38.329	33.180
512.179	38.329	33.180
513.179	38.330	33.180
514.179	38.329	33.180
515.179	38.329	33.180
516.179	38.329	33.180
517.179	38.329	33.180
518.179	38.329	33.180
519.179	38.330	33.180
520.179	38.329	33.180
521.179	38.329	33.180
522.179	38.329	33.180
523.179	38.329	33.180
524.179	38.329	33.180
525.179	38.329	33.180
526.179	38.328	33.180
527.179	38.329	33.180
528.179	38.328	33.180
529.179	38.328	33.180
530.179	38.328	33.170
531.179	38.328	33.180
532.179	38.328	33.180
533.179	38.328	33.180
534.179	38.328	33.180
535.179	38.328	33.180
536.179	38.328	33.170
537.179	38.329	33.180
538.179	38.328	33.180
539.179	38.329	33.180
540.179	38.328	33.180
541.179	38.329	33.180
542.179	38.328	33.180
543.179	38.329	33.180
544.179	38.329	33.180
545.179	38.329	33.180
546.179	38.329	33.180
547.179	38.329	33.170
548.179	38.330	33.170
549.179	38.330	33.180
550.179	38.330	33.180
551.179	38.330	33.180
552.179	38.330	33.180
553.179	38.330	33.180
554.179	38.330	33.180
555.179	38.329	33.180
556.179	38.329	33.180
557.179	38.329	33.180
558.179	38.329	33.180
559.179	38.329	33.180
560.179	38.329	33.180
561.179	38.329	33.170
562.179	38.329	33.180
563.179	38.329	33.180
564.179	38.329	33.180
565.179	38.329	33.180
566.179	38.329	33.180
567.179	38.329	33.180
568.179	38.329	33.180
569.179	38.329	33.180
570.179	38.329	33.180
571.179	38.330	33.180
572.179	38.329	33.180
573.179	38.328	33.180
574.179	38.328	33.180
575.179	38.329	33.180
576.179	38.329	33.180
577.179	38.329	33.180
578.179	38.329	33.180
579.179	38.329	33.180
580.179	38.329	33.180
581.179	38.329	33.180
582.179	38.329	33.180
583.179	38.329	33.180
584.179	38.329	33.180
585.179	38.329	33.180
586.179	38.329	33.180
587.179	38.329	33.170
588.179	38.329	33.170
589.179	38.329	33.170
590.179	38.329	33.170
591.179	38.330	33.170
592.179	38.330	33.170
593.179	38.330	33.170
594.179	38.330	33.160
595.179	38.330	33.170
596.179	38.330	33.170
597.179	38.330	33.170
598.179	38.330	33.170
599.179	38.329	33.170
600.179	38.330	33.170
601.179	38.329	33.160
602.179	38.329	33.170
603.179	38.329	33.160
604.179	38.329	33.160
605.179	38.329	33.160
606.179	38.329	33.160
607.179	38.329	33.160
608.179	38.329	33.160
609.179	38.329	33.160
610.179	38.329	33.170
611.179	38.329	33.170
612.179	38.329	33.170
613.179	38.329	33.160
614.179	38.329	33.170
615.179	38.329	33.160
616.179	38.329	33.160
617.179	38.329	33.160
618.179	38.329	33.160
619.179	38.329	33.160
620.179	38.329	33.160
621.179	38.330	33.160
622.179	38.329	33.160
623.179	38.329	33.160
624.179	38.329	33.160
625.179	38.329	33.170
626.179	38.329	33.160
627.179	38.329	33.160
628.179	38.328	33.160
629.179	38.329	33.160
630.179	38.329	33.160
631.179	38.328	33.160
632.179	38.328	33.150
633.179	38.328	33.160
634.179	38.328	33.160
635.179	38.329	33.160
636.179	38.329	33.160
637.179	38.329	33.160
638.179	38.329	33.160
639.179	38.329	33.160
640.179	38.329	33.170
641.179	38.328	33.160
642.179	38.328	33.160
643.179	38.329	33.160
644.179	38.329	33.160
645.179	38.329	33.160
646.179	38.328	33.160
647.179	38.329	33.160
648.179	38.329	33.160
649.179	38.329	33.160
650.179	38.329	33.160
651.179	38.328	33.160
652.179	38.328	33.160
653.179	38.329	33.160
654.179	38.328	33.160
655.179	38.328	33.160
656.179	38.328	33.160
657.179	38.329	33.160
658.179	38.329	33.160
659.179	38.329	33.160
660.179	38.329	33.160
661.179	38.329	33.160
662.179	38.329	33.150
663.179	38.328	33.160
664.179	38.328	33.160
665.179	38.328	33.150
666.179	38.328	33.150
667.179	38.328	33.160
668.179	38.328	33.160
669.179	38.328	33.160
670.179	38.328	33.160
671.179	38.328	33.150
672.179	38.328	33.150
673.179	38.328	33.160
674.179	38.328	33.160
675.179	38.328	33.160
676.179	38.328	33.150
677.179	38.328	33.150
678.179	38.327	33.150
679.179	38.328	33.150
680.179	38.328	33.160
681.179	38.328	33.160
682.179	38.328	33.160
683.179	38.328	33.160
684.179	38.328	33.160
685.179	38.327	33.160
686.179	38.328	33.160
687.179	38.328	33.160
688.179	38.328	33.150
689.179	38.328	33.150
690.179	38.328	33.160
691.179	38.328	33.160
692.179	38.328	33.160
693.179	38.328	33.160
694.179	38.328	33.150
695.179	38.328	33.150
696.179	38.328	33.150
697.179	38.328	33.150
698.179	38.328	33.160
699.179	38.328	33.160
700.179	38.328	33.150
701.179	38.328	33.160
702.179	38.328	33.160
703.179	38.328	33.150
704.179	38.328	33.160
705.179	38.328	33.160
706.179	38.329	33.150
707.179	38.329	33.150
708.179	38.329	33.150
709.179	38.328	33.150
710.179	38.328	33.150
711.179	38.328	33.150
712.179	38.329	33.150
713.179	38.329	33.150
714.179	38.329	33.150
715.179	38.328	33.150
716.179	38.328	33.150
717.179	38.328	33.150
718.179	38.328	33.150
719.179	38.329	33.150
720.179	38.329	33.150
721.179	38.328	33.160
722.179	38.329	33.150
723.179	38.329	33.150
724.179	38.329	33.160
725.179	38.329	33.150
726.179	38.329	33.150
727.179	38.329	33.150
728.179	38.329	33.150
729.179	38.329	33.150
730.179	38.329	33.160
731.179	38.329	33.150
732.179	38.329	33.150
733.179	38.329	33.160
734.179	38.329	33.150
735.179	38.329	33.150
736.179	38.329	33.160
737.179	38.329	33.150
738.179	38.329	33.160
739.179	38.329	33.160
740.179	38.329	33.160
741.179	38.330	33.160
742.179	38.330	33.160
743.179	38.329	33.160
744.179	38.329	33.160
745.179	38.329	33.160
746.179	38.329	33.160
747.179	38.329	33.160
748.179	38.329	33.160
749.179	38.329	33.160
750.179	38.330	33.150
751.179	38.330	33.160
752.179	38.330	33.160
753.179	38.331	33.150
754.179	38.330	33.150
755.179	38.330	33.150
756.179	38.330	33.160
757.179	38.330	33.160
758.179	38.330	33.160
759.179	38.330	33.150
760.179	38.330	33.150
761.179	38.330	33.150
762.179	38.330	33.160
763.179	38.330	33.150
764.179	38.330	33.160
765.179	38.330	33.150
766.179	38.330	33.150
767.179	38.329	33.160
768.179	38.330	33.160
769.179	38.330	33.150
770.179	38.330	33.150
771.179	38.329	33.150
772.179	38.329	33.150
773.179	38.329	33.150
774.179	38.329	33.150
775.179	38.329	33.150
776.179	38.329	33.150
777.179	38.329	33.150
778.179	38.329	33.150
779.179	38.330	33.150
780.179	38.330	33.150
781.179	38.329	33.150
782.179	38.329	33.150
783.179	38.329	33.150
784.179	38.329	33.150
785.179	38.329	33.150
786.179	38.329	33.150
787.179	38.329	33.150
788.179	38.329	33.150
789.179	38.330	33.150
790.179	38.329	33.150
791.179	38.329	33.150
792.179	38.329	33.150
793.179	38.329	33.150
794.179	38.329	33.150
795.179	38.329	33.150
796.179	38.329	33.140
797.179	38.329	33.150
798.179	38.329	33.150
799.179	38.329	33.150
800.179	38.330	33.150
801.179	38.330	33.150
802.179	38.330	33.150
803.179	38.330	33.150
804.179	38.330	33.150
805.179	38.329	33.150
806.179	38.330	33.150
807.179	38.330	33.150
808.179	38.330	33.150
809.179	38.330	33.150
810.179	38.330	33.150
811.179	38.330	33.150
812.179	38.330	33.150
813.179	38.330	33.150
814.179	38.329	33.150
815.179	38.330	33.150
816.179	38.329	33.150
817.179	38.330	33.150
818.179	38.330	33.150
819.179	38.330	33.150
820.179	38.329	33.150
821.179	38.329	33.150
822.179	38.329	33.150
823.179	38.329	33.150
824.179	38.329	33.150
825.179	38.329	33.150
826.179	38.328	33.150
827.179	38.329	33.140
828.179	38.329	33.150
829.179	38.329	33.150
830.179	38.329	33.150
831.179	38.328	33.150
832.179	38.329	33.150
833.179	38.330	33.150
834.179	38.329	33.150
835.179	38.329	33.140
836.179	38.330	33.140
837.179	38.330	33.150
838.179	38.330	33.140
839.179	38.330	33.150
840.179	38.330	33.150
841.179	38.330	33.150
842.179	38.329	33.150
843.179	38.329	33.150
844.179	38.329	33.150
845.179	38.329	33.150
846.179	38.329	33.150
847.179	38.329	33.150
848.179	38.329	33.150
849.179	38.329	33.150
850.179	38.329	33.150
851.179	38.329	33.150
852.179	38.329	33.150
853.179	38.329	33.150
854.179	38.329	33.140
855.179	38.329	33.140
856.179	38.329	33.150
857.179	38.329	33.150
858.179	38.329	33.150
859.179	38.328	33.140
860.179	38.329	33.140
861.179	38.329	33.140
862.179	38.328	33.150
863.179	38.328	33.140
864.179	38.328	33.150
865.179	38.329	33.150
866.179	38.329	33.150
867.179	38.328	33.140
868.179	38.328	33.150
869.179	38.329	33.140
870.179	38.328	33.140
871.179	38.328	33.150
872.179	38.328	33.150
873.179	38.328	33.150
874.179	38.328	33.140
875.179	38.328	33.140
876.179	38.328	33.150
877.179	38.328	33.140
878.179	38.328	33.150
879.179	38.328	33.150
880.179	38.328	33.150
881.179	38.328	33.150
882.179	38.329	33.150
883.179	38.329	33.150
884.179	38.328	33.140
885.179	38.328	33.140
886.179	38.329	33.140
887.179	38.329	33.140
888.179	38.329	33.150
889.179	38.329	33.150
890.179	38.329	33.150
891.179	38.329	33.140
892.179	38.329	33.150
893.179	38.329	33.150
894.179	38.329	33.150
895.179	38.329	33.150
896.179	38.329	33.150
897.179	38.329	33.150
898.179	38.329	33.140
899.179	38.329	33.150
900.179	38.329	33.140
901.179	38.329	33.140
902.179	38.329	33.140
903.179	38.329	33.150
904.179	38.329	33.150
905.179	38.329	33.150
906.179	38.329	33.150
907.179	38.329	33.140
908.179	38.329	33.150
909.179	38.329	33.150
910.179	38.329	33.140
911.179	38.329	33.150
912.179	38.329	33.150
913.179	38.329	33.150
914.179	38.329	33.150
915.179	38.329	33.140
916.179	38.329	33.140
917.179	38.329	33.140
918.179	38.329	33.150
919.179	38.329	33.150
920.179	38.329	33.140
921.179	38.329	33.140
922.179	38.328	33.140
923.179	38.328	33.150
924.179	38.328	33.140
925.179	38.329	33.150
926.179	38.328	33.150
927.179	38.329	33.150
928.179	38.329	33.150
929.179	38.329	33.140
930.179	38.329	33.140
931.179	38.329	33.140
932.179	38.329	33.140
933.179	38.329	33.150
934.179	38.329	33.140
935.179	38.329	33.140
936.179	38.329	33.140
937.179	38.329	33.140
938.179	38.329	33.140
939.179	38.329	33.150
940.179	38.329	33.150
941.179	38.329	33.150
942.179	38.328	33.140
943.179	38.328	33.150
944.179	38.329	33.140
945.179	38.328	33.140
946.179	38.328	33.140
947.179	38.329	33.140
948.179	38.328	33.140
949.179	38.328	33.140
950.179	38.328	33.140
951.179	38.328	33.140
952.179	38.328	33.150
953.179	38.327	33.140
954.179	38.327	33.140
955.179	38.327	33.140
956.179	38.327	33.140
957.179	38.327	33.140
958.179	38.326	33.140
959.179	38.327	33.140
960.179	38.327	33.140
961.179	38.328	33.140
962.179	38.327	33.140
963.179	38.327	33.140
964.179	38.327	33.140
965.179	38.327	33.140
966.179	38.327	33.140
967.179	38.327	33.140
968.179	38.327	33.140
969.179	38.327	33.140
970.179	38.327	33.140
971.179	38.328	33.150
972.179	38.328	33.140
973.179	38.327	33.140
974.179	38.328	33.140
975.179	38.328	33.140
976.179	38.328	33.140
977.179	38.328	33.140
978.179	38.328	33.140
979.179	38.328	33.140
980.179	38.328	33.140
981.179	38.329	33.140
982.179	38.329	33.140
983.179	38.328	33.140
984.179	38.328	33.140
985.179	38.328	33.140
986.179	38.328	33.140
987.179	38.328	33.140
988.179	38.328	33.140
989.180	38.328	33.140
990.179	38.328	33.140
991.179	38.328	33.140
992.179	38.329	33.140
993.179	38.328	33.140
994.179	38.328	33.140
995.179	38.328	33.140
996.179	38.328	33.140
997.179	38.328	33.140
998.179	38.328	33.140
999.179	38.328	33.140
1000.179	38.328	33.140
1001.179	38.329	33.140
1002.179	38.328	33.140
1003.179	38.328	33.140
1004.179	38.328	33.140
1005.179	38.328	33.140
1006.179	38.328	33.140
1007.179	38.328	33.140
1008.179	38.329	33.140
1009.179	38.329	33.140
1010.179	38.329	33.140
1011.179	38.329	33.140
1012.179	38.328	33.140
1013.179	38.329	33.140
1014.179	38.329	33.140
1015.179	38.329	33.140
1016.179	38.329	33.150
1017.179	38.329	33.140
1018.179	38.328	33.140
1019.179	38.328	33.140
1020.179	38.328	33.140
1021.179	38.328	33.140
1022.179	38.329	33.140
1023.179	38.328	33.140
1024.179	38.328	33.140
1025.179	38.328	33.140
1026.179	38.328	33.140
1027.179	38.328	33.140
1028.179	38.329	33.140
1029.179	38.329	33.140
1030.179	38.328	33.140
1031.179	38.328	33.140
1032.179	38.329	33.140
1033.179	38.328	33.140
1034.179	38.328	33.140
1035.179	38.328	33.140
1036.179	38.328	33.140
1037.179	38.329	33.140
1038.179	38.328	33.140
1039.179	38.328	33.140
1040.179	38.329	33.140
1041.179	38.329	33.140
1042.179	38.329	33.140
1043.179	38.329	33.150
1044.179	38.329	33.140
1045.179	38.329	33.140
1046.179	38.329	33.140
1047.179	38.329	33.140
1048.179	38.329	33.150
1049.179	38.329	33.140
1050.179	38.329	33.140
1051.179	38.329	33.140
1052.179	38.329	33.140
1053.179	38.329	33.140
1054.179	38.329	33.140
1055.179	38.329	33.140
1056.179	38.329	33.140
1057.179	38.328	33.150
1058.179	38.329	33.140
1059.179	38.329	33.140
1060.179	38.329	33.140
1061.179	38.329	33.140
1062.179	38.329	33.140
1063.179	38.329	33.150
1064.179	38.329	33.150
1065.179	38.329	33.140
1066.179	38.329	33.140
1067.179	38.329	33.140
1068.179	38.330	33.140
1069.179	38.330	33.140
1070.179	38.329	33.140
1071.179	38.329	33.140
1072.179	38.329	33.150
1073.179	38.330	33.140
1074.179	38.330	33.140
1075.179	38.329	33.140
1076.179	38.329	33.140
1077.179	38.329	33.150
1078.179	38.329	33.140
1079.179	38.330	33.140
1080.179	38.329	33.140
1081.179	38.329	33.140
1082.179	38.329	33.150
1083.179	38.329	33.140
1084.179	38.330	33.140
1085.179	38.330	33.140
1086.179	38.329	33.150
1087.179	38.330	33.150
1088.179	38.329	33.150
1089.179	38.329	33.140
1090.179	38.329	33.150
1091.179	38.329	33.140
1092.179	38.329	33.140
1093.179	38.329	33.140
1094.179	38.329	33.150
1095.179	38.329	33.140
1096.179	38.329	33.140
1097.179	38.329	33.140
1098.179	38.329	33.140
1099.179	38.329	33.140
1100.179	38.329	33.150
1101.179	38.330	33.140
1102.179	38.329	33.140
1103.179	38.330	33.150
1104.179	38.330	33.140
1105.179	38.330	33.140
1106.179	38.330	33.140
1107.179	38.330	33.150
1108.179	38.330	33.140
1109.179	38.330	33.140
1110.179	38.330	33.150
1111.179	38.329	33.150
1112.179	38.330	33.150
1113.179	38.330	33.140
1114.179	38.329	33.150
1115.179	38.329	33.150
1116.179	38.329	33.140
1117.179	38.329	33.140
1118.179	38.329	33.140
1119.179	38.329	33.140
1120.179	38.329	33.150
1121.179	38.328	33.150
1122.179	38.328	33.150
1123.179	38.329	33.150
1124.179	38.329	33.140
1125.179	38.329	33.140
1126.179	38.329	33.140
1127.179	38.329	33.150
1128.179	38.328	33.140
1129.179	38.329	33.150
1130.179	38.329	33.150
1131.179	38.329	33.140
1132.179	38.329	33.140
1133.179	38.329	33.150
1134.179	38.329	33.140
1135.179	38.329	33.150
1136.179	38.329	33.140
1137.179	38.329	33.140
1138.179	38.329	33.150
1139.179	38.329	33.140
1140.179	38.329	33.150
1141.179	38.329	33.150
1142.179	38.330	33.150
1143.179	38.330	33.150
1144.179	38.329	33.140
1145.179	38.329	33.150
1146.179	38.330	33.150
1147.179	38.330	33.140
1148.179	38.329	33.140
1149.179	38.329	33.140
1150.179	38.329	33.140
1151.179	38.329	33.140
1152.179	38.329	33.150
1153.179	38.329	33.150
1154.179	38.329	33.150
1155.179	38.330	33.140
1156.179	38.329	33.150
1157.179	38.329	33.150
1158.179	38.329	33.150
1159.179	38.329	33.150
1160.179	38.329	33.140
1161.179	38.330	33.140
1162.179	38.330	33.140
1163.179	38.329	33.150
1164.179	38.330	33.170
1165.179	38.329	33.160
1166.179	38.329	33.170
1167.179	38.330	33.160
1168.179	38.329	33.170
1169.179	38.329	33.170
1170.179	38.329	33.160
1171.179	38.329	33.150
1172.179	38.329	33.140
1173.179	38.330	33.140
1174.179	38.330	33.140
1175.179	38.330	33.140
1176.179	38.329	33.140
1177.179	38.329	33.140
1178.179	38.330	33.140
1179.179	38.330	33.130
1180.179	38.330	33.130
1181.179	38.330	33.140
1182.179	38.329	33.140
1183.179	38.329	33.140
1184.179	38.329	33.140
1185.179	38.329	33.140
1186.179	38.329	33.140
1187.179	38.329	33.140
1188.179	38.329	33.140
1189.179	38.329	33.140
1190.179	38.329	33.140
1191.179	38.329	33.140
1192.179	38.329	33.130
1193.179	38.329	33.140
1194.179	38.329	33.140
1195.179	38.328	33.130
1196.179	38.329	33.140
1197.179	38.329	33.140
1198.179	38.328	33.140
1199.179	38.328	33.140
1200.179	38.328	33.140
1201.179	38.328	33.140
1202.179	38.328	33.130
1203.179	38.329	33.140
1204.179	38.328	33.140
1205.179	38.328	33.140
1206.179	38.329	33.140
1207.179	38.329	33.140
1208.179	38.329	33.140
1209.179	38.329	33.140
1210.179	38.329	33.140
1211.179	38.329	33.140
1212.179	38.329	33.140
1213.179	38.329	33.130
1214.179	38.329	33.130
1215.179	38.330	33.130
1216.179	38.329	33.140
1217.179	38.330	33.130
1218.179	38.329	33.140
1219.179	38.329	33.140
1220.179	38.329	33.140
1221.179	38.329	33.130
1222.179	38.329	33.140
1223.179	38.329	33.140
1224.179	38.329	33.130
1225.179	38.329	33.130
1226.179	38.329	33.140
1227.179	38.329	33.140
1228.179	38.328	33.140
1229.179	38.328	33.140
1230.179	38.328	33.140
1231.179	38.328	33.140
1232.179	38.329	33.130
1233.179	38.328	33.130
1234.179	38.328	33.140
1235.179	38.328	33.140
1236.179	38.328	33.140
1237.179	38.328	33.140
1238.179	38.328	33.140
1239.179	38.328	33.140
1240.179	38.328	33.130
1241.179	38.328	33.130
1242.179	38.328	33.130
1243.179	38.328	33.130
1244.179	38.328	33.130
1245.179	38.328	33.130
1246.179	38.328	33.130
1247.179	38.327	33.130
1248.179	38.327	33.140
1249.179	38.327	33.130
1250.179	38.327	33.140
1251.179	38.327	33.140
1252.179	38.327	33.140
1253.179	38.327	33.130
1254.179	38.326	33.130
1255.179	38.327	33.130
1256.179	38.327	33.130
1257.179	38.327	33.140
1258.179	38.327	33.130
1259.179	38.328	33.130
1260.179	38.328	33.130
1261.179	38.327	33.130
1262.179	38.328	33.130
1263.179	38.328	33.140
1264.179	38.328	33.140
1265.179	38.328	33.140
1266.179	38.328	33.140
1267.179	38.328	33.140
1268.179	38.328	33.140
1269.179	38.329	33.140
1270.179	38.329	33.140
1271.179	38.329	33.130
1272.179	38.329	33.130
1273.179	38.329	33.130
1274.179	38.329	33.130
1275.179	38.328	33.130
1276.179	38.329	33.130
1277.179	38.329	33.140
1278.179	38.329	33.140
1279.179	38.329	33.130
1280.179	38.329	33.130
1281.179	38.329	33.130
1282.179	38.329	33.130
1283.179	38.329	33.130
1284.179	38.329	33.130
1285.179	38.328	33.130
1286.179	38.329	33.130
1287.179	38.329	33.140
1288.179	38.329	33.140
1289.179	38.329	33.130
1290.179	38.330	33.140
1291.179	38.329	33.130
1292.179	38.329	33.130
1293.179	38.329	33.140
1294.179	38.329	33.130
1295.179	38.329	33.130
1296.179	38.329	33.140
1297.179	38.329	33.140
1298.179	38.329	33.140
1299.179	38.329	33.140
1300.179	38.329	33.130
1301.179	38.329	33.140
1302.179	38.329	33.130
1303.179	38.329	33.130
1304.179	38.329	33.140
1305.179	38.329	33.140
1306.179	38.328	33.140
1307.179	38.328	33.130
1308.179	38.329	33.130
1309.179	38.329	33.130
1310.179	38.329	33.130
1311.179	38.329	33.130
1312.179	38.329	33.140
1313.179	38.329	33.130
1314.179	38.329	33.140
1315.179	38.328	33.140
1316.179	38.328	33.140
1317.179	38.329	33.130
1318.179	38.329	33.130
1319.179	38.329	33.130
1320.179	38.329	33.130
1321.179	38.329	33.130
1322.179	38.329	33.130
1323.179	38.329	33.130
1324.179	38.329	33.140
1325.179	38.329	33.140
1326.179	38.329	33.130
1327.179	38.329	33.140
1328.179	38.329	33.140
1329.179	38.329	33.140
1330.179	38.329	33.140
1331.179	38.329	33.140
1332.179	38.330	33.140
1333.179	38.329	33.130
1334.179	38.329	33.140
1335.179	38.329	33.130
1336.179	38.329	33.130
1337.179	38.328	33.130
1338.179	38.328	33.130
1339.179	38.328	33.120
1340.179	38.328	33.130
1341.179	38.328	33.130
1342.179	38.329	33.130
1343.179	38.328	33.140
1344.179	38.328	33.130
1345.179	38.329	33.130
1346.179	38.329	33.130
1347.179	38.329	33.130
1348.179	38.329	33.130
1349.179	38.329	33.130
1350.179	38.329	33.130
1351.179	38.329	33.130
1352.179	38.329	33.140
1353.179	38.329	33.130
1354.179	38.329	33.140
1355.179	38.329	33.140
1356.179	38.329	33.130
1357.179	38.329	33.130
1358.179	38.329	33.140
1359.179	38.329	33.130
1360.179	38.329	33.130
1361.179	38.329	33.130
1362.179	38.329	33.130
1363.179	38.329	33.130
1364.179	38.329	33.130
1365.179	38.329	33.130
1366.179	38.329	33.140
1367.179	38.329	33.140
1368.179	38.329	33.130
1369.179	38.329	33.130
1370.179	38.330	33.130
1371.179	38.330	33.130
1372.179	38.330	33.130
1373.179	38.330	33.130
1374.179	38.330	33.130
1375.179	38.330	33.130
1376.179	38.329	33.140
1377.179	38.329	33.130
1378.179	38.330	33.130
1379.179	38.330	33.140
1380.179	38.329	33.130
1381.179	38.329	33.130
1382.179	38.330	33.130
1383.179	38.329	33.130
1384.179	38.330	33.130
1385.179	38.330	33.130
1386.179	38.329	33.130
1387.179	38.329	33.130
1388.179	38.330	33.130
1389.179	38.330	33.130
1390.179	38.330	33.130
1391.179	38.331	33.130
1392.179	38.330	33.130
1393.179	38.331	33.140
1394.179	38.331	33.140
1395.179	38.331	33.140
1396.179	38.331	33.130
1397.179	38.331	33.130
1398.179	38.331	33.130
1399.179	38.331	33.130
1400.179	38.331	33.130
1401.179	38.331	33.130
1402.179	38.331	33.140
1403.179	38.331	33.130
1404.179	38.330	33.130
1405.179	38.331	33.130
1406.179	38.331	33.130
1407.179	38.330	33.130
1408.179	38.330	33.130
1409.179	38.330	33.130
1410.179	38.330	33.130
1411.179	38.330	33.130
1412.179	38.330	33.130
1413.179	38.330	33.130
1414.179	38.330	33.130
1415.179	38.330	33.130
1416.179	38.330	33.130
1417.179	38.329	33.140
1418.179	38.329	33.130
1419.179	38.330	33.130
1420.179	38.330	33.130
1421.179	38.330	33.140
1422.179	38.330	33.140
1423.179	38.330	33.130
1424.179	38.329	33.130
1425.179	38.330	33.130
1426.179	38.330	33.130
1427.179	38.330	33.130
1428.179	38.330	33.130
1429.179	38.329	33.130
1430.179	38.330	33.130
1431.179	38.329	33.130
1432.179	38.330	33.130
1433.179	38.330	33.130
1434.179	38.330	33.130
1435.179	38.330	33.130
1436.179	38.330	33.130
1437.179	38.330	33.130
1438.179	38.330	33.130
1439.179	38.330	33.130
1440.179	38.330	33.130
1441.179	38.330	33.130
1442.179	38.330	33.140
1443.179	38.330	33.140
1444.179	38.330	33.130
1445.179	38.330	33.140
1446.179	38.330	33.130
1447.179	38.330	33.130
1448.179	38.330	33.130
1449.179	38.330	33.130
1450.179	38.330	33.130
1451.179	38.330	33.130
1452.179	38.330	33.140
1453.179	38.330	33.130
1454.179	38.330	33.140
1455.179	38.329	33.130
1456.179	38.330	33.130
1457.179	38.329	33.130
1458.179	38.330	33.130
1459.179	38.330	33.130
1460.179	38.330	33.130
1461.179	38.329	33.130
1462.179	38.330	33.130
1463.179	38.329	33.130
1464.179	38.330	33.130
1465.179	38.330	33.130
1466.179	38.330	33.130
1467.179	38.329	33.130
1468.179	38.329	33.130
1469.179	38.330	33.130
1470.179	38.329	33.130
1471.179	38.330	33.140
1472.179	38.330	33.130
1473.179	38.330	33.130
1474.179	38.330	33.130
1475.179	38.330	33.130
1476.179	38.329	33.130
1477.179	38.329	33.130
1478.179	38.329	33.140
1479.179	38.329	33.130
1480.179	38.329	33.120
1481.179	38.329	33.120
1482.179	38.329	33.130
1483.179	38.329	33.130
1484.179	38.329	33.130
1485.179	38.329	33.140
1486.179	38.329	33.130
1487.179	38.328	33.130
1488.179	38.329	33.130
1489.179	38.329	33.130
1490.179	38.329	33.130
1491.179	38.329	33.130
1492.179	38.329	33.130
1493.179	38.329	33.130
1494.179	38.329	33.130
1495.179	38.330	33.130
1496.179	38.330	33.130
1497.179	38.330	33.130
1498.179	38.329	33.130
1499.179	38.329	33.130
1500.179	38.330	33.130
1501.179	38.329	33.130
1502.179	38.330	33.130
1503.179	38.329	33.130
1504.179	38.330	33.130
1505.179	38.330	33.140
1506.179	38.329	33.140
1507.179	38.329	33.130
1508.179	38.329	33.120
1509.179	38.330	33.130
1510.179	38.330	33.130
1511.179	38.330	33.130
1512.179	38.330	33.130
1513.179	38.330	33.130
1514.179	38.330	33.130
1515.179	38.329	33.130
1516.179	38.330	33.130
1517.179	38.330	33.130
1518.179	38.329	33.130
1519.179	38.330	33.130
1520.179	38.330	33.130
1521.179	38.330	33.130
1522.179	38.330	33.130
1523.179	38.330	33.130
1524.179	38.330	33.130
1525.179	38.331	33.130
1526.179	38.330	33.130
1527.179	38.330	33.130
1528.179	38.330	33.130
1529.179	38.330	33.130
1530.179	38.330	33.130
1531.179	38.330	33.140
1532.179	38.330	33.140
1533.179	38.330	33.130
1534.179	38.330	33.130
1535.179	38.330	33.130
1536.179	38.330	33.130
1537.179	38.330	33.130
1538.179	38.330	33.130
1539.179	38.330	33.130
1540.179	38.330	33.130
1541.179	38.330	33.130
1542.179	38.329	33.130
1543.179	38.329	33.130
1544.179	38.329	33.130
1545.179	38.329	33.120
1546.179	38.329	33.130
1547.179	38.329	33.130
1548.179	38.329	33.130
1549.179	38.329	33.130
1550.179	38.329	33.130
1551.179	38.329	33.130
1552.179	38.329	33.130
1553.179	38.329	33.130
1554.179	38.329	33.120
1555.179	38.329	33.130
1556.179	38.329	33.130
1557.179	38.329	33.130
1558.179	38.329	33.130
1559.179	38.329	33.130
1560.179	38.330	33.130
1561.179	38.330	33.120
1562.179	38.329	33.130
1563.179	38.330	33.130
1564.179	38.330	33.130
1565.179	38.330	33.130
1566.179	38.329	33.130
1567.179	38.329	33.120
1568.179	38.329	33.130
1569.179	38.329	33.130
1570.179	38.329	33.130
1571.179	38.329	33.130
1572.179	38.329	33.120
1573.179	38.329	33.130
1574.179	38.329	33.120
1575.179	38.328	33.130
1576.179	38.329	33.120
1577.179	38.329	33.130
1578.179	38.329	33.130
1579.179	38.329	33.130
1580.179	38.329	33.130
1581.179	38.329	33.130
1582.179	38.329	33.130
1583.179	38.329	33.120
1584.179	38.329	33.130
1585.179	38.330	33.130
1586.179	38.330	33.130
1587.179	38.330	33.130
1588.179	38.329	33.130
1589.179	38.329	33.130
1590.179	38.329	33.130
1591.179	38.329	33.130
1592.179	38.329	33.130
1593.179	38.329	33.130
1594.179	38.330	33.130
1595.179	38.330	33.130
1596.179	38.329	33.130
1597.179	38.329	33.130
1598.179	38.329	33.130
1599.179	38.330	33.130
1600.179	38.329	33.130
1601.179	38.329	33.130
1602.179	38.330	33.130
1603.179	38.330	33.130
1604.179	38.329	33.130
1605.179	38.329	33.120
1606.179	38.329	33.130
1607.179	38.329	33.130
1608.179	38.329	33.130
1609.179	38.329	33.130
1610.179	38.329	33.130
1611.179	38.329	33.130
1612.179	38.330	33.130
1613.179	38.329	33.130
1614.179	38.329	33.130
1615.179	38.329	33.130
1616.179	38.330	33.130
1617.179	38.329	33.130
1618.179	38.329	33.130
1619.179	38.329	33.130
1620.179	38.329	33.130
1621.179	38.329	33.130
1622.179	38.330	33.130
1623.179	38.330	33.130
1624.179	38.330	33.130
1625.179	38.329	33.120
1626.179	38.329	33.130
1627.179	38.330	33.130
1628.179	38.329	33.130
1629.179	38.330	33.130
1630.179	38.330	33.130
1631.179	38.330	33.120
1632.179	38.330	33.130
1633.179	38.330	33.130
1634.179	38.329	33.140
1635.179	38.329	33.130
1636.179	38.330	33.130
1637.179	38.330	33.130
1638.179	38.329	33.120
1639.179	38.330	33.130
1640.179	38.330	33.130
1641.179	38.330	33.130
1642.179	38.330	33.130
1643.179	38.329	33.130
1644.179	38.329	33.130
1645.179	38.329	33.130
1646.179	38.329	33.120
1647.179	38.329	33.130
1648.179	38.329	33.130
1649.179	38.329	33.120
1650.179	38.329	33.120
1651.179	38.329	33.130
1652.179	38.329	33.130
1653.179	38.329	33.130
1654.179	38.329	33.130
1655.179	38.329	33.130
1656.179	38.330	33.130
1657.179	38.330	33.130
1658.179	38.330	33.130
1659.179	38.330	33.130
1660.179	38.329	33.130
1661.179	38.329	33.130
1662.179	38.329	33.130
1663.179	38.330	33.130
1664.179	38.329	33.130
1665.179	38.330	33.130
1666.179	38.330	33.130
1667.179	38.330	33.130
1668.179	38.330	33.130
1669.179	38.330	33.130
1670.179	38.330	33.120
1671.179	38.330	33.130
1672.179	38.329	33.130
1673.179	38.329	33.130
1674.179	38.329	33.130
1675.179	38.329	33.130
1676.179	38.330	33.130
1677.179	38.329	33.130
1678.179	38.329	33.130
1679.179	38.329	33.130
1680.179	38.329	33.130
1681.179	38.329	33.130
1682.179	38.329	33.130
1683.179	38.329	33.130
1684.179	38.329	33.130
1685.179	38.329	33.130
1686.179	38.329	33.130
1687.179	38.329	33.130
1688.179	38.329	33.120
1689.179	38.329	33.130
1690.179	38.329	33.130
1691.179	38.329	33.130
1692.179	38.329	33.130
1693.179	38.329	33.130
1694.179	38.329	33.120
1695.179	38.329	33.130
1696.179	38.329	33.130
1697.179	38.329	33.130
1698.179	38.329	33.130
1699.179	38.328	33.130
1700.179	38.329	33.120
1701.179	38.329	33.130
1702.179	38.328	33.130
1703.179	38.329	33.130
1704.179	38.329	33.130
1705.179	38.329	33.130
1706.179	38.329	33.130
1707.179	38.329	33.130
1708.179	38.329	33.130
1709.179	38.329	33.130
1710.179	38.329	33.130
1711.179	38.329	33.130
1712.179	38.329	33.130
1713.179	38.328	33.130
1714.179	38.329	33.130
1715.179	38.329	33.130
1716.179	38.329	33.130
1717.179	38.329	33.130
1718.179	38.329	33.130
1719.179	38.329	33.130
1720.179	38.329	33.130
1721.179	38.329	33.130
1722.179	38.329	33.130
1723.179	38.329	33.130
1724.179	38.329	33.130
1725.179	38.329	33.130
1726.179	38.329	33.130
1727.179	38.329	33.130
1728.179	38.329	33.130
1729.179	38.329	33.130
1730.179	38.329	33.130
1731.179	38.328	33.130
1732.179	38.328	33.130
1733.179	38.328	33.130
1734.179	38.328	33.130
1735.179	38.328	33.130
1736.179	38.328	33.130
1737.179	38.328	33.140
1738.179	38.328	33.130
1739.179	38.328	33.140
1740.179	38.328	33.140
1741.179	38.328	33.130
1742.179	38.328	33.130
1743.179	38.328	33.140
1744.179	38.328	33.140
1745.179	38.327	33.140
1746.179	38.328	33.140
1747.179	38.328	33.140
1748.179	38.328	33.140
1749.179	38.328	33.140
1750.179	38.328	33.140
1751.179	38.328	33.140
1752.179	38.328	33.140
1753.179	38.328	33.140
1754.179	38.328	33.150
1755.179	38.327	33.140
1756.179	38.327	33.140
1757.179	38.327	33.140
1758.179	38.328	33.150
1759.179	38.328	33.150
1760.179	38.328	33.140
1761.179	38.328	33.140
1762.179	38.328	33.150
1763.179	38.329	33.140
1764.179	38.329	33.140
1765.179	38.329	33.140
1766.179	38.329	33.140
1767.179	38.329	33.150
1768.179	38.329	33.150
1769.179	38.330	33.150
1770.179	38.330	33.150
1771.179	38.329	33.150
1772.179	38.329	33.150
1773.179	38.330	33.150
1774.179	38.330	33.150
1775.179	38.330	33.150
1776.179	38.330	33.150
1777.179	38.329	33.150
1778.179	38.330	33.150
1779.179	38.329	33.150
1780.179	38.330	33.150
1781.179	38.329	33.150
1782.179	38.329	33.150
1783.179	38.329	33.150
1784.179	38.329	33.150
1785.179	38.329	33.150
1786.179	38.328	33.150
1787.179	38.328	33.150
1788.179	38.328	33.150
1789.179	38.328	33.150
1790.179	38.328	33.150
1791.179	38.328	33.150
1792.179	38.328	33.150
1793.179	38.328	33.150
1794.179	38.328	33.150
1795.179	38.328	33.150
1796.179	38.328	33.150
1797.179	38.328	33.150
1798.179	38.328	33.150
1799.179	38.329	33.150
1800.179	38.329	33.150
1801.179	38.329	33.150
1802.179	38.328	33.150
1803.179	38.328	33.150
1804.179	38.328	33.150
1805.179	38.328	33.150
1806.179	38.328	33.150
1807.179	38.328	33.150
1808.179	38.328	33.150
