0.268	0.000	-0.002
1.268	0.004	-0.002
2.268	0.007	-0.003
3.268	9.836	-0.004
4.268	9.843	-0.003
5.268	9.849	-0.003
6.268	9.852	-0.003
7.268	9.853	-0.002
8.268	9.854	-0.003
9.268	9.854	-0.003
10.268	9.853	-0.003
11.268	9.853	-0.003
12.268	9.851	-0.002
13.268	9.849	-0.003
14.268	9.848	-0.003
15.268	9.848	-0.003
16.268	9.846	-0.004
17.268	9.844	-0.002
18.268	9.843	-0.004
19.268	9.841	-0.002
20.268	9.839	-0.003
21.268	9.838	-0.003
22.268	9.837	-0.004
23.268	9.835	-0.003
24.268	9.834	-0.003
25.268	9.832	-0.003
26.268	9.831	-0.004
27.268	9.830	-0.003
28.268	9.828	-0.004
29.268	9.826	-0.003
30.268	9.825	-0.003
31.268	9.823	-0.003
32.268	9.822	-0.004
33.268	9.820	-0.003
34.268	9.819	-0.004
35.268	9.818	-0.003
36.268	9.817	-0.003
37.268	9.815	-0.003
38.268	9.814	-0.003
39.268	9.813	-0.003
40.268	9.812	-0.004
41.268	9.810	-0.003
42.268	9.809	-0.003
43.268	9.808	-0.002
44.268	9.807	-0.003
45.268	9.805	-0.004
46.268	9.804	-0.004
47.268	9.803	-0.002
48.268	9.802	-0.004
49.268	9.801	-0.002
50.268	9.799	-0.003
51.268	9.798	-0.004
52.268	9.797	-0.003
53.268	9.795	-0.004
54.268	9.795	-0.003
55.268	9.794	-0.003
56.268	10.847	-0.005
57.268	18.499	0.184
58.268	24.743	0.307
59.268	30.578	0.498
60.268	30.805	0.572
61.268	30.825	0.571
62.268	30.809	0.571
63.268	30.827	0.570
64.268	30.823	0.571
65.268	30.800	0.571
66.268	30.825	0.571
67.268	30.931	0.571
68.268	30.923	0.571
69.268	30.922	0.570
70.268	30.846	0.570
71.268	30.853	0.571
72.268	30.879	0.571
73.268	30.954	0.571
74.268	30.974	0.571
75.268	30.943	0.571
76.268	30.985	0.571
77.268	30.984	0.571
78.268	31.136	0.569
79.268	31.117	0.572
80.268	31.127	0.571
81.268	31.112	0.571
82.268	31.187	0.571
83.268	31.253	0.571
84.268	31.354	0.569
85.268	31.172	0.571
86.268	31.221	0.570
87.268	31.226	0.571
88.268	31.236	0.571
89.268	31.209	0.570
90.268	31.210	0.571
91.268	31.220	0.569
92.268	31.231	0.569
93.268	31.292	0.571
94.268	31.306	0.571
95.268	31.283	0.570
96.268	31.274	0.571
97.268	31.358	0.570
98.268	31.385	0.570
99.268	31.342	0.570
100.268	31.340	0.570
101.268	31.306	0.570
102.268	31.322	0.570
103.268	31.351	0.569
104.268	31.315	0.569
105.268	31.349	0.571
106.268	31.367	0.571
107.268	31.356	0.571
108.268	31.324	0.570
109.268	31.476	0.570
110.268	45.357	0.782
111.268	52.268	1.076
112.268	57.595	1.262
113.268	61.345	1.407
114.268	63.475	1.512
115.268	63.489	1.522
116.268	63.463	1.523
117.268	63.458	1.523
118.268	63.456	1.523
119.268	63.481	1.523
120.268	63.444	1.523
121.268	63.432	1.522
122.268	63.435	1.522
123.268	63.451	1.522
124.268	63.382	1.523
125.268	63.427	1.524
126.268	63.417	1.522
127.268	63.471	1.523
128.268	63.492	1.522
129.268	63.459	1.522
130.268	63.443	1.523
131.268	63.429	1.523
132.268	63.418	1.523
133.268	63.432	1.522
134.268	63.404	1.522
135.268	63.401	1.523
136.268	63.446	1.524
137.268	63.463	1.523
138.268	63.527	1.523
139.268	63.370	1.523
140.268	63.299	1.521
141.268	63.313	1.521
142.268	63.294	1.522
143.268	63.365	1.523
144.268	63.347	1.523
145.268	63.323	1.522
146.268	63.345	1.522
147.268	63.404	1.522
148.268	63.350	1.522
149.268	63.330	1.524
150.268	63.509	1.524
151.268	63.547	1.523
152.268	63.522	1.521
153.268	63.467	1.523
154.268	63.514	1.524
155.268	63.536	1.523
156.268	63.560	1.523
157.268	63.613	1.521
158.268	63.616	1.522
159.268	63.663	1.523
160.268	63.682	1.523
161.268	63.723	1.522
162.268	64.002	1.525
163.268	72.034	1.589
164.268	79.483	1.895
165.268	85.878	2.139
166.268	89.532	2.312
167.268	92.163	2.418
168.268	94.406	2.490
169.268	97.203	2.581
170.268	97.305	2.627
171.268	97.277	2.626
172.268	97.267	2.627
173.268	97.251	2.628
174.268	97.270	2.628
175.268	97.316	2.627
176.268	97.325	2.627
177.268	97.332	2.626
178.268	97.336	2.628
179.268	97.328	2.628
180.268	97.303	2.628
181.268	97.308	2.627
182.268	97.278	2.627
183.268	97.251	2.627
184.268	97.273	2.628
185.268	97.259	2.628
186.268	97.292	2.628
187.268	97.317	2.628
188.268	97.283	2.626
189.268	97.357	2.628
190.268	97.372	2.627
191.268	97.388	2.627
192.268	97.356	2.627
193.268	97.330	2.626
194.268	97.298	2.626
195.268	97.285	2.626
196.268	97.322	2.627
197.268	97.368	2.627
198.268	97.360	2.627
199.268	97.355	2.627
200.268	97.401	2.627
201.268	97.380	2.626
202.268	97.370	2.627
203.268	97.591	2.628
204.268	97.588	2.627
205.268	97.601	2.627
206.268	97.600	2.627
207.268	97.545	2.627
208.268	97.510	2.627
209.268	97.408	2.627
210.268	97.467	2.627
211.268	97.479	2.627
212.268	97.457	2.626
213.268	97.419	2.626
214.268	97.406	2.626
215.268	97.400	2.627
216.268	97.425	2.626
217.268	97.434	2.625
218.268	97.429	2.624
219.268	97.408	2.626
220.268	106.747	2.691
221.268	115.192	3.070
222.268	122.206	3.377
223.268	128.345	3.580
224.268	129.454	3.730
225.268	129.378	3.733
226.268	129.409	3.732
227.268	129.426	3.730
228.268	129.393	3.731
229.268	129.406	3.731
230.268	129.473	3.730
231.268	129.535	3.729
232.268	129.533	3.729
233.268	129.503	3.729
234.268	129.483	3.731
235.268	129.481	3.730
236.268	129.519	3.730
237.268	129.529	3.731
238.268	129.566	3.729
239.268	129.585	3.730
240.268	129.541	3.729
241.268	129.498	3.730
242.268	129.471	3.728
243.268	129.397	3.728
244.268	129.414	3.730
245.268	129.360	3.731
246.268	129.408	3.729
247.268	129.394	3.728
248.268	129.401	3.729
249.268	129.345	3.729
250.268	129.345	3.730
251.268	129.386	3.729
252.268	129.381	3.730
253.268	129.371	3.728
254.268	129.335	3.729
255.268	129.355	3.729
256.268	129.325	3.730
257.268	129.325	3.728
258.268	129.244	3.729
259.268	129.228	3.727
260.268	129.204	3.729
261.268	129.184	3.729
262.268	129.183	3.728
263.268	129.189	3.728
264.268	129.221	3.728
265.268	129.270	3.728
266.268	129.238	3.728
267.268	129.247	3.727
268.268	129.258	3.728
269.268	129.281	3.728
270.268	129.238	3.728
271.268	129.231	3.727
272.268	129.236	3.727
273.268	135.493	3.739
274.268	147.544	4.199
275.268	152.945	4.469
276.268	158.041	4.651
277.268	160.321	4.781
278.268	164.241	4.870
279.268	164.982	4.988
280.268	164.999	4.989
281.268	165.049	4.989
282.268	165.076	4.988
283.268	165.021	4.988
284.268	164.993	4.988
285.268	165.030	4.988
286.268	165.011	4.988
287.268	164.996	4.989
288.268	164.975	4.988
289.268	164.988	4.988
290.268	165.019	4.988
291.268	165.122	4.987
292.268	165.036	4.988
293.268	165.056	4.989
294.268	165.085	4.988
295.268	165.139	4.987
296.268	165.145	4.986
297.268	165.122	4.988
298.268	165.155	4.988
299.268	165.141	4.989
300.268	165.169	4.988
301.268	165.149	4.988
302.268	165.160	4.988
303.268	165.131	4.988
304.268	165.189	4.988
305.268	165.194	4.989
306.268	165.188	4.989
307.268	165.103	4.987
308.268	165.138	4.988
309.268	165.159	4.988
310.268	165.087	4.989
311.268	165.121	4.988
312.268	165.143	4.988
313.268	165.137	4.988
314.268	165.118	4.989
315.268	165.272	4.988
316.268	165.248	4.988
317.268	165.275	4.989
318.268	165.317	4.988
319.268	165.391	4.988
320.268	165.383	4.987
321.268	165.413	4.987
322.268	165.361	4.988
323.268	165.158	4.988
324.268	165.193	4.988
325.268	165.298	4.987
326.268	165.267	4.987
327.268	165.282	4.988
328.268	165.268	4.989
329.268	172.623	5.016
330.268	180.933	5.438
331.268	189.689	5.706
332.268	196.547	6.028
333.268	196.625	6.111
334.268	196.633	6.111
335.268	196.601	6.111
336.268	196.626	6.112
337.268	196.654	6.111
338.268	196.633	6.110
339.268	196.644	6.110
340.268	196.650	6.112
341.268	196.640	6.111
342.268	196.596	6.111
343.268	196.606	6.111
344.268	196.596	6.111
345.268	196.622	6.110
346.268	196.625	6.110
347.268	196.604	6.112
348.268	196.645	6.112
349.268	196.628	6.112
350.268	196.654	6.111
351.268	196.678	6.110
352.268	196.655	6.111
353.268	196.697	6.111
354.268	196.689	6.111
355.268	196.677	6.111
356.268	196.640	6.108
357.268	196.653	6.109
358.268	196.653	6.110
359.268	196.659	6.110
360.268	196.669	6.111
361.268	196.682	6.110
362.268	196.746	6.109
363.268	196.733	6.109
364.268	196.766	6.110
365.268	196.762	6.110
366.268	196.757	6.110
367.268	196.776	6.109
368.268	196.725	6.108
369.268	196.668	6.109
370.268	196.633	6.109
371.268	196.649	6.110
372.268	196.653	6.110
373.268	196.644	6.108
374.268	196.686	6.108
375.268	196.688	6.109
376.268	196.841	6.109
377.268	196.850	6.110
378.268	196.846	6.110
379.268	196.789	6.108
380.268	196.765	6.109
381.268	196.800	6.108
382.268	196.790	6.108
383.268	196.767	6.108
384.268	196.605	6.108
385.268	196.594	6.109
386.268	196.566	6.109
387.268	196.541	6.108
388.268	196.538	6.108
389.268	196.676	6.109
390.268	196.697	6.109
391.268	196.669	6.108
392.268	196.697	6.107
393.268	196.738	6.107
394.268	196.855	6.107
395.268	209.297	6.363
396.268	215.337	6.665
397.268	220.777	6.867
398.268	224.318	7.025
399.268	227.796	7.180
400.268	227.809	7.235
401.268	227.751	7.236
402.268	227.775	7.236
403.268	227.793	7.237
404.268	227.794	7.236
405.268	227.770	7.236
406.268	227.784	7.236
407.268	227.802	7.236
408.268	227.892	7.236
409.268	227.875	7.236
410.268	227.899	7.236
411.268	227.916	7.235
412.268	227.903	7.235
413.268	227.893	7.236
414.268	227.874	7.235
415.268	227.841	7.236
416.268	227.814	7.235
417.268	227.850	7.234
418.268	227.786	7.235
419.268	227.779	7.235
420.268	227.796	7.235
421.268	227.801	7.235
422.268	227.787	7.234
423.268	227.740	7.234
424.268	227.822	7.235
425.268	227.859	7.234
426.268	227.856	7.235
427.268	227.849	7.234
428.268	227.848	7.235
429.268	227.857	7.234
430.268	227.845	7.234
431.268	227.898	7.233
432.268	227.923	7.234
433.268	227.910	7.234
434.268	227.925	7.234
435.268	227.868	7.233
436.268	227.844	7.233
437.268	227.848	7.232
438.268	227.864	7.235
439.268	227.830	7.233
440.268	227.830	7.234
441.268	227.772	7.233
442.268	227.783	7.233
443.268	227.777	7.233
444.268	227.772	7.233
445.268	227.791	7.233
446.268	227.763	7.233
447.268	227.799	7.232
448.268	235.318	7.301
449.268	244.780	7.653
450.268	250.189	7.934
451.268	257.564	8.115
452.268	263.967	8.446
453.268	264.132	8.551
454.268	264.107	8.552
455.268	264.122	8.551
456.268	264.106	8.552
457.268	264.061	8.552
458.268	264.045	8.552
459.268	264.040	8.551
460.268	264.019	8.552
461.268	264.032	8.551
462.268	264.064	8.552
463.268	264.088	8.551
464.268	264.088	8.551
465.268	264.120	8.551
466.268	264.174	8.551
467.268	264.254	8.551
468.268	264.300	8.551
469.268	264.302	8.551
470.268	264.342	8.551
471.268	264.432	8.550
472.268	264.285	8.551
473.268	264.228	8.550
474.268	264.183	8.550
475.268	264.165	8.550
476.268	264.195	8.551
477.268	264.211	8.549
478.268	264.176	8.549
479.268	264.164	8.549
480.268	264.133	8.549
481.268	264.130	8.550
482.268	264.136	8.550
483.268	264.086	8.549
484.268	264.081	8.550
485.268	264.034	8.549
486.268	264.018	8.550
487.268	263.985	8.550
488.268	263.984	8.550
489.268	263.969	8.549
490.268	263.928	8.548
491.268	263.986	8.549
492.268	263.977	8.549
493.268	263.954	8.550
494.268	263.945	8.550
495.268	263.935	8.550
496.268	264.011	8.548
497.268	263.995	8.548
498.268	263.927	8.549
499.268	263.945	8.550
500.268	263.927	8.550
501.268	263.903	8.549
502.268	263.893	8.548
503.268	263.909	8.549
504.268	263.919	8.549
505.268	263.883	8.549
506.268	263.850	8.549
507.268	263.815	8.549
508.268	265.799	8.549
509.268	275.229	8.815
510.268	283.290	9.109
511.268	290.518	9.408
512.268	294.563	9.641
513.268	294.535	9.678
514.268	294.521	9.678
515.268	294.485	9.679
516.268	294.556	9.679
517.268	294.533	9.679
518.268	294.558	9.679
519.268	294.565	9.678
520.268	294.571	9.679
521.268	294.579	9.678
522.268	294.641	9.678
523.268	294.666	9.679
524.268	294.600	9.679
525.268	294.532	9.678
526.268	294.596	9.677
527.268	294.569	9.678
528.268	294.577	9.678
529.268	294.470	9.676
530.268	294.431	9.678
531.268	294.465	9.677
532.268	294.590	9.678
533.268	294.625	9.677
534.268	294.628	9.677
535.268	294.663	9.678
536.268	294.637	9.677
537.268	294.674	9.676
538.268	294.609	9.676
539.268	294.606	9.677
540.268	294.673	9.676
541.268	294.696	9.677
542.268	294.692	9.677
543.268	294.706	9.676
544.268	294.699	9.676
545.268	294.692	9.676
546.268	294.734	9.676
547.268	294.717	9.676
548.268	294.766	9.676
549.268	294.704	9.676
550.268	294.683	9.675
551.268	294.624	9.675
552.268	294.634	9.675
553.268	294.670	9.676
554.268	294.698	9.676
555.268	294.674	9.675
556.268	294.659	9.675
557.268	294.621	9.675
558.268	294.617	9.675
559.268	294.613	9.675
560.268	294.605	9.676
561.268	294.611	9.674
562.268	294.575	9.675
563.268	294.592	9.675
564.268	294.551	9.675
565.268	294.549	9.674
566.268	294.545	9.675
567.268	294.615	9.674
568.268	294.643	9.674
569.268	294.626	9.674
570.268	294.690	9.673
571.268	294.766	9.674
572.268	304.229	9.810
573.268	311.151	10.164
574.268	316.981	10.380
575.268	321.554	10.584
576.268	324.719	10.720
577.268	327.265	10.844
578.268	327.273	10.876
579.268	327.262	10.875
580.268	327.298	10.875
581.268	327.282	10.876
582.268	327.216	10.876
583.268	327.204	10.876
584.268	327.201	10.875
585.268	327.209	10.874
586.268	327.219	10.875
587.268	327.221	10.874
588.268	327.242	10.875
589.268	327.258	10.875
590.268	327.261	10.874
591.268	327.289	10.875
592.268	327.275	10.873
593.268	327.273	10.875
594.268	327.269	10.874
595.268	327.273	10.874
596.268	327.285	10.873
597.268	327.299	10.873
598.268	327.312	10.873
599.268	327.299	10.873
600.268	327.388	10.874
601.268	327.370	10.873
602.268	327.358	10.873
603.268	327.342	10.872
604.268	327.351	10.872
605.268	327.329	10.872
606.268	327.339	10.873
607.268	327.355	10.872
608.268	327.326	10.871
609.268	327.330	10.872
610.268	327.285	10.872
611.268	327.291	10.872
612.268	327.274	10.873
613.268	327.277	10.873
614.268	327.246	10.872
615.268	327.287	10.871
616.268	327.290	10.871
617.268	327.295	10.871
618.268	327.262	10.871
619.268	327.284	10.871
620.268	327.293	10.871
621.268	327.295	10.870
622.268	327.271	10.870
623.268	327.267	10.870
624.268	327.293	10.871
625.268	327.290	10.870
626.268	327.230	10.870
627.268	327.229	10.869
628.268	327.226	10.869
629.268	327.207	10.869
630.268	327.164	10.869
631.268	327.149	10.871
632.268	327.163	10.869
633.268	327.144	10.869
634.268	327.180	10.869
635.268	327.195	10.869
636.268	327.231	10.869
637.268	327.143	10.870
638.268	327.128	10.869
639.268	327.178	10.868
640.268	327.159	10.868
641.268	327.165	10.868
642.268	327.121	10.870
643.268	327.116	10.870
644.268	327.100	10.870
645.268	327.097	10.868
646.268	327.111	10.868
647.268	327.171	10.868
648.268	328.326	10.868
649.268	340.789	11.166
650.268	348.987	11.550
651.268	356.542	11.815
652.268	360.535	12.067
653.268	360.439	12.105
654.268	360.413	12.105
655.268	360.400	12.106
656.268	360.378	12.106
657.268	360.391	12.105
658.268	360.389	12.105
659.268	360.399	12.105
660.268	360.417	12.106
661.268	360.411	12.105
662.268	360.399	12.105
663.268	360.380	12.105
664.268	360.369	12.104
665.268	360.381	12.103
666.268	360.396	12.104
667.268	360.373	12.104
668.268	360.330	12.104
669.268	360.328	12.104
670.268	360.329	12.103
671.268	360.368	12.104
672.268	360.372	12.104
673.268	360.383	12.104
674.268	360.343	12.104
675.268	360.340	12.103
676.268	360.354	12.103
677.268	360.338	12.103
678.268	360.322	12.102
679.268	360.346	12.103
680.268	360.326	12.102
681.268	360.300	12.102
682.268	360.279	12.102
683.268	360.293	12.102
684.268	360.310	12.103
685.268	360.258	12.103
686.268	360.261	12.102
687.268	360.290	12.102
688.268	360.306	12.102
689.268	360.364	12.102
690.268	360.343	12.102
691.268	360.309	12.101
692.268	360.305	12.102
693.268	360.273	12.102
694.268	360.238	12.102
695.268	360.255	12.101
696.268	360.289	12.100
697.268	360.295	12.101
698.268	360.319	12.100
699.268	360.285	12.101
700.268	360.473	12.101
701.268	360.434	12.100
702.268	362.021	12.099
703.268	373.510	12.422
704.268	380.426	12.708
705.268	387.174	13.001
706.268	391.855	13.210
707.268	395.132	13.345
708.268	395.186	13.402
709.268	395.176	13.401
710.268	395.154	13.401
711.268	395.111	13.400
712.268	395.154	13.400
713.268	395.108	13.400
714.268	395.091	13.400
715.268	395.061	13.398
716.268	395.037	13.399
717.268	395.040	13.400
718.268	395.015	13.400
719.268	395.009	13.399
720.268	394.995	13.398
721.268	395.012	13.397
722.268	394.982	13.396
723.268	394.955	13.399
724.268	394.970	13.398
725.268	394.930	13.399
726.268	394.947	13.398
727.268	394.932	13.397
728.268	394.964	13.397
729.268	395.017	13.398
730.268	395.011	13.396
731.268	394.996	13.398
732.268	394.979	13.397
733.268	395.010	13.396
734.268	395.000	13.396
735.268	394.995	13.396
736.268	395.020	13.397
737.268	394.993	13.397
738.268	394.981	13.395
739.268	394.957	13.396
740.268	394.943	13.396
741.268	394.934	13.396
742.268	394.908	13.395
743.268	394.926	13.395
744.268	394.903	13.394
745.268	394.935	13.394
746.268	394.935	13.393
747.268	394.907	13.394
748.268	394.892	13.394
749.268	394.930	13.394
750.268	394.921	13.393
751.268	394.891	13.394
752.268	394.887	13.394
753.268	394.836	13.394
754.268	394.773	13.394
755.268	394.763	13.395
756.268	394.756	13.394
757.268	396.279	13.394
758.268	404.924	13.620
759.268	412.041	13.896
760.268	415.964	14.109
761.268	420.207	14.278
762.268	424.460	14.447
763.268	425.635	14.548
764.268	425.602	14.552
765.268	425.631	14.552
766.268	425.679	14.552
767.268	425.646	14.552
768.268	425.664	14.552
769.268	425.713	14.551
770.268	425.697	14.551
771.268	425.601	14.550
772.268	425.546	14.552
773.268	425.534	14.550
774.268	425.491	14.551
775.268	425.465	14.550
776.268	425.503	14.550
777.268	425.577	14.549
778.268	425.552	14.550
779.268	425.497	14.549
780.268	425.474	14.550
781.268	425.464	14.548
782.268	425.533	14.548
783.268	425.592	14.548
784.268	425.631	14.549
785.268	425.697	14.550
786.268	425.686	14.548
787.268	425.638	14.548
788.268	425.643	14.547
789.268	425.637	14.548
790.268	425.709	14.549
791.268	425.773	14.547
792.268	425.825	14.548
793.268	425.817	14.547
794.268	425.776	14.546
795.268	425.769	14.546
796.268	425.789	14.547
797.268	425.803	14.547
798.268	425.838	14.546
799.268	425.889	14.546
800.268	425.899	14.545
801.268	425.892	14.545
802.268	425.909	14.545
803.268	425.870	14.545
804.268	425.833	14.545
805.268	425.840	14.544
806.268	425.807	14.543
807.268	425.774	14.544
808.268	425.798	14.544
809.268	425.757	14.544
810.268	429.560	14.543
811.268	440.783	14.943
812.268	448.337	15.246
813.268	454.187	15.517
814.268	457.699	15.670
815.268	457.767	15.743
816.268	457.739	15.742
817.268	457.717	15.741
818.268	457.691	15.740
819.268	457.629	15.740
820.268	457.624	15.741
821.268	457.626	15.740
822.268	457.620	15.740
823.271	457.630	15.738
824.268	457.620	15.739
825.268	457.591	15.738
826.268	457.535	15.738
827.268	457.515	15.740
828.268	457.526	15.738
829.268	457.549	15.737
830.268	457.586	15.738
831.268	457.497	15.738
832.268	457.493	15.738
833.268	457.519	15.737
834.268	457.466	15.737
835.268	457.431	15.736
836.268	457.409	15.737
837.268	457.424	15.736
838.268	457.397	15.737
839.268	457.374	15.736
840.268	457.334	15.737
841.268	457.316	15.735
842.268	457.274	15.735
843.268	457.263	15.736
844.268	457.182	15.735
845.268	457.144	15.736
846.268	457.169	15.735
847.268	457.151	15.735
848.268	457.125	15.734
849.268	457.069	15.735
850.268	457.046	15.734
851.268	457.054	15.734
852.268	457.067	15.734
853.268	457.044	15.732
854.268	457.070	15.733
855.268	457.084	15.732
856.268	457.058	15.733
857.268	457.047	15.733
858.268	457.028	15.733
859.268	457.002	15.731
860.268	457.064	15.731
861.268	457.104	15.731
862.268	457.070	15.732
863.268	457.072	15.731
864.268	457.091	15.731
865.268	457.087	15.730
866.268	457.099	15.730
867.268	457.124	15.730
868.268	457.154	15.730
869.268	459.518	15.730
870.268	474.598	16.080
871.268	481.937	16.504
872.268	490.052	16.818
873.268	491.677	17.030
874.268	491.702	17.031
875.268	491.695	17.030
876.268	491.641	17.030
877.268	491.613	17.029
878.268	491.773	17.028
879.268	491.744	17.028
880.268	491.745	17.027
881.268	491.757	17.029
882.268	491.714	17.028
883.268	491.582	17.026
884.268	491.586	17.027
885.268	491.653	17.026
886.268	491.660	17.027
887.268	491.662	17.026
888.268	491.586	17.026
889.268	491.536	17.025
890.268	491.560	17.025
891.268	491.474	17.024
892.268	491.453	17.025
893.268	491.459	17.024
894.268	491.405	17.025
895.268	491.380	17.024
896.268	491.351	17.023
897.268	491.365	17.023
898.268	491.343	17.022
899.268	491.370	17.024
900.268	491.340	17.023
901.268	491.324	17.021
902.268	491.303	17.022
903.268	491.302	17.021
904.268	491.305	17.021
905.268	491.293	17.021
906.268	491.285	17.022
907.268	491.269	17.020
908.268	491.196	17.020
909.268	491.226	17.019
910.268	491.287	17.019
911.268	491.273	17.019
912.268	491.260	17.019
913.268	491.225	17.018
914.268	491.220	17.018
915.268	491.196	17.017
916.268	491.168	17.018
917.268	491.160	17.018
918.268	491.166	17.018
919.268	491.127	17.017
920.268	491.121	17.017
921.268	491.131	17.016
922.268	491.152	17.016
923.268	491.153	17.017
924.268	491.166	17.017
925.268	491.134	17.017
926.268	491.076	17.016
927.268	491.092	17.014
928.268	491.086	17.015
929.268	491.066	17.015
930.268	491.038	17.015
931.268	490.985	17.015
932.268	491.026	17.012
933.268	491.031	17.013
934.268	491.068	17.012
935.268	495.900	17.019
936.268	510.169	17.529
937.268	517.580	17.882
938.268	524.136	18.145
939.268	525.080	18.299
940.268	525.074	18.300
941.268	525.176	18.300
942.268	525.231	18.300
943.268	525.243	18.300
944.268	525.259	18.299
945.268	525.172	18.298
946.268	525.145	18.297
947.268	525.098	18.299
948.268	525.053	18.298
949.268	525.075	18.297
950.268	525.085	18.297
951.268	525.084	18.297
952.268	525.072	18.296
953.268	525.080	18.297
954.268	525.058	18.296
955.268	525.089	18.295
956.268	525.049	18.294
957.268	525.067	18.293
958.268	525.073	18.294
959.268	525.031	18.295
960.268	524.829	18.295
961.268	524.819	18.294
962.268	524.801	18.292
963.268	524.794	18.292
964.268	524.796	18.292
965.268	524.785	18.293
966.268	524.792	18.292
967.268	524.808	18.292
968.268	524.804	18.291
969.268	524.755	18.291
970.268	524.722	18.291
971.268	524.734	18.290
972.268	524.712	18.290
973.268	524.728	18.290
974.268	524.746	18.288
975.268	524.726	18.288
976.268	524.714	18.289
977.268	524.626	18.289
978.268	524.646	18.289
979.268	524.633	18.288
980.268	524.649	18.287
981.268	524.614	18.287
982.268	524.573	18.286
983.268	524.584	18.286
984.268	524.540	18.285
985.268	524.569	18.286
986.268	524.545	18.285
987.268	524.640	18.286
988.268	524.622	18.286
989.268	535.092	18.336
990.268	543.345	18.814
991.268	551.232	19.144
992.268	554.752	19.380
993.268	555.283	19.444
994.268	555.224	19.443
995.268	555.234	19.444
996.268	555.279	19.443
997.268	555.262	19.442
998.268	555.210	19.442
999.268	555.214	19.441
1000.268	555.200	19.440
1001.268	555.144	19.441
1002.268	555.104	19.441
1003.268	555.134	19.440
1004.268	555.102	19.439
1005.268	555.100	19.439
1006.268	555.096	19.438
1007.268	555.151	19.439
1008.268	555.122	19.439
1009.268	555.141	19.438
1010.268	555.111	19.437
1011.268	555.021	19.436
1012.268	555.040	19.437
1013.268	555.082	19.436
1014.268	555.054	19.436
1015.268	555.038	19.436
1016.268	555.057	19.435
1017.268	555.035	19.434
1018.268	555.014	19.432
1019.268	554.995	19.434
1020.268	554.999	19.433
1021.268	554.961	19.433
1022.268	555.004	19.432
1023.268	554.990	19.431
1024.268	554.969	19.431
1025.268	555.025	19.432
1026.268	554.974	19.431
1027.268	554.992	19.431
1028.268	554.942	19.430
1029.268	554.877	19.429
1030.268	554.822	19.428
1031.268	554.837	19.428
1032.268	554.826	19.428
1033.268	554.866	19.428
1034.268	554.906	19.428
1035.268	554.902	19.428
1036.268	554.851	19.427
1037.268	554.786	19.427
1038.268	554.788	19.426
1039.268	554.804	19.426
1040.268	554.805	19.426
1041.268	554.779	19.424
1042.268	554.775	19.425
1043.268	554.767	19.424
1044.268	554.769	19.425
1045.268	554.754	19.424
1046.268	558.780	19.424
1047.268	569.396	19.782
1048.268	578.852	20.170
1049.268	584.470	20.457
1050.268	585.766	20.603
1051.268	585.763	20.607
1052.268	585.777	20.605
1053.268	585.823	20.604
1054.268	585.799	20.604
1055.268	585.747	20.604
1056.268	585.768	20.604
1057.268	585.716	20.604
1058.268	585.638	20.603
1059.268	585.633	20.603
1060.268	585.649	20.602
1061.268	585.724	20.601
1062.268	585.676	20.602
1063.268	585.668	20.601
1064.268	585.634	20.600
1065.268	585.659	20.599
1066.268	585.616	20.599
1067.268	585.630	20.599
1068.268	585.629	20.599
1069.268	585.685	20.600
1070.268	585.670	20.598
1071.268	585.730	20.597
1072.268	585.738	20.597
1073.268	585.744	20.596
1074.268	585.696	20.595
1075.268	585.670	20.596
1076.268	585.672	20.596
1077.268	585.634	20.595
1078.268	585.647	20.594
1079.268	585.471	20.594
1080.268	585.511	20.595
1081.268	585.482	20.595
1082.268	585.468	20.593
1083.268	585.445	20.592
1084.268	585.437	20.592
1085.268	585.385	20.592
1086.268	585.336	20.592
1087.268	585.304	20.591
1088.268	585.369	20.592
1089.268	585.334	20.591
1090.268	585.368	20.590
1091.268	585.359	20.590
1092.268	585.325	20.589
1093.268	585.330	20.589
1094.268	585.314	20.588
1095.268	585.292	20.587
1096.268	585.277	20.586
1097.268	585.231	20.587
1098.268	585.209	20.587
1099.268	585.357	20.587
1100.268	594.033	20.691
1101.268	603.454	21.134
1102.268	609.593	21.423
1103.268	610.324	21.530
1104.268	610.342	21.537
1105.268	614.367	21.538
1106.268	618.793	21.758
1107.268	621.648	21.946
1108.268	621.647	21.966
1109.268	621.650	21.966
1110.268	621.696	21.968
1111.268	621.667	21.967
1112.268	621.607	21.966
1113.268	621.593	21.965
1114.268	621.542	21.964
1115.268	621.526	21.964
1116.268	621.496	21.965
1117.268	621.496	21.963
1118.268	621.491	21.962
1119.268	621.510	21.961
1120.268	621.504	21.960
1121.268	621.553	21.959
1122.268	621.561	21.960
1123.268	621.483	21.959
1124.268	621.426	21.958
1125.268	621.415	21.957
1126.268	621.364	21.957
1127.268	621.331	21.956
1128.268	621.276	21.955
1129.268	621.275	21.956
1130.268	621.329	21.955
1131.268	621.299	21.953
1132.268	621.237	21.953
1133.268	621.226	21.952
1134.268	621.241	21.952
1135.268	621.213	21.951
1136.268	621.191	21.951
1137.268	621.248	21.950
1138.268	621.222	21.950
1139.268	621.187	21.949
1140.268	621.206	21.949
1141.268	621.165	21.948
1142.268	621.129	21.948
1143.268	621.074	21.947
1144.268	621.047	21.947
1145.268	621.050	21.947
1146.268	621.028	21.946
1147.268	621.030	21.946
1148.268	621.020	21.946
1149.268	621.029	21.945
1150.268	621.047	21.944
1151.268	621.040	21.942
1152.268	621.044	21.944
1153.268	620.986	21.943
1154.268	620.987	21.943
1155.268	620.912	21.942
1156.268	620.911	21.941
1157.268	631.523	21.998
1158.268	639.050	22.569
1159.268	652.941	22.655
1160.268	655.719	23.264
1161.268	655.697	23.265
1162.268	655.741	23.263
1163.268	655.770	23.263
1164.268	655.788	23.262
1165.268	655.750	23.262
1166.268	655.712	23.262
1167.268	655.712	23.261
1168.268	655.642	23.260
1169.268	655.611	23.260
1170.268	655.581	23.258
1171.268	655.596	23.259
1172.268	655.583	23.257
1173.268	655.525	23.257
1174.268	655.506	23.255
1175.268	655.530	23.255
1176.268	655.557	23.255
1177.268	655.507	23.255
1178.268	655.545	23.254
1179.268	655.517	23.254
1180.268	655.485	23.253
1181.268	655.528	23.252
1182.268	655.513	23.253
1183.268	655.534	23.251
1184.268	655.495	23.251
1185.268	655.476	23.252
1186.269	655.400	23.250
1187.268	655.370	23.249
1188.268	655.369	23.249
1189.268	655.402	23.250
1190.268	655.434	23.249
1191.268	655.440	23.246
1192.268	655.426	23.246
1193.268	655.416	23.245
1194.268	655.400	23.246
1195.268	655.280	23.246
1196.268	655.234	23.246
1197.268	655.175	23.244
1198.268	655.094	23.243
1199.268	655.114	23.241
1200.268	655.102	23.242
1201.268	655.117	23.242
1202.268	655.066	23.240
1203.268	654.999	23.239
1204.268	655.005	23.239
1205.268	654.939	23.239
1206.268	654.963	23.238
1207.268	655.003	23.238
1208.268	655.000	23.237
1209.268	654.949	23.237
1210.268	655.023	23.235
1211.268	654.998	23.233
1212.268	654.999	23.234
1213.268	654.938	23.235
1214.268	654.837	23.233
1215.268	654.767	23.233
1216.268	654.786	23.231
1217.268	654.716	23.231
1218.268	662.844	23.295
1219.268	672.172	23.706
1220.268	680.349	24.050
1221.268	681.664	24.251
1222.268	681.693	24.255
1223.268	681.735	24.253
1224.268	681.721	24.252
1225.268	681.723	24.253
1226.268	681.654	24.251
1227.268	681.696	24.251
1228.268	681.650	24.249
1229.268	681.590	24.249
1230.268	681.598	24.248
1231.268	681.578	24.247
1232.268	681.534	24.248
1233.268	681.535	24.247
1234.268	681.492	24.246
1235.268	681.489	24.245
1236.268	681.458	24.245
1237.268	681.447	24.245
1238.268	681.405	24.245
1239.268	681.426	24.244
1240.268	681.402	24.242
1241.268	681.433	24.241
1242.268	681.393	24.241
1243.268	681.320	24.241
1244.268	681.268	24.241
1245.268	681.261	24.240
1246.268	681.265	24.239
1247.268	681.222	24.238
1248.268	681.112	24.237
1249.268	681.103	24.239
1250.268	681.062	24.237
1251.268	680.994	24.236
1252.268	681.035	24.235
1253.268	681.003	24.235
1254.268	681.001	24.234
1255.268	680.956	24.235
1256.268	680.979	24.234
1257.268	681.013	24.233
1258.268	680.969	24.232
1259.268	680.958	24.231
1260.268	680.966	24.231
1261.268	680.935	24.230
1262.268	680.917	24.230
1263.268	680.880	24.228
1264.268	680.877	24.229
1265.268	680.922	24.227
1266.268	680.872	24.226
1267.268	680.905	24.226
1268.268	680.916	24.225
1269.268	680.925	24.225
1270.268	680.864	24.225
1271.268	680.854	24.224
1272.268	680.859	24.222
1273.268	680.852	24.222
1274.268	680.773	24.223
1275.268	680.797	24.222
1276.268	680.785	24.220
1277.268	680.821	24.221
1278.268	680.793	24.219
1279.268	680.847	24.220
1280.268	680.812	24.218
1281.268	680.785	24.219
1282.268	684.674	24.219
1283.268	692.797	24.520
1284.268	698.943	24.799
1285.268	703.035	24.978
1286.268	708.016	25.134
1287.268	712.150	25.323
1288.268	713.519	25.451
1289.268	713.494	25.459
1290.268	713.398	25.457
1291.268	713.392	25.458
1292.268	713.345	25.456
1293.268	713.350	25.456
1294.268	713.327	25.456
1295.268	713.324	25.455
1296.268	713.289	25.453
1297.268	713.282	25.453
1298.268	713.201	25.453
1299.268	713.186	25.452
1300.268	713.207	25.451
1301.268	713.208	25.451
1302.268	713.102	25.450
1303.268	713.053	25.450
1304.269	713.168	25.449
1305.268	713.160	25.448
1306.268	713.100	25.448
1307.268	713.054	25.446
1308.268	712.891	25.446
1309.268	712.864	25.445
1310.268	712.847	25.444
1311.268	712.827	25.444
1312.268	712.796	25.444
1313.268	712.792	25.442
1314.268	712.756	25.441
1315.268	712.756	25.441
1316.268	712.743	25.441
1317.268	712.713	25.441
1318.268	712.744	25.439
1319.268	712.717	25.438
1320.268	712.728	25.437
1321.268	712.768	25.436
1322.268	712.741	25.437
1323.268	712.681	25.437
1324.268	712.691	25.435
1325.268	712.676	25.434
1326.268	712.656	25.434
1327.268	712.553	25.432
1328.268	712.545	25.433
1329.268	712.496	25.432
1330.268	712.515	25.431
1331.268	712.516	25.431
1332.268	712.532	25.430
1333.268	712.590	25.428
1334.268	712.599	25.429
1335.268	712.576	25.428
1336.268	712.637	25.428
1337.268	712.586	25.426
1338.268	712.563	25.425
1339.268	712.544	25.424
1340.268	712.552	25.424
1341.268	712.515	25.425
1342.268	712.489	25.424
1343.268	712.490	25.423
1344.268	712.501	25.422
1345.268	717.080	25.425
1346.268	728.554	25.824
1347.268	737.548	26.227
1348.268	742.893	26.493
1349.268	743.820	26.612
1350.268	743.784	26.614
1351.268	743.759	26.614
1352.268	743.701	26.613
1353.268	743.672	26.613
1354.268	743.594	26.611
1355.268	743.590	26.611
1356.268	743.530	26.610
1357.268	743.546	26.608
1358.268	743.510	26.608
1359.268	743.537	26.608
1360.268	743.502	26.607
1361.268	743.449	26.606
1362.268	743.417	26.605
1363.268	743.389	26.604
1364.268	743.353	26.603
1365.268	743.275	26.603
1366.268	743.277	26.603
1367.268	743.253	26.601
1368.268	743.207	26.600
1369.268	743.371	26.599
1370.268	743.381	26.599
1371.268	743.356	26.599
1372.268	743.447	26.598
1373.268	743.429	26.596
1374.268	743.388	26.595
1375.268	743.387	26.595
1376.268	743.411	26.595
1377.268	743.360	26.594
1378.268	743.324	26.593
1379.268	743.181	26.592
1380.268	743.171	26.591
1381.268	743.178	26.591
1382.268	743.167	26.590
1383.268	743.160	26.590
1384.268	743.143	26.589
1385.268	743.062	26.588
1386.268	743.035	26.587
1387.268	743.053	26.585
1388.268	743.081	26.586
1389.268	743.029	26.585
1390.268	743.005	26.584
1391.268	743.045	26.584
1392.268	742.979	26.582
1393.268	742.906	26.583
1394.268	742.906	26.581
1395.268	742.842	26.581
1396.268	742.776	26.581
1397.268	742.727	26.579
1398.268	742.698	26.578
1399.268	742.735	26.577
1400.268	743.033	26.575
1401.268	751.500	26.732
1402.268	759.770	27.080
1403.268	767.513	27.364
1404.268	773.183	27.643
1405.268	774.237	27.774
1406.268	774.167	27.775
1407.268	774.135	27.776
1408.268	774.144	27.775
1409.268	774.106	27.774
1410.268	774.080	27.772
1411.268	774.037	27.771
1412.268	773.997	27.770
1413.268	773.993	27.770
1414.268	773.947	27.771
1415.268	773.961	27.769
1416.268	773.959	27.767
1417.268	773.918	27.767
1418.268	773.934	27.766
1419.268	773.940	27.766
1420.268	773.922	27.765
1421.268	773.906	27.764
1422.268	773.875	27.763
1423.268	773.836	27.762
1424.268	773.855	27.761
1425.268	773.856	27.760
1426.268	773.852	27.761
1427.268	773.862	27.759
1428.268	773.828	27.758
1429.268	773.835	27.758
1430.268	773.834	27.756
1431.268	773.881	27.756
1432.268	773.873	27.756
1433.268	773.789	27.754
1434.268	773.739	27.753
1435.268	773.814	27.752
1436.268	773.749	27.752
1437.268	773.700	27.751
1438.268	773.702	27.750
1439.268	773.634	27.749
1440.268	773.647	27.750
1441.268	773.576	27.748
1442.268	773.563	27.747
1443.268	773.525	27.747
1444.268	773.568	27.745
1445.268	773.541	27.744
1446.268	773.494	27.744
1447.268	773.419	27.742
1448.268	773.469	27.741
1449.268	773.423	27.742
1450.268	773.340	27.740
1451.268	773.272	27.739
1452.268	773.293	27.739
1453.268	773.298	27.737
1454.268	773.266	27.737
1455.268	773.209	27.736
1456.268	773.203	27.735
1457.268	773.156	27.736
1458.268	773.100	27.734
1459.268	778.058	27.769
1460.268	787.572	28.077
1461.268	795.730	28.423
1462.268	802.810	28.751
1463.268	806.403	28.944
1464.268	806.421	29.001
1465.268	806.372	29.000
1466.268	806.268	28.998
1467.268	806.317	28.996
1468.268	806.287	28.997
1469.268	806.276	28.995
1470.268	806.219	28.994
1471.268	806.212	28.992
1472.268	806.179	28.991
1473.268	806.182	28.991
1474.268	806.156	28.990
1475.268	806.138	28.989
1476.268	806.068	28.989
1477.268	806.047	28.988
1478.268	805.978	28.986
1479.268	805.905	28.985
1480.268	805.891	28.983
1481.268	805.891	28.984
1482.268	805.883	28.985
1483.268	805.848	28.981
1484.268	805.834	28.980
1485.268	805.783	28.979
1486.268	805.747	28.978
1487.268	805.728	28.977
1488.268	805.685	28.978
1489.268	805.669	28.977
1490.268	805.646	28.975
1491.268	805.673	28.974
1492.268	805.644	28.973
1493.268	805.607	28.973
1494.268	805.594	28.972
1495.268	805.609	28.971
1496.268	805.617	28.970
1497.268	805.605	28.969
1498.268	805.570	28.967
1499.268	805.567	28.968
1500.268	805.538	28.967
1501.268	805.509	28.965
1502.268	805.489	28.965
1503.268	805.520	28.963
1504.268	805.542	28.964
1505.268	805.501	28.963
1506.268	805.453	28.961
1507.268	805.363	28.962
1508.268	805.295	28.959
1509.268	805.314	28.958
1510.268	805.321	28.958
1511.268	805.306	28.958
1512.268	805.285	28.957
1513.268	805.319	28.956
1514.268	805.210	28.955
1515.268	805.254	28.954
1516.268	805.245	28.953
1517.268	805.279	28.953
1518.268	805.295	28.952
1519.268	805.293	28.951
1520.268	805.238	28.950
1521.268	805.244	28.948
1522.268	805.239	28.948
1523.272	805.242	28.948
1524.268	805.293	28.947
1525.268	805.307	28.947
1526.268	805.185	28.946
1527.268	806.241	28.946
1528.268	816.105	29.179
1529.268	823.020	29.486
1530.268	829.621	29.745
1531.268	833.955	29.977
1532.268	835.493	30.100
1533.268	835.738	30.140
1534.268	835.656	30.120
1535.268	838.944	30.140
1536.268	841.857	30.300
1537.268	843.057	30.390
1538.268	843.039	30.400
1539.268	843.072	30.390
1540.268	843.039	30.390
1541.268	843.020	30.390
1542.268	842.978	30.390
1543.268	842.945	30.390
1544.268	842.984	30.390
1545.268	842.932	30.380
1546.268	842.869	30.390
1547.268	842.867	30.380
1548.268	842.755	30.380
1549.268	842.711	30.380
1550.268	842.675	30.380
1551.268	842.693	30.380
1552.268	842.664	30.380
1553.268	842.617	30.380
1554.268	842.597	30.380
1555.268	842.622	30.380
1556.268	842.650	30.380
1557.268	842.678	30.370
1558.268	842.616	30.370
1559.268	842.646	30.370
1560.268	842.619	30.370
1561.268	842.648	30.370
1562.268	842.573	30.370
1563.268	842.572	30.370
1564.268	842.532	30.370
1565.268	842.511	30.370
1566.268	842.518	30.370
1567.268	842.469	30.370
1568.268	842.412	30.360
1569.268	842.420	30.360
1570.268	842.288	30.360
1571.268	842.260	30.360
1572.268	842.144	30.360
1573.268	842.162	30.360
1574.268	842.141	30.360
1575.268	842.147	30.360
1576.268	842.092	30.350
1577.268	842.044	30.360
1578.268	841.997	30.350
1579.268	841.919	30.350
1580.268	841.842	30.350
1581.268	841.794	30.350
1582.268	841.823	30.350
1583.268	841.788	30.350
1584.268	841.788	30.350
1585.268	841.750	30.350
1586.268	841.659	30.350
1587.268	841.627	30.350
1588.268	841.604	30.340
1589.268	841.589	30.340
1590.268	841.581	30.340
1591.268	841.628	30.340
1592.268	841.608	30.340
1593.268	844.661	30.340
1594.268	852.611	30.610
1595.268	857.366	30.840
1596.268	862.079	31.030
1597.268	866.232	31.210
1598.268	867.223	31.310
1599.268	867.229	31.310
1600.268	867.141	31.310
1601.268	867.078	31.310
1602.268	866.980	31.310
1603.268	867.037	31.310
1604.268	867.002	31.310
1605.268	867.010	31.310
1606.268	866.939	31.300
1607.268	866.944	31.300
1608.268	866.949	31.300
1609.268	866.972	31.300
1610.268	866.965	31.300
1611.268	866.962	31.300
1612.268	866.915	31.300
1613.268	866.898	31.300
1614.268	866.906	31.300
1615.268	866.905	31.290
1616.268	866.842	31.290
1617.268	866.862	31.290
1618.268	866.843	31.290
1619.268	866.818	31.290
1620.268	866.799	31.290
1621.268	866.777	31.290
1622.268	866.736	31.290
1623.268	866.721	31.290
1624.268	866.658	31.290
1625.268	866.594	31.280
1626.268	866.584	31.280
1627.268	866.529	31.280
1628.268	866.495	31.280
1629.268	866.474	31.280
1630.268	866.409	31.280
1631.268	866.368	31.280
1632.268	866.345	31.280
1633.268	866.285	31.280
1634.268	866.251	31.280
1635.268	866.447	31.270
1636.268	866.408	31.270
1637.268	866.356	31.270
1638.268	866.315	31.270
1639.268	866.317	31.270
1640.268	866.275	31.270
1641.268	866.232	31.270
1642.268	866.206	31.270
1643.268	866.193	31.270
1644.268	866.064	31.270
1645.268	865.968	31.260
1646.268	865.916	31.260
1647.268	865.895	31.260
1648.268	865.857	31.260
1649.268	865.847	31.260
1650.268	865.784	31.260
1651.268	865.773	31.260
1652.268	865.785	31.260
1653.268	865.758	31.260
1654.268	865.728	31.260
1655.268	865.721	31.260
1656.268	865.716	31.260
1657.268	865.700	31.250
1658.268	865.670	31.250
1659.268	865.612	31.250
1660.268	865.551	31.250
1661.268	865.489	31.250
1662.268	865.429	31.250
1663.268	865.380	31.250
1664.268	865.358	31.250
1665.268	865.306	31.250
1666.268	872.074	31.290
1667.268	883.015	31.710
1668.268	889.537	32.050
1669.268	894.689	32.270
1670.268	896.816	32.410
1671.268	898.459	32.510
1672.268	898.367	32.510
1673.268	898.352	32.510
1674.268	898.342	32.510
1675.268	898.279	32.510
1676.268	898.269	32.510
1677.268	898.263	32.500
1678.268	898.252	32.500
1679.268	898.244	32.500
1680.268	898.164	32.500
1681.268	898.156	32.500
1682.268	898.116	32.500
1683.268	898.077	32.500
1684.268	898.073	32.500
1685.268	898.088	32.500
1686.268	898.055	32.500
1687.268	898.049	32.490
1688.268	898.028	32.490
1689.268	898.077	32.490
1690.268	897.963	32.490
1691.268	897.903	32.490
1692.268	897.878	32.490
1693.268	897.900	32.490
1694.268	897.970	32.490
1695.268	897.916	32.490
1696.268	897.871	32.480
1697.268	897.836	32.480
1698.268	897.769	32.480
1699.268	897.727	32.480
1700.268	897.695	32.480
1701.268	897.690	32.480
1702.268	897.684	32.480
1703.268	897.667	32.480
1704.268	897.651	32.480
1705.268	897.649	32.470
1706.268	897.586	32.470
1707.268	897.532	32.470
1708.268	897.479	32.470
1709.268	897.430	32.470
1710.268	897.377	32.470
1711.268	897.370	32.470
1712.268	897.301	32.470
1713.268	897.272	32.470
1714.268	897.183	32.470
1715.268	897.143	32.470
1716.268	897.144	32.460
1717.268	897.136	32.460
1718.268	897.157	32.460
1719.268	897.107	32.460
1720.268	897.079	32.460
1721.268	897.049	32.460
1722.268	897.036	32.460
1723.268	897.002	32.460
1724.268	897.004	32.450
1725.268	896.919	32.450
1726.268	896.934	32.450
1727.268	896.932	32.450
1728.268	896.852	32.450
1729.268	896.875	32.450
1730.268	896.854	32.450
1731.268	897.796	32.450
1732.268	907.834	32.650
1733.268	917.572	33.050
1734.268	925.512	33.410
1735.268	929.215	33.640
1736.268	929.109	33.680
1737.268	929.057	33.680
1738.268	928.956	33.680
1739.268	928.945	33.680
1740.268	928.930	33.670
1741.268	928.892	33.670
1742.268	928.824	33.670
1743.268	928.813	33.670
1744.268	928.813	33.670
1745.268	928.806	33.670
1746.268	928.782	33.670
1747.268	928.715	33.670
1748.268	928.667	33.660
1749.268	928.602	33.660
1750.268	928.573	33.660
1751.268	928.524	33.660
1752.268	928.578	33.660
1753.268	928.557	33.660
1754.268	928.547	33.660
1755.268	928.394	33.650
1756.268	928.343	33.660
1757.268	928.308	33.650
1758.268	928.250	33.660
1759.268	928.224	33.650
1760.268	928.203	33.650
1761.268	928.270	33.650
1762.268	928.201	33.650
1763.268	928.171	33.650
1764.268	928.160	33.650
1765.268	928.222	33.650
1766.268	928.294	33.650
1767.268	928.243	33.640
1768.268	928.189	33.640
1769.268	928.200	33.640
1770.268	928.158	33.640
1771.268	928.144	33.640
1772.268	928.105	33.640
1773.268	928.064	33.640
1774.268	928.030	33.630
1775.268	928.000	33.630
1776.268	927.921	33.630
1777.268	927.924	33.630
1778.268	927.894	33.630
1779.268	927.879	33.630
1780.268	927.843	33.630
1781.268	927.816	33.630
1782.268	927.746	33.630
1783.268	927.731	33.630
1784.268	927.701	33.620
1785.268	927.685	33.620
1786.268	927.707	33.620
1787.268	927.675	33.620
1788.268	927.655	33.620
1789.268	927.640	33.620
1790.268	933.168	33.700
1791.268	940.796	33.980
1792.268	948.673	34.280
1793.268	955.346	34.540
1794.268	958.003	34.720
1795.268	958.264	34.790
1796.268	958.204	34.790
1797.268	958.281	34.780
1798.268	958.214	34.780
1799.268	958.159	34.780
1800.268	958.115	34.780
1801.268	958.084	34.780
1802.268	957.966	34.780
1803.268	955.567	34.710
1804.268	955.522	34.680
1805.268	955.512	34.680
1806.268	955.473	34.680
1807.268	955.480	34.680
1808.268	955.489	34.680
1809.268	955.479	34.690
1810.268	955.466	34.690
1811.268	955.475	34.690
1812.268	955.467	34.690
1813.268	955.487	34.690
1814.268	955.484	34.680
1815.268	955.464	34.680
1816.268	955.464	34.680
1817.268	955.466	34.690
1818.268	955.471	34.690
1819.268	955.477	34.690
1820.268	955.465	34.680
1821.268	955.482	34.680
1822.268	955.473	34.680
1823.268	955.464	34.680
1824.268	955.462	34.680
1825.268	955.472	34.680
1826.268	955.472	34.680
1827.268	955.468	34.680
1828.268	955.484	34.680
1829.268	955.494	34.680
1830.268	955.467	34.680
1831.268	955.477	34.680
1832.268	955.475	34.680
1833.268	955.464	34.680
1834.268	955.456	34.680
1835.268	955.481	34.680
1836.268	955.462	34.680
1837.268	955.459	34.680
1838.268	955.455	34.680
1839.268	955.472	34.680
1840.268	955.482	34.680
1841.268	955.488	34.680
1842.268	955.496	34.680
1843.268	955.490	34.680
1844.268	955.470	34.680
1845.268	955.480	34.680
1846.268	955.460	34.680
1847.268	955.471	34.680
1848.268	955.470	34.680
1849.268	955.470	34.680
1850.268	955.468	34.680
1851.268	955.454	34.680
1852.268	955.446	34.680
1853.268	955.464	34.680
1854.268	996.666	34.680
1855.268	1026.420	37.390
1856.268	1026.298	37.400
1857.268	1026.219	37.400
1858.268	1026.198	37.390
1859.268	1026.125	37.390
1860.268	1026.093	37.390
1861.268	1026.009	37.390
1862.268	1025.945	37.390
1863.268	1025.904	37.380
1864.268	1025.874	37.380
1865.268	1025.853	37.380
1866.268	1025.820	37.380
1867.268	1025.785	37.380
1868.268	1025.776	37.370
1869.268	1025.719	37.370
1870.268	1025.716	37.370
1871.268	1025.641	37.370
1872.268	1025.586	37.370
1873.268	1025.548	37.370
1874.268	1025.520	37.370
1875.268	1025.470	37.360
1876.268	1025.401	37.360
1877.268	1025.375	37.360
1878.268	1025.327	37.360
1879.268	1025.319	37.360
1880.268	1025.277	37.360
1881.268	1025.216	37.360
1882.268	1025.150	37.350
1883.268	1025.086	37.350
1884.268	1025.000	37.350
1885.268	1024.962	37.350
1886.268	1024.902	37.340
1887.268	1024.872	37.340
1888.268	1024.841	37.340
1889.268	1024.763	37.340
1890.268	1024.733	37.340
1891.268	1024.655	37.330
1892.268	1024.691	37.330
1893.268	1024.608	37.330
1894.268	1024.509	37.330
1895.268	1024.507	37.330
1896.268	1024.435	37.330
1897.268	1024.395	37.330
1898.268	1024.360	37.320
1899.268	1024.304	37.320
1900.268	1024.284	37.320
1901.268	1024.150	37.320
1902.268	1024.100	37.320
1903.268	1024.085	37.320
1904.268	1024.030	37.320
1905.268	1023.972	37.310
1906.268	1024.002	37.310
1907.268	1023.899	37.310
1908.268	1023.863	37.310
1909.268	1023.877	37.310
1910.268	1026.167	37.310
1911.268	1039.383	37.680
1912.268	1046.775	38.030
1913.268	1052.466	38.300
1914.268	1052.919	38.420
1915.268	1052.882	38.420
1916.268	1052.804	38.420
1917.268	1052.766	38.420
1918.268	1052.761	38.420
1919.268	1052.694	38.410
1920.268	1052.637	38.410
1921.268	1052.593	38.410
1922.268	1052.554	38.410
1923.268	1052.562	38.410
1924.268	1052.506	38.400
1925.268	1052.443	38.400
1926.268	1052.360	38.400
1927.268	1052.318	38.400
1928.268	1052.242	38.400
1929.268	1052.195	38.390
1930.268	1052.151	38.390
1931.268	1052.117	38.390
1932.268	1052.080	38.390
1933.268	1052.089	38.390
1934.268	1052.014	38.390
1935.268	1051.922	38.380
1936.268	1051.870	38.380
1937.268	1051.806	38.380
1938.268	1051.750	38.380
1939.268	1051.687	38.380
1940.268	1051.608	38.380
1941.268	1051.586	38.370
1942.268	1051.524	38.370
1943.268	1051.490	38.370
1944.268	1051.443	38.370
1945.268	1051.448	38.370
1946.268	1051.350	38.370
1947.268	1051.292	38.360
1948.268	1051.280	38.360
1949.268	1051.217	38.360
1950.268	1051.226	38.360
1951.268	1051.192	38.360
1952.268	1051.161	38.350
1953.268	1051.099	38.350
1954.268	1051.071	38.350
1955.268	1051.095	38.350
1956.268	1051.060	38.350
1957.268	1050.986	38.350
1958.268	1050.936	38.350
1959.268	1050.887	38.340
1960.268	1050.840	38.340
1961.268	1050.794	38.340
1962.268	1050.726	38.340
1963.268	1050.638	38.340
1964.268	1050.611	38.340
1965.268	1050.906	38.330
1966.268	1058.628	38.510
1967.268	1065.894	38.780
1968.268	1074.581	39.100
1969.268	1079.137	39.390
1970.268	1079.047	39.430
1971.268	1078.992	39.430
1972.268	1078.942	39.430
1973.268	1078.816	39.420
1974.268	1078.795	39.420
1975.268	1078.796	39.420
1976.268	1078.773	39.420
1977.268	1078.743	39.420
1978.268	1078.692	39.420
1979.268	1078.695	39.410
1980.268	1078.665	39.410
1981.268	1078.604	39.410
1982.268	1078.576	39.410
1983.268	1078.532	39.410
1984.268	1078.490	39.400
1985.268	1078.418	39.400
1986.268	1078.389	39.400
1987.268	1078.296	39.400
1988.268	1078.281	39.400
1989.268	1078.242	39.390
1990.268	1078.201	39.390
1991.268	1078.173	39.390
1992.268	1078.066	39.390
1993.268	1078.008	39.390
1994.268	1077.935	39.390
1995.268	1077.845	39.380
1996.268	1077.802	39.380
1997.268	1077.913	39.380
1998.268	1077.871	39.380
1999.268	1077.781	39.380
2000.268	1077.701	39.380
2001.268	1077.679	39.370
2002.268	1077.688	39.370
2003.268	1077.633	39.370
2004.268	1077.612	39.370
2005.268	1077.368	39.370
2006.268	1077.344	39.360
2007.268	1077.266	39.360
2008.268	1077.228	39.360
2009.268	1077.178	39.360
2010.268	1077.079	39.360
2011.268	1077.028	39.360
2012.268	1076.978	39.360
2013.268	1076.968	39.350
2014.269	1076.981	39.350
2015.268	1076.960	39.350
2016.268	1076.890	39.350
2017.268	1076.852	39.350
2018.268	1076.820	39.340
2019.268	1076.841	39.340
2020.268	1076.802	39.340
2021.268	1076.784	39.340
2022.268	1076.750	39.340
2023.268	1076.761	39.340
2024.268	1076.714	39.330
2025.268	1076.597	39.330
2026.268	1076.553	39.330
2027.268	1076.482	39.330
2028.268	1076.385	39.330
2029.268	1076.325	39.330
2030.268	1076.235	39.320
2031.268	1076.189	39.320
2032.268	1076.160	39.320
2033.268	1076.110	39.320
2034.268	1076.120	39.320
2035.268	1076.045	39.320
2036.268	1083.214	39.370
2037.268	1093.799	39.810
2038.268	1101.637	40.150
2039.268	1107.030	40.440
2040.268	1107.281	40.520
2041.268	1107.262	40.520
2042.268	1107.159	40.510
2043.268	1107.108	40.510
2044.268	1107.071	40.510
2045.268	1107.050	40.510
2046.268	1106.989	40.510
2047.268	1106.975	40.500
2048.268	1106.865	40.500
2049.268	1106.861	40.500
2050.268	1106.835	40.500
2051.268	1106.849	40.500
2052.268	1106.798	40.500
2053.268	1106.684	40.490
2054.268	1106.700	40.490
2055.268	1106.611	40.490
2056.268	1106.575	40.490
2057.268	1106.539	40.480
2058.268	1106.496	40.480
2059.268	1106.478	40.480
2060.268	1106.434	40.480
2061.268	1106.436	40.480
2062.268	1106.359	40.480
2063.268	1106.305	40.470
2064.268	1106.310	40.470
2065.268	1106.309	40.470
2066.268	1106.301	40.470
2067.268	1106.205	40.470
2068.268	1106.123	40.460
2069.268	1106.091	40.460
2070.268	1106.022	40.460
2071.268	1105.989	40.460
2072.268	1105.947	40.460
2073.268	1105.911	40.460
2074.268	1105.847	40.450
2075.268	1105.791	40.450
2076.268	1105.744	40.450
2077.268	1105.653	40.450
2078.268	1105.623	40.450
2079.268	1105.552	40.440
2080.268	1105.505	40.440
2081.268	1105.454	40.440
2082.268	1105.499	40.440
2083.268	1105.440	40.440
2084.268	1105.370	40.440
2085.268	1105.351	40.440
2086.268	1105.302	40.430
2087.268	1105.251	40.430
2088.268	1105.211	40.430
2089.268	1105.194	40.430
2090.268	1105.178	40.430
2091.268	1105.147	40.430
2092.268	1105.154	40.420
2093.268	1105.123	40.420
2094.268	1105.076	40.420
2095.268	1104.966	40.420
2096.268	1104.859	40.420
2097.268	1104.815	40.420
2098.268	1115.490	40.480
2099.268	1126.636	41.060
2100.268	1134.049	41.410
2101.268	1136.289	41.620
2102.268	1136.237	41.620
2103.268	1136.236	41.620
2104.268	1136.205	41.620
2105.268	1136.197	41.610
2106.268	1136.099	41.610
2107.268	1136.099	41.610
2108.268	1136.057	41.610
2109.268	1136.010	41.610
2110.268	1135.984	41.610
2111.268	1135.904	41.600
2112.268	1135.793	41.600
2113.268	1135.756	41.600
2114.268	1135.716	41.600
2115.268	1135.643	41.590
2116.268	1135.640	41.590
2117.268	1135.601	41.590
2118.268	1135.560	41.590
2119.268	1135.458	41.590
2120.268	1135.423	41.590
2121.268	1135.340	41.580
2122.268	1135.293	41.580
2123.268	1135.308	41.580
2124.268	1135.305	41.580
2125.268	1135.210	41.580
2126.268	1135.093	41.570
2127.268	1135.049	41.570
2128.268	1134.976	41.570
2129.268	1134.913	41.570
2130.268	1134.892	41.570
2131.268	1134.858	41.560
2132.268	1134.827	41.560
2133.268	1134.772	41.560
2134.268	1134.764	41.560
2135.268	1134.706	41.560
2136.268	1134.650	41.560
2137.268	1134.558	41.550
2138.268	1134.510	41.550
2139.268	1134.436	41.550
2140.268	1134.398	41.550
2141.268	1134.356	41.550
2142.268	1134.259	41.550
2143.268	1134.207	41.540
2144.268	1134.155	41.540
2145.268	1134.079	41.540
2146.268	1133.992	41.540
2147.268	1133.923	41.540
2148.268	1133.902	41.530
2149.268	1133.871	41.530
2150.268	1133.840	41.530
2151.268	1133.787	41.530
2152.268	1133.770	41.530
2153.268	1133.701	41.520
2154.268	1133.667	41.520
2155.268	1133.597	41.520
2156.268	1133.549	41.520
2157.268	1133.550	41.520
2158.268	1133.517	41.510
2159.268	1133.549	41.510
2160.268	1133.468	41.510
2161.268	1133.433	41.510
2162.268	1133.348	41.510
2163.268	1133.316	41.510
2164.268	1133.288	41.510
2165.268	1145.275	41.710
2166.268	1154.230	42.160
2167.268	1162.366	42.460
2168.268	1165.786	42.720
2169.268	1165.737	42.750
2170.268	1165.694	42.750
2171.268	1165.664	42.750
2172.268	1165.638	42.750
2173.268	1165.575	42.750
2174.268	1165.500	42.740
2175.268	1165.470	42.740
2176.268	1165.323	42.740
2177.268	1165.278	42.740
2178.268	1165.165	42.730
2179.268	1165.075	42.730
2180.268	1165.054	42.730
2181.268	1165.003	42.730
2182.268	1164.986	42.730
2183.268	1164.913	42.720
2184.268	1164.905	42.720
2185.268	1164.845	42.720
2186.268	1164.813	42.720
2187.268	1164.670	42.720
2188.268	1164.683	42.720
2189.268	1164.569	42.710
2190.268	1164.485	42.710
2191.268	1164.392	42.710
2192.268	1164.407	42.710
2193.268	1164.344	42.700
2194.268	1164.323	42.700
2195.268	1164.264	42.700
2196.268	1164.210	42.700
2197.268	1164.139	42.700
2198.268	1164.057	42.700
2199.268	1164.002	42.690
2200.268	1163.908	42.690
2201.268	1163.836	42.690
2202.268	1163.786	42.690
2203.268	1163.708	42.680
2204.268	1163.714	42.680
2205.268	1163.593	42.680
2206.268	1163.637	42.680
2207.268	1163.560	42.680
2208.268	1163.497	42.680
2209.268	1163.454	42.670
2210.268	1163.430	42.670
2211.268	1163.382	42.670
2212.268	1163.329	42.670
2213.268	1163.189	42.670
2214.268	1163.114	42.660
2215.268	1163.011	42.660
2216.268	1162.932	42.660
2217.268	1162.900	42.660
2218.268	1162.846	42.660
2219.268	1162.755	42.660
2220.268	1162.680	42.650
2221.268	1162.686	42.650
2222.268	1162.623	42.650
2223.268	1162.592	42.650
2224.268	1162.559	42.650
2225.268	1162.484	42.650
2226.268	1162.404	42.640
2227.268	1162.441	42.640
2228.268	1162.372	42.640
2229.268	1162.456	42.640
2230.268	1162.375	42.640
2231.268	1162.330	42.630
2232.268	1162.243	42.630
2233.268	1170.706	42.660
2234.268	1184.706	43.230
2235.268	1191.648	43.680
2236.268	1191.643	43.760
2237.268	1191.561	43.750
2238.268	1191.519	43.750
2239.268	1191.533	43.750
2240.268	1191.437	43.750
2241.268	1191.402	43.750
2242.268	1191.360	43.740
2243.268	1191.276	43.740
2244.268	1191.216	43.740
2245.268	1191.150	43.740
2246.268	1191.093	43.740
2247.268	1191.002	43.730
2248.268	1190.920	43.730
2249.268	1190.889	43.730
2250.268	1190.892	43.730
2251.268	1190.818	43.720
2252.268	1190.768	43.720
2253.268	1190.705	43.720
2254.268	1190.545	43.720
2255.268	1190.482	43.720
2256.268	1190.436	43.710
2257.268	1190.347	43.710
2258.268	1190.287	43.710
2259.268	1190.190	43.710
2260.268	1190.174	43.710
2261.268	1190.129	43.700
2262.268	1190.135	43.700
2263.268	1190.084	43.700
2264.268	1190.025	43.700
2265.268	1189.944	43.700
2266.268	1189.903	43.690
2267.268	1189.851	43.690
2268.268	1189.833	43.690
2269.268	1189.731	43.690
2270.268	1189.638	43.690
2271.268	1189.602	43.680
2272.268	1189.544	43.680
2273.268	1189.533	43.680
2274.268	1189.477	43.680
2275.268	1189.427	43.680
2276.268	1189.379	43.670
2277.268	1189.298	43.670
2278.268	1189.253	43.670
2279.268	1189.210	43.670
2280.268	1189.286	43.670
2281.268	1189.233	43.660
2282.268	1189.176	43.660
2283.268	1189.133	43.660
2284.269	1189.062	43.660
2285.268	1189.025	43.660
2286.268	1188.980	43.650
2287.268	1188.985	43.650
2288.268	1188.996	43.650
2289.268	1188.892	43.650
2290.268	1188.786	43.650
2291.268	1188.746	43.650
2292.268	1188.719	43.650
2293.268	1202.095	43.810
2294.268	1211.969	44.310
2295.268	1220.337	44.710
2296.268	1221.855	44.910
2297.268	1221.766	44.920
2298.268	1221.740	44.910
2299.268	1221.691	44.910
2300.268	1221.572	44.910
2301.268	1221.545	44.910
2302.268	1221.521	44.900
2303.268	1221.529	44.900
2304.268	1221.459	44.900
2305.268	1221.428	44.900
2306.268	1221.368	44.890
2307.268	1221.324	44.890
2308.268	1221.253	44.890
2309.268	1221.190	44.890
2310.268	1221.150	44.890
2311.268	1221.104	44.880
2312.268	1221.075	44.880
2313.268	1220.979	44.880
2314.268	1220.864	44.880
2315.268	1220.854	44.880
2316.268	1220.908	44.870
2317.268	1220.835	44.870
2318.268	1220.705	44.870
2319.268	1220.676	44.870
2320.268	1220.641	44.860
2321.268	1220.651	44.860
2322.268	1220.604	44.860
2323.268	1220.579	44.860
2324.268	1220.547	44.860
2325.268	1220.497	44.850
2326.268	1220.476	44.850
2327.268	1220.390	44.850
2328.268	1220.187	44.850
2329.268	1220.103	44.850
2330.268	1220.112	44.840
2331.268	1220.062	44.840
2332.268	1219.964	44.840
2333.268	1219.891	44.840
2334.268	1219.822	44.830
2335.268	1219.704	44.830
2336.268	1219.618	44.830
2337.268	1219.582	44.830
2338.268	1219.514	44.830
2339.268	1219.462	44.820
2340.268	1219.449	44.820
2341.268	1219.393	44.820
2342.268	1219.354	44.820
2343.268	1219.287	44.820
2344.268	1219.220	44.810
2345.268	1219.148	44.810
2346.268	1219.142	44.810
2347.268	1219.056	44.810
2348.268	1218.983	44.810
2349.268	1218.937	44.800
2350.268	1218.902	44.800
2351.268	1218.877	44.800
2352.268	1218.828	44.800
2353.268	1218.761	44.800
2354.268	1218.702	44.800
2355.268	1218.659	44.790
2356.268	1218.543	44.790
2357.268	1234.899	45.050
2358.268	1247.537	45.680
2359.268	1249.501	45.980
2360.268	1249.354	45.980
2361.268	1249.303	45.970
2362.268	1249.217	45.970
2363.268	1249.136	45.970
2364.268	1249.043	45.970
2365.268	1249.016	45.960
2366.268	1248.957	45.960
2367.268	1248.993	45.960
2368.268	1248.937	45.960
2369.268	1248.829	45.960
2370.268	1248.731	45.950
2371.268	1248.682	45.950
2372.268	1248.670	45.950
2373.268	1248.649	45.950
2374.268	1248.607	45.940
2375.268	1248.582	45.940
2376.268	1248.476	45.940
2377.268	1248.444	45.940
2378.268	1248.398	45.940
2379.268	1248.359	45.930
2380.268	1248.297	45.930
2381.268	1248.205	45.930
2382.268	1248.107	45.930
2383.268	1248.095	45.920
2384.268	1247.955	45.920
2385.268	1247.870	45.920
2386.268	1247.833	45.920
2387.268	1247.796	45.920
2388.268	1247.742	45.910
2389.268	1247.684	45.910
2390.268	1247.628	45.910
2391.268	1247.513	45.910
2392.268	1247.480	45.910
2393.269	1247.424	45.900
2394.268	1247.356	45.900
2395.268	1247.235	45.900
2396.268	1247.150	45.900
2397.268	1247.091	45.890
2398.268	1247.050	45.890
2399.268	1247.025	45.890
2400.268	1247.028	45.890
2401.268	1247.014	45.890
2402.268	1246.911	45.880
2403.268	1246.822	45.880
2404.268	1246.756	45.880
2405.268	1246.728	45.880
2406.268	1246.644	45.880
2407.268	1246.617	45.870
2408.268	1246.537	45.870
2409.268	1246.450	45.870
2410.268	1246.352	45.870
2411.268	1246.212	45.870
2412.268	1246.168	45.860
2413.268	1246.153	45.860
2414.268	1246.101	45.860
2415.268	1255.493	45.890
2416.268	1257.050	46.280
2417.268	1256.983	46.280
2418.268	1256.916	46.270
2419.268	1256.855	46.270
2420.268	1256.874	46.270
2421.268	1256.875	46.270
2422.268	1256.875	46.260
2423.268	1256.798	46.260
2424.268	1256.800	46.260
2425.268	1256.749	46.260
2426.268	1256.677	46.260
2427.268	1256.600	46.250
2428.268	1256.507	46.250
2429.268	1256.446	46.250
2430.268	1256.512	46.250
2431.268	1256.377	46.240
2432.268	1256.259	46.240
2433.268	1256.225	46.240
2434.268	1256.092	46.240
2435.268	1256.101	46.240
2436.268	1256.075	46.230
2437.268	1256.078	46.230
2438.268	1256.029	46.230
2439.268	1255.977	46.230
2440.268	1255.889	46.230
2441.268	1255.876	46.220
2442.268	1255.799	46.220
2443.268	1255.717	46.220
2444.268	1255.630	46.220
2445.268	1255.554	46.220
2446.268	1255.516	46.210
2447.268	1255.462	46.210
2448.268	1255.405	46.210
2449.268	1255.373	46.210
2450.268	1255.314	46.210
2451.268	1255.251	46.210
2452.268	1255.199	46.200
2453.268	1255.155	46.200
2454.268	1255.080	46.200
2455.268	1254.998	46.200
2456.268	1254.952	46.200
2457.268	1254.955	46.190
2458.268	1254.871	46.190
2459.268	1254.817	46.190
2460.268	1254.767	46.190
2461.268	1254.707	46.190
2462.268	1254.636	46.180
2463.268	1254.536	46.180
2464.268	1254.498	46.180
2465.268	1254.453	46.180
2466.268	1254.406	46.180
2467.268	1254.384	46.170
2468.268	1254.333	46.170
2469.268	1254.286	46.170
2470.268	1254.218	46.170
2471.268	1254.165	46.170
2472.268	1254.130	46.160
2473.268	1254.056	46.160
2474.268	1254.062	46.160
2475.268	1254.083	46.160
2476.268	1253.989	46.160
2477.268	1253.967	46.160
2478.268	1253.911	46.150
2479.268	1253.869	46.150
2480.268	1253.792	46.150
