0.180	5558.678	-50.000
1.180	5558.629	-50.000
2.180	5558.695	-50.000
3.180	5558.505	-49.990
4.180	5558.677	-50.000
5.180	5558.551	-50.000
6.180	5558.667	-50.000
7.180	5558.599	-49.990
8.180	5558.528	-50.000
9.180	5558.597	-50.000
10.180	5558.648	-50.000
11.180	5558.668	-50.000
12.180	5558.533	-50.000
13.180	5558.817	-50.000
14.180	5558.500	-50.000
15.180	5558.536	-50.000
16.180	5558.586	-50.000
17.180	5558.630	-50.000
18.180	5558.580	-50.000
19.180	5558.610	-50.000
20.180	5558.716	-50.000
21.180	5558.645	-50.000
22.180	5558.639	-50.000
23.180	5558.716	-50.000
24.180	5558.685	-50.000
25.180	5558.564	-50.000
26.180	5558.654	-50.000
27.180	5558.415	-50.000
28.180	5558.639	-50.000
29.180	5558.506	-50.000
30.180	5558.498	-50.000
31.180	5558.618	-50.000
32.180	5558.415	-50.000
33.180	5558.587	-50.000
34.180	5558.567	-50.000
35.180	5558.467	-50.000
36.180	5558.618	-50.000
37.180	5558.601	-50.000
38.180	5558.765	-50.000
39.180	5558.599	-50.000
40.180	5558.637	-50.000
41.180	5558.723	-50.000
42.180	5558.563	-49.990
43.180	5558.616	-50.000
44.180	5558.580	-50.000
45.180	5558.604	-50.000
46.180	5558.670	-50.000
47.180	5558.623	-49.990
48.180	5558.696	-50.000
49.180	5558.541	-50.000
50.180	5558.665	-50.000
51.180	5558.469	-50.000
52.180	5558.499	-50.000
53.180	5558.616	-50.000
54.180	5558.612	-50.000
55.180	5558.544	-50.000
56.180	5558.692	-50.000
57.180	5558.566	-50.000
58.180	5558.536	-50.000
59.180	5558.757	-50.000
60.180	5558.788	-50.000
61.180	5558.434	-50.000
62.180	5558.670	-50.000
63.180	5558.543	-49.990
64.180	5558.594	-50.000
65.180	5558.616	-50.000
66.180	5558.545	-50.000
67.180	5558.544	-50.000
68.180	5558.599	-49.990
69.180	5558.701	-50.000
70.180	5558.649	-50.000
71.180	5558.616	-50.000
72.180	5558.596	-49.990
73.180	5558.497	-50.000
74.180	5558.655	-50.000
75.180	5558.682	-50.000
76.180	5558.599	-50.000
77.180	5558.532	-50.000
78.180	5558.550	-50.000
79.180	5558.528	-50.000
80.180	5558.614	-50.000
81.180	5558.690	-50.000
82.180	5558.526	-49.990
83.180	5558.614	-50.000
84.180	5558.572	-50.000
85.180	5558.563	-50.000
86.180	5558.612	-49.990
87.180	5558.670	-50.000
88.180	5558.629	-50.000
89.180	5558.488	-50.000
90.180	5558.586	-50.000
91.180	5558.545	-50.000
92.180	5558.732	-49.990
93.180	5558.584	-50.000
94.180	5558.743	-50.000
95.180	5558.592	-50.000
96.180	5558.638	-49.990
97.180	5558.617	-49.990
98.180	5558.533	-50.000
99.180	5558.564	-50.000
100.180	5558.486	-50.000
101.180	5558.457	-50.000
102.180	5558.824	-50.000
103.180	5558.567	-50.000
104.180	5558.690	-50.000
105.180	5558.596	-50.000
106.180	5558.630	-50.000
107.180	5558.661	-50.000
108.180	5558.612	-50.000
109.180	5558.584	-50.000
110.180	5558.605	-50.000
111.180	5558.664	-49.990
112.180	5558.499	-50.000
113.180	5558.559	-50.000
114.180	5558.656	-49.990
115.180	5558.564	-50.000
116.180	5558.629	-50.000
117.180	5558.556	-50.000
118.180	5558.617	-50.000
119.180	5558.585	-49.990
120.180	5558.571	-49.990
121.180	5558.552	-50.000
122.180	5558.557	-50.000
123.180	5558.572	-50.000
124.180	5558.622	-50.000
125.180	5558.821	-50.000
126.180	5558.562	-50.000
127.180	5558.624	-50.000
128.180	5558.631	-49.990
129.180	5558.614	-50.000
130.180	5558.483	-50.000
131.180	5558.563	-49.990
132.180	5558.609	-50.000
133.180	5558.631	-50.000
134.180	5558.390	-50.000
135.180	5558.616	-50.000
136.180	5558.658	-50.000
137.180	5558.619	-49.990
138.180	5558.641	-50.000
139.180	5558.431	-50.000
140.180	5558.681	-50.000
141.180	5558.677	-50.000
142.180	5558.533	-50.000
143.180	5558.615	-50.000
144.180	5558.681	-49.990
145.180	5558.668	-49.990
146.180	5558.611	-50.000
147.180	5558.553	-50.000
148.180	5558.732	-49.990
149.180	5558.642	-50.000
150.180	5558.632	-49.990
151.180	5558.622	-50.000
152.180	5558.593	-49.990
153.180	5558.649	-50.000
154.180	5558.631	-49.990
155.180	5558.610	-49.990
156.180	5558.713	-49.990
157.180	5558.701	-49.990
158.180	5558.486	-49.990
159.180	5558.923	-49.990
160.180	5558.703	-49.990
161.180	5558.600	-49.990
162.180	5558.486	-50.000
163.180	5558.649	-49.990
164.180	5558.572	-50.000
165.180	5558.593	-49.990
166.180	5558.722	-50.000
167.180	5558.823	-49.990
168.180	5558.627	-49.990
169.180	5558.618	-49.990
170.180	5558.627	-49.990
171.180	5558.632	-49.990
172.180	5558.557	-49.990
173.180	5558.600	-49.990
174.180	5558.620	-50.000
175.180	5558.631	-49.990
176.180	5558.657	-49.990
177.180	5558.684	-49.990
178.180	5558.630	-49.990
179.180	5558.601	-49.990
180.180	5558.470	-49.990
181.180	5558.531	-49.990
182.180	5558.664	-49.990
183.180	5558.578	-49.990
184.180	5558.304	-49.990
185.180	5558.683	-49.990
186.180	5558.508	-49.990
187.180	5558.553	-49.990
188.180	5558.743	-50.000
189.180	5558.552	-49.990
190.180	5558.453	-50.000
191.180	5558.495	-49.990
192.180	5558.624	-50.000
193.180	5558.554	-49.990
194.180	5558.590	-50.000
195.180	5558.617	-49.990
196.180	5558.574	-49.990
197.180	5558.592	-50.000
198.180	5558.652	-49.990
199.180	5558.897	-49.990
200.180	5558.667	-49.990
201.180	5558.576	-50.000
202.180	5558.649	-49.990
203.180	5558.571	-49.990
204.180	5558.740	-49.990
205.180	5558.753	-49.990
206.180	5558.560	-49.990
207.180	5558.486	-50.000
208.180	5558.752	-49.990
209.180	5558.717	-49.990
210.180	5558.619	-49.990
211.180	5558.636	-49.990
212.180	5558.412	-50.000
213.180	5558.732	-49.990
214.180	5558.695	-49.990
215.180	5558.613	-49.990
216.180	5558.692	-49.990
217.180	5558.621	-49.990
218.180	5558.568	-49.990
219.180	5558.834	-49.990
220.180	5558.602	-49.990
221.180	5558.619	-49.990
222.180	5558.598	-49.990
223.180	5558.686	-49.990
224.180	5558.651	-49.990
225.180	5558.588	-49.990
226.180	5558.790	-49.990
227.180	5558.619	-49.990
228.180	5558.750	-49.990
229.180	5558.915	-49.990
230.180	5558.563	-49.990
231.180	5558.595	-49.990
232.180	5558.615	-49.990
233.180	5558.507	-49.990
234.180	5558.496	-49.990
235.180	5558.585	-49.990
236.180	5558.665	-49.990
237.180	5558.530	-49.990
238.180	5558.532	-49.990
239.180	5558.420	-49.990
240.180	5558.392	-49.990
241.180	5558.639	-50.000
242.180	5558.756	-49.990
243.180	5558.535	-49.990
244.180	5558.528	-49.990
245.180	5558.510	-49.990
246.180	5558.823	-49.990
247.180	5558.607	-49.990
248.180	5558.509	-49.990
249.180	5558.428	-49.990
250.180	5558.550	-49.990
251.180	5558.520	-49.990
252.180	5558.385	-49.990
253.180	5558.729	-49.990
254.180	5558.899	-49.990
255.180	5558.618	-49.990
256.180	5558.654	-49.990
257.180	5558.568	-49.990
258.180	5558.630	-49.990
259.180	5558.604	-49.990
260.180	5558.441	-50.000
261.180	5558.614	-49.990
262.180	5558.666	-49.990
263.180	5558.795	-49.990
264.180	5558.908	-50.000
265.180	5558.614	-49.990
266.180	5558.586	-50.000
267.180	5558.740	-49.990
268.180	5558.614	-50.000
269.180	5558.923	-50.000
270.180	5558.516	-50.000
271.180	5558.853	-50.000
272.180	5558.582	-50.000
273.180	5558.696	-50.010
274.180	5558.486	-50.000
275.180	5558.819	-50.000
276.180	5558.686	-50.010
277.180	5558.605	-50.010
278.180	5558.631	-50.000
279.180	5558.736	-50.000
280.180	5558.556	-50.000
281.180	5558.535	-50.000
282.180	5558.612	-50.000
283.180	5558.737	-50.000
284.180	5558.652	-49.990
285.180	5558.815	-49.990
286.180	5558.581	-49.990
287.180	5558.907	-49.990
288.180	5558.697	-49.990
289.180	5558.661	-49.990
290.180	5558.571	-49.990
291.180	5558.704	-49.990
292.180	5558.653	-49.990
293.180	5558.522	-49.990
294.180	5558.723	-49.990
295.180	5558.571	-49.990
296.180	5558.595	-49.990
297.180	5558.571	-49.990
298.180	5558.637	-49.990
299.180	5558.694	-49.990
300.180	5558.698	-49.990
301.180	5558.614	-49.990
302.180	5558.632	-49.990
303.180	5558.679	-49.990
304.180	5558.699	-49.990
305.180	5558.682	-49.990
306.180	5558.614	-49.990
307.180	5558.643	-49.990
308.180	5558.847	-49.990
309.180	5558.735	-49.990
310.180	5558.717	-49.990
311.180	5558.623	-49.990
312.180	5558.481	-49.990
313.180	5558.687	-49.990
314.180	5558.666	-49.990
315.180	5558.643	-49.990
316.180	5558.684	-49.990
317.180	5558.660	-49.990
318.180	5558.536	-49.990
319.180	5558.621	-49.990
320.180	5558.709	-49.990
321.180	5558.516	-49.990
322.180	5558.607	-49.990
323.180	5558.739	-49.990
324.180	5558.624	-49.990
325.180	5558.473	-49.990
326.180	5558.718	-49.990
327.180	5558.660	-49.990
328.180	5558.615	-49.990
329.180	5558.618	-49.990
330.180	5558.684	-49.990
331.180	5558.664	-49.990
332.180	5558.616	-49.990
333.180	5558.710	-49.990
334.180	5558.706	-49.990
335.180	5558.550	-49.990
336.180	5558.598	-49.990
337.180	5558.553	-49.990
338.180	5558.624	-49.990
339.180	5558.611	-49.990
340.180	5558.764	-49.990
341.180	5558.734	-49.990
342.180	5558.619	-49.990
343.180	5558.664	-49.990
344.180	5558.538	-49.990
345.180	5558.597	-49.990
346.180	5558.509	-49.990
347.180	5558.486	-49.990
348.180	5558.671	-49.990
349.180	5558.677	-49.990
350.180	5558.535	-49.990
351.180	5558.569	-49.990
352.180	5558.606	-49.980
353.180	5558.756	-49.990
354.180	5558.611	-49.990
355.180	5558.652	-49.990
356.180	5558.664	-49.990
357.180	5558.445	-49.990
358.180	5558.669	-49.990
359.180	5558.678	-49.990
360.180	5558.620	-49.990
361.180	5558.640	-49.990
362.180	5558.608	-49.990
363.180	5558.624	-49.990
364.180	5558.632	-49.990
365.180	5558.611	-49.990
366.180	5558.584	-49.990
367.180	5558.602	-49.990
368.180	5558.544	-49.990
369.180	5558.656	-49.990
370.180	5558.693	-49.990
371.180	5558.754	-49.990
372.180	5558.601	-49.990
373.180	5558.658	-49.990
374.180	5558.588	-49.990
375.180	5558.705	-49.990
376.180	5558.642	-49.990
377.180	5558.609	-49.990
378.180	5558.594	-49.990
379.180	5558.812	-49.990
380.180	5558.644	-49.990
381.180	5558.621	-49.990
382.180	5558.616	-49.990
383.180	5558.649	-49.980
384.180	5558.603	-49.990
385.180	5558.613	-49.990
386.180	5558.560	-49.990
387.180	5558.696	-49.980
388.180	5558.636	-49.990
389.180	5558.646	-49.990
390.180	5558.698	-49.980
391.180	5558.668	-49.990
392.180	5558.637	-49.980
393.180	5558.701	-49.990
394.180	5558.730	-49.990
395.180	5558.632	-49.990
396.180	5558.468	-49.990
397.180	5558.600	-49.990
398.180	5558.557	-49.980
399.180	5558.766	-49.990
400.180	5558.598	-49.990
401.180	5558.609	-49.990
402.180	5558.821	-49.990
403.180	5558.594	-49.990
404.180	5558.618	-49.980
405.180	5558.673	-49.990
406.180	5558.676	-49.980
407.180	5558.669	-49.990
408.180	5558.623	-49.990
409.180	5558.627	-49.990
410.180	5558.584	-49.990
411.180	5558.654	-49.990
412.180	5558.629	-49.990
413.180	5558.670	-49.990
414.180	5558.664	-49.990
415.180	5558.619	-49.990
416.180	5558.649	-49.990
417.180	5558.715	-49.990
418.180	5558.615	-49.990
419.180	5558.541	-49.990
420.180	5558.679	-49.990
421.180	5558.597	-49.980
422.180	5558.801	-49.990
423.180	5558.656	-49.980
424.180	5558.550	-49.990
425.180	5558.533	-49.990
426.180	5558.652	-49.980
427.180	5558.519	-49.980
428.180	5558.603	-49.990
429.180	5558.647	-49.990
430.180	5558.741	-49.990
431.180	5558.594	-49.990
432.180	5558.420	-49.990
433.180	5558.674	-49.990
434.180	5558.641	-49.990
435.180	5558.580	-49.980
436.180	5558.585	-49.990
437.180	5558.553	-49.980
438.180	5558.546	-49.990
439.180	5558.439	-49.990
440.180	5558.652	-49.990
441.180	5558.678	-49.990
442.180	5558.665	-49.980
443.180	5558.753	-49.990
444.180	5558.573	-49.990
445.180	5558.728	-49.990
446.180	5558.657	-49.990
447.180	5558.796	-49.980
448.180	5558.656	-49.990
449.180	5558.747	-49.990
450.180	5558.564	-49.990
451.180	5558.427	-49.990
452.180	5558.730	-49.980
453.180	5558.702	-49.990
454.180	5558.813	-49.990
455.180	5558.847	-49.980
456.180	5558.671	-49.980
457.180	5558.611	-49.990
458.180	5558.641	-49.980
459.180	5558.727	-49.980
460.180	5558.626	-49.990
461.180	5558.602	-49.990
462.180	5558.444	-49.990
463.180	5558.612	-49.990
464.180	5558.723	-49.990
465.180	5558.670	-49.990
466.180	5558.550	-49.990
467.180	5558.701	-49.980
468.180	5558.593	-49.990
469.180	5558.540	-49.990
470.180	5558.880	-49.990
471.180	5558.678	-49.990
472.180	5558.787	-49.980
473.180	5558.659	-49.990
474.180	5558.610	-49.990
475.180	5558.486	-49.990
476.180	5558.517	-49.980
477.180	5558.606	-49.980
478.180	5558.814	-49.990
479.180	5558.772	-49.990
480.180	5558.634	-49.990
481.180	5558.640	-49.990
482.180	5558.552	-49.990
483.180	5558.712	-49.990
484.180	5558.700	-49.980
485.180	5558.709	-49.980
486.180	5558.896	-49.990
487.180	5558.569	-49.990
488.180	5558.549	-49.990
489.180	5558.925	-49.980
490.180	5558.696	-49.980
491.180	5558.701	-49.980
492.180	5558.687	-49.980
493.180	5558.676	-49.990
494.180	5558.601	-49.990
495.180	5558.690	-49.990
496.180	5558.622	-49.990
497.180	5558.654	-49.990
498.180	5558.610	-49.990
499.180	5558.716	-49.990
500.180	5558.664	-49.990
501.180	5558.583	-49.980
502.180	5558.672	-49.980
503.180	5558.668	-49.980
504.180	5558.617	-49.990
505.180	5558.669	-49.980
506.180	5558.682	-49.980
507.180	5558.629	-49.990
508.180	5558.694	-49.980
509.180	5558.625	-49.990
510.180	5558.666	-49.990
511.180	5558.669	-49.990
512.180	5558.675	-49.980
513.180	5558.631	-49.990
514.180	5558.558	-49.980
515.180	5558.701	-49.990
516.180	5558.549	-49.990
517.180	5558.678	-49.990
518.180	5558.672	-49.980
519.180	5558.733	-49.990
520.180	5558.558	-49.990
521.180	5558.710	-49.990
522.180	5558.783	-49.980
523.180	5558.631	-49.990
524.180	5558.647	-49.990
525.180	5558.741	-49.980
526.180	5558.682	-49.980
527.180	5558.604	-49.990
528.180	5558.623	-49.980
529.180	5558.622	-49.990
530.180	5558.741	-49.980
531.180	5558.664	-49.980
532.180	5558.665	-49.980
533.180	5558.628	-49.980
534.180	5558.625	-49.990
535.180	5558.604	-49.990
536.180	5558.657	-49.980
537.180	5558.742	-49.980
538.180	5558.629	-49.990
539.180	5558.765	-49.990
540.180	5558.693	-49.990
541.180	5558.608	-49.980
542.180	5558.613	-49.980
543.180	5558.613	-49.990
544.180	5558.730	-49.990
545.180	5558.671	-49.980
546.180	5558.595	-49.990
547.180	5558.702	-49.980
548.180	5558.619	-49.980
549.180	5558.659	-49.980
550.180	5558.612	-49.990
551.180	5558.749	-49.980
552.180	5558.614	-49.990
553.180	5558.583	-49.990
554.180	5558.585	-49.980
555.180	5558.685	-49.990
556.180	5558.639	-49.980
557.180	5558.700	-49.980
558.180	5558.699	-49.980
559.180	5558.690	-49.980
560.180	5558.679	-49.980
561.180	5558.656	-49.990
562.180	5558.674	-49.990
563.180	5558.684	-49.990
564.180	5558.567	-49.990
565.180	5558.617	-49.980
566.180	5558.711	-49.990
567.180	5558.605	-49.990
568.180	5558.728	-49.990
569.180	5558.674	-49.990
570.180	5558.637	-49.980
571.180	5558.653	-49.980
572.180	5558.637	-49.990
573.180	5558.666	-49.980
574.180	5558.711	-49.980
575.180	5558.640	-49.980
576.180	5558.717	-49.990
577.180	5558.605	-49.990
578.180	5558.635	-49.980
579.180	5558.587	-49.980
580.180	5558.685	-49.980
581.180	5558.630	-49.980
582.180	5558.622	-49.990
583.180	5558.696	-49.980
584.180	5558.720	-49.980
585.180	5558.669	-49.990
586.180	5558.626	-49.980
587.180	5558.652	-49.980
588.180	5558.647	-49.980
589.180	5558.703	-49.980
590.180	5558.562	-49.980
591.180	5558.663	-49.980
592.180	5558.683	-49.980
593.180	5558.659	-49.980
594.180	5558.716	-49.980
595.180	5558.547	-49.980
596.180	5558.645	-49.980
597.180	5558.710	-49.980
598.180	5558.660	-49.980
599.180	5558.525	-49.990
600.180	5558.638	-49.980
601.180	5558.702	-49.980
602.180	5558.751	-49.980
603.180	5558.649	-49.980
604.180	5558.527	-49.980
605.180	5558.701	-49.980
606.180	5558.638	-49.980
607.180	5558.659	-49.980
608.180	5558.691	-49.980
609.180	5558.621	-49.980
610.180	5558.732	-49.990
611.180	5558.666	-49.980
612.180	5558.702	-49.980
613.180	5558.668	-49.980
614.180	5558.650	-49.980
615.180	5558.685	-49.980
616.180	5558.705	-49.980
617.180	5558.602	-49.990
618.180	5558.718	-49.980
619.180	5558.628	-49.980
620.180	5558.637	-49.990
621.180	5558.682	-49.980
622.180	5558.681	-49.980
623.180	5558.624	-49.980
624.180	5558.608	-49.990
625.180	5558.640	-49.980
626.180	5558.614	-49.980
627.180	5558.624	-49.980
628.180	5558.768	-49.980
629.180	5558.621	-49.980
630.180	5558.676	-49.980
631.180	5558.678	-49.980
632.180	5558.718	-49.980
633.180	5558.648	-49.980
634.180	5558.712	-50.000
635.180	5558.625	-49.980
636.180	5558.596	-49.960
637.180	5558.687	-49.990
638.180	5558.632	-50.000
639.180	5558.788	-50.000
640.180	5558.689	-50.000
641.180	5558.659	-50.010
642.180	5558.698	-50.010
643.180	5558.656	-50.010
644.180	5558.670	-50.020
645.180	5558.682	-50.020
646.180	5558.574	-50.020
647.180	5558.662	-50.030
648.180	5558.648	-50.030
649.180	5558.669	-50.030
650.180	5558.578	-50.060
651.180	5558.744	-50.040
652.180	5558.678	-50.050
653.180	5558.621	-50.050
654.180	5558.704	-50.060
655.180	5558.581	-50.070
656.180	5558.682	-50.070
657.180	5558.613	-50.080
658.180	5558.659	-50.080
659.180	5558.626	-50.080
660.180	5558.658	-50.090
661.180	5558.664	-50.090
662.180	5558.667	-50.090
663.180	5558.698	-50.100
664.180	5558.603	-50.100
665.180	5558.719	-50.100
666.180	5558.718	-50.110
667.180	5558.732	-50.110
668.180	5558.559	-50.110
669.180	5558.741	-50.120
670.180	5558.686	-50.120
671.180	5558.698	-50.130
672.180	5558.614	-50.130
673.180	5558.732	-50.140
674.180	5558.634	-50.140
675.180	5558.638	-50.150
676.180	5558.733	-50.150
677.180	5558.674	-50.150
678.180	5558.722	-50.170
679.180	5558.666	-50.170
680.180	5558.706	-50.190
681.180	5558.601	-50.190
682.180	5558.632	-50.200
683.180	5558.659	-50.210
684.180	5558.685	-50.210
685.180	5558.582	-50.220
686.180	5558.634	-50.220
687.180	5558.623	-49.130
688.180	5558.481	-48.960
689.180	5558.517	-48.960
690.180	5558.627	-45.780
691.180	5558.652	-34.810
692.180	5558.581	-34.810
693.180	5558.664	-34.800
694.180	5558.581	-34.790
695.180	5558.624	-34.780
696.180	5558.665	-34.780
697.180	5558.658	-34.740
698.180	5558.717	-34.750
699.180	5558.673	2.785
700.180	5558.740	2.173
701.180	5558.780	0.396
702.180	5558.662	0.419
703.180	5558.664	-0.339
704.180	5558.677	-0.112
705.180	5558.719	0.228
706.180	5558.682	0.066
707.180	5558.734	-0.024
708.180	5558.554	-0.022
709.180	5558.703	-0.024
710.180	5558.649	-0.022
711.180	5558.686	-0.023
712.180	5558.705	-0.024
713.180	5558.675	-0.022
714.180	5558.683	-0.022
715.180	5558.641	-0.023
716.180	5558.710	-0.021
717.180	5558.689	-0.022
718.180	5558.665	-0.019
719.180	5558.712	-0.019
720.180	5558.680	-0.019
721.180	5558.682	-0.017
722.180	5558.800	-0.018
723.180	5558.679	-0.017
724.180	5558.749	-0.017
725.180	5558.747	-0.019
726.180	5558.716	-0.014
727.180	5558.686	-0.014
728.180	5558.725	-0.013
729.180	5558.713	-0.012
730.180	5558.721	-0.013
731.180	5558.692	-0.012
732.180	5558.464	-0.014
733.180	5558.829	-0.011
734.180	5558.672	-0.008
735.180	5558.665	-0.010
736.180	5558.752	-0.008
737.180	5558.785	-0.006
738.180	5558.700	-0.007
739.180	5558.730	-0.006
740.180	5558.719	-0.006
741.180	5558.652	-0.007
742.180	5558.770	-0.001
743.180	5558.746	-0.003
744.180	5558.866	-0.004
745.180	5558.710	-0.000
746.180	5558.652	-0.003
747.180	5558.548	-0.001
748.180	5558.654	0.000
749.180	5558.637	0.002
750.180	5558.725	0.001
751.180	5558.630	0.000
752.180	5558.719	0.001
753.180	5558.691	0.002
754.180	5558.718	0.004
755.180	5558.651	0.008
756.180	5558.736	0.007
757.180	5558.747	0.004
758.180	5558.780	0.009
759.180	5558.801	0.011
760.180	5558.669	0.009
761.180	5558.729	0.014
762.180	5558.867	0.014
763.180	5558.844	0.010
764.180	5558.574	0.014
765.180	5558.703	0.015
766.180	5558.937	0.016
767.180	5558.867	0.014
768.180	5558.670	0.019
769.180	5558.557	0.019
770.180	5558.729	0.017
771.180	5558.658	0.018
772.180	5558.684	0.021
773.180	5558.704	0.021
774.180	5558.962	0.024
775.180	5558.911	0.023
776.180	5558.778	0.023
777.180	5558.758	0.023
778.180	5558.697	0.029
779.180	5558.669	0.029
780.180	5558.734	0.028
781.180	5558.795	0.028
782.180	5558.699	0.030
783.180	5558.492	0.028
784.180	5558.729	0.028
785.180	5558.703	0.030
786.180	5558.578	0.034
787.180	5558.675	0.036
788.180	5558.597	0.036
789.180	5558.636	0.037
790.180	5558.778	0.036
791.180	5558.773	0.034
792.180	5558.729	0.037
793.180	5558.597	0.038
794.180	5558.729	0.041
795.180	5558.545	0.037
796.180	5558.617	0.042
797.180	5558.876	0.045
798.180	5558.652	0.043
799.180	5558.819	0.045
800.180	5558.737	0.044
801.180	5558.621	0.045
802.180	5558.778	0.048
803.180	5558.606	0.047
804.180	5558.606	0.046
805.180	5558.770	0.210
806.180	5558.800	-0.048
807.180	5558.856	-0.035
808.180	5558.925	-0.003
809.180	5558.632	0.012
810.180	5558.570	0.004
811.180	5558.762	-0.011
812.180	5558.759	-0.116
813.180	5558.532	-0.023
814.180	5558.665	-0.069
815.180	5558.631	-0.085
816.180	5558.673	-0.082
817.180	5558.722	-0.077
818.180	5558.615	-0.083
819.180	5558.675	-0.073
820.180	5558.839	-0.097
821.180	5558.829	-0.044
822.180	5558.765	-0.091
823.180	5558.643	-0.131
824.180	5558.769	-0.135
825.180	5558.740	-0.167
826.180	5558.755	-0.310
827.180	5558.754	-0.520
828.180	5558.626	-0.758
829.180	5558.710	-0.990
830.180	5558.833	-1.203
831.180	5558.675	-1.396
832.180	5558.713	-1.547
833.180	5558.619	-1.640
834.180	5558.659	-1.703
835.180	5558.728	-1.754
836.180	5558.687	-1.793
837.180	5558.775	-1.824
838.180	5558.657	-1.853
839.180	5558.744	-1.873
840.180	5558.594	-1.883
841.180	5558.654	-1.891
842.180	5558.820	-1.894
843.180	5558.671	-1.901
844.180	5558.691	-1.898
845.180	5558.824	-1.898
846.180	5558.733	-1.897
847.180	5558.664	-1.895
848.180	5558.695	-1.896
849.180	5558.682	-1.900
850.180	5558.691	-1.898
851.180	5558.512	-1.899
852.180	5558.757	-1.898
853.180	5558.610	-1.894
854.180	5558.561	-1.896
855.180	5558.704	-1.896
856.180	5558.772	-1.896
857.180	5558.497	-1.897
858.180	5558.520	-1.897
859.180	5558.562	-1.896
860.180	5558.673	-1.897
861.180	5558.786	-1.898
862.180	5558.604	-1.896
863.180	5558.674	-1.898
864.180	5558.616	-1.899
865.180	5558.699	-1.897
866.180	5558.553	-1.900
867.180	5558.744	-1.898
868.180	5558.636	5352.000
869.180	5558.626	-1.000
870.180	5558.625	-1.000
871.180	5558.602	-2.000
872.180	5558.701	-2.000
873.180	5558.609	-7.900
874.180	5558.641	-1.800
875.180	5558.702	-1.900
876.180	5558.653	-1.900
877.180	5558.675	-1.900
878.180	5558.601	-7.780
879.180	5558.811	-1.890
880.180	5558.821	-1.890
881.180	5558.666	-1.880
882.180	5558.616	-1.890
883.180	5558.597	-7.830
884.180	5558.771	-1.898
885.180	5558.723	-1.899
886.180	5558.666	-1.899
887.180	5558.718	-1.895
888.180	5558.694	0.005
889.180	5558.717	-0.000
890.180	5558.574	-0.002
891.180	5558.655	-0.003
892.180	5558.702	0.007
893.180	5558.721	0.183
894.180	5558.798	-0.011
895.180	5558.730	-0.007
896.180	5558.752	0.119
897.180	5558.692	0.531
898.180	5558.694	0.558
899.180	5558.676	0.584
900.180	5558.635	0.805
901.180	5558.623	1.078
902.180	5558.614	1.665
903.180	5558.678	1.759
904.180	5558.667	2.899
905.180	5558.581	3.104
906.180	5558.650	3.511
907.180	5558.633	4.754
908.180	5558.680	4.758
909.180	5558.611	4.759
910.180	5558.657	4.757
911.180	5558.772	4.762
912.180	5558.707	4.763
913.180	5558.589	4.759
914.180	5558.612	4.764
915.180	5558.668	4.107
916.180	5558.685	-47.670
917.180	5558.622	-47.610
918.180	5558.686	-47.590
919.180	5558.932	-49.780
920.180	5558.669	-49.970
921.180	5558.629	-49.970
922.180	5558.631	-49.950
923.180	5558.736	-49.960
924.180	5558.713	-49.960
925.180	5558.704	-49.950
926.180	5558.693	-49.950
927.180	5558.664	-49.950
928.180	5558.585	-49.950
929.180	5558.687	-49.930
930.180	5558.527	-49.930
931.180	5558.688	-49.930
932.180	5558.571	-49.930
933.180	5558.790	-49.940
934.180	5558.672	-49.930
935.180	5558.717	-49.940
936.180	5558.666	-49.960
937.180	5558.729	-49.960
938.180	5558.593	-49.960
939.180	5558.661	-49.960
940.180	5558.647	-49.970
941.180	5558.597	-49.970
942.180	5558.709	-49.970
943.180	5558.850	-49.970
944.180	5558.674	-49.970
945.180	5558.702	-49.970
946.180	5558.732	-49.960
947.180	5558.728	-49.970
948.180	5558.624	-49.970
949.180	5558.709	-49.970
950.180	5558.802	-49.970
952.180	5558.614	-49.960
953.180	5558.779	-49.960
955.180	5558.741	-49.960
956.180	5558.831	-49.960
957.180	5558.687	-49.960
958.180	5558.684	-49.960
959.180	5558.719	-49.960
960.180	5558.662	-49.960
961.180	5558.641	-49.970
962.180	5558.674	-49.960
963.180	5558.694	-49.960
964.180	5558.772	-49.960
965.180	5558.630	-49.960
966.180	5558.766	-49.960
967.180	5558.617	-49.960
968.180	5558.557	-49.960
969.180	5558.638	-49.960
970.180	5558.683	-49.950
971.180	5558.632	-49.950
972.180	5558.715	-49.960
973.180	5558.742	-49.960
974.180	5558.606	-49.960
975.180	5558.700	-49.950
976.180	5558.621	-49.960
977.180	5558.629	-49.960
978.180	5558.725	-49.960
979.180	5558.613	-49.960
980.180	5558.657	-49.960
981.180	5558.626	-49.960
982.180	5558.594	-49.950
983.180	5558.675	-49.960
984.180	5558.537	-49.960
985.180	5558.627	-49.960
986.180	5558.666	-49.960
987.180	5558.641	-49.960
988.180	5558.688	-49.960
989.180	5558.740	-49.960
990.180	5558.696	-49.960
991.180	5558.633	-49.960
992.180	5558.749	-49.960
993.180	5558.713	-49.960
994.180	5558.707	-49.960
995.180	5558.699	-49.960
996.180	5558.611	-49.960
997.180	5558.773	-49.960
998.180	5558.658	-49.960
999.180	5558.698	-49.960
1000.180	5558.606	-49.960
1001.180	5558.593	-49.960
1002.180	5558.588	-49.960
1003.180	5558.698	-49.970
1004.180	5558.686	-49.960
1005.180	5558.660	-49.960
1006.180	5558.732	-49.960
1007.180	5558.633	-49.960
1008.180	5558.714	-49.960
1009.180	5558.728	-49.960
1010.180	5558.710	-49.960
1011.180	5558.639	-49.960
1012.180	5558.868	-49.960
1013.180	5558.535	-49.960
1014.180	5558.736	-49.960
1015.180	5558.839	-49.960
1016.180	5558.715	-49.960
1017.180	5558.686	-49.960
1018.180	5558.659	-49.960
1019.180	5558.720	-49.960
1020.180	5558.834	-49.970
1021.180	5558.597	-49.960
1022.180	5558.590	-49.960
1023.180	5558.560	-49.960
1024.180	5558.630	-49.960
1025.180	5558.648	-49.960
1026.180	5558.695	-49.960
1027.180	5558.634	-49.960
1028.180	5558.724	-49.960
1029.180	5558.576	-49.960
1030.180	5558.618	-49.960
1031.180	5558.655	-49.960
1032.180	5558.585	-49.960
1033.180	5558.814	-49.960
1034.180	5558.519	-49.960
1035.180	5558.664	-49.960
1036.180	5558.660	-49.960
1037.180	5558.589	-49.960
1038.180	5558.712	-49.960
1039.180	5558.566	-49.960
1040.180	5558.733	-49.960
1041.180	5558.639	-49.960
1042.180	5558.728	-49.960
1043.180	5558.640	-49.960
1044.180	5558.760	-49.960
1045.180	5558.621	-49.960
1046.180	5558.607	-49.960
1047.180	5558.653	-49.960
1048.180	5558.650	-49.960
1049.180	5558.643	-49.960
1050.180	5558.635	-49.960
1051.180	5558.627	-49.970
1052.180	5558.647	-49.960
1053.180	5558.624	-49.960
1054.180	5558.447	-49.960
1055.180	5558.824	-49.960
1056.180	5558.722	-49.960
1057.180	5558.641	-49.960
1058.180	5558.672	-49.950
1059.180	5558.721	-49.960
1060.180	5558.551	-49.960
1061.180	5558.771	-49.960
1062.180	5558.616	-49.960
1063.180	5558.633	-49.960
1064.180	5558.740	-49.960
1065.180	5558.659	-49.960
1066.180	5558.662	-49.960
1067.180	5558.583	-49.950
1068.180	5558.624	-49.960
1069.180	5558.518	-49.960
1070.180	5558.657	-49.960
1071.180	5558.631	-49.950
1072.180	5558.479	-49.960
1073.180	5558.665	-49.960
1074.180	5558.654	-49.960
1075.180	5558.649	-49.960
1076.180	5558.613	-49.960
1077.180	5558.675	-49.960
1078.180	5558.722	-49.960
1079.180	5558.567	-49.960
1080.180	5558.612	-49.960
1081.180	5558.646	-49.960
1082.180	5558.577	-49.960
1083.180	5558.668	-49.960
1084.180	5558.676	-49.960
1085.180	5558.679	-49.960
1086.180	5558.552	-49.960
1087.180	5558.684	-49.960
1088.180	5558.610	-49.960
1089.180	5558.704	-49.960
1090.180	5558.650	-49.960
1091.180	5558.630	-49.960
1092.180	5558.677	-49.960
1093.180	5558.567	-49.960
1094.180	5558.653	-49.960
1095.180	5558.550	-49.960
1096.180	5558.584	-49.960
1097.180	5558.486	-49.950
1098.180	5558.582	-49.960
1099.180	5558.599	-49.960
1100.180	5558.684	-49.960
1101.180	5558.745	-49.960
1102.180	5558.645	-49.960
1103.180	5558.584	-49.960
1104.180	5558.661	-49.960
1105.180	5558.740	-49.960
1106.180	5558.498	-49.950
1107.180	5558.622	-49.960
1108.180	5558.696	-49.960
1109.180	5558.542	-49.960
1110.180	5558.573	-49.960
1111.180	5558.574	-49.960
1112.180	5558.571	-49.960
1113.180	5558.632	-49.960
1114.180	5558.739	-49.960
1115.180	5558.699	-49.960
1116.180	5558.578	-49.960
1117.180	5558.576	-49.960
1118.180	5558.584	-49.970
1119.180	5558.652	-49.960
1120.180	5558.706	-49.960
1121.180	5558.727	-49.960
1122.180	5558.564	-49.960
1123.180	5558.715	-49.960
1124.180	5558.572	-49.960
1125.180	5558.590	-49.960
1126.180	5558.664	-49.960
1127.180	5558.586	-49.960
1128.180	5558.716	-49.960
1129.180	5558.629	-49.960
1130.180	5558.601	-49.960
1131.180	5558.655	-49.960
1132.180	5558.753	-49.960
1133.180	5558.721	-49.960
1134.180	5558.570	-49.960
1135.180	5558.729	-49.960
1136.180	5558.554	-49.960
1137.180	5558.530	-49.970
1138.180	5558.608	-49.960
1139.180	5558.681	-49.970
1140.180	5558.594	-49.970
1141.180	5558.521	-49.960
1142.180	5558.599	-49.960
1143.180	5558.523	-49.960
1144.180	5558.605	-49.970
1145.180	5558.645	-49.960
1146.180	5558.592	-49.960
1147.180	5558.713	-49.960
1148.180	5558.681	-49.970
1149.180	5558.636	-49.960
1150.180	5558.640	-49.970
1151.180	5558.577	-49.960
1152.180	5558.619	-49.960
1153.180	5558.750	-49.970
1154.180	5558.613	-49.970
1155.180	5558.649	-49.960
1156.180	5558.596	-49.970
1157.180	5558.699	-49.960
1158.180	5558.583	-49.960
1159.180	5558.535	-49.970
1160.180	5558.589	-49.970
1161.180	5558.667	-49.960
1162.180	5558.668	-49.970
1163.180	5558.691	-49.960
1164.180	5558.574	-49.960
1165.180	5558.696	-49.960
1166.180	5558.772	-49.960
1167.180	5558.617	-49.960
1168.180	5558.640	-49.970
1169.180	5558.523	-49.970
1170.180	5558.652	-49.960
1171.180	5558.596	-49.960
1172.180	5558.683	-49.960
1173.180	5558.665	-49.970
1174.180	5558.577	-49.960
1175.180	5558.565	-49.970
1176.180	5558.594	-49.960
1177.180	5558.609	-49.970
1178.180	5558.681	-49.970
1179.180	5558.666	-49.960
1180.180	5558.523	-49.970
1181.180	5558.560	-49.970
1182.180	5558.807	-49.960
1183.180	5558.588	-49.960
1184.180	5558.542	-49.960
1185.180	5558.620	-49.960
1186.180	5558.563	-49.960
1187.180	5558.523	-49.970
1188.180	5558.679	-49.960
1189.180	5558.612	-49.960
1190.180	5558.491	-49.970
1191.180	5558.600	-49.960
1192.180	5558.340	-49.970
1193.180	5558.669	-49.960
1194.180	5558.702	-49.960
1195.180	5558.714	-49.960
1196.180	5558.718	-49.960
1197.180	5558.600	-49.960
1198.180	5558.811	-49.970
1199.180	5558.636	-49.970
1200.180	5558.503	-49.960
1201.180	5558.652	-49.970
1202.180	5558.741	-49.960
1203.180	5558.762	-49.970
1204.180	5558.629	-49.970
1205.180	5558.619	-49.970
1206.180	5558.694	-49.970
1207.180	5558.527	-49.970
1208.180	5558.536	-49.970
1209.180	5558.786	-49.970
1210.180	5558.721	-49.970
1211.180	5558.786	-49.970
1212.180	5558.602	-49.960
1213.180	5558.546	-49.970
1214.180	5558.651	-49.970
1215.180	5558.706	-49.960
1216.180	5558.712	-49.960
1217.180	5558.646	-49.960
1218.180	5558.561	-49.960
1219.180	5558.635	-49.960
1220.180	5558.710	-49.970
1221.180	5558.819	-49.960
1222.180	5558.518	-49.960
1223.180	5558.599	-49.960
1224.180	5558.821	-49.960
1225.180	5558.499	-49.960
1226.180	5558.614	-49.960
1227.180	5558.509	-49.960
1228.180	5558.590	-49.960
1229.180	5558.617	-49.960
1230.180	5558.551	-49.960
1231.180	5558.620	-49.960
1232.180	5558.694	-49.960
1233.180	5558.667	-49.960
1234.180	5558.745	-49.960
1235.180	5558.627	-49.960
1236.180	5558.589	-49.960
1237.180	5558.663	-49.960
1238.180	5558.524	-49.960
1239.180	5558.823	-49.960
1240.180	5558.565	-49.960
1241.180	5558.589	-49.960
1242.180	5558.685	-49.960
1243.180	5558.596	-49.960
1244.180	5558.671	-49.960
1245.180	5558.659	-49.960
1246.180	5558.650	-49.960
1247.180	5558.552	-49.960
1248.180	5558.766	-49.960
1249.180	5558.627	-49.960
1250.180	5558.676	-49.960
1251.180	5558.648	-49.960
1252.180	5558.691	-49.960
1253.180	5558.743	-49.960
1254.180	5558.656	-49.960
1255.180	5558.722	-49.960
1256.180	5558.596	-49.960
1257.180	5558.655	-49.960
1258.180	5558.664	-49.960
1259.180	5558.700	-49.960
1260.180	5558.615	-49.960
1261.180	5558.590	-49.960
1262.180	5558.568	-49.960
1263.180	5558.634	-49.960
1264.180	5558.656	-49.960
1265.180	5558.853	-49.960
1266.180	5558.623	-49.960
1267.180	5558.606	-49.960
1268.180	5558.688	-49.960
1269.180	5558.670	-49.960
1270.180	5558.812	-49.960
1271.180	5558.573	-49.960
1272.180	5558.715	-49.960
1273.180	5558.555	-49.960
1274.180	5558.725	-49.960
1275.180	5558.861	-49.960
1276.180	5558.590	-49.960
1277.180	5558.393	-49.960
1278.180	5558.626	-49.970
1279.180	5558.645	-49.960
1280.180	5558.707	-49.960
1281.180	5558.645	-49.960
1282.180	5558.651	-49.960
1283.180	5558.674	-49.960
1284.180	5558.644	-49.970
1285.180	5558.586	-49.960
1286.180	5558.670	-49.960
1287.180	5558.571	-49.960
1288.180	5558.624	-49.960
1289.180	5558.640	-49.960
1290.180	5558.750	-49.960
1291.180	5558.701	-49.970
1292.180	5558.505	-49.970
1293.180	5558.536	-49.960
1294.180	5558.548	-49.960
1295.180	5558.593	-49.960
1296.180	5558.819	-49.960
1297.180	5558.579	-49.960
1298.180	5558.659	-49.960
1299.180	5558.610	-49.960
1300.180	5558.643	-49.960
1301.180	5558.524	-49.960
1302.180	5558.682	-49.960
1303.180	5558.679	-49.960
1304.180	5558.541	-49.970
1305.180	5558.648	-49.960
1306.180	5558.629	-49.960
1307.180	5558.499	-49.960
1308.180	5558.678	-49.960
1309.180	5558.504	-49.960
1310.180	5558.517	-49.960
1311.180	5558.688	-49.960
1312.180	5558.696	-49.960
1313.180	5558.659	-49.960
1314.180	5558.625	-49.960
1315.180	5558.677	-49.960
1316.180	5558.582	-49.960
1317.180	5558.643	-49.970
1318.180	5558.735	-49.960
1319.180	5558.521	-49.960
1320.180	5558.745	-49.960
1321.180	5558.668	-49.960
1322.180	5558.701	-49.960
1323.180	5558.668	-49.960
1324.180	5558.639	-49.960
1325.180	5558.641	-49.960
1326.180	5558.585	-49.960
1327.180	5558.573	-49.960
1328.180	5558.523	-49.960
1329.180	5558.580	-49.960
1330.180	5558.645	-49.960
1331.180	5558.578	-49.970
1332.180	5558.698	-49.960
1333.180	5558.739	-49.960
1334.180	5558.693	-49.960
1335.180	5558.648	-49.960
1336.180	5558.634	-49.960
1337.180	5558.562	-49.970
1338.180	5558.633	-49.960
1339.180	5558.577	-49.960
1340.180	5558.601	-49.960
1341.180	5558.550	-49.960
1342.180	5558.602	-49.960
1343.180	5558.726	-49.960
1344.180	5558.577	-49.960
1345.180	5558.603	-49.960
1346.180	5558.640	-49.960
1347.180	5558.691	-49.960
1348.180	5558.614	-49.960
1349.180	5558.619	-49.960
1350.180	5558.614	-49.960
1351.180	5558.656	-49.960
1352.180	5558.601	-49.960
1353.180	5558.296	-49.960
1354.180	5558.709	-49.960
1355.180	5558.628	-49.960
1356.180	5558.673	-49.960
1357.180	5558.638	-49.960
1358.180	5558.595	-49.960
1359.180	5558.732	-49.970
1360.180	5558.579	-49.960
1361.180	5558.625	-49.960
1362.180	5558.555	-49.960
1363.180	5558.554	-49.960
1364.180	5558.575	-49.960
1365.180	5558.712	-49.960
1366.180	5558.595	-49.970
1367.180	5558.672	-49.960
1368.180	5558.591	-49.950
1369.180	5558.628	-49.960
1370.180	5558.565	-49.960
1371.180	5558.636	-49.960
1372.180	5558.615	-49.960
1373.180	5558.613	-49.960
1374.180	5558.663	-49.960
1375.180	5558.654	-49.960
1376.180	5558.435	-49.960
1377.180	5558.567	-49.970
1378.180	5558.785	-49.960
1379.180	5558.524	-49.960
1380.180	5558.620	-49.960
1381.180	5372.149	-49.960
1382.180	4796.552	-49.900
1383.180	4360.885	-49.810
1384.180	3810.523	-49.500
1385.180	3305.391	-47.200
1386.180	2997.963	-44.620
1387.180	2741.617	-42.550
1388.180	2511.680	-41.020
1389.180	2338.508	-39.270
1390.180	2114.684	-37.840
1391.180	1876.305	-36.020
1392.180	1602.789	-34.060
1393.180	1221.505	-31.740
1394.180	770.788	-28.410
1395.180	426.891	-25.110
1396.180	43.489	-21.490
1397.180	33.118	-19.513
1398.180	33.146	-19.225
1399.180	-415.972	-18.996
1400.180	-11.012	-18.840
1401.180	-44.955	-18.725
1402.180	-9.676	-18.634
1403.180	-1.863	-18.557
1404.180	-0.290	-18.491
1405.180	-0.040	-18.435
1406.180	-0.007	-18.385
1407.180	-0.003	-18.339
1408.180	-0.003	-18.299
1409.180	-0.001	-18.263
1410.180	-0.001	-18.229
1411.180	-0.001	-18.197
1412.180	-0.001	-18.167
1413.180	-0.001	-18.142
1414.180	-0.002	-18.115
1415.180	-0.002	-18.090
1416.180	-0.002	-18.067
1417.180	-0.001	-18.045
1418.180	-0.000	-18.025
1419.180	-0.002	-18.008
1420.180	0.000	-17.990
1421.180	-0.002	-17.971
1422.180	-0.001	-17.956
1423.180	-0.002	-17.939
1424.180	-0.000	-17.926
1425.180	-0.001	-17.910
1426.180	-0.001	-17.896
1427.180	-0.001	-17.882
1428.180	-0.001	-17.869
1429.180	-0.001	-17.855
1430.180	-0.001	-17.844
1431.180	-0.003	-17.830
1432.180	-0.002	-17.821
1433.180	-0.002	-17.807
1434.180	-0.002	-17.797
1435.180	-0.001	-17.786
1436.180	-0.003	-17.776
1437.180	-0.003	-17.766
1438.180	-0.001	-17.756
1439.180	-0.002	-17.745
1440.180	-0.001	-17.737
1441.180	-0.003	-17.728
1442.180	-0.001	-17.718
1443.180	-0.002	-17.709
1444.180	-0.003	-17.702
1445.180	-0.002	-17.693
1446.180	-0.002	-17.685
1447.180	-0.003	-17.676
1448.180	-0.002	-17.670
1449.180	-0.003	-17.660
1450.180	-0.004	-17.653
1451.180	-0.002	-17.646
1452.180	-0.001	-17.639
1453.180	-0.003	-17.631
1454.180	-0.002	-17.624
1455.180	-0.003	-17.618
1456.180	-0.001	-17.610
1457.180	-0.002	-17.604
1458.180	-0.002	-17.597
1459.180	-0.001	-17.590
1460.180	-0.002	-17.584
1461.180	-0.001	-17.577
1462.180	-0.001	-17.571
1463.180	-0.002	-17.566
1464.180	-0.002	-17.561
1465.180	-0.002	-17.554
1466.180	-0.002	-17.548
1467.180	-0.003	-17.542
1468.180	-0.002	-17.538
1469.180	-0.001	-17.531
1470.180	-0.003	-17.526
1471.180	-0.001	-17.520
1472.180	-0.003	-17.514
1473.180	-0.002	-17.510
1474.180	-0.002	-17.505
1475.180	-0.003	-17.500
1476.180	-0.002	-17.496
1477.180	-0.002	-17.489
1478.180	-0.002	-17.486
1479.180	-0.002	-17.480
1480.180	-0.002	-17.476
1481.180	-0.002	-17.471
1482.180	-0.001	-17.467
1483.180	-0.001	-17.462
1484.180	-0.003	-17.456
1485.180	0.000	-17.454
1486.180	-0.002	-17.449
1487.180	-0.000	-17.443
1488.180	-0.003	-17.439
1489.180	-0.000	-17.435
1490.180	-0.003	-17.429
1491.180	-0.003	-17.427
1492.180	-0.004	-17.421
1493.180	-0.004	-17.418
1494.180	-0.004	-17.415
1495.180	-0.004	-17.409
1496.180	-0.002	-17.406
1497.180	-0.004	-17.404
1498.180	-0.004	-17.399
1499.180	-0.002	-17.395
1500.180	-0.004	-17.390
1501.180	-0.002	-17.388
1502.180	-0.003	-17.382
1503.180	-0.002	-17.379
1504.180	-0.005	-17.376
1505.180	-0.002	-17.374
1506.180	-0.003	-17.369
1507.180	-0.003	-17.365
1508.180	-0.004	-17.363
1509.180	-0.004	-17.359
1510.180	-0.002	-17.355
1511.180	-0.003	-17.352
1512.180	-0.003	-17.348
1513.180	-0.001	-17.346
1514.180	-0.003	-17.341
1515.180	-0.003	-17.338
1516.180	-0.003	-17.336
1517.180	-0.002	-17.332
1518.180	-0.003	-17.328
1519.180	-0.002	-17.324
1520.180	-0.001	-17.322
1521.180	-0.004	-17.318
1522.180	-0.001	-17.316
1523.180	-0.004	-17.313
1524.180	-0.001	-17.311
1525.180	-0.002	-17.307
1526.180	-0.002	-17.305
1527.180	-0.002	-17.300
1528.180	-0.004	-17.298
1529.180	-0.004	-17.295
1530.180	-0.002	-17.292
1531.180	-0.004	-17.290
1532.180	-0.004	-17.286
1533.180	-0.003	-17.282
1534.180	-0.004	-17.280
1535.180	-0.004	-17.278
1536.180	-0.005	-17.275
1537.180	-0.003	-17.272
1538.180	-0.004	-17.270
1539.180	-0.005	-17.267
1540.180	-0.004	-17.264
1541.180	-0.004	-17.262
1542.180	-0.004	-17.259
1543.180	-0.005	-17.257
1544.180	-0.003	-17.255
1545.180	-0.005	-17.251
1546.180	-0.003	-17.249
1547.180	-0.004	-17.246
1548.180	-0.004	-17.243
1549.180	-0.003	-17.240
1550.180	-0.004	-17.238
1551.180	-0.002	-17.237
1552.180	-0.005	-17.234
1553.180	-0.004	-17.231
1554.180	-0.004	-17.229
1555.180	-0.003	-17.225
1556.180	-0.004	-17.224
1557.180	-0.005	-17.221
1558.180	-0.003	-17.218
1559.180	-0.004	-17.215
1560.180	-0.004	-17.213
1561.180	-0.003	-17.212
1562.180	-0.005	-17.209
1563.180	-0.003	-17.207
1564.180	-0.005	-17.206
1565.180	-0.003	-17.205
1566.180	-0.004	-17.200
1567.180	-0.004	-17.198
1568.180	-0.004	-17.195
1569.180	-0.005	-17.193
1570.180	-0.005	-17.191
1571.180	-0.005	-17.189
1572.180	-0.005	-17.186
1573.180	-0.003	-17.185
1574.180	-0.003	-17.182
1575.180	-0.004	-17.179
1576.180	-0.003	-17.178
1577.180	-0.003	-17.175
1578.180	-0.002	-17.175
1579.180	-0.003	-17.171
1580.180	-0.004	-17.169
1581.180	-0.002	-17.167
1582.180	-0.002	-17.165
1583.180	-0.001	-17.163
1584.180	-0.003	-17.160
1585.180	-0.001	-17.159
1586.180	-0.002	-17.157
1587.180	-0.001	-17.156
1588.180	-0.002	-17.152
1589.180	-0.004	-17.152
1590.180	-0.001	-17.150
1591.180	-0.004	-17.146
1592.180	-0.003	-17.145
1593.180	-0.002	-17.143
1594.180	-0.002	-17.141
1595.180	-0.003	-17.141
1596.180	-0.002	-17.136
1597.180	-0.004	-17.136
1598.180	-0.002	-17.132
1599.180	-0.003	-17.131
1600.180	-0.002	-17.130
1601.180	-0.004	-17.126
1602.180	-0.003	-17.127
1603.180	-0.004	-17.124
1604.180	-0.004	-17.123
1605.180	-0.004	-17.120
1606.180	-0.002	-17.118
1607.180	-0.002	-17.117
1608.180	-0.002	-17.115
1609.180	-0.002	-17.113
1610.180	-0.004	-17.110
1611.180	-0.003	-17.109
1612.180	-0.002	-17.108
1613.180	-0.002	-17.105
1614.180	-0.004	-17.104
1615.180	-0.002	-17.102
1616.180	-0.002	-17.101
1617.180	-0.001	-17.099
1618.180	-0.003	-17.097
1619.180	-0.003	-17.096
1620.180	-0.002	-17.094
1621.180	-0.002	-17.093
1622.180	-0.002	-17.090
1623.180	-0.002	-17.087
1624.180	-0.003	-17.086
1625.180	-0.001	-17.085
1626.180	-0.001	-17.084
1627.180	-0.003	-17.082
1628.180	-0.002	-17.079
1629.180	-0.002	-17.078
1630.180	-0.001	-17.077
1631.180	-0.003	-17.075
1632.180	-0.001	-17.073
1633.180	-0.003	-17.071
1634.180	-0.002	-17.070
1635.180	-0.001	-17.069
1636.180	-0.000	-17.068
1637.180	-0.001	-17.065
1638.180	-0.004	-17.064
1639.180	-0.003	-17.062
1640.180	-0.001	-17.061
1641.180	-0.003	-17.059
1642.180	-0.000	-17.058
1643.180	-0.003	-17.055
1644.180	-0.000	-17.054
1645.180	-0.003	-17.053
1646.180	-0.000	-17.051
1647.180	-0.001	-17.050
1648.180	-0.004	-17.049
1649.180	-0.004	-17.046
1650.180	-0.002	-17.045
1651.180	-0.003	-17.044
1652.180	-0.003	-17.040
1653.180	-0.002	-17.040
1654.180	-0.002	-17.040
1655.180	-0.003	-17.039
1656.180	0.000	-17.038
1657.180	-0.001	-17.035
1658.180	-0.004	-17.033
1659.180	-0.001	-17.032
1660.180	-0.003	-17.031
1661.180	-0.003	-17.030
1662.180	-0.003	-17.028
1663.180	-0.001	-17.026
1664.180	-0.003	-17.025
1665.180	-0.003	-17.024
1666.180	-0.002	-17.022
1667.180	-0.002	-17.020
1668.180	-0.003	-17.019
1669.180	-0.002	-17.018
1670.180	-0.003	-17.017
1671.180	-0.002	-17.015
1672.180	-0.004	-17.013
1673.180	-0.003	-17.013
1674.180	-0.004	-17.011
1675.180	-0.002	-17.009
1676.180	-0.003	-17.008
1677.180	-0.003	-17.006
1678.180	-0.002	-17.007
1679.180	-0.003	-17.005
1680.180	-0.002	-17.002
1681.180	-0.001	-17.002
1682.180	-0.003	-16.999
1683.180	-0.003	-16.999
1684.180	-0.003	-16.996
1685.180	-0.003	-16.997
1686.180	-0.002	-16.994
1687.180	-0.003	-16.993
1688.180	-0.000	-16.993
1689.180	-0.001	-16.990
1690.180	-0.003	-16.990
1691.180	-0.001	-16.989
1692.180	-0.003	-16.986
1693.180	-0.001	-16.985
1694.180	-0.003	-16.983
1695.180	-0.001	-16.983
1696.180	-0.002	-16.981
1697.180	-0.002	-16.980
1698.180	-0.003	-16.979
1699.180	-0.001	-16.979
1700.180	-0.002	-16.977
1701.180	-0.001	-16.975
1702.180	-0.002	-16.973
1703.180	-0.002	-16.973
1704.180	-0.001	-16.971
1705.180	-0.001	-16.969
1706.180	-0.003	-16.969
1707.180	-0.001	-16.969
1708.180	-0.001	-16.967
1709.180	-0.003	-16.965
1710.180	-0.001	-16.964
1711.180	-0.002	-16.963
1712.180	-0.002	-16.962
1713.180	-0.001	-16.960
1714.180	-0.002	-16.958
1715.180	0.001	-16.959
1716.180	-0.002	-16.958
1717.180	-0.001	-16.956
1718.180	-0.002	-16.954
1719.180	-0.003	-16.954
1720.180	-0.001	-16.951
1721.180	-0.002	-16.951
1722.180	-0.000	-16.950
1723.180	-0.002	-16.948
1724.180	-0.002	-16.947
1725.180	-0.001	-16.946
1726.180	-0.002	-16.944
1727.180	-0.002	-16.943
1728.180	-0.001	-16.942
1729.180	-0.000	-16.940
1730.180	-0.002	-16.939
1731.180	-0.002	-16.939
1732.180	-0.002	-16.938
1733.180	-0.002	-16.937
1734.180	-0.003	-16.936
1735.180	-0.003	-16.936
1736.180	-0.003	-16.934
1737.180	-0.003	-16.933
1738.180	-0.001	-16.931
1739.180	-0.002	-16.929
1740.180	-0.002	-16.929
1741.180	-0.003	-16.928
1742.180	-0.001	-16.926
1743.180	0.001	-16.925
1744.180	-0.001	-16.924
1745.180	-0.003	-16.924
1746.180	-0.001	-16.922
1747.180	-0.002	-16.922
1748.180	-0.001	-16.920
1749.180	-0.003	-16.920
1750.180	-0.003	-16.919
1751.180	-0.003	-16.918
1752.180	-0.004	-16.916
1753.180	-0.003	-16.915
1754.180	-0.001	-16.915
1755.180	-0.001	-16.913
1756.180	0.000	-16.912
1757.180	-0.002	-16.912
1758.180	-0.000	-16.910
1759.180	-0.000	-16.909
1760.180	-0.003	-16.839
1761.180	-0.004	-16.838
1762.180	-0.002	-16.837
1763.180	-0.002	-16.837
1764.180	-0.003	-16.836
1765.180	-0.001	-16.837
1766.180	-0.000	-16.836
1767.180	-0.001	-16.835
1768.180	-0.001	-16.834
1769.180	-0.001	-16.836
1770.180	-0.003	-16.832
1771.180	-0.001	-16.834
1772.180	-0.001	-16.833
1773.180	-0.001	-16.849
1774.180	-0.003	-16.852
1775.180	-0.001	-16.851
1776.180	0.000	-16.851
1777.180	-0.002	-16.851
1778.180	-0.003	-16.860
1779.180	-0.003	-16.868
1780.180	-0.003	-16.868
1781.180	-0.003	-16.870
1782.180	-0.001	-16.867
1783.180	-0.003	-16.869
1784.180	-0.003	-16.865
1785.180	-0.003	-16.867
1786.180	-0.002	-16.900
1787.180	-0.002	-16.861
1788.180	0.001	-16.865
1789.180	-0.000	-16.864
1790.180	-0.001	-16.840
1791.180	0.001	-16.833
1792.180	-0.002	-16.830
1793.180	-0.000	-16.827
1794.180	-0.002	-16.797
1795.180	-0.001	-16.801
1796.180	-0.003	-16.799
1797.180	-0.004	-16.833
1798.180	-0.003	-16.833
1799.180	-0.002	-16.814
1800.180	0.001	-16.813
1801.180	-0.001	-16.807
1802.180	-0.002	-16.805
1803.180	0.000	-16.805
1804.180	-0.001	-16.803
1805.180	-0.002	-16.797
1806.180	0.000	-16.799
1807.180	-0.001	-16.800
1808.180	-0.004	-16.808
1809.180	-0.001	-16.824
1810.180	-0.004	-16.832
1811.180	0.000	-16.831
1812.180	-0.002	-16.829
1813.180	-0.002	-16.834
1814.180	-0.001	-16.833
1815.180	0.001	-16.839
1816.180	-0.002	-16.838
1817.180	-0.001	-16.940
1818.180	-0.001	-16.981
1819.180	-0.003	-16.976
1820.180	-0.003	-16.946
1821.180	-0.002	-16.947
1822.180	-0.003	-16.942
1823.180	-0.001	-16.945
1824.180	-0.003	-16.941
1825.180	-0.003	-16.945
1826.180	-0.003	-16.942
1827.180	-0.003	-16.941
1828.180	-0.004	-16.942
1829.180	-0.004	-16.940
1830.180	-0.004	-16.940
1831.180	-0.004	-16.937
1832.180	-0.002	-16.940
1833.180	-0.004	-16.932
1834.180	-0.002	-16.931
1835.180	-0.001	-16.929
1836.180	-0.000	-16.930
1837.180	-0.002	-16.930
1838.180	-0.002	-16.927
1839.180	0.001	-16.933
1840.180	-0.000	-16.937
1841.180	-0.002	-16.951
1842.180	-0.003	-16.955
1843.180	-0.003	-16.951
1844.180	-0.004	-16.948
1845.180	-0.004	-16.931
1846.180	-0.002	-16.931
1847.180	-0.004	-16.930
1848.180	-0.001	-16.929
1849.180	-0.004	-16.927
1850.180	-0.001	-16.926
1851.180	-0.002	-16.925
1852.180	-0.001	-16.926
1853.180	-0.001	-16.927
1854.180	0.001	-16.932
1855.180	-0.001	-16.924
1856.180	-0.004	-16.925
1857.180	-0.001	-16.930
1858.180	-0.001	-16.921
1859.180	-0.002	-16.920
1860.180	-0.001	-16.920
1861.180	-0.003	-16.919
1862.180	-0.001	-16.918
1863.180	-0.001	-16.917
1864.180	-0.003	-16.916
1865.180	-0.002	-16.916
1866.180	-0.003	-16.915
1867.180	-0.003	-16.914
1868.180	0.001	-16.913
1869.180	-0.001	-16.913
1870.180	-0.001	-16.911
1871.180	-0.001	-16.911
1872.180	-0.001	-16.911
1873.180	-0.001	-16.910
1874.180	0.000	-16.908
1875.180	-0.000	-16.907
1876.180	-0.000	-16.907
1877.180	0.000	-16.907
1878.180	-0.003	-16.906
1879.180	-0.003	-16.905
1880.180	-0.003	-16.903
1881.180	-0.003	-16.903
1882.180	-0.000	-16.902
1883.180	-0.002	-16.900
1884.180	0.000	-16.902
1885.180	0.000	-16.900
1886.180	-0.001	-16.899
1887.180	0.000	-16.898
1888.180	-0.003	-16.898
1889.180	-0.002	-16.898
1890.180	-0.001	-16.896
1891.180	-0.003	-16.897
1892.180	-0.003	-16.896
1893.180	-0.003	-16.894
1894.180	-0.003	-16.894
1895.180	-0.001	-16.892
1896.180	-0.002	-16.892
1897.180	-0.001	-16.904
1898.180	-0.001	-16.906
1899.180	-0.003	-16.904
1900.180	-0.001	-16.907
1901.180	-0.002	-16.908
1902.180	0.002	-16.904
1903.180	-0.002	-16.908
1904.180	-0.003	-16.902
1905.180	-0.001	-16.902
1906.180	-0.002	-16.901
1907.180	-0.002	-16.900
1908.180	-0.002	-16.899
1909.180	-0.003	-16.899
1910.180	-0.002	-16.896
1911.180	-0.000	-16.901
1912.180	0.000	-16.901
1913.180	-0.002	-16.900
1914.180	-0.003	-16.895
1915.180	0.001	-16.895
1916.180	0.000	-16.891
1917.180	-0.000	-16.894
1918.180	0.001	-16.894
1919.180	-0.003	-16.894
1920.180	-0.003	-16.891
1921.180	-0.003	-16.889
1922.180	-0.001	-16.888
1923.180	-0.000	-16.886
1924.180	-0.002	-16.887
1925.180	-0.003	-16.889
1926.180	-0.002	-16.885
1927.180	0.001	-16.888
1928.180	-0.001	-16.887
1929.180	-0.003	-16.890
1930.180	-0.003	-16.887
1931.180	-0.003	-16.887
1932.180	0.000	-16.887
1933.180	-0.001	-16.887
1934.180	-0.002	-16.885
1935.180	0.000	-16.885
1936.180	-0.003	-16.883
1937.180	-0.002	-16.882
1938.180	-0.001	-16.882
1940.180	-0.001	-16.881
1941.180	-0.003	-16.880
1942.180	-0.002	-16.879
1943.180	0.000	-16.879
1944.180	-0.002	-16.878
1945.180	-0.002	-16.877
1946.180	-0.003	-16.876
1947.180	-0.001	-16.877
1948.180	-0.002	-16.875
1949.180	-0.000	-16.876
1950.180	-0.002	-16.875
1951.180	-0.000	-16.877
1952.180	-0.001	-16.873
1953.180	-0.001	-16.873
1954.180	0.002	-16.873
1955.180	0.001	-16.873
1956.180	-0.001	-16.872
1957.180	-0.000	-16.872
1958.180	-0.002	-16.871
1959.180	-0.002	-16.869
1960.180	-0.002	-16.870
1961.180	-0.001	-16.868
1962.180	0.001	-16.869
1963.180	0.001	-16.866
1964.180	-0.000	-16.866
1965.180	0.001	-16.865
1966.180	-0.001	-16.865
1967.180	-0.002	-16.864
1968.180	0.000	-16.865
1969.180	0.001	-16.864
1970.180	0.000	-16.862
1971.180	-0.000	-16.862
1972.180	-0.001	-16.861
1973.180	0.001	-16.861
1974.180	0.001	-16.861
1975.180	-0.001	-16.860
1976.180	0.002	-16.858
1977.180	-0.000	-16.860
1978.180	-0.000	-16.857
1979.180	0.000	-16.856
1980.180	-0.002	-16.855
1981.180	-0.002	-16.855
1982.180	-0.002	-16.856
1983.180	-0.001	-16.854
1984.180	-0.000	-16.852
1985.180	-0.002	-16.851
1986.180	0.001	-16.848
1987.180	0.001	-16.847
1988.180	-0.001	-16.849
1989.180	0.001	-16.848
1990.180	-0.000	-16.848
1991.180	-0.001	-16.844
1992.180	0.002	-16.846
1993.180	-0.003	-16.848
1994.180	-0.002	-16.845
1995.180	-0.003	-16.847
1996.180	-0.002	-16.845
1997.180	-0.002	-16.844
1998.180	-0.002	-16.845
1999.180	-0.001	-16.843
2000.180	-0.002	-16.845
2001.180	-0.000	-16.844
2002.180	-0.000	-16.843
2003.180	-0.003	-16.843
2004.180	-0.003	-16.842
2005.180	-0.003	-16.842
2006.180	-0.004	-16.840
2007.180	-0.001	-16.840
2008.180	-0.002	-16.838
2009.180	-0.002	-16.839
2010.180	-0.003	-16.838
2011.180	-0.003	-16.836
2012.180	-0.000	-16.836
2013.180	-0.003	-16.836
2014.180	-0.003	-16.835
2015.180	-0.003	-16.836
2016.180	-0.003	-16.834
2017.180	-0.002	-16.833
2018.180	-0.003	-16.833
2019.180	-0.002	-16.832
2020.180	-0.001	-16.832
2021.180	-0.001	-16.832
2022.180	0.001	-16.831
2023.180	-0.002	-16.831
2024.180	-0.001	-16.831
2025.180	-0.003	-16.828
2026.180	-0.003	-16.828
2027.180	-0.001	-16.828
2028.180	0.001	-16.826
2029.180	-0.003	-16.826
2030.180	-0.000	-16.828
2031.180	-0.003	-16.827
2032.180	-0.003	-16.826
2033.180	-0.003	-16.824
2034.180	0.001	-16.824
2035.180	-0.002	-16.825
2036.180	-0.003	-16.823
2037.180	-0.002	-16.824
2038.180	-0.002	-16.822
2039.180	-0.002	-16.821
2040.180	0.001	-16.819
2041.180	-0.001	-16.820
2042.180	-0.002	-16.819
2043.180	-0.003	-16.819
2044.180	-0.003	-16.819
2045.180	-0.003	-16.817
2046.180	-0.000	-16.816
2047.180	-0.000	-16.815
2048.180	-0.001	-16.815
2049.180	-0.003	-16.814
2050.180	-0.003	-16.814
2051.180	-0.004	-16.806
2052.180	-0.004	-16.805
2053.180	0.001	-16.803
2054.180	-0.000	-16.802
2055.180	-0.001	-16.802
2056.180	-0.000	-16.800
2057.180	-0.003	-16.799
2058.180	0.000	-16.799
2059.180	-0.003	-16.799
2060.180	0.000	-16.798
2061.180	-0.000	-16.797
2062.180	-0.001	-16.796
2063.180	0.000	-16.797
2064.180	-0.000	-16.796
2065.180	-0.002	-16.793
2066.180	-0.001	-16.792
2067.180	-0.004	-16.790
2068.180	-0.003	-16.786
2069.180	-0.002	-16.784
2070.180	-0.001	-16.784
2071.180	-0.001	-16.784
2072.180	-0.003	-16.783
2073.180	-0.002	-16.783
2074.180	-0.003	-16.783
2075.180	-0.003	-16.782
2076.180	-0.003	-16.782
2077.180	-0.002	-16.782
2078.180	-0.003	-16.781
2079.180	-0.000	-16.781
2080.180	-0.001	-16.779
2081.180	-0.002	-16.780
2082.180	-0.003	-16.780
2083.180	-0.002	-16.778
2084.180	-0.002	-16.777
2085.180	-0.003	-16.778
2086.180	-0.001	-16.776
2087.180	-0.001	-16.777
2088.180	0.000	-16.776
2089.180	0.000	-16.774
2090.180	-0.001	-16.774
2091.180	0.002	-16.774
2092.180	-0.001	-16.774
2093.180	-0.000	-16.773
2094.180	0.001	-16.772
2095.180	-0.000	-16.773
2096.180	-0.001	-16.772
2097.180	-0.002	-16.772
2098.180	-0.002	-16.771
2099.180	-0.003	-16.771
2100.180	-0.001	-16.771
2101.180	0.000	-16.768
2102.180	-0.000	-16.767
2103.180	-0.001	-16.770
2104.180	-0.002	-16.767
2105.180	-0.001	-16.767
2106.180	-0.001	-16.768
2107.180	-0.001	-16.767
2108.180	0.000	-16.785
2109.180	-0.002	-16.774
2110.180	0.001	-16.774
2111.180	-0.000	-16.773
2112.180	-0.002	-16.772
2113.180	-0.000	-16.771
2114.180	-0.001	-16.772
2115.180	-0.001	-16.771
2116.180	-0.001	-16.769
2117.180	-0.002	-16.770
2118.180	0.000	-16.771
2119.180	-0.003	-16.772
2120.180	-0.001	-16.772
2121.180	-0.002	-16.771
2122.180	-0.001	-16.772
2123.180	-0.001	-16.770
2124.180	-0.002	-16.770
2125.180	-0.000	-16.771
2126.180	0.002	-16.774
2127.180	-0.001	-16.773
2128.180	-0.002	-16.771
2129.180	-0.003	-16.772
2130.180	0.001	-16.766
2131.180	-0.003	-16.763
2132.180	-0.002	-16.763
2133.180	-0.003	-16.767
2134.180	-0.003	-16.769
2135.180	-0.001	-16.771
2136.180	-0.000	-16.772
2137.180	0.001	-16.769
2138.180	-0.002	-16.769
2139.180	-0.002	-16.768
2140.180	-0.002	-16.770
2141.180	-0.001	-16.769
2142.180	0.000	-16.769
2143.180	-0.002	-16.767
2144.180	0.001	-16.764
2145.180	-0.001	-16.766
2146.180	-0.002	-16.767
2147.180	-0.000	-16.765
2148.180	-0.003	-16.762
2149.180	-0.000	-16.766
2150.180	-0.001	-16.765
2151.180	-0.001	-16.763
2152.180	-0.001	-16.762
2153.180	-0.001	-16.762
2154.180	-0.001	-16.763
2155.180	-0.001	-16.757
2156.180	-0.002	-16.757
2157.180	-0.002	-16.754
2158.180	0.001	-16.753
2159.180	-0.001	-16.756
2160.180	-0.001	-16.752
2161.180	-0.001	-16.754
2162.180	-0.002	-16.752
2163.180	-0.003	-16.752
2164.180	-0.002	-16.750
2165.180	0.000	-16.751
2166.180	-0.002	-16.754
2167.180	-0.003	-16.751
2168.180	-0.001	-16.748
2169.180	-0.002	-16.747
2170.180	-0.000	-16.748
2171.180	-0.001	-16.747
2172.180	-0.003	-16.747
2173.180	-0.003	-16.751
2174.180	-0.003	-16.746
2175.180	-0.003	-16.746
2176.180	-0.003	-16.748
2177.180	-0.000	-16.751
2178.180	-0.003	-16.751
2179.180	-0.003	-16.749
2180.180	-0.002	-16.740
2181.180	0.001	-16.733
2182.180	-0.002	-16.732
2183.180	-0.003	-16.733
2184.180	0.002	-16.730
2185.180	0.000	-16.731
2186.180	-0.000	-16.731
2187.180	0.001	-16.730
2188.180	-0.001	-16.730
2189.180	-0.003	-16.729
2190.180	-0.001	-16.727
2191.180	-0.001	-16.727
2192.180	-0.000	-16.727
2193.180	-0.002	-16.727
2194.180	-0.001	-16.727
2195.180	-0.003	-16.725
2196.180	-0.001	-16.726
2197.180	0.000	-16.724
2198.180	-0.000	-16.724
2199.180	0.000	-16.724
2200.180	-0.001	-16.724
2201.180	-0.001	-16.722
2202.180	-0.002	-16.722
2203.180	-0.003	-16.723
2204.180	0.000	-16.722
2205.180	0.001	-16.721
2206.180	-0.003	-16.721
2207.180	-0.001	-16.720
2208.180	-0.001	-16.720
2209.180	-0.002	-16.720
2210.180	-0.002	-16.719
2211.180	0.001	-16.720
2212.180	-0.002	-16.719
2213.180	-0.001	-16.718
2214.180	-0.002	-16.718
2215.180	-0.001	-16.716
2216.180	0.002	-16.716
2217.180	0.002	-16.716
2218.180	0.002	-16.715
2219.180	0.000	-16.716
2220.180	-0.003	-16.714
2221.180	-0.002	-16.713
2222.180	-0.003	-16.714
2223.180	-0.000	-16.714
2224.180	0.001	-16.712
2225.180	-0.003	-16.712
2226.180	0.000	-16.713
2227.180	0.001	-16.712
2228.180	0.001	-16.711
2229.180	-0.001	-16.710
2230.180	-0.002	-16.711
2231.180	-0.003	-16.710
2232.180	-0.000	-16.706
2233.180	-0.003	-16.708
2234.180	0.000	-16.708
2235.180	-0.004	-16.709
2236.180	-0.001	-16.708
2237.180	-0.004	-16.707
2238.180	0.001	-16.705
2239.180	-0.003	-16.706
2240.180	-0.000	-16.706
2241.180	0.001	-16.706
2242.180	-0.003	-16.705
2243.180	-0.003	-16.705
2244.180	-0.001	-16.703
2245.180	0.001	-16.704
2246.180	0.001	-16.703
2247.180	-0.003	-16.704
2248.180	-0.002	-16.702
2249.180	-0.003	-16.703
2250.180	-0.002	-16.702
2251.180	-0.000	-16.700
2252.180	-0.003	-16.702
2253.180	-0.003	-16.700
2254.180	-0.001	-16.701
2255.180	-0.001	-16.700
2256.180	-0.002	-16.701
2257.180	0.000	-16.699
2258.180	-0.001	-16.698
2259.180	-0.003	-16.697
2260.180	-0.001	-16.698
2261.180	-0.001	-16.698
2262.180	-0.000	-16.698
2263.180	0.001	-16.696
2264.180	0.000	-16.696
2265.180	-0.002	-16.694
2266.180	-0.002	-16.694
2267.180	-0.003	-16.696
2268.180	-0.003	-16.694
2269.180	-0.003	-16.693
2270.180	-0.001	-16.694
2271.180	-0.002	-16.694
2272.180	-0.003	-16.695
2273.180	0.001	-16.693
2274.180	-0.003	-16.693
2275.180	-0.001	-16.692
2276.180	-0.002	-16.692
2277.180	-0.004	-16.691
2278.180	-0.001	-16.691
2279.180	-0.000	-16.691
2280.180	-0.001	-16.690
2281.180	-0.002	-16.688
2282.180	-0.001	-16.689
2283.180	-0.002	-16.689
2284.180	-0.003	-16.688
2285.180	-0.003	-16.687
2286.180	-0.001	-16.688
2287.180	0.000	-16.688
2288.180	-0.003	-16.687
2289.180	-0.000	-16.686
2290.180	-0.004	-16.686
2291.180	0.001	-16.686
2292.180	-0.002	-16.685
2293.180	0.001	-16.684
2294.180	-0.002	-16.684
2295.180	-0.002	-16.683
2296.180	0.001	-16.684
2297.180	0.000	-16.682
2298.180	-0.003	-16.682
2299.180	-0.002	-16.683
2300.180	0.002	-16.682
2301.180	0.000	-16.681
2302.180	-0.003	-16.681
2303.180	0.001	-16.680
2304.180	-0.002	-16.682
2305.180	-0.002	-16.680
2306.180	-0.002	-16.680
2307.180	-0.003	-16.679
2308.180	-0.002	-16.679
2309.180	-0.003	-16.678
2310.180	0.002	-16.678
2311.180	-0.000	-16.676
2312.180	-0.003	-16.676
2313.180	-0.000	-16.677
2314.180	0.001	-16.676
2315.180	-0.002	-16.676
2316.180	-0.001	-16.677
2317.180	0.001	-16.676
2318.180	0.001	-16.675
2319.180	0.000	-16.675
2320.180	0.001	-16.674
2321.180	-0.003	-16.674
2322.180	0.001	-16.673
2323.180	-0.002	-16.673
2324.180	0.000	-16.673
2325.180	-0.003	-16.672
2326.180	-0.001	-16.672
2327.180	0.001	-16.673
2328.180	-0.002	-16.672
2329.180	-0.000	-16.671
2330.180	-0.001	-16.671
2331.180	0.000	-16.672
2332.180	-0.001	-16.671
2333.180	-0.002	-16.670
2334.180	-0.002	-16.670
2335.180	0.002	-16.669
2336.180	-0.003	-16.673
2337.180	-0.001	-16.673
2338.180	0.000	-16.674
2339.180	-0.003	-16.673
2340.180	-0.002	-16.678
2341.180	-0.004	-16.670
2342.180	0.001	-16.677
2343.180	-0.003	-16.675
2344.180	0.000	-16.677
2345.180	-0.001	-16.678
2346.180	-0.001	-16.674
2347.180	-0.003	-16.676
2348.180	-0.001	-16.614
2349.180	-0.003	-16.556
2350.180	-0.003	-16.536
2351.180	0.002	-16.534
2352.180	-0.003	-16.534
2353.180	-0.003	-16.521
2354.180	-0.002	-16.519
2355.180	-0.002	-16.522
2356.180	-0.003	-16.521
2357.180	-0.001	-16.517
2358.180	0.000	-16.515
2359.180	-0.000	-16.514
2360.180	-0.001	-16.514
2361.180	-0.002	-16.510
2362.180	-0.000	-16.538
2363.180	0.002	-16.821
2364.180	-0.003	-16.626
2365.180	-0.001	-16.919
2366.180	0.001	-16.630
2367.180	-0.002	-16.579
2368.180	-0.001	-16.499
2369.180	-0.003	-16.945
2370.180	-0.002	-16.697
2371.180	-0.000	-16.541
2372.180	-0.001	-16.545
2373.180	-0.001	-16.554
2374.180	-0.000	-16.554
2375.180	-0.004	-16.492
2376.180	0.001	-16.492
2377.180	-0.002	-16.495
2378.180	-0.003	-16.493
2379.180	-0.002	-16.493
2380.180	0.001	-16.493
2381.180	-0.005	-16.494
2382.180	-0.002	-16.493
2383.180	-0.004	-16.494
2384.180	-0.001	-16.490
2385.180	-0.004	-16.491
2386.180	0.001	-16.491
2387.180	-0.004	-16.498
2388.180	-0.001	-16.493
2389.180	-0.004	-16.494
2390.180	-0.004	-16.497
2391.180	-0.000	-16.493
2392.180	-0.003	-16.493
2393.180	-0.004	-16.503
2394.180	-0.004	-16.498
2395.180	-0.002	-16.494
2396.180	-0.002	-16.497
2397.180	-0.004	-16.459
2398.180	-0.005	-16.490
2399.180	0.001	-16.496
2400.180	-0.004	-16.502
2401.180	-0.001	-16.472
2402.180	-0.003	-16.452
2403.180	-0.004	-16.450
2404.180	-0.000	-16.450
2405.180	-0.001	-16.451
2406.180	-0.002	-16.471
2407.180	0.001	-16.446
2408.180	-0.004	-16.448
2409.180	-0.002	-16.450
2410.180	-0.003	-16.449
2411.180	-0.001	-16.449
2412.180	-0.003	-16.446
2413.180	-0.001	-16.446
2414.180	-0.002	-16.445
2415.180	-0.002	-16.446
2416.180	-0.004	-16.446
2417.180	-0.002	-16.445
2418.180	-0.001	-16.446
2419.180	-0.003	-16.455
2420.180	-0.004	-16.492
2421.180	-0.000	-16.496
2422.180	-0.004	-16.489
2423.180	-0.002	-16.479
2424.180	-0.001	-16.482
2425.180	0.000	-16.480
2426.180	-0.003	-16.478
2427.180	-0.003	-16.480
2428.180	-0.003	-16.480
2429.180	-0.003	-16.480
2430.180	-0.000	-16.580
2431.180	-0.001	-16.579
2432.180	-0.003	-16.578
2433.180	-0.003	-16.578
2434.180	-0.002	-16.579
2435.180	-0.003	-16.576
2436.180	-0.002	-16.578
2437.180	-0.000	-16.578
2438.180	-0.003	-16.577
2439.180	-0.001	-16.576
2440.180	-0.003	-16.577
2441.180	-0.001	-16.575
2442.180	-0.004	-16.575
2443.180	0.000	-16.573
2444.180	-0.002	-16.576
2445.180	0.000	-16.574
2446.180	-0.002	-16.573
2447.180	-0.001	-16.573
2448.180	-0.003	-16.573
2449.180	-0.001	-16.573
2450.180	-0.003	-16.573
2451.180	-0.002	-16.572
2452.180	0.002	-16.572
2453.180	-0.003	-16.571
2454.180	-0.002	-16.572
2455.180	-0.003	-16.571
2456.180	-0.000	-16.570
2457.180	-0.003	-16.570
2458.180	0.002	-16.569
2459.180	-0.001	-16.569
2460.180	-0.000	-16.569
2461.180	-0.001	-16.569
2462.180	-0.003	-16.569
2463.180	0.001	-16.569
2464.180	-0.002	-16.567
2465.180	-0.001	-16.565
2466.180	0.000	-16.566
2467.180	-0.002	-16.567
2468.180	-0.001	-16.566
2469.180	-0.003	-16.565
2470.180	-0.001	-16.564
2471.180	-0.001	-16.566
2472.180	0.002	-16.566
2473.180	0.000	-16.564
2474.180	-0.002	-16.564
2475.180	0.001	-16.563
2476.180	-0.003	-16.563
2477.180	0.000	-16.563
2478.180	-0.003	-16.564
2479.180	-0.003	-16.562
2480.180	0.002	-16.563
2481.180	-0.000	-16.562
2482.180	-0.001	-16.562
2483.180	0.001	-16.561
2484.180	-0.002	-16.561
2485.180	-0.003	-16.561
2486.180	0.000	-16.561
2487.180	-0.001	-16.561
2488.180	0.000	-16.560
2489.180	0.001	-16.560
2490.180	0.001	-16.559
2491.180	0.001	-16.560
2492.180	0.000	-16.560
2493.180	-0.001	-16.559
2494.180	-0.002	-16.556
2495.180	-0.003	-16.558
2496.180	-0.001	-16.557
2497.180	-0.000	-16.556
2498.180	-0.000	-16.558
2499.180	-0.001	-16.557
2500.180	-0.001	-16.556
2501.180	-0.003	-16.555
2502.180	0.001	-16.554
2503.180	-0.000	-16.555
2504.180	-0.002	-16.555
2505.180	0.000	-16.554
2506.180	0.001	-16.555
2507.180	-0.003	-16.554
2508.180	0.001	-16.555
2509.180	-0.002	-16.553
2510.180	-0.001	-16.553
2511.180	-0.003	-16.553
2512.180	-0.002	-16.551
2513.180	-0.001	-16.550
2514.180	-0.001	-16.551
2515.180	-0.001	-16.552
2516.180	-0.000	-16.551
2517.180	-0.003	-16.550
2518.180	0.002	-16.551
2519.180	-0.001	-16.549
2520.180	0.001	-16.549
2521.180	-0.002	-16.549
2522.180	-0.001	-16.549
2523.180	0.000	-16.549
2524.180	0.001	-16.548
2525.180	-0.003	-16.549
2526.180	-0.000	-16.548
2527.180	0.001	-16.548
2528.180	-0.003	-16.548
2529.180	-0.000	-16.548
2530.180	-0.003	-16.546
2531.180	0.001	-16.546
2532.180	0.001	-16.546
2533.180	-0.003	-16.545
2534.180	-0.001	-16.547
2535.180	-0.000	-16.547
2536.180	0.000	-16.545
2537.180	-0.003	-16.545
2538.180	0.000	-16.543
2539.180	-0.000	-16.543
2540.180	-0.003	-16.543
2541.180	0.001	-16.544
2542.180	-0.003	-16.544
2543.180	0.001	-16.543
2544.180	-0.003	-16.541
2545.180	-0.001	-16.542
2546.180	-0.000	-16.541
2547.180	-0.003	-16.541
2548.180	-0.002	-16.541
2549.180	-0.001	-16.540
2550.180	0.001	-16.541
2551.180	-0.003	-16.540
2552.180	-0.002	-16.540
2553.180	-0.001	-16.539
2554.180	-0.001	-16.540
2555.180	-0.003	-16.538
2556.180	-0.003	-16.538
2557.180	-0.002	-16.538
2558.180	-0.000	-16.539
2559.180	0.000	-16.538
2560.180	-0.001	-16.536
2561.180	-0.001	-16.536
2562.180	0.000	-16.537
2563.180	0.002	-16.537
2564.180	0.000	-16.537
2565.180	-0.002	-16.534
2566.180	-0.002	-16.536
2567.180	-0.002	-16.535
2568.180	-0.002	-16.534
2569.180	-0.002	-16.534
2570.180	-0.002	-16.535
2571.180	-0.002	-16.534
2572.180	-0.002	-16.533
2573.180	-0.001	-16.534
2574.180	0.002	-16.532
2575.180	0.000	-16.533
2576.180	-0.001	-16.533
2577.180	-0.000	-16.533
2578.180	-0.002	-16.531
2579.180	-0.002	-16.530
2580.180	-0.003	-16.531
2581.180	0.002	-16.531
2582.180	-0.000	-16.529
2583.180	-0.002	-16.531
2584.180	-0.002	-16.530
2585.180	-0.003	-16.529
2586.180	-0.000	-16.530
2587.180	-0.000	-16.528
2588.180	-0.000	-16.530
2589.180	-0.003	-16.529
2590.180	0.002	-16.528
2591.180	0.001	-16.526
2592.180	0.002	-16.527
2593.180	-0.002	-16.526
2594.180	-0.002	-16.527
2595.180	0.000	-16.526
2596.180	-0.001	-16.526
2597.180	-0.002	-16.525
2598.180	-0.003	-16.526
2599.180	-0.003	-16.526
2600.180	-0.003	-16.523
2601.180	0.001	-16.524
2602.180	0.001	-16.525
2603.180	-0.001	-16.524
2604.180	-0.003	-16.524
2605.180	-0.000	-16.524
2606.180	-0.001	-16.523
2607.180	-0.003	-16.523
2608.180	-0.002	-16.523
2609.180	-0.000	-16.521
2610.180	-0.000	-16.523
2611.180	0.000	-16.522
2612.180	-0.003	-16.522
2613.180	-0.001	-16.522
2614.180	-0.002	-16.521
2615.180	-0.003	-16.521
2616.180	-0.003	-16.521
2617.180	-0.001	-16.520
2618.180	0.001	-16.520
2619.180	-0.003	-16.520
2620.180	-0.002	-16.519
2621.180	-0.003	-16.520
2622.180	0.002	-16.519
2623.180	-0.001	-16.519
2624.180	-0.001	-16.518
2625.180	0.001	-16.518
2626.180	-0.001	-16.517
2627.180	-0.002	-16.518
2628.180	-0.003	-16.515
2629.180	0.001	-16.517
2630.180	0.001	-16.517
2631.180	-0.003	-16.516
2632.180	0.000	-16.516
2633.180	-0.000	-16.514
2634.180	0.001	-16.515
2635.180	0.001	-16.514
2636.180	-0.000	-16.515
2637.180	-0.004	-16.514
2638.180	-0.001	-16.514
2639.180	-0.004	-16.513
2640.180	0.001	-16.513
2641.180	-0.003	-16.513
2642.180	0.000	-16.513
2643.180	-0.002	-16.513
2644.180	-0.003	-16.513
2645.180	-0.002	-16.511
2646.180	-0.000	-16.513
2647.180	-0.003	-16.511
2648.180	0.001	-16.511
2649.180	0.000	-16.511
2650.180	-0.001	-16.511
2651.180	0.000	-16.510
2652.180	-0.003	-16.509
2653.180	-0.000	-16.510
2654.180	-0.001	-16.510
2655.180	-0.004	-16.510
2656.180	-0.003	-16.509
2657.180	-0.002	-16.508
2658.180	-0.001	-16.508
2659.180	-0.001	-16.508
2660.180	-0.001	-16.507
2661.180	-0.003	-16.508
2662.180	-0.003	-16.507
2663.180	-0.002	-16.507
2664.180	-0.004	-16.505
2665.180	-0.002	-16.506
2666.180	-0.004	-16.507
2667.180	-0.003	-16.506
2668.180	-0.001	-16.505
2669.180	-0.001	-16.505
2670.180	-0.001	-16.504
2671.180	-0.003	-16.505
2672.180	-0.000	-16.503
2673.180	-0.002	-16.504
2674.180	-0.001	-16.504
2675.180	-0.002	-16.502
2676.180	0.001	-16.503
2677.180	-0.000	-16.505
2678.180	-0.001	-16.502
2679.180	-0.003	-16.502
2680.180	0.001	-16.502
2681.180	-0.003	-16.501
2682.180	-0.000	-16.502
2683.180	-0.003	-16.501
2684.180	-0.001	-16.502
2685.180	-0.001	-16.502
2686.180	-0.003	-16.499
2687.180	-0.003	-16.501
2688.180	-0.001	-16.500
2689.180	0.002	-16.499
2690.180	-0.001	-16.499
2691.180	-0.002	-16.498
2692.180	-0.004	-16.500
2693.180	0.001	-16.498
2694.180	-0.001	-16.498
2695.180	-0.003	-16.497
2696.180	-0.000	-16.497
2697.180	-0.002	-16.497
2698.180	0.000	-16.498
2699.180	-0.001	-16.497
2700.180	-0.002	-16.496
2701.180	-0.001	-16.496
2702.180	0.001	-16.495
2703.180	-0.001	-16.495
2704.180	-0.003	-16.495
2705.180	-0.003	-16.495
2706.180	-0.000	-16.494
2707.180	-0.000	-16.494
2708.180	-0.004	-16.495
2709.180	-0.002	-16.495
2710.180	-0.001	-16.493
2711.180	-0.001	-16.494
2712.180	-0.003	-16.493
2713.180	-0.003	-16.494
2714.180	-0.000	-16.492
2715.180	-0.001	-16.494
2716.180	-0.003	-16.492
2717.180	-0.004	-16.492
2718.180	0.000	-16.492
2719.180	0.001	-16.490
2720.180	0.000	-16.491
2721.180	0.001	-16.490
2722.180	-0.003	-16.491
2723.180	-0.000	-16.490
2724.180	0.000	-16.490
2725.180	-0.003	-16.491
2726.180	-0.003	-16.490
2727.180	-0.003	-16.489
2728.180	0.001	-16.490
2729.180	-0.004	-16.489
2730.180	0.000	-16.489
2731.180	-0.003	-16.488
2732.180	-0.004	-16.489
2733.180	-0.002	-16.487
2734.180	0.000	-16.487
2735.180	-0.004	-16.487
2736.180	-0.001	-16.488
2737.180	-0.003	-16.486
2738.180	-0.002	-16.486
2739.180	-0.001	-16.487
2740.180	-0.001	-16.486
2741.180	-0.001	-16.486
2742.180	-0.004	-16.486
2743.180	-0.001	-16.485
2744.180	-0.002	-16.483
2745.180	-0.001	-16.483
2746.180	-0.003	-16.484
2747.180	-0.001	-16.485
2748.180	-0.001	-16.484
2749.180	-0.003	-16.483
2750.180	0.000	-16.482
2751.180	-0.003	-16.484
2752.180	-0.001	-16.482
2753.180	0.001	-16.480
2754.180	-0.001	-16.482
2755.180	-0.001	-16.483
2756.180	-0.004	-16.482
2757.180	-0.001	-16.481
2758.180	0.000	-16.482
2759.180	-0.003	-16.482
2760.180	-0.001	-16.481
2761.180	-0.001	-16.481
2762.180	-0.004	-16.480
2763.180	-0.001	-16.479
2764.180	-0.003	-16.482
2765.180	0.000	-16.480
2766.180	-0.002	-16.479
2767.180	-0.001	-16.479
2768.180	-0.003	-16.477
2769.180	-0.003	-16.479
2770.180	-0.001	-16.478
2771.180	-0.001	-16.477
2772.180	-0.003	-16.478
2773.180	-0.002	-16.477
2774.180	-0.003	-16.477
2775.180	-0.001	-16.477
2776.180	0.001	-16.477
2777.180	-0.001	-16.475
2778.180	-0.002	-16.476
2779.180	-0.001	-16.475
2780.180	-0.002	-16.477
2781.180	-0.002	-16.474
2782.180	-0.003	-16.475
2783.180	0.002	-16.474
2784.180	-0.003	-16.474
2785.180	0.000	-16.475
2786.180	-0.003	-16.474
2787.180	-0.003	-16.474
2788.180	0.002	-16.474
2789.180	-0.002	-16.473
2790.180	0.000	-16.474
2791.180	-0.002	-16.473
2792.180	-0.001	-16.473
2793.180	-0.004	-16.472
2794.180	-0.001	-16.473
2795.180	-0.003	-16.472
2796.180	-0.002	-16.470
2797.180	0.001	-16.471
2798.180	-0.000	-16.471
2799.180	-0.003	-16.472
2800.180	-0.004	-16.470
2801.180	-0.002	-16.470
2802.180	-0.001	-16.470
2803.180	-0.003	-16.470
2804.180	-0.002	-16.470
2805.180	-0.003	-16.469
2806.180	-0.000	-16.470
2807.180	-0.004	-16.468
2808.180	-0.003	-16.468
2809.180	-0.001	-16.469
2810.180	-0.004	-16.468
2811.180	0.001	-16.466
2812.180	-0.004	-16.467
2813.180	-0.000	-16.468
2814.180	0.000	-16.467
2815.180	-0.003	-16.467
2816.180	-0.004	-16.467
2817.180	-0.002	-16.466
2818.180	-0.001	-16.465
2819.180	-0.004	-16.465
2820.180	0.000	-16.466
2821.180	-0.000	-16.466
2822.180	-0.002	-16.465
2823.180	-0.002	-16.464
2824.180	-0.003	-16.464
2825.180	-0.004	-16.463
2826.180	-0.001	-16.462
2827.180	-0.003	-16.463
2828.180	-0.004	-16.465
2829.180	0.000	-16.463
2830.180	0.002	-16.462
2831.180	0.001	-16.462
2832.180	0.001	-16.462
2833.180	-0.000	-16.462
2834.180	-0.002	-16.460
2835.180	-0.001	-16.462
2836.180	-0.003	-16.460
2837.180	-0.003	-16.461
2838.180	-0.001	-16.460
2839.180	-0.003	-16.460
2840.180	0.001	-16.459
2841.180	0.001	-16.460
2842.180	-0.003	-16.461
2843.180	0.001	-16.459
2844.180	-0.003	-16.459
2845.180	-0.002	-16.459
2846.180	-0.002	-16.458
2847.180	-0.001	-16.458
2848.180	-0.000	-16.456
2849.180	0.001	-16.458
2850.180	-0.003	-16.457
2851.180	-0.000	-16.456
2852.180	-0.003	-16.457
2853.180	-0.000	-16.458
2854.180	0.001	-16.457
2855.180	-0.003	-16.455
2856.180	-0.001	-16.457
2857.180	0.001	-16.456
2858.180	-0.001	-16.454
2859.180	-0.003	-16.456
2860.180	-0.003	-16.454
2861.180	-0.002	-16.455
2862.180	-0.003	-16.455
2863.180	-0.000	-16.455
2864.180	-0.003	-16.455
2865.180	0.001	-16.455
2866.180	-0.003	-16.454
2867.180	-0.004	-16.453
2869.180	-0.002	-16.454
2870.180	0.002	-16.452
2871.180	0.001	-16.451
2872.180	0.000	-16.452
2873.180	-0.003	-16.453
2874.180	-0.002	-16.450
2875.180	-0.001	-16.451
2876.180	-0.003	-16.451
2877.180	-0.001	-16.451
2878.180	-0.002	-16.452
2879.180	-0.003	-16.450
2880.180	-0.003	-16.449
2881.180	-0.001	-16.452
2882.180	-0.002	-16.450
2883.180	-0.003	-16.449
2884.180	-0.003	-16.449
2885.180	-0.002	-16.448
2886.180	0.000	-16.449
2887.180	-0.004	-16.448
2888.180	-0.003	-16.448
2889.180	-0.001	-16.451
2890.180	-0.003	-16.450
2891.180	-0.001	-16.450
2892.180	-0.002	-16.449
2893.180	-0.002	-16.450
2894.180	-0.001	-16.452
2895.180	-0.002	-16.451
2896.180	-0.004	-16.451
2897.180	-0.004	-16.452
2898.180	-0.003	-16.450
2899.180	-0.004	-16.329
2900.180	-0.002	-16.328
2901.180	-0.004	-16.330
2902.180	-0.002	-16.324
2903.180	-0.000	-16.324
2904.180	-0.004	-16.324
2905.180	-0.003	-16.301
2906.180	-0.001	-16.303
2907.180	-0.002	-16.302
2908.180	-0.002	-16.300
2909.180	0.001	-16.442
2910.180	-0.002	-16.519
2911.180	-0.003	-16.502
2912.180	-0.004	-16.378
2913.180	0.001	-16.691
2914.180	-0.001	-16.717
2915.180	-0.002	-16.545
2916.180	-0.002	-16.688
2917.180	-0.004	-16.805
2918.180	-0.004	-17.010
2919.180	-0.004	-17.004
2920.180	-0.003	-16.949
2921.180	-0.002	-16.977
2922.180	-0.002	-16.977
2923.180	-0.002	-16.977
2924.180	-0.004	-16.976
2925.180	-0.004	-16.948
2926.180	-0.001	-16.812
2927.180	-0.000	-16.887
2928.180	-0.004	-16.766
2929.180	-0.000	-16.673
2930.180	-0.004	-16.674
2931.180	-0.004	-16.666
2932.180	-0.001	-16.667
2933.180	-0.002	-16.648
2934.180	-0.000	-16.651
2935.180	-0.001	-16.647
2936.180	-0.004	-16.647
2937.180	-0.002	-16.649
2938.180	-0.001	-16.647
2939.180	-0.002	-16.650
2940.180	-0.002	-16.650
2941.180	-0.002	-16.649
2942.180	-0.001	-16.648
2943.180	-0.002	-16.648
2944.180	-0.002	-16.656
2945.180	-0.004	-16.656
2946.180	-0.003	-16.656
2947.180	-0.002	-16.654
2948.180	-0.001	-16.655
2949.180	-0.004	-16.832
2950.180	-0.003	-16.847
2951.180	-0.001	-16.850
2952.180	0.001	-16.891
2953.180	-0.002	-16.891
2954.180	-0.004	-16.889
2955.180	-0.004	-16.895
2956.180	-0.003	-16.895
2957.180	-0.001	-16.888
2958.180	-0.003	-16.946
2959.180	-0.003	-17.037
2960.180	-0.002	-17.084
2961.180	-0.003	-17.086
2962.180	-0.003	-17.084
2963.180	-0.000	-17.084
2965.180	0.002	-17.084
2966.180	-0.001	-17.085
2967.180	0.001	-17.083
2968.180	0.000	-17.084
2969.180	-0.001	-17.082
2970.180	-0.003	-17.084
2971.180	-0.000	-17.082
2972.180	-0.001	-17.082
2973.180	-0.002	-17.081
2974.180	-0.000	-17.081
2975.180	-0.001	-17.081
2976.180	-0.003	-17.081
2977.180	-0.003	-17.081
2978.180	0.001	-17.081
2979.180	-0.001	-17.081
2980.180	-0.008	-17.080
2981.180	-0.033	-17.080
2982.180	0.001	-17.079
2983.180	-0.003	-17.080
2984.180	0.000	-17.079
2985.180	-0.001	-17.080
2986.180	0.001	-17.078
2987.180	0.000	-17.079
2988.180	-0.001	-17.079
2989.180	-0.002	-17.078
2990.180	0.001	-17.077
2991.180	-0.003	-17.077
2992.180	0.000	-17.076
2993.180	-0.003	-17.077
2994.180	-0.003	-17.077
2995.180	-0.001	-17.077
2996.180	-0.001	-17.077
2997.180	-0.003	-17.076
2998.180	0.000	-17.076
2999.180	-0.004	-17.076
3000.180	-0.002	-17.075
3001.180	-0.001	-17.077
3002.180	-0.000	-17.075
3003.180	-0.004	-17.075
3004.180	-0.001	-17.076
3005.180	-0.000	-17.077
3006.180	0.000	-17.074
3007.180	-0.002	-17.075
3008.180	-0.001	-17.075
3009.180	-0.002	-17.075
3010.180	-0.001	-17.076
3011.180	-0.001	-17.076
3012.180	0.000	-17.077
3013.180	0.000	-17.086
3014.180	-0.001	-17.088
3015.180	-0.004	-17.085
3016.180	-0.003	-17.085
3017.180	-0.002	-17.082
3018.180	-0.000	-17.081
3019.180	0.001	-17.081
3020.180	-0.003	-17.079
3021.180	-0.004	-17.001
3022.180	-0.004	-17.034
3023.180	-0.001	-17.017
3024.180	-0.003	-16.913
3025.180	-0.001	-16.913
3026.180	-0.004	-16.843
3027.180	-0.004	-16.924
3028.180	-0.004	-16.998
3029.180	0.000	-16.935
3030.180	-0.000	-17.018
3031.180	-0.004	-16.920
3032.180	-0.003	-16.865
3033.180	-0.001	-16.937
3034.180	-0.002	-17.029
3035.180	-0.004	-17.031
3036.180	-0.004	-17.047
3037.180	-0.002	-17.076
3038.180	-0.001	-17.077
3039.180	-0.004	-17.087
3040.180	-0.002	-17.089
3041.180	-0.000	-17.083
3042.180	-0.003	-16.853
3043.180	-0.004	-16.854
3044.180	-0.004	-16.854
3045.180	-0.002	-16.853
3046.180	-0.001	-16.888
3047.180	-0.002	-16.894
3048.180	-0.002	-16.906
3049.180	-0.004	-16.911
3050.180	-0.004	-16.924
3051.180	-0.005	-17.065
3052.180	-0.004	-16.889
3053.180	-0.001	-16.836
3054.180	-0.005	-16.815
3055.180	-0.005	-16.815
3056.180	-0.003	-16.811
3057.180	0.000	-16.793
3058.180	0.000	-16.787
3059.180	-0.000	-16.788
3060.180	-0.003	-16.796
3061.180	-0.004	-16.786
3062.180	-0.001	-16.786
3063.180	-0.003	-16.786
3064.180	-0.004	-16.785
3065.180	-0.004	-16.786
3066.180	-0.004	-16.785
3067.180	-0.004	-16.784
3068.180	-0.003	-16.785
3069.180	-0.001	-16.784
3070.180	-0.001	-16.786
3071.180	-0.001	-16.786
3072.180	0.000	-16.786
3073.180	-0.001	-16.785
3074.180	-0.000	-16.784
3075.180	-0.004	-16.784
3076.180	-0.002	-16.784
3077.180	-0.004	-16.784
3078.180	-0.004	-16.783
3079.180	-0.002	-16.784
3080.180	-0.004	-16.783
3081.180	-0.002	-16.783
3082.180	-0.001	-16.782
3083.180	-0.003	-16.782
3084.180	-0.003	-16.782
3085.180	-0.004	-16.780
3086.180	-0.003	-16.781
3087.180	-0.004	-16.782
3088.180	0.001	-16.782
3089.180	-0.004	-16.781
3090.180	0.000	-16.781
3091.180	-0.000	-16.780
3092.180	-0.004	-16.782
3093.180	-0.001	-16.780
3094.180	-0.003	-16.781
3095.180	0.002	-16.779
3096.180	-0.002	-16.780
3097.180	-0.003	-16.779
3098.180	-0.000	-16.778
3099.180	0.000	-16.778
3100.180	-0.002	-16.779
3101.180	-0.000	-16.777
3102.180	0.000	-16.779
3103.180	-0.004	-16.777
3104.180	-0.003	-16.778
3105.180	-0.003	-16.777
3106.180	-0.004	-16.777
3107.180	-0.001	-16.777
3108.180	-0.000	-16.776
3109.180	-0.001	-16.777
3110.180	0.001	-16.776
3111.180	-0.001	-16.776
3112.180	-0.003	-16.776
3113.180	-0.001	-16.776
3114.180	0.001	-16.776
3115.180	-0.002	-16.776
3116.180	-0.001	-16.774
3117.180	-0.001	-16.773
3118.180	0.001	-16.772
3119.180	0.002	-16.775
3120.180	-0.003	-16.772
3121.180	-0.002	-16.773
3122.180	-0.003	-16.773
3123.180	-0.003	-16.774
3124.180	0.001	-16.774
3125.180	-0.003	-16.774
3126.180	-0.002	-16.772
3127.180	0.001	-16.773
3128.180	0.000	-16.774
3129.180	-0.001	-16.772
3130.180	-0.003	-16.772
3131.180	-0.002	-16.772
3132.180	-0.003	-16.772
3133.180	0.000	-16.773
3134.180	-0.001	-16.771
3135.180	-0.002	-16.770
3136.180	-0.000	-16.771
3137.180	0.001	-16.771
3138.180	-0.001	-16.770
3139.180	-0.002	-16.770
3140.180	-0.000	-16.769
3141.180	-0.002	-16.769
3142.180	-0.003	-16.770
3143.180	-0.000	-16.770
3144.180	-0.001	-16.767
3145.180	-0.002	-16.768
3146.180	-0.003	-16.769
3147.180	-0.000	-16.768
3148.180	0.001	-16.768
3149.180	0.002	-16.768
3150.180	-0.002	-16.768
3151.180	-0.001	-16.767
3152.180	-0.000	-16.768
3153.180	0.000	-16.767
3154.180	-0.002	-16.766
3155.180	-0.003	-16.767
3156.180	-0.003	-16.767
3157.180	-0.001	-16.766
3158.180	-0.001	-16.766
3159.180	-0.003	-16.767
3160.180	-0.002	-16.766
3161.180	-0.001	-16.764
3162.180	-0.004	-16.767
3163.180	-0.003	-16.766
3164.180	0.000	-16.766
3165.180	0.000	-16.764
3166.180	-0.002	-16.764
3167.180	-0.003	-16.764
3168.180	-0.001	-16.765
3169.180	-0.001	-16.765
3170.180	-0.004	-16.762
3171.180	0.001	-16.764
3172.180	0.001	-16.762
3173.180	0.001	-16.763
3174.180	-0.003	-16.763
3175.180	-0.003	-16.764
3176.180	-0.000	-16.764
3177.180	-0.000	-16.762
3178.180	-0.003	-16.762
3179.180	-0.000	-16.762
3180.180	0.001	-16.760
3181.180	0.001	-16.761
3182.180	-0.001	-16.759
3183.180	-0.003	-16.762
3184.180	0.002	-16.760
3185.180	-0.001	-16.762
3186.180	-0.004	-16.760
3187.180	-0.001	-16.761
3188.180	-0.003	-16.759
3189.180	0.000	-16.758
3190.180	0.001	-16.759
3191.180	-0.002	-16.758
3192.180	-0.002	-16.759
3193.180	-0.002	-16.759
3194.180	-0.004	-16.759
3195.180	-0.002	-16.757
3196.180	-0.002	-16.758
3197.180	-0.002	-16.758
3198.180	-0.003	-16.757
3199.180	-0.002	-16.756
3200.180	0.001	-16.757
3201.180	-0.003	-16.756
3202.180	-0.003	-16.757
3203.180	-0.003	-16.759
3204.180	-0.003	-16.758
3205.180	-0.001	-16.756
3206.180	-0.003	-16.755
3207.180	-0.003	-16.755
3208.180	0.001	-16.755
3209.180	-0.001	-16.756
3210.180	-0.003	-16.754
3211.180	-0.001	-16.756
3212.180	-0.002	-16.755
3213.180	-0.004	-16.754
3214.180	-0.003	-16.753
3215.180	-0.000	-16.754
3216.180	-0.003	-16.752
3217.180	-0.003	-16.753
3218.180	-0.003	-16.754
3219.180	0.000	-16.752
3220.180	-0.000	-16.753
3221.180	-0.001	-16.752
3222.180	-0.003	-16.753
3223.180	-0.000	-16.753
3224.180	0.001	-16.752
3225.180	-0.003	-16.750
3226.180	-0.001	-16.752
3227.180	-0.003	-16.751
3228.180	0.001	-16.751
3229.180	-0.001	-16.750
3230.180	-0.003	-16.751
3231.180	-0.000	-16.750
3232.180	-0.003	-16.750
3233.180	-0.003	-16.751
3234.180	0.000	-16.750
3235.180	0.001	-16.751
3236.180	-0.003	-16.750
3237.180	-0.003	-16.752
3238.180	-0.003	-16.751
3239.180	-0.003	-16.753
3240.180	-0.003	-16.751
3241.180	-0.003	-16.750
3242.180	-0.003	-16.751
3243.180	-0.001	-16.752
3244.180	0.001	-16.749
3245.180	-0.001	-16.751
3246.180	-0.001	-16.750
3247.180	-0.001	-16.750
3248.180	-0.000	-16.751
3249.180	0.001	-16.749
3250.180	-0.002	-16.750
3251.180	0.002	-16.750
3252.180	-0.001	-16.749
3253.180	-0.004	-16.749
3254.180	-0.001	-16.748
3255.180	-0.004	-16.750
3256.180	-0.002	-16.748
3257.180	-0.003	-16.748
3258.180	-0.003	-16.748
3259.180	-0.000	-16.748
3260.180	-0.001	-16.749
3261.180	-0.001	-16.748
3262.180	0.002	-16.747
3263.180	0.001	-16.748
3264.180	0.000	-16.748
3265.180	-0.002	-16.747
3266.180	-0.004	-16.747
3267.180	-0.002	-16.748
3268.180	-0.003	-16.746
3269.180	-0.002	-16.746
3270.180	-0.002	-16.746
3271.180	-0.003	-16.745
3272.180	-0.001	-16.746
3273.180	-0.002	-16.744
3274.180	-0.000	-16.745
3275.180	-0.001	-16.743
3276.180	-0.003	-16.744
3277.180	0.000	-16.745
3278.180	-0.002	-16.743
3279.180	-0.003	-16.743
3280.180	-0.003	-16.743
3281.180	-0.002	-16.743
3282.180	0.001	-16.744
3283.180	0.000	-16.744
3284.180	0.002	-16.742
3285.180	0.001	-16.743
3286.180	-0.003	-16.743
3287.180	-0.000	-16.741
3288.180	-0.002	-16.742
3289.180	-0.003	-16.742
3290.180	-0.001	-16.741
3291.180	-0.000	-16.740
3292.180	-0.002	-16.742
3293.180	-0.003	-16.740
3294.180	-0.001	-16.741
3295.180	-0.004	-16.741
3296.180	0.001	-16.740
3297.180	-0.001	-16.739
3298.180	-0.002	-16.741
3299.180	-0.001	-16.739
3300.180	0.002	-16.740
3301.180	0.001	-16.739
3302.180	-0.000	-16.739
3303.180	-0.002	-16.738
3304.180	0.001	-16.739
3305.180	-0.004	-16.738
3306.180	-0.002	-16.740
3307.180	-0.003	-16.738
3308.180	-0.004	-16.737
3309.180	-0.001	-16.736
3310.180	-0.004	-16.739
3311.180	-0.003	-16.740
3312.180	0.000	-16.737
3313.180	0.001	-16.737
3314.180	-0.002	-16.737
3315.180	-0.001	-16.737
3316.180	-0.002	-16.738
3317.180	-0.002	-16.740
3318.180	-0.002	-16.736
3319.180	-0.004	-16.735
3320.180	-0.004	-16.738
3321.180	-0.002	-16.736
3322.180	-0.000	-16.736
3323.180	-0.001	-16.735
3324.180	-0.001	-16.736
3325.180	-0.000	-16.736
3326.180	-0.001	-16.736
3327.180	-0.000	-16.737
3328.180	-0.001	-16.735
3329.180	-0.001	-16.734
3330.180	-0.004	-16.735
3331.180	-0.004	-16.736
3332.180	-0.004	-16.733
3333.180	-0.002	-16.735
3334.180	-0.001	-16.732
3335.180	-0.000	-16.734
3336.180	-0.001	-16.733
3337.180	0.000	-16.732
3338.180	-0.001	-16.733
3339.180	-0.004	-16.732
3340.180	-0.003	-16.732
3341.180	0.001	-16.733
3342.180	-0.001	-16.733
3343.180	-0.002	-16.732
3344.180	-0.000	-16.731
3345.180	-0.004	-16.732
3346.180	-0.004	-16.732
3347.180	-0.003	-16.732
3348.180	-0.002	-16.731
3349.180	-0.003	-16.731
3350.180	-0.002	-16.732
3351.180	-0.001	-16.731
3352.180	0.000	-16.731
3353.180	-0.002	-16.730
3354.180	-0.002	-16.729
3355.180	0.000	-16.730
3356.180	0.002	-16.730
3357.180	-0.003	-16.729
3358.180	-0.003	-16.730
3359.180	-0.000	-16.728
3360.180	-0.003	-16.729
3361.180	-0.001	-16.729
3362.180	-0.000	-16.729
3363.180	-0.001	-16.728
3364.180	-0.001	-16.727
3365.180	-0.003	-16.728
3366.180	-0.001	-16.727
3367.180	-0.004	-16.727
3368.180	-0.001	-16.726
3369.180	-0.001	-16.726
3370.180	-0.004	-16.727
3371.180	0.001	-16.727
3372.180	-0.002	-16.728
3373.180	-0.001	-16.726
3374.180	-0.004	-16.726
3375.180	-0.004	-16.725
3376.180	-0.004	-16.728
3377.180	-0.003	-16.726
3378.180	-0.004	-16.725
3379.180	-0.004	-16.725
3380.180	-0.004	-16.725
3381.180	-0.002	-16.726
3382.180	-0.001	-16.725
3383.180	-0.004	-16.724
3384.180	-0.002	-16.724
3385.180	-0.000	-16.724
3386.180	-0.001	-16.724
3387.180	0.001	-16.723
3388.180	-0.002	-16.726
3389.180	-0.004	-16.724
3390.180	-0.003	-16.724
3391.180	-0.002	-16.724
3392.180	-0.002	-16.723
3393.180	-0.004	-16.722
3394.180	-0.000	-16.722
3395.180	-0.002	-16.723
3396.180	-0.004	-16.722
3397.180	-0.003	-16.721
3398.180	-0.002	-16.722
3399.180	-0.001	-16.722
3400.180	0.000	-16.721
3401.180	-0.004	-16.722
3402.180	0.001	-16.721
3403.180	-0.004	-16.721
3404.180	-0.002	-16.720
3405.180	-0.000	-16.719
3406.180	-0.002	-16.720
3407.180	-0.004	-16.720
3408.180	-0.001	-16.721
3409.180	0.001	-16.720
3410.180	0.000	-16.719
3411.180	0.001	-16.720
3412.180	0.001	-16.719
3413.180	0.001	-16.718
3414.180	-0.002	-16.719
3415.180	-0.003	-16.718
3416.180	0.001	-16.719
3417.180	-0.003	-16.718
3418.180	-0.004	-16.718
3419.180	-0.003	-16.717
3420.180	-0.001	-16.718
3421.180	-0.003	-16.719
3422.180	0.000	-16.717
3423.180	0.001	-16.718
3424.180	-0.003	-16.718
3425.180	-0.003	-16.717
3426.180	0.002	-16.717
3427.180	-0.002	-16.716
3428.180	-0.003	-16.716
3429.180	-0.004	-16.716
3430.180	-0.001	-16.718
3431.180	-0.001	-16.717
3432.180	-0.001	-16.715
3433.180	-0.002	-16.716
3434.180	-0.000	-16.715
3435.180	-0.002	-16.714
3436.180	-0.003	-16.716
3437.180	0.001	-16.715
3438.180	-0.002	-16.715
3439.180	0.001	-16.713
3440.180	-0.001	-16.715
3441.180	-0.003	-16.713
3442.180	-0.001	-16.715
3443.180	0.001	-16.713
3444.180	-0.003	-16.714
3445.180	-0.002	-16.714
3446.180	0.002	-16.713
3447.180	-0.001	-16.714
3448.180	-0.004	-16.712
3449.180	-0.001	-16.713
3450.180	0.001	-16.712
3451.180	-0.003	-16.712
3452.180	-0.001	-16.711
3453.180	-0.003	-16.710
3454.180	-0.003	-16.714
3455.180	-0.003	-16.712
3456.180	-0.003	-16.712
3457.180	-0.002	-16.712
3458.180	-0.000	-16.710
3459.180	-0.003	-16.710
3460.180	-0.003	-16.710
3461.180	-0.002	-16.710
3462.180	-0.003	-16.712
3463.180	-0.004	-16.711
3464.180	-0.001	-16.708
3465.180	0.001	-16.709
3466.180	-0.002	-16.710
3467.180	-0.004	-16.710
3468.180	-0.001	-16.709
3469.180	0.001	-16.709
3470.180	0.002	-16.709
3471.180	0.001	-16.708
3472.180	-0.001	-16.708
3473.180	0.001	-16.707
3474.180	-0.000	-16.708
3475.180	-0.004	-16.708
3476.180	-0.004	-16.708
3477.180	-0.004	-16.709
3478.180	0.001	-16.708
3479.180	0.001	-16.707
3480.180	-0.004	-16.707
3481.180	-0.004	-16.706
3482.180	-0.004	-16.706
3483.180	-0.001	-16.705
3484.180	-0.000	-16.706
3485.180	-0.002	-16.706
3486.180	-0.003	-16.707
3487.180	-0.002	-16.707
3488.180	0.000	-16.705
3489.180	0.001	-16.704
3490.180	-0.003	-16.706
3491.180	-0.003	-16.705
3492.180	-0.004	-16.705
3493.180	0.000	-16.705
3494.180	-0.003	-16.704
3495.180	-0.004	-16.703
3496.180	-0.003	-16.704
3497.180	0.000	-16.703
3498.180	-0.000	-16.703
3499.180	-0.001	-16.704
3500.180	-0.000	-16.704
3501.180	-0.000	-16.703
3502.180	-0.004	-16.701
3503.180	-0.001	-16.703
3504.180	-0.004	-16.702
3505.180	0.000	-16.704
3506.180	0.001	-16.703
3507.180	-0.004	-16.702
3508.180	-0.001	-16.703
3509.180	-0.002	-16.702
3510.180	-0.003	-16.701
3511.180	-0.002	-16.701
3512.180	-0.003	-16.701
3513.180	-0.004	-16.701
3514.180	0.000	-16.703
3515.180	-0.004	-16.701
3516.180	-0.004	-16.701
3517.180	-0.004	-16.700
3518.180	0.001	-16.700
3519.180	0.002	-16.700
3520.180	0.001	-16.699
3521.180	0.001	-16.700
3522.180	0.001	-16.700
3523.180	0.001	-16.699
3524.180	-0.004	-16.700
3525.180	-0.001	-16.698
3526.180	-0.004	-16.699
3527.180	0.000	-16.698
3528.180	-0.004	-16.698
3529.180	-0.003	-16.698
3530.180	-0.004	-16.697
3531.180	-0.003	-16.699
3532.180	0.002	-16.697
3533.180	-0.002	-16.699
3534.180	-0.004	-16.698
3535.180	-0.001	-16.697
3536.180	-0.003	-16.696
3537.180	-0.002	-16.699
3538.180	-0.001	-16.696
3539.180	0.001	-16.696
3540.180	-0.002	-16.695
3541.180	-0.001	-16.695
3542.180	0.002	-16.693
3543.180	0.002	-16.697
3544.180	-0.000	-16.696
3545.180	-0.003	-16.695
3546.180	-0.001	-16.695
3547.180	-0.001	-16.696
3548.180	-0.000	-16.694
3549.180	-0.000	-16.695
3550.180	-0.001	-16.695
3551.180	-0.003	-16.696
3552.180	-0.004	-16.694
3553.180	-0.003	-16.694
3554.180	-0.003	-16.692
3555.180	-0.000	-16.694
3556.180	0.000	-16.693
3557.180	-0.003	-16.693
3558.180	-0.003	-16.694
3559.180	-0.004	-16.693
3560.180	-0.001	-16.693
3561.180	-0.000	-16.694
