0.390	19.905	1.909
1.390	19.905	1.916
2.390	19.905	1.921
3.390	19.905	1.925
4.390	19.905	1.929
5.390	19.905	1.935
6.390	19.905	1.939
7.390	19.905	1.944
8.390	19.905	1.947
9.390	19.905	1.953
10.390	19.905	1.956
11.390	19.905	1.961
12.390	19.905	1.965
13.390	19.905	1.968
14.390	19.905	1.971
15.390	19.905	1.974
16.390	19.905	1.979
17.390	19.905	1.983
18.390	19.905	1.987
19.390	19.905	1.989
20.390	19.905	1.992
21.390	19.905	1.995
22.390	19.905	1.998
23.390	19.905	2.002
24.390	19.905	2.005
25.390	19.905	2.007
26.390	19.906	2.010
27.390	19.906	2.013
28.390	19.906	2.015
29.390	19.905	2.018
30.390	19.906	2.021
31.390	19.905	2.023
32.390	19.906	2.026
33.390	19.906	2.028
34.390	19.906	2.031
35.390	19.906	2.034
36.390	19.906	2.036
37.390	19.906	2.038
38.390	19.906	2.041
39.390	19.906	2.041
40.390	19.906	2.045
41.390	19.906	2.046
42.390	19.906	2.050
43.390	19.906	2.052
44.390	19.906	2.052
45.390	19.906	2.054
46.390	19.906	2.057
47.390	19.906	2.060
48.390	19.906	2.062
49.390	19.906	2.064
50.390	19.906	2.066
51.390	19.906	2.067
52.390	19.906	2.070
53.390	19.906	2.071
54.390	19.906	2.074
55.390	19.906	2.075
56.390	19.906	2.077
57.390	19.906	2.078
58.391	19.906	2.080
59.390	19.906	2.082
60.390	19.906	2.084
61.390	19.906	2.085
62.390	19.906	2.087
63.390	19.906	2.089
64.390	19.906	2.090
65.390	19.906	2.092
66.390	19.906	2.094
67.390	19.906	2.096
68.390	19.906	2.098
69.390	19.906	2.098
70.390	19.906	2.101
71.390	19.906	2.101
72.390	19.906	2.104
73.391	19.906	2.105
74.390	19.906	2.106
75.390	19.906	2.108
76.390	19.906	2.109
77.390	19.906	2.111
78.390	19.906	2.113
79.390	19.906	2.113
80.390	19.906	2.116
81.390	19.906	2.116
82.390	19.906	2.117
83.390	19.907	2.119
84.390	19.907	2.122
85.390	19.907	2.123
86.390	19.907	2.124
87.390	19.907	2.124
88.390	19.907	2.126
89.390	19.907	2.127
90.390	19.907	2.129
91.390	19.907	2.130
92.390	19.907	2.131
93.390	19.907	2.132
94.390	19.907	2.133
95.390	19.907	2.135
96.390	19.907	2.136
97.390	19.907	2.138
98.390	19.907	2.138
99.391	19.907	2.140
100.390	19.907	2.140
101.391	19.907	2.142
102.390	19.907	2.143
103.390	19.907	2.145
104.390	19.907	2.147
105.390	19.907	2.147
106.390	19.907	2.147
107.390	19.907	2.149
108.390	19.907	2.151
109.390	19.907	2.152
110.390	19.907	2.153
111.390	19.907	2.154
112.422	19.907	2.155
113.390	19.907	2.157
114.390	19.907	2.158
115.390	19.907	2.158
116.390	19.907	2.161
117.390	19.907	2.160
118.390	19.907	2.162
119.390	19.907	2.162
120.390	19.907	2.163
121.390	19.907	2.167
122.390	19.907	2.165
123.390	19.907	2.167
124.390	19.907	2.169
125.390	19.907	2.169
126.390	19.907	2.170
127.390	19.907	2.171
128.390	19.907	2.173
129.390	19.907	2.172
130.390	19.907	2.174
131.390	19.907	2.174
132.390	19.907	2.175
133.390	19.907	2.177
134.390	19.907	2.179
135.404	19.907	2.178
136.391	19.907	2.180
137.391	19.907	2.180
138.390	19.907	2.182
139.390	19.907	2.182
140.390	19.907	2.183
141.390	19.907	2.185
142.390	19.907	2.184
143.390	19.907	2.185
144.390	19.907	2.187
145.390	19.907	2.188
146.394	19.907	2.189
147.390	19.907	2.189
148.390	19.907	2.190
149.390	19.907	2.191
150.390	19.907	2.191
151.390	19.907	2.194
152.390	19.907	2.193
153.390	19.907	2.195
154.390	19.907	2.196
155.390	19.907	2.195
156.390	19.907	2.198
157.390	19.907	2.198
158.390	19.907	2.198
159.390	19.907	2.201
160.390	19.907	2.201
161.390	19.907	2.200
162.390	19.908	2.202
163.390	19.908	2.202
164.390	19.908	2.204
165.390	19.908	2.205
166.407	19.907	2.206
167.390	19.907	2.206
168.390	19.907	2.207
169.390	19.908	2.207
170.390	19.908	2.208
171.391	19.907	2.209
172.390	19.908	2.212
173.390	19.908	2.212
174.391	19.908	2.212
175.390	19.908	2.210
176.390	19.908	2.212
177.390	19.908	2.213
178.391	19.908	2.214
179.390	19.908	2.215
180.390	19.908	2.215
181.390	19.908	2.216
182.391	19.908	2.216
183.390	19.908	2.217
184.390	19.908	2.219
185.390	19.908	2.218
186.407	19.908	2.220
187.390	19.908	2.220
188.392	19.908	2.219
189.390	19.908	2.221
190.390	19.908	2.222
191.422	19.908	2.223
192.390	19.908	2.223
193.390	19.908	2.223
194.390	19.908	2.224
195.390	19.908	2.225
196.390	19.908	2.227
197.390	19.908	2.229
198.390	19.908	2.228
199.390	19.908	2.228
200.390	19.908	2.228
201.391	19.909	2.228
202.407	19.908	2.231
203.390	19.908	2.231
204.390	19.908	2.231
205.390	19.908	2.232
206.402	19.908	2.232
207.391	19.909	2.232
208.448	19.908	2.233
209.391	19.909	2.235
210.390	19.908	2.235
211.390	19.908	2.234
212.390	19.908	2.235
213.390	19.909	2.237
214.391	19.909	2.237
215.390	19.909	2.238
216.390	19.909	2.239
217.390	19.909	2.239
218.390	19.909	2.239
219.390	19.909	2.240
220.390	19.909	2.240
221.390	19.909	2.242
222.390	19.909	2.241
223.390	19.909	2.243
224.390	19.909	2.243
225.390	19.909	2.243
226.390	19.909	2.244
227.390	19.909	2.245
228.390	19.909	2.246
229.390	19.909	2.245
230.390	19.909	2.246
231.390	19.909	2.246
232.390	19.909	2.248
233.390	19.909	2.249
234.390	19.909	2.249
235.390	19.909	2.250
236.390	19.909	2.250
237.390	19.909	2.250
238.390	19.910	2.252
239.390	19.909	2.252
240.390	19.909	2.252
241.390	19.909	2.252
242.390	19.910	2.253
243.390	19.909	2.255
244.390	19.910	2.253
245.390	19.910	2.255
246.390	19.910	2.256
247.390	19.909	2.256
248.390	19.909	2.256
249.391	19.910	2.257
250.390	19.910	2.257
251.390	19.910	2.258
252.390	19.910	2.259
253.390	19.910	2.261
254.390	19.910	2.260
255.390	19.910	2.260
256.390	19.909	2.261
257.391	19.910	2.261
258.390	19.910	2.262
259.390	19.910	2.263
260.390	19.910	2.263
261.390	19.910	2.263
262.390	19.910	2.263
263.390	19.910	2.265
264.390	19.910	2.266
265.390	19.910	2.266
266.390	19.910	2.266
267.390	19.910	2.267
268.390	19.910	2.267
269.390	19.910	2.267
270.390	19.910	2.268
271.390	19.910	2.268
272.390	19.910	2.269
273.390	19.910	2.270
274.390	19.910	2.269
275.390	19.910	2.272
276.390	19.910	2.273
277.390	19.910	2.273
278.390	19.910	2.272
279.390	19.910	2.272
280.390	19.910	2.273
281.390	19.910	2.274
282.390	19.910	2.275
283.391	19.910	2.275
284.390	19.910	2.274
285.390	19.910	2.276
286.390	19.910	2.276
287.390	19.910	2.278
288.390	19.910	2.278
289.390	19.910	2.279
290.390	19.910	2.278
291.390	19.910	2.278
292.390	19.910	2.279
293.390	19.910	2.279
294.390	19.910	2.280
295.390	19.910	2.280
296.390	19.910	2.282
297.390	19.910	2.281
298.390	19.910	2.282
299.390	19.910	2.282
300.390	19.910	2.284
301.390	19.910	2.284
302.390	19.910	2.284
303.390	19.910	2.284
304.390	19.910	2.285
305.390	19.910	2.285
306.390	19.910	2.287
307.390	19.910	2.286
308.390	19.910	2.287
309.390	19.910	2.287
310.390	19.910	2.287
311.390	19.910	2.288
312.390	19.910	2.288
313.390	19.911	2.290
314.390	19.910	2.289
315.390	19.911	2.290
316.390	19.910	2.291
317.390	19.910	2.290
318.390	19.910	2.291
319.390	19.910	2.291
320.390	19.910	2.292
321.390	19.910	2.294
322.390	19.910	2.294
323.390	19.910	2.293
324.390	19.910	2.293
325.390	19.910	2.294
326.390	19.910	2.295
327.390	19.910	2.297
328.390	19.910	2.296
329.390	19.910	2.297
330.390	19.911	2.297
331.390	19.911	2.297
332.390	19.911	2.297
333.390	19.911	2.299
334.390	19.910	2.299
335.390	19.910	2.298
336.390	19.911	2.299
337.390	19.911	2.299
338.390	19.910	2.301
339.390	19.911	2.301
340.390	19.911	2.301
341.390	19.910	2.301
342.390	19.911	2.302
343.390	19.910	2.302
344.390	19.911	2.302
345.390	19.911	2.303
346.390	19.911	2.304
347.390	19.910	2.304
348.390	19.911	2.304
349.390	19.910	2.305
350.390	19.910	2.305
351.390	19.910	2.306
352.390	19.910	2.306
353.390	19.910	2.308
354.390	19.910	2.306
355.390	19.911	2.307
356.390	19.910	2.307
357.390	19.911	2.309
358.390	19.910	2.309
359.390	19.910	2.310
360.390	19.911	2.310
361.390	19.910	2.310
362.390	19.910	2.309
363.390	19.911	2.311
364.390	19.910	2.311
365.390	19.910	2.312
366.390	19.911	2.313
367.390	19.911	2.312
368.390	19.911	2.311
369.390	19.911	2.314
370.390	19.910	2.315
371.390	19.911	2.314
372.390	19.911	2.314
373.390	19.911	2.314
374.390	19.911	2.316
375.390	19.911	2.316
376.390	19.911	2.317
377.391	19.911	2.317
378.390	19.910	2.317
379.390	19.911	2.315
380.390	19.911	2.318
381.390	19.911	2.318
382.390	19.911	2.320
383.390	19.911	2.320
384.390	19.911	2.319
385.390	19.911	2.318
386.390	19.910	2.320
387.390	19.911	2.321
388.390	19.911	2.321
389.390	19.911	2.322
390.390	19.911	2.322
391.390	19.911	2.321
392.390	19.911	2.323
393.390	19.911	2.322
394.390	19.911	2.323
395.390	19.911	2.323
396.390	19.911	2.324
397.390	19.911	2.325
398.390	19.911	2.325
399.390	19.911	2.325
400.390	19.911	2.326
401.390	19.911	2.326
402.390	19.911	2.327
403.390	19.911	2.326
404.390	19.911	2.327
405.390	19.911	2.327
406.390	19.911	2.327
407.390	19.911	2.329
408.390	19.911	2.328
409.390	19.911	2.330
410.390	19.911	2.328
411.390	19.911	2.330
412.390	19.911	2.331
413.390	19.911	2.331
414.390	19.911	2.332
415.390	19.911	2.330
416.390	19.911	2.331
417.390	19.911	2.331
418.390	19.911	2.332
419.390	19.911	2.334
420.390	19.911	2.333
421.390	19.911	2.333
422.390	19.911	2.333
423.390	19.911	2.332
424.390	19.911	2.335
425.390	19.911	2.335
426.390	19.911	2.335
427.390	19.911	2.336
428.390	19.911	2.336
429.390	19.911	2.336
430.390	19.911	2.336
431.390	19.911	2.338
432.390	19.911	2.338
433.390	19.911	2.338
434.390	19.911	2.338
435.390	19.911	2.338
436.390	19.911	2.339
437.390	19.911	2.340
438.390	19.911	2.340
439.390	19.911	2.339
440.390	19.911	2.341
441.390	19.911	2.340
442.390	19.911	2.340
443.390	19.911	2.343
444.390	19.911	2.341
445.390	19.911	2.341
446.390	19.911	2.342
447.390	19.911	2.341
448.390	19.911	2.343
449.390	19.911	2.344
450.390	19.911	2.344
451.390	19.911	2.344
452.390	19.911	2.343
453.390	19.911	2.345
454.390	19.911	2.344
455.390	19.911	2.345
456.390	19.911	2.346
457.390	19.911	2.346
458.390	19.911	2.346
459.390	19.911	2.346
460.390	19.911	2.346
461.390	19.911	2.348
462.390	19.911	2.347
463.390	19.911	2.348
464.390	19.911	2.347
465.390	19.911	2.348
466.390	19.911	2.349
467.390	19.911	2.348
468.390	19.911	2.350
469.390	19.911	2.350
470.390	19.911	2.352
471.390	19.911	2.351
472.390	19.911	2.349
473.390	19.911	2.350
474.390	19.911	2.352
475.390	19.911	2.352
476.390	19.912	2.353
477.390	19.911	2.353
478.390	19.911	2.353
479.390	19.912	2.353
480.390	19.912	2.355
481.390	19.912	2.353
482.390	19.912	2.353
483.390	19.912	2.354
484.390	19.912	2.355
485.390	19.912	2.355
486.390	19.912	2.355
487.390	19.911	2.355
488.390	19.912	2.355
489.390	19.911	2.356
490.390	19.911	2.358
491.390	19.911	2.358
492.390	19.912	2.357
493.390	19.912	2.357
494.390	19.912	2.358
495.390	19.911	2.358
496.391	19.912	2.359
497.390	19.912	2.359
498.390	19.911	2.360
499.390	19.911	2.358
500.390	19.911	2.360
501.390	19.912	2.359
502.390	19.911	2.361
503.390	19.911	2.360
504.390	19.911	2.363
505.390	19.911	2.361
506.390	19.912	2.361
507.390	19.912	2.361
508.390	19.911	2.362
509.390	19.911	2.363
510.390	19.911	2.362
511.390	19.912	2.362
512.390	19.912	2.363
513.390	19.911	2.364
514.390	19.912	2.363
515.390	19.912	2.365
516.390	19.912	2.365
517.390	19.912	2.365
518.390	19.912	2.364
519.390	19.912	2.365
520.390	19.912	2.364
521.390	19.912	2.366
522.390	19.912	2.366
523.390	19.912	2.365
524.390	19.912	2.365
525.390	19.912	2.366
526.390	19.912	2.366
527.390	19.912	2.366
528.390	19.912	2.367
529.390	19.912	2.367
530.390	19.912	2.368
531.390	19.912	2.367
532.390	19.912	2.368
533.390	19.912	2.368
534.390	19.912	2.369
535.390	19.912	2.369
536.390	19.912	2.367
537.390	19.912	2.369
538.390	19.912	2.370
539.390	19.912	2.371
540.390	19.912	2.370
541.390	19.912	2.369
542.390	19.912	2.369
543.390	19.912	2.370
544.390	19.912	2.372
545.390	19.912	2.372
546.390	19.912	2.372
547.390	19.912	2.371
548.390	19.912	2.372
549.390	19.912	2.372
550.390	19.912	2.373
551.390	19.912	2.373
552.390	19.912	2.374
553.390	19.912	2.374
554.390	19.912	2.373
555.390	19.912	2.372
556.390	19.912	2.374
557.390	19.911	2.376
558.390	19.911	2.375
559.390	19.912	2.374
560.390	19.912	2.375
561.390	19.911	2.376
562.390	19.911	2.375
563.390	19.912	2.377
564.390	19.912	2.376
565.390	19.912	2.376
566.390	19.912	2.375
567.390	19.912	2.376
568.390	19.912	2.377
569.390	19.912	2.378
570.390	19.912	2.378
571.390	19.912	2.378
572.390	19.912	2.377
573.390	19.912	2.378
574.391	19.912	2.378
575.390	19.912	2.379
576.390	19.912	2.380
577.390	19.912	2.381
578.390	19.912	2.378
579.390	19.912	2.379
580.390	19.912	2.380
581.390	19.912	2.380
582.390	19.912	2.381
583.390	19.912	2.381
584.390	19.912	2.382
585.390	19.912	2.381
586.390	19.912	2.382
587.390	19.912	2.383
588.390	19.912	2.382
589.390	19.912	2.383
590.390	19.912	2.383
591.390	19.912	2.382
592.390	19.912	2.382
593.390	19.912	2.384
594.390	19.912	2.384
595.390	19.912	2.386
596.390	19.912	2.384
597.390	19.912	2.383
598.390	19.912	2.384
599.390	19.912	2.385
600.390	19.912	2.386
601.390	19.912	2.386
602.390	19.912	2.385
603.390	19.912	2.386
604.390	19.912	2.385
605.390	19.912	2.385
606.390	19.912	2.388
607.390	19.912	2.387
608.390	19.912	2.387
609.390	19.912	2.386
610.390	19.912	2.387
611.390	19.912	2.389
612.390	19.912	2.388
613.390	19.912	2.389
614.390	19.912	2.390
615.390	19.912	2.387
616.390	19.912	2.388
617.390	19.912	2.390
618.390	19.912	2.390
619.390	19.912	2.390
620.390	19.912	2.390
621.390	19.912	2.390
622.390	19.912	2.390
623.390	19.912	2.390
624.390	19.912	2.391
625.390	19.912	2.392
626.390	19.912	2.391
627.390	19.912	2.391
628.390	19.912	2.392
629.390	19.912	2.392
630.390	19.912	2.392
631.390	19.912	2.392
632.390	19.912	2.394
633.390	19.912	2.393
634.390	19.913	2.395
635.390	19.912	2.392
636.390	19.912	2.394
637.390	19.913	2.395
638.390	19.913	2.394
639.391	19.913	2.394
640.390	19.913	2.394
641.390	19.913	2.394
642.390	19.913	2.394
643.390	19.912	2.395
644.390	19.912	2.396
645.390	19.912	2.396
646.390	19.913	2.395
647.390	19.913	2.396
648.390	19.913	2.397
649.390	19.912	2.398
650.390	19.912	2.398
651.391	19.913	2.397
652.390	19.912	2.396
653.390	19.912	2.397
654.390	19.913	2.398
655.390	19.912	2.399
656.390	19.913	2.399
657.390	19.913	2.400
658.390	19.913	2.399
659.390	19.913	2.398
660.390	19.912	2.398
661.390	19.913	2.399
662.390	19.913	2.400
663.390	19.913	2.400
664.390	19.913	2.400
665.390	19.913	2.400
666.390	19.913	2.402
667.390	19.913	2.401
668.390	19.913	2.403
669.390	19.913	2.401
670.390	19.913	2.401
671.390	19.913	2.401
672.390	19.913	2.401
673.390	19.913	2.403
674.390	19.913	2.403
675.390	19.913	2.403
676.390	19.913	2.402
677.390	19.913	2.403
678.390	19.913	2.403
679.390	19.913	2.404
680.390	19.913	2.405
681.390	19.913	2.404
682.390	19.913	2.404
683.390	19.913	2.404
684.390	19.913	2.404
685.390	19.913	2.405
686.390	19.913	2.406
687.390	19.913	2.406
688.390	19.913	2.406
689.390	19.913	2.406
690.390	19.913	2.406
691.390	19.913	2.408
692.390	19.913	2.408
693.390	19.913	2.407
694.390	19.913	2.407
695.390	19.913	2.406
696.390	19.913	2.407
697.390	19.913	2.407
698.390	19.913	2.407
699.390	19.913	2.408
700.390	19.912	2.408
701.390	19.913	2.408
702.390	19.913	2.409
703.390	19.913	2.409
704.390	19.913	2.410
705.390	19.913	2.411
706.390	19.913	2.409
707.390	19.913	2.410
708.390	19.913	2.410
709.390	19.912	2.411
710.390	19.912	2.411
711.390	19.912	2.411
712.390	19.913	2.410
713.390	19.912	2.410
714.390	19.913	2.410
715.390	19.913	2.412
716.390	19.913	2.412
717.390	19.913	2.411
718.390	19.913	2.412
719.390	19.913	2.411
720.390	19.913	2.413
721.390	19.913	2.414
722.390	19.913	2.413
723.390	19.913	2.412
724.390	19.913	2.414
725.390	19.913	2.413
726.390	19.913	2.415
727.390	19.913	2.415
728.390	19.913	2.414
729.390	19.913	2.414
730.390	19.913	2.415
731.390	19.913	2.415
732.390	19.913	2.415
733.390	19.913	2.416
734.390	19.913	2.416
735.390	19.913	2.416
736.390	19.913	2.415
737.390	19.913	2.416
738.390	19.913	2.417
739.390	19.913	2.417
740.390	19.913	2.417
741.390	19.913	2.416
742.390	19.913	2.417
743.390	19.913	2.418
744.390	19.913	2.418
745.390	19.913	2.418
746.390	19.913	2.419
747.390	19.913	2.419
748.390	19.913	2.419
749.390	19.913	2.418
750.390	19.913	2.419
751.390	19.913	2.420
752.390	19.913	2.419
753.390	19.913	2.421
754.390	19.913	2.420
755.390	19.913	2.420
756.390	19.913	2.420
757.390	19.913	2.421
758.390	19.913	2.420
759.390	19.913	2.421
760.390	19.913	2.421
761.390	19.913	2.421
762.390	19.913	2.421
763.390	19.913	2.422
764.390	19.913	2.422
765.390	19.913	2.422
766.390	19.913	2.422
767.390	19.913	2.422
768.390	19.913	2.422
769.390	19.913	2.423
770.390	19.913	2.423
771.390	19.913	2.424
772.390	19.913	2.423
773.390	19.913	2.423
774.390	19.913	2.422
775.390	19.913	2.425
776.390	19.913	2.424
777.390	19.913	2.424
778.390	19.913	2.423
779.390	19.913	2.424
780.390	19.913	2.425
781.390	19.913	2.426
782.390	19.913	2.427
783.390	19.913	2.426
784.390	19.913	2.425
785.390	19.913	2.426
786.390	19.913	2.426
787.390	19.913	2.426
788.390	19.913	2.425
789.390	19.913	2.426
790.390	19.913	2.426
791.390	19.913	2.427
792.390	19.913	2.426
793.390	19.913	2.427
794.390	19.913	2.428
795.390	19.913	2.429
796.390	19.914	2.427
797.390	19.913	2.426
798.390	19.913	2.428
799.390	19.913	2.430
800.390	19.913	2.427
801.390	19.913	2.429
802.390	19.913	2.428
803.390	19.913	2.428
804.390	19.913	2.428
805.390	19.913	2.430
806.390	19.913	2.429
807.390	19.913	2.430
808.390	19.913	2.429
809.390	19.913	2.430
810.390	19.913	2.431
811.390	19.913	2.431
812.390	19.913	2.432
813.390	19.913	2.432
814.390	19.913	2.430
815.390	19.913	2.431
816.390	19.913	2.430
817.390	19.913	2.432
818.390	19.913	2.433
819.390	19.913	2.433
820.390	19.913	2.431
821.390	19.913	2.432
822.390	19.913	2.433
823.390	19.913	2.434
824.390	19.913	2.433
825.390	19.913	2.433
826.390	19.913	2.432
827.390	19.913	2.435
828.390	19.913	2.437
829.390	19.913	2.436
830.390	19.913	2.435
831.390	19.913	2.436
832.390	19.913	2.434
833.390	19.913	2.435
834.390	19.913	2.436
835.390	19.913	2.436
836.390	19.913	2.435
837.390	19.913	2.436
838.390	19.913	2.436
839.390	19.913	2.435
840.390	19.913	2.436
841.390	19.913	2.438
842.390	19.913	2.437
843.390	19.913	2.438
844.390	19.913	2.438
845.390	19.913	2.436
846.390	19.913	2.436
847.390	19.913	2.438
848.390	19.913	2.439
849.390	19.913	2.438
850.390	19.913	2.438
851.390	19.913	2.438
852.390	19.913	2.439
853.390	19.913	2.439
854.390	19.913	2.438
855.390	19.913	2.439
856.390	19.913	2.440
857.390	19.913	2.438
858.390	19.913	2.439
859.390	19.913	2.441
860.390	19.913	2.440
861.390	19.913	2.440
862.390	19.913	2.441
863.390	19.913	2.440
864.390	19.914	2.441
865.390	19.913	2.441
866.390	19.913	2.442
867.390	19.913	2.440
868.390	19.914	2.441
869.390	19.913	2.440
870.390	19.913	2.442
871.390	19.914	2.443
872.390	19.913	2.442
873.390	19.913	2.442
874.390	19.913	2.443
875.390	19.913	2.442
876.390	19.913	2.443
877.390	19.913	2.443
878.390	19.913	2.444
879.390	19.913	2.444
880.390	19.913	2.443
881.390	19.913	2.443
882.390	19.913	2.444
883.390	19.913	2.443
884.390	19.913	2.446
885.390	19.913	2.445
886.390	19.913	2.444
887.390	19.914	2.445
888.390	19.913	2.445
889.390	19.913	2.445
890.390	19.914	2.447
891.390	19.914	2.446
892.390	19.914	2.446
893.390	19.914	2.445
894.390	19.914	2.446
895.390	19.914	2.445
896.390	19.914	2.447
897.390	19.914	2.447
898.390	19.914	2.447
899.390	19.913	2.446
900.390	19.914	2.446
901.390	19.914	2.447
902.390	19.914	2.447
903.390	19.913	2.448
904.390	19.914	2.447
905.390	19.913	2.446
906.390	19.914	2.447
907.390	19.913	2.447
908.390	19.914	2.448
909.390	19.914	2.449
910.390	19.914	2.448
911.390	19.914	2.448
912.390	19.914	2.449
913.390	19.913	2.450
914.390	19.913	2.450
915.390	19.914	2.450
916.390	19.914	2.450
917.390	19.913	2.450
918.390	19.914	2.449
919.390	19.914	2.450
920.390	19.913	2.451
921.390	19.914	2.450
922.390	19.914	2.451
923.390	19.913	2.450
924.390	19.913	2.450
925.390	19.914	2.452
926.390	19.914	2.451
927.390	19.914	2.452
928.390	19.914	2.453
929.390	19.914	2.451
930.390	19.914	2.452
931.390	19.914	2.452
932.390	19.913	2.453
933.390	19.914	2.453
934.390	19.914	2.452
935.390	19.914	2.452
936.390	19.913	2.452
937.390	19.913	2.454
938.390	19.914	2.453
939.390	19.914	2.453
940.390	19.914	2.454
941.390	19.914	2.453
942.390	19.914	2.455
943.390	19.913	2.454
944.390	19.914	2.456
945.390	19.914	2.455
946.390	19.914	2.456
947.390	19.914	2.455
948.390	19.914	2.454
949.390	19.914	2.454
950.390	19.914	2.454
951.390	19.914	2.455
952.390	19.914	2.455
953.390	19.914	2.455
954.390	19.914	2.456
955.390	19.914	2.456
956.390	19.914	2.455
957.390	19.914	2.457
958.390	19.914	2.456
959.390	19.914	2.457
960.390	19.914	2.456
961.390	19.914	2.456
962.390	19.914	2.458
963.390	19.914	2.457
964.390	19.914	2.458
965.390	19.914	2.456
966.390	19.914	2.457
967.390	19.914	2.458
968.390	19.914	2.458
969.390	19.913	2.458
970.390	19.914	2.458
971.390	19.913	2.458
972.390	19.914	2.459
973.390	19.913	2.460
974.390	19.914	2.459
975.390	19.914	2.459
976.390	19.913	2.459
977.390	19.914	2.459
978.390	19.913	2.458
979.390	19.914	2.458
980.390	19.913	2.460
981.390	19.913	2.461
982.390	19.913	2.460
983.390	19.913	2.460
984.390	19.913	2.459
985.390	19.913	2.459
986.390	19.913	2.461
987.390	19.913	2.462
988.390	19.913	2.461
989.390	19.913	2.461
990.390	19.913	2.461
991.390	19.913	2.462
992.390	19.913	2.461
993.390	19.913	2.462
994.390	19.913	2.463
995.390	19.913	2.462
996.390	19.913	2.462
997.390	19.913	2.462
998.390	19.913	2.463
999.390	19.913	2.463
1000.390	19.913	2.465
1001.390	19.913	2.463
1002.390	19.913	2.462
1003.390	19.913	2.463
1004.390	19.913	2.464
1005.390	19.913	2.465
1006.390	19.913	2.463
1007.390	19.913	2.464
1008.390	19.914	2.463
1009.390	19.914	2.464
1010.390	19.914	2.465
1011.390	19.913	2.465
1012.390	19.914	2.466
1013.390	19.913	2.465
1014.390	19.914	2.464
1015.390	19.914	2.465
1016.390	19.914	2.466
1017.390	19.913	2.467
1018.390	19.913	2.466
1019.390	19.913	2.466
1020.390	19.913	2.466
1021.390	19.913	2.466
1022.390	19.913	2.466
1023.390	19.913	2.468
1024.390	19.913	2.468
1025.390	19.913	2.467
1026.390	19.914	2.467
1027.390	19.913	2.468
1028.390	19.914	2.468
1029.390	19.913	2.468
1030.390	19.914	2.469
1031.390	19.914	2.468
1032.390	19.913	2.469
1033.390	19.913	2.468
1034.390	19.913	2.468
1035.390	19.914	2.469
1036.390	19.913	2.469
1037.390	19.914	2.469
1038.390	19.914	2.469
1039.390	19.914	2.469
1040.390	19.914	2.470
1041.390	19.914	2.470
1042.390	19.914	2.470
1043.390	19.914	2.470
1044.390	19.914	2.469
1045.390	19.914	2.469
1046.390	19.914	2.470
1047.390	19.914	2.471
1048.390	19.914	2.470
1049.390	19.914	2.471
1050.390	19.914	2.470
1051.390	19.914	2.471
1052.390	19.914	2.471
1053.390	19.914	2.472
1054.390	19.914	2.473
1055.390	19.914	2.472
1056.390	19.914	2.471
1057.390	19.914	2.472
1058.390	19.914	2.472
1059.390	19.914	2.473
1060.390	19.914	2.473
1061.390	19.914	2.472
1062.390	19.914	2.472
1063.390	19.914	2.473
1064.390	19.914	2.474
1065.390	19.914	2.474
1066.390	19.914	2.474
1067.390	19.914	2.473
1068.390	19.914	2.472
1069.390	19.914	2.473
1070.390	19.914	2.474
1071.390	19.914	2.475
1072.390	19.914	2.474
1073.390	19.914	2.475
1074.390	19.914	2.474
1075.390	19.914	2.473
1076.390	19.914	2.474
1077.390	19.914	2.475
1078.390	19.914	2.474
1079.390	19.914	2.476
1080.390	19.914	2.475
1081.390	19.914	2.475
1082.390	19.914	2.475
1083.390	19.914	2.476
1084.390	19.915	2.476
1085.390	19.915	2.476
1086.390	19.915	2.476
1087.390	19.915	2.476
1088.390	19.915	2.477
1089.390	19.915	2.478
1090.390	19.914	2.477
1091.390	19.914	2.478
1092.390	19.914	2.477
1093.390	19.915	2.476
1094.390	19.914	2.476
1095.390	19.914	2.476
1096.390	19.914	2.478
1097.390	19.914	2.477
1098.390	19.914	2.478
1099.390	19.914	2.477
1100.390	19.914	2.478
1101.390	19.914	2.478
1102.390	19.914	2.479
1103.390	19.914	2.479
1104.390	19.914	2.479
1105.390	19.915	2.479
1106.390	19.914	2.479
1107.390	19.914	2.477
1108.390	19.915	2.479
1109.390	19.915	2.479
1110.390	19.915	2.480
1111.390	19.914	2.479
1112.390	19.914	2.481
1113.390	19.914	2.480
1114.390	19.915	2.481
1115.390	19.915	2.481
1116.390	19.915	2.480
1117.390	19.914	2.480
1118.390	19.914	2.481
1119.390	19.914	2.481
1120.390	19.914	2.481
1121.390	19.914	2.481
1122.390	19.914	2.481
1123.390	19.914	2.481
1124.390	19.914	2.482
1125.390	19.915	2.483
1126.390	19.914	2.483
1127.390	19.914	2.482
1128.390	19.915	2.482
1129.390	19.915	2.483
1130.390	19.915	2.482
1131.390	19.915	2.483
1132.390	19.915	2.483
1133.390	19.914	2.482
1134.390	19.915	2.484
1135.390	19.915	2.483
1136.390	19.914	2.484
1137.390	19.915	2.484
1138.390	19.915	2.484
1139.390	19.915	2.483
1140.390	19.915	2.483
1141.390	19.914	2.483
1142.390	19.915	2.485
1143.390	19.914	2.485
1144.390	19.914	2.485
1145.390	19.914	2.485
1146.390	19.915	2.485
1147.390	19.914	2.483
1148.390	19.914	2.485
1149.390	19.914	2.486
1150.390	19.914	2.486
1151.390	19.914	2.485
1152.390	19.914	2.485
1153.390	19.915	2.485
1154.390	19.914	2.486
1155.390	19.914	2.487
1156.390	19.914	2.486
1157.390	19.914	2.484
1158.390	19.914	2.483
1159.390	19.915	2.484
1160.390	19.915	2.487
1161.390	19.914	2.486
1162.390	19.914	2.485
1163.390	19.915	2.487
1164.390	19.915	2.486
1165.390	19.915	2.488
1166.390	19.914	2.487
1167.390	19.915	2.488
1168.390	19.915	2.490
1169.390	19.914	2.488
1170.390	19.915	2.487
1171.390	19.915	2.487
1172.390	19.915	2.487
1173.390	19.915	2.489
1174.390	19.915	2.490
1175.390	19.915	2.488
1176.390	19.915	2.488
1177.390	19.915	2.490
1178.390	19.915	2.489
1179.390	19.915	2.490
1180.390	19.915	2.490
1181.390	19.915	2.489
1182.390	19.915	2.489
1183.390	19.915	2.489
1184.390	19.915	2.490
1185.390	19.915	2.490
1186.390	19.915	2.491
1187.390	19.915	2.491
1188.390	19.915	2.490
1189.390	19.915	2.490
1190.390	19.915	2.492
1191.390	19.915	2.492
1192.390	19.915	2.492
1193.390	19.915	2.490
1194.390	19.915	2.491
1195.390	19.915	2.491
1196.390	19.915	2.491
1197.390	19.915	2.492
1198.390	19.915	2.493
1199.390	19.914	2.492
1200.390	19.915	2.491
1201.390	19.915	2.491
1202.390	19.915	2.492
1203.390	19.915	2.492
1204.390	19.915	2.493
1205.390	19.915	2.492
1206.390	19.915	2.491
1207.390	19.915	2.493
1208.390	19.915	2.493
1209.390	19.915	2.493
1210.390	19.915	2.494
1211.390	19.915	2.492
1212.390	19.915	2.492
1213.390	19.915	2.493
1214.390	19.915	2.493
1215.390	19.915	2.494
1216.390	19.915	2.494
1217.390	19.915	2.493
1218.390	19.915	2.494
1219.390	19.914	2.494
1220.390	19.914	2.494
1221.390	19.914	2.494
1222.390	19.915	2.495
1223.390	19.914	2.496
1224.390	19.914	2.495
1225.390	19.914	2.494
1226.390	19.914	2.494
1227.390	19.914	2.495
1228.390	19.914	2.494
1229.390	19.914	2.497
1230.390	19.914	2.496
1231.390	19.914	2.495
1232.390	19.914	2.497
1233.390	19.914	2.496
1234.390	19.914	2.496
1235.390	19.914	2.495
1236.390	19.914	2.495
1237.390	19.914	2.496
1238.390	19.914	2.496
1239.390	19.914	2.498
1240.390	19.914	2.498
1241.390	19.914	2.497
1242.390	19.914	2.496
1243.390	19.914	2.496
1244.390	19.914	2.496
1245.390	19.914	2.499
1246.390	19.914	2.498
1247.390	19.914	2.496
1248.390	19.914	2.498
1249.390	19.914	2.498
1250.390	19.914	2.497
1251.390	19.914	2.498
1252.390	19.914	2.500
1253.390	19.914	2.499
1254.390	19.914	2.497
1255.390	19.914	2.498
1256.390	19.914	2.498
1257.390	19.914	2.499
1258.390	19.914	2.499
1259.390	19.914	2.499
1260.390	19.914	2.499
1261.390	19.914	2.497
1262.390	19.914	2.498
1263.390	19.914	2.499
1264.390	19.914	2.498
1265.390	19.914	2.500
1266.390	19.914	2.499
1267.390	19.914	2.498
1268.390	19.914	2.499
1269.390	19.914	2.499
1270.390	19.914	2.499
1271.390	19.914	2.500
1272.390	19.914	2.500
1273.390	19.914	2.500
1274.390	19.914	2.501
1275.390	19.914	2.501
1276.390	19.914	2.500
1277.390	19.914	2.499
1278.390	19.914	2.501
1279.390	19.914	2.500
1280.390	19.914	2.501
1281.390	19.914	2.502
1282.390	19.914	2.501
1283.390	19.914	2.502
1284.390	19.914	2.501
1285.390	19.914	2.501
1286.390	19.914	2.502
1287.390	19.914	2.503
1288.390	19.914	2.503
1289.390	19.914	2.503
1290.390	19.914	2.501
1291.390	19.914	2.503
1292.390	19.914	2.504
1293.390	19.914	2.503
1294.390	19.914	2.504
1295.390	19.914	2.502
1296.390	19.914	2.502
1297.390	19.914	2.502
1298.390	19.914	2.504
1299.390	19.914	2.503
1300.390	19.914	2.504
1301.390	19.914	2.505
1302.390	19.914	2.504
1303.390	19.914	2.504
1304.390	19.914	2.505
1305.390	19.914	2.505
1306.390	19.914	2.504
1307.390	19.914	2.504
1308.390	19.914	2.504
1309.390	19.914	2.504
1310.390	19.914	2.506
1311.390	19.914	2.505
1312.390	19.914	2.505
1313.390	19.914	2.505
1314.390	19.914	2.505
1315.390	19.914	2.504
1316.390	19.914	2.505
1317.390	19.914	2.506
1318.390	19.914	2.507
1319.390	19.914	2.505
1320.390	19.914	2.505
1321.390	19.914	2.506
1322.390	19.914	2.506
1323.390	19.914	2.507
1324.390	19.914	2.508
1325.390	19.914	2.508
1326.390	19.914	2.506
1327.390	19.914	2.507
1328.391	19.914	2.507
1329.390	19.914	2.507
1330.390	19.914	2.508
1331.390	19.914	2.508
1332.390	19.914	2.507
1333.390	19.914	2.508
1334.390	19.914	2.507
1335.390	19.914	2.510
1336.390	19.914	2.508
1337.390	19.914	2.508
1338.390	19.914	2.507
1339.390	19.914	2.508
1340.390	19.914	2.508
1341.390	19.914	2.508
1342.390	19.914	2.509
1343.390	19.914	2.509
1344.390	19.914	2.506
1345.390	19.914	2.508
1346.390	19.914	2.509
1347.390	19.914	2.509
1348.390	19.914	2.510
1349.390	19.914	2.510
1350.390	19.914	2.509
1351.390	19.914	2.508
1352.390	19.914	2.509
1353.390	19.914	2.510
1354.390	19.914	2.510
1355.390	19.914	2.509
1356.390	19.915	2.510
1357.390	19.914	2.509
1358.390	19.914	2.509
1359.390	19.914	2.511
1360.390	19.914	2.510
1361.390	19.914	2.510
1362.390	19.914	2.510
1363.390	19.914	2.511
1364.390	19.914	2.510
1365.390	19.914	2.511
1366.390	19.914	2.512
1367.390	19.914	2.512
1368.390	19.914	2.511
1369.390	19.914	2.511
1370.390	19.914	2.511
1371.390	19.914	2.513
1372.390	19.914	2.512
1373.390	19.914	2.512
1374.390	19.914	2.512
1375.390	19.914	2.511
1376.390	19.914	2.511
1377.390	19.914	2.512
1378.390	19.914	2.513
1379.390	19.914	2.514
1380.390	19.914	2.513
1381.390	19.914	2.511
1382.390	19.914	2.512
1383.390	19.915	2.514
1384.390	19.914	2.513
1385.390	19.914	2.513
1386.390	19.914	2.514
1387.390	19.914	2.512
1388.390	19.914	2.513
1389.390	19.914	2.514
1390.390	19.914	2.515
1391.390	19.914	2.514
1392.390	19.914	2.513
1393.390	19.914	2.513
1394.390	19.914	2.515
1395.390	19.914	2.515
1396.390	19.914	2.516
1397.390	19.914	2.514
1398.390	19.914	2.514
1399.390	19.914	2.514
1400.390	19.914	2.516
1401.390	19.914	2.516
1402.390	19.914	2.516
1403.390	19.914	2.516
1404.390	19.914	2.514
1405.390	19.914	2.514
1406.390	19.914	2.515
1407.390	19.914	2.516
1408.390	19.914	2.516
1409.390	19.914	2.517
1410.390	19.914	2.515
1411.390	19.914	2.516
1412.390	19.915	2.517
1413.390	19.914	2.517
1414.390	19.915	2.516
1415.390	19.915	2.516
1416.390	19.914	2.517
1417.390	19.915	2.516
1418.390	19.915	2.516
1419.390	19.915	2.517
1420.390	19.915	2.518
1421.390	19.915	2.517
1422.390	19.914	2.516
1423.390	19.914	2.517
1424.390	19.915	2.518
1425.390	19.915	2.518
1426.390	19.915	2.518
1427.390	19.914	2.518
1428.390	19.915	2.518
1429.390	19.915	2.518
1430.390	19.915	2.518
1431.390	19.915	2.520
1432.390	19.915	2.520
1433.390	19.915	2.520
1434.390	19.915	2.517
1435.390	19.915	2.518
1436.390	19.915	2.519
1437.390	19.915	2.519
1438.390	19.915	2.520
1439.390	19.915	2.520
1440.390	19.915	2.519
1441.390	19.915	2.519
1442.390	19.915	2.518
1443.390	19.915	2.520
1444.390	19.915	2.520
1445.390	19.915	2.520
1446.390	19.915	2.518
1447.390	19.915	2.520
1448.390	19.915	2.520
1449.390	19.915	2.520
1450.390	19.916	2.521
1451.390	19.916	2.522
1452.390	19.916	2.519
1453.390	19.915	2.520
1454.390	19.916	2.520
1455.390	19.915	2.520
1456.390	19.916	2.522
1457.390	19.916	2.521
1458.390	19.916	2.520
1459.390	19.916	2.521
1460.390	19.916	2.521
1461.390	19.916	2.522
1462.390	19.916	2.522
1463.390	19.916	2.523
1464.390	19.915	2.521
1465.390	19.915	2.522
1466.390	19.915	2.522
1467.390	19.916	2.522
1468.390	19.916	2.522
1469.390	19.915	2.523
1470.390	19.916	2.522
1471.390	19.916	2.522
1472.390	19.916	2.522
1473.390	19.916	2.523
1474.390	19.916	2.523
1475.390	19.916	2.522
1476.390	19.916	2.522
1477.390	19.915	2.521
1478.390	19.916	2.523
1479.390	19.915	2.524
1480.390	19.916	2.524
1481.390	19.916	2.524
1482.390	19.915	2.523
1483.390	19.915	2.523
1484.391	19.916	2.524
1485.390	19.916	2.525
1486.390	19.916	2.524
1487.390	19.915	2.524
1488.390	19.916	2.523
1489.390	19.916	2.523
1490.390	19.915	2.524
1491.390	19.915	2.525
1492.390	19.915	2.525
1493.390	19.916	2.525
1494.390	19.915	2.524
1495.390	19.916	2.524
1496.390	19.915	2.524
1497.390	19.915	2.526
1498.390	19.915	2.526
1499.390	19.915	2.526
1500.390	19.915	2.524
1501.390	19.915	2.525
1502.390	19.915	2.524
1503.390	19.915	2.527
1504.390	19.915	2.526
1505.390	19.915	2.527
1506.390	19.915	2.526
1507.390	19.915	2.525
1508.390	19.915	2.527
1509.390	19.915	2.527
1510.390	19.915	2.526
1511.390	19.915	2.527
1512.390	19.915	2.527
1513.390	19.915	2.526
1514.390	19.915	2.527
1515.390	19.915	2.527
1516.390	19.915	2.527
1517.390	19.915	2.526
1518.390	19.915	2.527
1519.390	19.915	2.527
1520.390	19.915	2.528
1521.390	19.915	2.528
1522.390	19.915	2.528
1523.390	19.915	2.528
1524.390	19.915	2.528
1525.390	19.915	2.527
1526.390	19.915	2.528
1527.390	19.915	2.527
1528.390	19.915	2.529
1529.390	19.915	2.529
1530.390	19.915	2.528
1531.390	19.915	2.528
1532.390	19.915	2.529
1533.390	19.915	2.529
1534.390	19.915	2.530
1535.390	19.915	2.530
1536.390	19.915	2.528
1537.390	19.915	2.528
1538.390	19.916	2.528
1539.390	19.915	2.529
1540.390	19.915	2.531
1541.390	19.915	2.530
1542.390	19.915	2.529
1543.390	19.915	2.528
1544.390	19.915	2.530
1545.390	19.915	2.530
1546.390	19.916	2.531
1547.390	19.915	2.531
1548.390	19.915	2.531
1549.390	19.915	2.529
1550.390	19.915	2.530
1551.390	19.915	2.532
1552.390	19.916	2.532
1553.390	19.915	2.531
1554.390	19.916	2.530
1555.390	19.916	2.531
1556.390	19.916	2.531
1557.390	19.916	2.531
1558.390	19.916	2.532
1559.390	19.916	2.531
1560.390	19.916	2.532
1561.390	19.916	2.531
1562.390	19.916	2.531
1563.390	19.915	2.532
1564.390	19.916	2.533
1565.390	19.916	2.531
1566.390	19.916	2.532
1567.390	19.916	2.532
1568.390	19.916	2.532
1569.390	19.916	2.535
1570.390	19.916	2.532
1571.390	19.916	2.532
1572.390	19.916	2.533
1573.390	19.916	2.533
1574.390	19.916	2.532
1575.390	19.916	2.533
1576.390	19.915	2.534
1577.390	19.915	2.534
1578.390	19.915	2.532
1579.390	19.915	2.532
1580.390	19.916	2.533
1581.390	19.916	2.533
1582.390	19.916	2.534
1583.390	19.916	2.535
1584.390	19.916	2.534
1585.390	19.916	2.534
1586.390	19.916	2.534
1587.390	19.916	2.533
1588.390	19.916	2.535
1589.390	19.916	2.536
1590.390	19.916	2.534
1591.390	19.916	2.535
1592.390	19.916	2.534
1593.390	19.916	2.534
1594.390	19.916	2.535
1595.390	19.916	2.536
1596.390	19.916	2.535
1597.390	19.916	2.535
1598.390	19.915	2.536
1599.390	19.916	2.537
1600.390	19.916	2.536
1601.390	19.916	2.536
1602.390	19.916	2.535
1603.390	19.916	2.536
1604.390	19.916	2.535
1605.390	19.916	2.537
1606.390	19.916	2.537
1607.390	19.916	2.537
1608.390	19.916	2.536
1609.390	19.916	2.536
1610.390	19.915	2.537
1611.390	19.916	2.537
1612.390	19.916	2.538
1613.390	19.916	2.537
1614.390	19.916	2.536
1615.390	19.916	2.536
1616.390	19.916	2.537
1617.390	19.916	2.537
1618.390	19.915	2.538
1619.390	19.916	2.538
1620.390	19.916	2.538
1621.390	19.916	2.538
1622.390	19.916	2.536
1623.390	19.916	2.539
1624.390	19.916	2.539
1625.390	19.916	2.538
1626.390	19.916	2.538
1627.390	19.916	2.538
1628.390	19.916	2.538
1629.390	19.916	2.537
1630.390	19.916	2.538
1631.390	19.916	2.539
1632.390	19.916	2.537
1633.390	19.916	2.539
1634.390	19.916	2.538
1635.390	19.915	2.538
1636.390	19.916	2.539
1637.390	19.916	2.540
1638.390	19.916	2.540
1639.390	19.916	2.539
1640.390	19.916	2.538
1641.390	19.916	2.539
1642.390	19.916	2.539
1643.390	19.916	2.538
1644.390	19.916	2.540
1645.390	19.916	2.539
1646.390	19.916	2.540
1647.390	19.916	2.539
1648.390	19.916	2.540
1649.390	19.916	2.540
1650.390	19.916	2.540
1651.390	19.916	2.540
1652.390	19.916	2.540
1653.390	19.916	2.541
1654.390	19.916	2.540
1655.390	19.916	2.541
1656.390	19.916	2.541
1657.390	19.916	2.541
1658.390	19.916	2.539
1659.390	19.916	2.541
1660.390	19.916	2.542
1661.390	19.916	2.542
1662.390	19.916	2.541
1663.390	19.916	2.541
1664.390	19.916	2.541
1665.390	19.916	2.541
1666.390	19.916	2.543
1667.390	19.916	2.542
1668.390	19.916	2.542
1669.390	19.916	2.542
1670.390	19.916	2.540
1671.390	19.916	2.541
1672.390	19.916	2.543
1673.390	19.916	2.543
1674.390	19.916	2.543
1675.390	19.916	2.543
1676.390	19.916	2.543
1677.390	19.916	2.542
1678.390	19.916	2.544
1679.390	19.916	2.544
1680.390	19.916	2.544
1681.390	19.916	2.544
1682.390	19.916	2.542
1683.390	19.916	2.543
1684.390	19.916	2.543
1685.390	19.916	2.545
1686.390	19.916	2.544
1687.390	19.916	2.542
1688.390	19.916	2.543
1689.390	19.916	2.543
1690.390	19.916	2.545
1691.390	19.916	2.544
1692.390	19.916	2.544
1693.390	19.916	2.545
1694.390	19.916	2.545
1695.390	19.916	2.544
1696.390	19.916	2.545
1697.390	19.916	2.546
1698.390	19.916	2.546
1699.390	19.916	2.546
1700.390	19.916	2.544
1701.390	19.916	2.543
1702.390	19.916	2.546
1703.390	19.916	2.545
1704.390	19.916	2.545
1705.390	19.916	2.545
1706.390	19.916	2.544
1707.390	19.916	2.544
1708.390	19.916	2.546
1709.390	19.916	2.546
1710.390	19.916	2.546
1711.390	19.916	2.547
1712.390	19.916	2.546
1713.390	19.916	2.546
1714.390	19.916	2.545
1715.390	19.916	2.548
1716.390	19.916	2.546
1717.390	19.916	2.547
1718.390	19.916	2.547
1719.390	19.916	2.546
1720.390	19.916	2.547
1721.390	19.916	2.548
1722.390	19.916	2.548
1723.390	19.916	2.548
1724.390	19.916	2.547
1725.390	19.916	2.547
1726.390	19.916	2.547
1727.390	19.916	2.549
1728.390	19.916	2.548
1729.390	19.916	2.549
1730.390	19.916	2.547
1731.390	19.916	2.547
1732.390	19.916	2.546
1733.390	19.916	2.549
1734.390	19.916	2.548
1735.390	19.916	2.548
1736.390	19.916	2.547
1737.390	19.916	2.548
1738.390	19.916	2.548
1739.390	19.916	2.550
1740.390	19.916	2.550
1741.390	19.916	2.549
1742.390	19.916	2.551
1743.390	19.916	2.549
1744.390	19.916	2.549
1745.390	19.916	2.548
1746.390	19.916	2.550
1747.390	19.917	2.548
1748.390	19.916	2.549
1749.390	19.916	2.550
1750.390	19.916	2.549
1751.390	19.916	2.549
1752.390	19.916	2.550
1753.390	19.916	2.548
1754.390	19.916	2.549
1755.390	19.916	2.548
1756.390	19.916	2.550
1757.390	19.916	2.550
1758.390	19.916	2.550
1759.390	19.916	2.550
1760.390	19.916	2.549
1761.390	19.916	2.550
1762.390	19.916	2.552
1763.390	19.916	2.551
1764.390	19.916	2.551
1765.390	19.916	2.550
1766.390	19.916	2.550
1767.390	19.916	2.551
1768.390	19.916	2.550
1769.390	19.916	2.552
1770.390	19.916	2.550
1771.390	19.916	2.550
1772.390	19.917	2.551
1773.390	19.916	2.551
1774.390	19.916	2.552
1775.390	19.917	2.553
1776.390	19.916	2.551
1777.390	19.916	2.552
1778.391	19.916	2.552
1779.390	19.916	2.552
1780.390	19.916	2.552
1781.390	19.917	2.553
1782.390	19.916	2.553
1783.390	19.916	2.552
1784.390	19.916	2.553
1785.390	19.916	2.553
1786.390	19.916	2.553
1787.390	19.916	2.552
1788.390	19.916	2.552
1789.390	19.916	2.553
1790.390	19.916	2.553
1791.390	19.916	2.551
1792.390	19.916	2.553
1793.390	19.917	2.554
1794.390	19.916	2.554
1795.390	19.916	2.553
1796.390	19.917	2.553
1797.390	19.916	2.553
1798.390	19.917	2.553
1799.390	19.916	2.555
1800.390	19.916	2.553
1801.390	19.916	2.553
1802.390	19.916	2.554
1803.390	19.916	2.555
1804.390	19.916	2.555
1805.390	19.916	2.556
1806.390	19.916	2.555
1807.390	19.916	2.553
1808.390	19.916	2.553
1809.390	19.916	2.554
1810.390	19.916	2.554
1811.390	19.916	2.556
1812.390	19.916	2.555
1813.390	19.916	2.555
1814.390	19.916	2.554
1815.390	19.916	2.555
1816.390	19.916	2.554
1817.390	19.916	2.556
1818.390	19.916	2.556
1819.390	19.916	2.555
1820.390	19.916	2.555
1821.390	19.916	2.555
1822.390	19.916	2.555
1823.390	19.916	2.556
1824.390	19.916	2.556
1825.390	19.916	2.555
1826.390	19.916	2.555
1827.390	19.916	2.554
1828.390	19.916	2.555
1829.390	19.916	2.557
1830.390	19.916	2.557
1831.390	19.916	2.556
1832.390	19.916	2.556
1833.390	19.916	2.556
1834.390	19.916	2.555
1835.390	19.916	2.557
1836.390	19.916	2.558
1837.390	19.916	2.557
1838.390	19.916	2.556
1839.390	19.916	2.556
1840.390	19.916	2.557
1841.390	19.916	2.557
1842.390	19.916	2.557
1843.390	19.916	2.557
1844.390	19.916	2.557
1845.390	19.916	2.556
1846.390	19.916	2.557
1847.390	19.916	2.558
1848.390	19.916	2.558
1849.390	19.916	2.557
1850.390	19.916	2.558
1851.390	19.916	2.558
