0.175	-0.004	0.000
1.175	-0.005	0.000
2.175	-0.006	-0.000
3.175	-0.001	0.000
4.175	0.001	0.000
5.175	-12.356	0.001
6.175	-9.840	0.000
7.175	-9.840	0.000
8.175	-9.843	0.000
9.175	-9.844	0.001
10.175	-9.844	0.000
11.175	-9.844	0.000
12.175	-9.844	0.000
13.175	-9.849	-1.000
14.175	-9.849	-1.840
15.175	-9.848	-1.890
16.175	-9.845	-1.900
17.175	-9.845	-1.900
18.175	-9.843	-1.900
19.175	-9.842	-1.900
20.175	-9.840	-1.900
21.175	-9.838	-1.900
22.175	-9.837	-1.900
23.175	-9.834	-1.900
24.175	-9.832	-1.900
25.175	-9.904	-2.590
26.175	-9.910	-2.930
27.175	-9.914	-2.940
28.175	-9.910	-2.950
29.175	-9.909	-2.950
30.175	-9.908	-2.950
31.175	-9.909	-2.940
32.175	-9.911	-2.950
33.175	-9.909	-2.950
34.175	-9.913	-2.950
35.175	-9.956	-3.060
36.175	-10.006	-3.870
37.175	-10.014	-4.020
38.175	-10.006	-4.020
39.175	-10.001	-4.030
40.175	-10.006	-4.020
41.175	-9.999	-4.030
42.175	-9.998	-4.020
43.175	-9.999	-4.020
44.175	-10.001	-4.020
45.175	-10.000	-4.020
46.175	-10.062	-4.250
47.175	-10.091	-4.840
48.175	-10.087	-4.880
49.175	-10.087	-4.880
50.175	-10.083	-4.880
51.175	-10.078	-4.880
52.175	-10.081	-4.880
53.175	-10.092	-4.880
54.175	-10.093	-4.880
55.175	-10.087	-4.880
56.175	-10.140	-5.120
57.175	-10.182	-5.740
58.175	-10.181	-5.830
59.175	-10.186	-5.830
60.175	-10.194	-5.840
61.175	-10.200	-5.840
62.175	-10.197	-5.840
63.175	-10.199	-5.840
64.175	-10.200	-5.840
65.175	-10.196	-5.840
66.175	-10.192	-5.840
67.175	-10.188	-5.840
68.175	-10.251	-5.840
69.175	-10.358	-6.770
70.175	-10.368	-7.220
71.175	-10.365	-7.250
72.175	-10.375	-7.250
73.175	-10.344	-7.250
74.175	-10.356	-7.250
75.175	-10.357	-7.250
76.175	-10.355	-7.250
77.175	-10.350	-7.250
78.175	-10.347	-7.250
79.175	-10.513	-7.440
80.175	-10.562	-8.470
81.175	-10.566	-8.540
82.175	-10.566	-8.550
83.175	-10.583	-8.550
84.175	-10.575	-8.550
85.175	-10.569	-8.550
86.175	-10.568	-8.550
87.175	-10.577	-8.550
88.175	-10.575	-8.550
89.175	-10.575	-8.550
90.175	-10.574	-8.550
91.175	-10.781	-8.590
92.175	-10.836	-9.500
93.175	-10.838	-9.570
94.175	-10.841	-9.580
95.175	-10.852	-9.580
96.175	-10.855	-9.570
97.175	-10.859	-9.570
98.175	-10.865	-9.580
99.175	-10.883	-9.580
100.175	-10.870	-9.580
101.175	-10.873	-9.570
102.175	-10.873	-9.580
103.175	-11.337	-10.500
104.175	-11.390	-10.800
105.175	-11.368	-10.820
106.175	-11.371	-10.820
107.175	-11.353	-10.820
108.175	-11.348	-10.820
109.175	-11.377	-10.820
110.175	-11.346	-10.820
111.175	-11.330	-10.820
112.175	-11.341	-10.820
113.175	-11.369	-10.820
114.175	-12.115	-11.450
115.175	-12.412	-12.050
116.175	-12.440	-12.090
117.175	-12.372	-12.090
118.175	-12.283	-12.090
119.175	-12.334	-12.090
120.175	-12.359	-12.090
121.175	-12.425	-12.090
122.175	-12.438	-12.090
123.175	-12.457	-12.090
124.175	-12.491	-12.090
125.175	-12.489	-12.090
126.175	-12.741	-12.090
127.175	-12.867	-12.360
128.175	-12.993	-12.580
129.175	-12.998	-12.610
130.175	-13.043	-12.620
131.175	-13.014	-12.620
132.175	-12.918	-12.620
133.175	-12.956	-12.620
134.175	-13.011	-12.620
135.175	-13.087	-12.620
136.175	-13.110	-12.620
137.175	-14.598	-13.040
138.175	-14.949	-14.100
139.175	-14.997	-14.180
140.175	-15.031	-14.190
141.175	-14.982	-14.190
142.175	-15.010	-14.190
143.175	-15.069	-14.190
144.175	-15.084	-14.190
145.175	-15.085	-14.190
146.175	-15.105	-14.190
147.175	-15.124	-14.190
148.175	-15.098	-14.190
149.175	-16.160	-14.290
150.175	-16.342	-15.250
151.175	-16.381	-15.310
152.175	-16.404	-15.320
153.175	-16.346	-15.320
154.175	-16.346	-15.320
155.175	-16.357	-15.320
156.175	-16.336	-15.320
157.175	-16.282	-15.320
158.175	-16.235	-15.320
159.175	-16.292	-15.320
160.175	-17.325	-16.010
161.175	-17.558	-16.400
162.175	-17.527	-16.420
163.175	-17.578	-16.420
164.175	-17.533	-16.430
165.175	-17.532	-16.430
166.175	-17.537	-16.430
167.175	-17.544	-16.430
168.175	-17.682	-16.430
169.175	-18.484	-16.450
170.175	-18.548	-17.230
171.175	-18.633	-17.300
172.175	-18.592	-17.310
173.175	-18.581	-17.310
174.175	-18.638	-17.310
175.175	-18.570	-17.310
176.175	-18.553	-17.310
177.175	-18.612	-17.310
178.175	-18.816	-17.320
179.175	-19.788	-18.110
180.175	-19.943	-18.420
181.175	-19.989	-18.440
182.175	-20.029	-18.450
183.175	-19.998	-18.440
184.175	-20.019	-18.440
185.175	-20.020	-18.440
186.175	-20.035	-18.450
187.175	-20.104	-18.440
188.175	-20.089	-18.440
189.175	-20.064	-18.450
190.175	-21.251	-18.940
191.175	-21.705	-19.800
192.175	-21.752	-19.860
193.175	-21.774	-19.870
194.175	-21.787	-19.870
195.175	-21.849	-19.860
196.175	-21.847	-19.870
197.175	-21.895	-19.870
198.175	-21.883	-19.860
199.175	-21.885	-19.870
200.175	-21.898	-19.870
201.175	-23.246	-20.750
202.175	-23.400	-21.220
203.175	-23.451	-21.260
204.175	-23.407	-21.260
205.175	-23.366	-21.260
206.175	-23.348	-21.260
207.175	-23.367	-21.260
208.175	-23.405	-21.260
209.175	-23.404	-21.260
210.175	-23.384	-21.250
211.175	-24.000	-21.260
212.175	-24.661	-22.290
213.175	-24.718	-22.460
214.175	-24.747	-22.470
215.175	-24.710	-22.470
216.175	-24.744	-22.470
217.175	-24.758	-22.470
218.175	-24.764	-22.480
219.175	-24.840	-22.480
220.175	-24.911	-22.470
221.175	-24.912	-22.480
222.175	-24.867	-22.480
223.175	-24.924	-22.480
224.175	-24.926	-22.480
225.175	-25.705	-22.480
226.175	-27.773	-24.470
227.175	-28.150	-25.380
228.175	-28.181	-25.440
229.175	-28.137	-25.450
230.175	-28.172	-25.450
231.175	-28.121	-25.460
232.175	-28.138	-25.450
233.175	-28.134	-25.460
234.175	-28.084	-25.460
235.175	-28.057	-25.460
236.175	-28.063	-25.460
237.175	-28.007	-25.460
238.175	-30.007	-26.380
239.175	-30.362	-27.400
240.175	-30.400	-27.460
241.175	-30.407	-27.470
242.175	-30.400	-27.470
243.175	-30.436	-27.470
244.175	-30.429	-27.480
245.175	-30.435	-27.470
246.175	-30.399	-27.470
247.175	-30.411	-27.480
248.175	-30.404	-27.480
249.175	-32.811	-28.330
250.175	-33.665	-30.200
251.175	-33.713	-30.300
252.175	-33.735	-30.400
253.175	-33.704	-30.400
254.175	-33.703	-30.400
255.175	-33.770	-30.400
256.175	-33.726	-30.400
257.175	-33.694	-30.400
258.175	-33.686	-30.400
259.175	-36.411	-31.000
260.175	-37.234	-33.300
261.175	-37.333	-33.500
262.175	-37.357	-33.600
263.175	-37.271	-33.600
264.175	-37.204	-33.600
265.175	-37.246	-33.600
266.175	-37.270	-33.600
267.175	-37.269	-33.600
268.175	-37.221	-33.600
269.175	-38.481	-33.600
270.175	-39.801	-35.100
271.175	-40.039	-36.000
272.175	-40.032	-36.100
273.175	-40.015	-36.100
274.175	-40.005	-36.100
275.175	-39.974	-36.100
276.175	-39.927	-36.100
277.175	-39.935	-36.100
278.175	-39.899	-36.100
279.175	-39.913	-36.200
280.175	-39.881	-36.100
281.175	-39.855	-36.100
282.175	-39.867	-36.200
283.175	-39.906	-36.200
284.175	-42.523	-37.200
285.175	-43.101	-38.900
286.175	-43.182	-39.100
287.175	-43.215	-39.100
288.175	-43.219	-39.100
289.175	-43.201	-39.100
290.175	-43.221	-39.100
291.175	-43.221	-39.100
292.175	-43.198	-39.100
293.175	-43.179	-39.100
294.175	-43.171	-39.100
295.175	-45.321	-39.300
296.175	-46.457	-41.900
297.175	-46.665	-42.200
298.175	-46.663	-42.200
299.175	-46.680	-42.200
300.175	-46.659	-42.200
301.175	-46.680	-42.200
302.175	-46.723	-42.200
303.175	-46.724	-42.200
304.175	-46.697	-42.200
305.175	-46.736	-42.200
306.175	-48.541	-42.300
307.175	-49.674	-44.700
308.175	-49.843	-45.000
309.175	-49.830	-45.100
310.175	-49.809	-45.100
311.175	-49.794	-45.100
312.175	-49.763	-45.100
313.175	-49.773	-45.100
314.175	-49.809	-45.100
315.175	-49.838	-45.100
316.175	-49.859	-45.100
317.175	-53.229	-46.900
318.175	-56.748	-49.900
319.175	-57.635	-51.800
320.175	-57.646	-52.000
321.175	-57.678	-52.000
322.175	-57.654	-52.000
323.175	-57.651	-52.000
324.175	-57.508	-52.000
325.175	-57.393	-52.000
326.175	-57.430	-52.000
327.175	-60.535	-52.000
328.175	-63.628	-56.800
329.175	-64.233	-58.100
330.175	-64.313	-58.200
331.175	-64.273	-58.200
332.175	-64.306	-58.200
333.175	-64.261	-58.200
334.175	-64.242	-58.300
335.175	-64.192	-58.300
336.175	-64.218	-58.300
337.175	-65.807	-58.300
338.175	-69.969	-62.600
339.175	-70.593	-64.000
340.175	-70.693	-64.200
341.175	-70.742	-64.200
342.175	-70.749	-64.200
343.175	-70.728	-64.200
344.175	-70.741	-64.200
345.175	-70.785	-64.200
346.175	-70.735	-64.200
347.175	-70.742	-64.200
348.175	-72.933	-64.200
349.175	-76.318	-68.200
350.175	-77.203	-70.000
351.175	-77.288	-70.200
352.175	-77.317	-70.200
353.175	-77.290	-70.200
354.175	-77.264	-70.200
355.175	-77.284	-70.200
356.175	-77.251	-70.200
357.175	-77.229	-70.200
358.175	-77.170	-70.200
359.175	-77.885	-70.200
360.175	-82.299	-73.300
361.175	-83.835	-76.100
362.175	-84.001	-76.400
363.175	-83.977	-76.400
364.175	-83.968	-76.400
365.175	-84.013	-76.400
366.175	-84.013	-76.400
367.175	-84.046	-76.400
368.175	-84.026	-76.400
369.175	-84.002	-76.400
370.175	-83.922	-76.400
371.175	-83.925	-76.400
372.175	-87.963	-77.100
373.175	-90.386	-82.000
374.175	-90.671	-82.600
375.175	-90.654	-82.600
376.175	-90.638	-82.600
377.175	-90.562	-82.600
378.175	-90.494	-82.500
379.175	-90.420	-82.400
380.175	-90.381	-82.400
381.175	-90.228	-82.300
382.175	-90.055	-82.100
383.175	-89.878	-82.000
384.175	-89.348	-81.700
385.175	-89.545	-81.200
386.175	-94.469	-84.100
387.175	-96.090	-87.600
388.175	-95.783	-87.000
389.175	-95.867	-87.200
390.175	-95.614	-87.200
391.175	-95.423	-87.000
392.175	-95.222	-87.000
393.175	-95.330	-86.800
394.175	-95.158	-86.900
395.175	-95.033	-86.700
396.175	-95.395	-87.000
397.175	-95.429	-87.100
398.176	-95.476	-87.100
399.175	-95.497	-87.200
400.175	-100.319	-88.700
401.175	-102.040	-92.600
402.175	-102.169	-93.100
403.175	-102.249	-93.100
404.175	-102.296	-93.200
405.175	-102.219	-93.100
406.175	-102.183	-93.100
407.175	-102.065	-93.100
408.175	-102.045	-93.100
409.175	-102.116	-93.100
410.175	-102.044	-93.000
411.175	-106.151	-93.900
412.175	-108.004	-98.000
413.175	-109.214	-99.200
414.175	-110.186	-100.600
415.175	-110.041	-100.600
416.175	-109.951	-100.500
417.175	-109.874	-100.400
418.175	-109.824	-100.300
419.175	-109.954	-100.400
420.175	-109.918	-100.400
421.175	-109.973	-100.400
422.175	-109.957	-100.400
423.175	-113.198	-100.400
424.175	-116.700	-105.800
425.175	-116.779	-106.900
426.175	-116.287	-106.500
427.175	-116.158	-106.400
428.175	-115.626	-106.100
429.175	-115.206	-105.600
430.175	-114.205	-104.800
431.175	-114.460	-104.900
432.175	-114.542	-104.900
433.175	-117.699	-105.200
434.175	-119.528	-108.400
435.175	-119.529	-109.400
436.175	-119.568	-109.300
437.175	-119.606	-109.400
438.175	-119.421	-109.400
439.175	-119.339	-109.200
440.175	-120.117	-109.900
441.175	-120.132	-110.000
442.175	-120.041	-110.000
443.175	-119.710	-109.800
444.175	-119.403	-109.600
445.175	-124.586	-112.200
446.175	-126.158	-115.500
447.175	-126.341	-115.900
448.175	-126.379	-116.000
449.175	-126.680	-116.200
450.175	-126.542	-116.200
451.175	-126.847	-116.300
452.175	-126.903	-116.400
453.175	-126.776	-116.400
454.175	-127.411	-116.900
455.175	-126.719	-116.400
456.175	-126.853	-116.300
457.175	-126.958	-116.500
