0.274	0.004	0.016
1.274	0.007	0.016
2.274	0.006	0.016
3.274	0.006	0.016
4.274	0.007	0.016
5.274	-0.001	0.015
6.274	0.000	0.016
7.274	-0.005	0.016
8.274	-0.007	0.016
9.274	-0.005	0.017
10.274	0.002	0.017
11.274	0.000	0.016
12.274	-0.004	0.017
13.274	-0.006	0.016
14.274	0.001	0.016
15.274	-0.007	0.016
16.274	0.003	0.016
17.274	-0.006	0.016
18.274	-0.012	0.016
19.274	0.011	0.016
20.274	0.006	0.016
21.274	0.006	0.016
22.274	-0.001	0.016
23.274	-0.004	0.017
24.274	0.002	0.017
25.274	-0.004	0.016
26.274	-0.008	0.016
27.274	-0.002	0.016
28.274	-0.003	0.016
29.274	-0.001	0.016
30.274	0.001	0.016
31.274	0.004	0.016
32.274	-0.009	0.016
33.274	-0.010	0.017
34.274	-0.003	0.016
35.274	-0.003	0.017
36.274	-0.004	0.017
37.274	-0.001	0.017
38.274	-0.003	0.017
39.274	-0.004	0.017
40.274	-0.000	0.017
41.274	-0.005	0.016
42.274	-0.007	0.016
43.274	-0.008	0.017
44.274	0.001	0.017
45.274	0.007	0.017
46.274	-0.002	0.016
47.274	-0.001	0.017
48.274	-0.003	0.017
49.274	0.004	0.017
50.274	-0.006	0.017
51.274	-0.008	0.017
52.274	0.007	0.016
53.274	-0.004	0.016
54.274	0.003	0.016
55.274	0.005	0.016
56.274	-0.002	0.016
57.274	-0.005	0.017
58.274	-0.007	0.017
59.274	-0.013	0.017
60.274	-0.006	0.017
61.274	0.003	0.016
62.274	0.006	0.016
63.274	0.006	0.016
64.274	0.010	0.016
65.274	-0.004	0.016
66.274	0.002	0.016
67.274	0.000	0.016
68.274	0.004	0.015
69.274	0.002	0.015
70.274	-0.001	0.015
71.274	0.006	0.016
72.274	-0.004	0.016
73.274	-0.009	0.016
74.274	0.004	0.016
75.274	-0.007	0.016
76.274	-0.000	0.016
77.274	0.002	0.016
78.274	-0.004	0.016
79.274	0.002	0.016
80.274	-0.009	0.016
81.274	0.002	0.016
82.274	0.003	0.016
83.274	-0.004	0.016
84.274	-0.007	0.016
85.274	-0.001	0.016
86.274	-0.002	0.016
87.274	-0.003	0.016
88.274	-0.006	0.016
89.274	-0.001	0.016
90.274	-0.012	0.016
91.274	-0.004	0.017
92.274	-0.001	0.017
93.274	-0.011	0.016
94.274	-0.005	0.016
95.274	-0.002	0.016
96.274	0.000	0.016
97.274	-0.005	0.016
98.274	0.001	0.016
99.274	-0.004	0.016
100.274	-0.006	0.017
101.274	-0.010	0.016
102.274	-0.004	0.016
103.274	0.005	0.016
104.274	-0.000	0.017
105.274	0.002	0.017
106.274	-0.005	0.016
107.274	-0.007	0.016
108.274	0.003	0.016
109.274	0.005	0.016
110.274	-0.002	0.016
111.274	-0.005	0.016
112.274	-0.004	0.016
113.274	-0.001	0.016
114.274	-0.003	0.016
115.274	0.001	0.016
116.274	-0.000	0.016
117.274	0.004	0.016
118.274	-0.001	0.016
119.274	-0.008	0.016
120.274	-0.008	0.016
121.274	0.001	0.016
122.274	0.001	0.016
123.274	0.002	0.016
124.274	0.007	0.016
125.274	-0.003	0.016
126.274	-0.008	0.016
127.274	-0.007	0.015
128.274	-0.006	0.015
129.274	0.001	0.015
130.274	-0.016	0.016
131.274	-0.000	0.016
132.274	0.007	0.016
133.274	-0.013	0.015
134.274	-0.013	0.015
135.274	-0.009	0.016
136.274	0.013	0.015
137.274	0.005	0.015
138.274	-0.008	0.015
139.274	0.002	0.015
140.274	-0.000	0.015
141.274	0.006	0.016
142.274	0.008	0.016
143.274	0.007	0.015
144.274	0.004	0.016
145.274	0.001	0.016
146.274	0.007	0.014
147.274	0.001	0.015
148.274	0.005	0.014
149.274	-0.001	0.015
150.274	-0.012	0.014
151.274	-0.004	0.015
152.274	-0.011	0.015
153.274	-0.015	0.015
154.274	0.004	0.015
155.274	0.005	0.016
156.274	-0.007	0.015
157.274	-0.014	0.015
158.274	0.005	0.015
159.274	0.009	0.015
160.274	-0.005	0.015
161.274	0.003	0.015
162.274	-0.001	0.015
163.274	0.009	0.015
164.274	0.004	0.015
165.274	-0.001	0.014
166.274	0.005	0.015
167.274	0.004	0.015
168.274	-0.001	0.015
169.274	-0.003	0.016
170.274	-0.000	0.015
171.274	-0.002	0.015
172.274	0.003	0.016
173.274	-0.001	0.015
174.274	0.001	0.015
175.274	0.003	0.015
176.274	-0.003	0.016
177.274	0.002	0.015
178.274	0.005	0.015
179.274	0.000	0.015
180.274	0.007	0.014
181.274	-0.005	0.014
182.274	-0.015	0.014
183.274	-0.001	0.015
184.274	0.003	0.015
185.274	0.010	0.015
186.274	0.005	0.016
187.274	0.004	0.016
188.274	0.006	0.015
189.274	0.001	0.015
190.274	0.004	0.015
191.274	-0.001	0.016
192.274	-0.004	0.015
193.274	0.002	0.015
194.274	0.004	0.016
195.274	-0.007	0.015
196.274	-0.002	0.016
197.274	-0.001	0.016
198.274	-0.000	0.016
199.274	0.006	0.015
200.274	-0.007	0.015
201.274	-0.002	0.015
202.274	-0.005	0.015
203.274	-0.007	0.016
204.274	-0.013	0.015
205.274	-0.005	0.015
206.274	0.008	0.016
207.274	-0.011	0.016
208.274	-0.008	0.015
209.274	-0.002	0.015
210.274	-0.002	0.015
211.274	-0.004	0.015
212.274	0.001	0.015
213.274	0.005	0.015
214.274	0.002	0.015
215.274	0.004	0.016
216.274	0.008	0.016
217.274	0.000	0.015
218.274	0.007	0.016
219.274	-0.003	0.016
220.274	0.001	0.015
221.274	-0.002	0.015
222.274	-0.009	0.015
223.274	-0.006	0.015
224.274	-0.007	0.016
225.274	-0.006	0.015
226.274	-0.010	0.015
227.274	-0.008	0.014
228.274	-0.002	0.014
229.274	-0.000	0.013
230.274	-0.004	0.014
231.274	-0.001	0.014
232.274	-0.002	0.015
233.274	-0.001	0.015
234.274	-0.002	0.014
235.274	-0.010	0.014
236.274	-0.002	0.015
237.274	-0.004	0.016
238.274	-0.002	0.015
239.274	-0.005	0.015
240.274	0.001	0.014
241.274	0.000	0.015
242.274	-0.003	0.015
243.274	-0.001	0.014
244.274	-0.009	0.015
245.274	-0.005	0.014
246.274	-0.000	0.014
247.274	-0.002	0.014
248.274	-0.002	0.014
249.274	-0.012	0.012
250.274	0.003	0.012
251.274	-0.001	0.012
252.274	-0.001	0.012
253.274	-0.001	0.012
254.274	-0.002	0.012
255.274	0.005	0.012
256.274	0.003	0.012
257.274	-0.014	0.012
258.274	-0.007	0.012
259.274	-0.006	0.013
260.274	-0.001	0.012
261.274	0.005	0.012
262.274	0.002	0.013
263.274	0.008	0.012
264.274	-0.002	0.013
265.274	-0.003	0.013
266.274	-0.000	0.013
267.274	-0.003	0.013
268.274	-0.004	0.013
269.274	-0.003	0.013
270.274	0.003	0.013
271.274	0.003	0.014
272.274	-0.006	0.013
273.274	-0.002	0.013
274.274	0.001	0.013
275.274	0.003	0.012
276.274	-0.003	0.013
277.274	0.002	0.013
278.274	-0.017	0.013
279.274	0.012	0.013
280.274	0.001	0.013
281.274	-0.003	0.013
282.274	-0.010	0.013
283.274	0.004	0.013
284.274	-0.010	0.014
285.274	-0.004	0.013
286.274	-0.004	0.014
287.274	-0.010	0.013
288.274	-0.009	0.013
289.274	0.002	0.014
290.274	-0.009	0.013
291.274	-0.007	0.014
292.274	-0.014	0.014
293.274	-0.007	0.014
294.274	-0.010	0.014
295.274	0.009	0.014
296.274	-0.001	0.013
297.274	-0.006	0.013
298.274	0.001	0.013
299.274	0.000	0.014
300.274	-0.007	0.014
