0.228	-5.607	-1.223
1.228	-5.606	-1.229
2.228	-5.607	-1.232
3.228	-5.606	-1.237
4.228	-5.606	-1.241
5.228	-5.606	-1.244
6.228	-5.606	-1.248
7.228	-5.606	-1.252
8.228	-5.606	-1.257
9.228	-5.606	-1.259
10.228	-5.606	-1.264
11.228	-5.606	-1.267
12.228	-5.606	-1.269
13.228	-5.606	-1.274
14.228	-5.606	-1.278
15.228	-5.606	-1.281
16.228	-5.606	-1.284
17.228	-5.606	-1.286
18.228	-5.606	-1.291
19.228	-5.606	-1.294
20.228	-5.606	-1.297
21.228	-5.606	-1.299
22.228	-5.606	-1.303
23.228	-5.606	-1.305
24.228	-5.606	-1.310
25.228	-5.606	-1.313
26.228	-5.606	-1.315
27.228	-5.606	-1.318
28.228	-5.606	-1.320
29.228	-5.606	-1.322
30.228	-5.606	-1.326
31.228	-5.606	-1.330
32.228	-5.606	-1.332
33.228	-5.606	-1.335
34.228	-5.606	-1.338
35.228	-5.606	-1.339
36.228	-5.606	-1.341
37.228	-5.606	-1.345
38.228	-5.606	-1.347
39.228	-5.606	-1.350
40.228	-5.606	-1.353
41.228	-5.606	-1.355
42.228	-5.606	-1.358
43.228	-5.606	-1.360
44.228	-5.606	-1.363
45.228	-5.606	-1.364
46.228	-5.606	-1.367
47.228	-5.606	-1.370
48.228	-5.606	-1.373
49.228	-5.606	-1.375
50.228	-5.606	-1.377
51.228	-5.606	-1.380
52.228	-5.606	-1.381
53.228	-5.606	-1.384
54.228	-5.606	-1.386
55.228	-5.606	-1.389
56.228	-5.606	-1.391
57.228	-5.606	-1.394
58.228	-5.606	-1.395
59.228	-5.606	-1.397
60.228	-5.606	-1.399
61.228	-5.606	-1.403
62.228	-5.606	-1.403
63.228	-5.606	-1.406
64.228	-5.606	-1.408
65.228	-5.606	-1.410
66.228	-5.606	-1.411
67.228	-5.606	-1.415
68.228	-5.606	-1.418
69.228	-5.606	-1.419
70.228	-5.606	-1.421
71.228	-5.606	-1.422
72.228	-5.606	-1.424
73.228	-5.606	-1.426
74.228	-5.606	-1.428
75.228	-5.606	-1.431
76.228	-5.606	-1.433
77.228	-5.606	-1.433
78.228	-5.606	-1.435
79.228	-5.606	-1.438
80.228	-5.606	-1.440
81.228	-5.606	-1.443
82.228	-5.606	-1.444
83.228	-5.606	-1.445
84.228	-5.606	-1.446
85.228	-5.606	-1.448
86.228	-5.606	-1.450
87.228	-5.606	-1.452
88.228	-5.606	-1.454
89.228	-5.606	-1.455
90.228	-5.606	-1.457
91.228	-5.606	-1.459
92.228	-5.606	-1.461
93.228	-5.606	-1.462
94.228	-5.606	-1.464
95.228	-5.606	-1.464
96.228	-5.606	-1.467
97.228	-5.606	-1.468
98.228	-5.606	-1.470
99.228	-5.606	-1.470
100.228	-5.606	-1.471
101.228	-5.606	-1.472
102.228	-5.606	-1.473
103.228	-5.606	-1.475
104.228	-5.606	-1.477
105.228	-5.606	-1.479
106.228	-5.606	-1.479
107.228	-5.606	-1.480
108.228	-5.606	-1.482
109.228	-5.606	-1.483
110.228	-5.606	-1.486
111.228	-5.606	-1.488
112.228	-5.606	-1.488
113.228	-5.606	-1.488
114.228	-5.606	-1.490
115.228	-5.606	-1.491
116.228	-5.606	-1.494
117.228	-5.606	-1.495
118.228	-5.606	-1.496
119.228	-5.606	-1.496
120.228	-5.606	-1.499
121.228	-5.606	-1.500
122.228	-5.606	-1.502
123.228	-5.606	-1.504
124.228	-5.606	-1.503
125.228	-5.606	-1.504
126.228	-5.606	-1.506
127.228	-5.606	-1.508
128.228	-5.606	-1.511
129.228	-5.606	-1.512
130.228	-5.606	-1.513
131.228	-5.606	-1.513
132.228	-5.606	-1.514
133.228	-5.606	-1.516
134.228	-5.606	-1.520
135.228	-5.606	-1.520
136.228	-5.606	-1.521
137.228	-5.606	-1.523
138.228	-5.606	-1.523
139.228	-5.606	-1.526
140.228	-5.606	-1.527
141.228	-5.606	-1.528
142.228	-5.606	-1.528
143.228	-5.606	-1.529
144.228	-5.606	-1.531
145.228	-5.606	-1.533
146.228	-5.606	-1.534
147.228	-5.606	-1.536
148.228	-5.606	-1.537
149.228	-5.606	-1.536
150.228	-5.606	-1.537
151.228	-5.606	-1.540
152.228	-5.606	-1.542
153.228	-5.606	-1.542
154.228	-5.606	-1.544
155.228	-5.606	-1.543
156.228	-5.606	-1.547
157.228	-5.606	-1.548
158.228	-5.606	-1.549
159.228	-5.606	-1.551
160.228	-5.606	-1.551
161.228	-5.606	-1.552
162.228	-5.606	-1.553
163.228	-5.606	-1.556
164.228	-5.606	-1.555
165.228	-5.606	-1.559
166.228	-5.606	-1.558
167.228	-5.606	-1.560
168.228	-5.606	-1.561
169.228	-5.606	-1.562
170.228	-5.606	-1.564
171.228	-5.606	-1.565
172.228	-5.606	-1.566
173.228	-5.606	-1.567
174.228	-5.606	-1.567
175.228	-5.606	-1.569
176.228	-5.606	-1.570
177.228	-5.606	-1.571
178.228	-5.606	-1.572
179.228	-5.606	-1.573
180.228	-5.606	-1.575
181.228	-5.606	-1.575
182.228	-5.606	-1.576
183.228	-5.606	-1.577
184.228	-5.606	-1.579
185.228	-5.606	-1.581
186.228	-5.606	-1.580
187.228	-5.606	-1.581
188.228	-5.606	-1.583
189.228	-5.606	-1.583
190.228	-5.606	-1.585
191.228	-5.606	-1.585
192.228	-5.606	-1.586
193.228	-5.606	-1.588
194.228	-5.606	-1.590
195.228	-5.606	-1.590
196.228	-5.606	-1.590
197.228	-5.606	-1.591
198.228	-5.606	-1.592
199.228	-5.606	-1.593
200.228	-5.606	-1.595
201.228	-5.606	-1.596
202.228	-5.606	-1.596
203.228	-5.606	-1.598
204.228	-5.606	-1.598
205.228	-5.606	-1.599
206.228	-5.606	-1.600
207.228	-5.606	-1.602
208.228	-5.606	-1.602
209.228	-5.606	-1.602
210.228	-5.606	-1.604
211.228	-5.606	-1.605
212.228	-5.606	-1.607
213.228	-5.606	-1.608
214.228	-5.606	-1.608
215.228	-5.606	-1.610
216.228	-5.606	-1.610
217.228	-5.606	-1.611
218.228	-5.606	-1.612
219.228	-5.606	-1.613
220.228	-5.606	-1.614
221.228	-5.606	-1.614
222.228	-5.606	-1.615
223.228	-5.606	-1.616
224.228	-5.606	-1.618
225.228	-5.606	-1.619
226.228	-5.606	-1.619
227.228	-5.606	-1.620
228.228	-5.606	-1.621
229.228	-5.606	-1.622
230.228	-5.606	-1.623
231.228	-5.606	-1.625
232.228	-5.606	-1.625
233.228	-5.606	-1.626
234.228	-5.606	-1.627
235.228	-5.606	-1.629
236.228	-5.606	-1.630
237.228	-5.606	-1.630
238.228	-5.606	-1.631
239.228	-5.606	-1.631
240.228	-5.606	-1.632
241.228	-5.606	-1.634
242.228	-5.606	-1.635
243.228	-5.606	-1.636
244.228	-5.606	-1.636
245.228	-5.606	-1.635
246.228	-5.606	-1.638
247.228	-5.606	-1.641
248.228	-5.606	-1.640
249.228	-5.606	-1.640
250.228	-5.606	-1.641
251.228	-5.606	-1.641
252.228	-5.606	-1.643
253.228	-5.606	-1.645
254.228	-5.606	-1.645
255.228	-5.606	-1.646
256.228	-5.606	-1.646
257.228	-5.606	-1.647
258.228	-5.606	-1.648
259.228	-5.606	-1.649
260.228	-5.606	-1.651
261.228	-5.606	-1.650
262.228	-5.606	-1.652
263.228	-5.606	-1.652
264.228	-5.606	-1.653
265.228	-5.606	-1.655
266.228	-5.606	-1.656
267.228	-5.606	-1.654
268.228	-5.606	-1.657
269.228	-5.606	-1.657
270.228	-5.606	-1.657
271.228	-5.606	-1.659
272.228	-5.606	-1.660
273.228	-5.606	-1.662
274.228	-5.606	-1.662
275.228	-5.606	-1.663
276.228	-5.606	-1.662
277.228	-5.606	-1.664
278.228	-5.606	-1.665
279.228	-5.606	-1.665
280.228	-5.606	-1.666
281.228	-5.606	-1.667
282.228	-5.606	-1.668
283.228	-5.606	-1.669
284.228	-5.606	-1.670
285.228	-5.606	-1.670
286.228	-5.606	-1.670
287.228	-5.606	-1.671
288.228	-5.606	-1.671
289.228	-5.606	-1.673
290.228	-5.606	-1.673
291.228	-5.606	-1.676
292.228	-5.606	-1.676
293.228	-5.606	-1.676
294.228	-5.606	-1.675
295.228	-5.606	-1.678
296.228	-5.606	-1.679
297.228	-5.606	-1.679
298.228	-5.606	-1.678
299.228	-5.606	-1.679
300.228	-5.606	-1.680
301.228	-5.606	-1.683
302.228	-5.606	-1.683
303.228	-5.606	-1.686
304.228	-5.606	-1.685
305.228	-5.606	-1.685
306.228	-5.606	-1.685
307.228	-5.606	-1.687
308.228	-5.606	-1.688
309.228	-5.606	-1.688
310.228	-5.606	-1.689
311.228	-5.606	-1.690
312.228	-5.606	-1.690
313.228	-5.606	-1.691
314.228	-5.606	-1.693
315.228	-5.606	-1.694
316.228	-5.606	-1.693
317.228	-5.606	-1.694
318.228	-5.606	-1.694
319.228	-5.606	-1.697
320.228	-5.606	-1.697
321.228	-5.606	-1.697
322.228	-5.606	-1.698
323.228	-5.606	-1.698
324.228	-5.606	-1.699
325.228	-5.606	-1.700
326.228	-5.606	-1.700
327.228	-5.606	-1.702
328.228	-5.606	-1.701
329.228	-5.606	-1.703
330.228	-5.606	-1.703
331.228	-5.606	-1.704
332.228	-5.606	-1.705
333.228	-5.606	-1.705
334.228	-5.606	-1.706
335.228	-5.607	-1.706
336.228	-5.606	-1.708
337.228	-5.606	-1.708
338.228	-5.606	-1.710
339.228	-5.606	-1.711
340.228	-5.607	-1.711
341.228	-5.606	-1.710
342.228	-5.606	-1.711
343.228	-5.606	-1.711
344.228	-5.607	-1.713
345.228	-5.607	-1.715
346.228	-5.606	-1.715
347.228	-5.606	-1.715
348.228	-5.606	-1.716
349.228	-5.606	-1.716
350.228	-5.606	-1.716
351.228	-5.606	-1.717
352.228	-5.606	-1.719
353.228	-5.606	-1.719
354.228	-5.606	-1.719
355.228	-5.606	-1.720
356.228	-5.606	-1.722
357.228	-5.606	-1.722
358.228	-5.606	-1.721
359.228	-5.607	-1.723
360.228	-5.606	-1.723
361.228	-5.607	-1.724
362.228	-5.606	-1.725
363.228	-5.607	-1.726
364.228	-5.606	-1.725
365.228	-5.606	-1.727
366.228	-5.606	-1.728
367.228	-5.606	-1.730
368.228	-5.606	-1.730
369.228	-5.606	-1.729
370.228	-5.606	-1.730
371.228	-5.607	-1.731
372.228	-5.606	-1.731
373.228	-5.606	-1.732
374.228	-5.606	-1.734
375.228	-5.607	-1.734
376.228	-5.607	-1.734
377.228	-5.607	-1.735
378.228	-5.607	-1.734
379.228	-5.607	-1.736
380.228	-5.607	-1.736
381.228	-5.606	-1.738
382.228	-5.606	-1.738
383.228	-5.606	-1.738
384.228	-5.606	-1.740
385.228	-5.606	-1.740
386.228	-5.607	-1.741
387.228	-5.607	-1.742
388.228	-5.607	-1.741
389.228	-5.607	-1.742
390.228	-5.606	-1.743
391.228	-5.607	-1.745
392.228	-5.607	-1.744
393.228	-5.607	-1.746
394.228	-5.607	-1.745
395.228	-5.607	-1.746
396.228	-5.607	-1.747
397.228	-5.607	-1.748
398.228	-5.607	-1.748
399.228	-5.607	-1.749
400.228	-5.607	-1.750
401.228	-5.607	-1.749
402.228	-5.607	-1.749
403.228	-5.607	-1.751
404.228	-5.607	-1.752
405.228	-5.607	-1.754
406.228	-5.607	-1.752
407.228	-5.607	-1.753
408.228	-5.607	-1.754
409.228	-5.607	-1.756
410.228	-5.607	-1.756
411.228	-5.607	-1.758
412.228	-5.607	-1.756
413.228	-5.607	-1.757
414.228	-5.607	-1.758
415.228	-5.607	-1.760
416.228	-5.607	-1.759
417.228	-5.607	-1.761
418.228	-5.607	-1.761
419.228	-5.607	-1.760
420.228	-5.607	-1.761
421.228	-5.607	-1.762
422.228	-5.607	-1.763
423.228	-5.607	-1.764
424.228	-5.607	-1.763
425.228	-5.607	-1.764
426.228	-5.607	-1.765
427.228	-5.607	-1.766
428.228	-5.607	-1.766
429.228	-5.607	-1.767
430.228	-5.607	-1.767
431.228	-5.607	-1.767
432.228	-5.607	-1.767
433.228	-5.607	-1.768
434.228	-5.607	-1.770
435.228	-5.607	-1.771
436.228	-5.607	-1.771
437.228	-5.607	-1.771
438.228	-5.607	-1.772
439.228	-5.607	-1.773
440.228	-5.607	-1.773
441.228	-5.607	-1.774
442.228	-5.607	-1.774
443.228	-5.607	-1.774
444.228	-5.607	-1.775
445.228	-5.607	-1.775
446.228	-5.607	-1.776
447.228	-5.607	-1.778
448.228	-5.607	-1.778
449.228	-5.607	-1.778
450.228	-5.607	-1.778
451.228	-5.607	-1.780
452.228	-5.607	-1.780
453.228	-5.607	-1.780
454.228	-5.607	-1.782
455.228	-5.607	-1.780
456.228	-5.607	-1.781
457.228	-5.607	-1.783
458.228	-5.607	-1.783
459.228	-5.607	-1.784
460.228	-5.607	-1.784
461.228	-5.607	-1.785
462.228	-5.607	-1.784
463.228	-5.607	-1.785
464.228	-5.607	-1.786
465.228	-5.607	-1.786
466.228	-5.607	-1.787
467.228	-5.607	-1.788
468.228	-5.607	-1.787
469.228	-5.607	-1.787
470.228	-5.607	-1.790
471.228	-5.607	-1.791
472.228	-5.607	-1.791
473.228	-5.607	-1.790
474.228	-5.607	-1.790
475.228	-5.607	-1.791
476.228	-5.607	-1.793
477.228	-5.607	-1.793
478.228	-5.607	-1.794
479.228	-5.607	-1.793
480.228	-5.607	-1.794
481.228	-5.607	-1.795
482.228	-5.607	-1.796
483.228	-5.607	-1.797
484.228	-5.607	-1.797
485.228	-5.607	-1.798
486.228	-5.607	-1.797
487.228	-5.607	-1.798
488.228	-5.607	-1.799
489.228	-5.607	-1.800
490.228	-5.607	-1.802
491.228	-5.607	-1.799
492.228	-5.607	-1.801
493.228	-5.607	-1.801
494.228	-5.607	-1.803
495.228	-5.607	-1.803
496.228	-5.607	-1.804
497.228	-5.607	-1.803
498.228	-5.607	-1.804
499.228	-5.607	-1.804
500.228	-5.607	-1.805
501.228	-5.607	-1.807
502.228	-5.607	-1.807
503.228	-5.607	-1.807
504.228	-5.607	-1.807
505.228	-5.607	-1.807
506.228	-5.607	-1.807
507.228	-5.607	-1.809
508.228	-5.607	-1.809
509.228	-5.607	-1.810
510.228	-5.607	-1.810
511.228	-5.607	-1.811
512.228	-5.607	-1.811
513.228	-5.607	-1.810
514.228	-5.607	-1.810
515.228	-5.607	-1.812
516.228	-5.607	-1.813
517.228	-5.607	-1.813
518.228	-5.607	-1.815
519.228	-5.607	-1.814
520.228	-5.607	-1.815
521.228	-5.607	-1.814
522.228	-5.607	-1.817
523.228	-5.607	-1.817
524.228	-5.607	-1.818
525.228	-5.607	-1.817
526.228	-5.607	-1.817
527.228	-5.607	-1.819
528.228	-5.607	-1.820
529.228	-5.607	-1.819
530.228	-5.607	-1.821
531.228	-5.607	-1.821
532.228	-5.607	-1.821
533.228	-5.607	-1.822
534.228	-5.607	-1.822
535.228	-5.607	-1.822
536.228	-5.607	-1.824
537.228	-5.607	-1.823
538.228	-5.607	-1.823
539.228	-5.607	-1.823
540.228	-5.607	-1.826
541.228	-5.607	-1.825
542.228	-5.607	-1.826
543.228	-5.607	-1.826
544.228	-5.607	-1.826
545.228	-5.607	-1.827
546.228	-5.607	-1.827
547.228	-5.607	-1.829
548.228	-5.607	-1.828
549.228	-5.607	-1.828
550.228	-5.607	-1.829
551.228	-5.607	-1.829
552.228	-5.607	-1.830
553.228	-5.607	-1.831
554.228	-5.607	-1.832
555.228	-5.607	-1.833
556.228	-5.607	-1.832
557.228	-5.607	-1.832
558.228	-5.607	-1.833
559.228	-5.607	-1.834
560.228	-5.607	-1.835
561.228	-5.607	-1.835
562.228	-5.607	-1.835
563.228	-5.607	-1.835
564.228	-5.607	-1.835
565.228	-5.607	-1.837
566.228	-5.607	-1.838
567.228	-5.607	-1.838
568.228	-5.607	-1.837
569.228	-5.607	-1.839
570.228	-5.607	-1.838
571.228	-5.607	-1.839
572.228	-5.607	-1.840
573.228	-5.608	-1.841
574.228	-5.607	-1.839
575.228	-5.607	-1.841
576.228	-5.607	-1.841
577.228	-5.607	-1.841
578.228	-5.607	-1.843
579.228	-5.607	-1.844
580.228	-5.607	-1.843
581.228	-5.608	-1.843
582.228	-5.607	-1.843
583.229	-5.607	-1.845
584.228	-5.607	-1.845
585.228	-5.607	-1.846
586.228	-5.607	-1.846
587.228	-5.607	-1.845
588.228	-5.607	-1.847
589.228	-5.607	-1.847
590.228	-5.607	-1.849
591.228	-5.607	-1.848
592.228	-5.607	-1.849
593.228	-5.607	-1.849
594.228	-5.607	-1.850
595.228	-5.607	-1.850
596.228	-5.607	-1.851
597.228	-5.607	-1.851
598.228	-5.607	-1.851
599.228	-5.607	-1.852
600.228	-5.607	-1.852
601.228	-5.607	-1.852
602.228	-5.607	-1.854
603.228	-5.607	-1.854
604.228	-5.607	-1.854
605.228	-5.607	-1.854
606.228	-5.607	-1.853
607.228	-5.607	-1.856
608.228	-5.607	-1.856
609.228	-5.607	-1.858
610.228	-5.607	-1.857
611.228	-5.607	-1.856
612.228	-5.607	-1.857
613.228	-5.607	-1.858
614.228	-5.607	-1.859
615.228	-5.607	-1.860
616.228	-5.607	-1.858
617.228	-5.607	-1.859
618.228	-5.607	-1.859
619.228	-5.607	-1.862
620.228	-5.607	-1.862
621.228	-5.607	-1.862
622.228	-5.607	-1.863
623.228	-5.607	-1.864
624.228	-5.607	-1.862
625.228	-5.607	-1.863
626.228	-5.607	-1.864
627.228	-5.607	-1.865
628.228	-5.607	-1.865
629.228	-5.607	-1.865
630.228	-5.607	-1.865
631.228	-5.607	-1.866
632.228	-5.607	-1.867
633.228	-5.607	-1.868
634.228	-5.607	-1.868
635.228	-5.607	-1.867
636.228	-5.607	-1.867
637.228	-5.607	-1.869
638.228	-5.607	-1.869
639.228	-5.607	-1.870
640.228	-5.607	-1.870
641.228	-5.607	-1.870
642.228	-5.607	-1.870
643.228	-5.607	-1.872
644.228	-5.607	-1.871
645.228	-5.607	-1.872
646.228	-5.607	-1.872
647.228	-5.607	-1.873
648.228	-5.607	-1.873
649.228	-5.607	-1.873
650.228	-5.607	-1.873
651.228	-5.607	-1.875
652.228	-5.607	-1.875
653.228	-5.607	-1.875
654.228	-5.607	-1.876
655.228	-5.607	-1.876
656.228	-5.607	-1.877
657.228	-5.607	-1.878
658.228	-5.607	-1.878
659.228	-5.607	-1.878
660.228	-5.607	-1.879
661.228	-5.607	-1.878
662.228	-5.607	-1.878
663.228	-5.607	-1.880
664.228	-5.607	-1.880
665.228	-5.607	-1.881
666.228	-5.607	-1.881
667.228	-5.607	-1.880
668.228	-5.607	-1.881
669.228	-5.607	-1.881
670.228	-5.607	-1.883
671.228	-5.607	-1.884
672.228	-5.607	-1.884
673.228	-5.607	-1.883
674.228	-5.607	-1.883
675.228	-5.607	-1.883
676.228	-5.607	-1.885
677.228	-5.607	-1.886
678.228	-5.607	-1.885
679.228	-5.607	-1.886
680.228	-5.607	-1.886
681.228	-5.607	-1.887
682.228	-5.607	-1.888
683.228	-5.607	-1.888
684.228	-5.607	-1.888
685.228	-5.607	-1.889
686.228	-5.607	-1.888
687.228	-5.607	-1.890
688.228	-5.607	-1.890
689.228	-5.607	-1.891
690.228	-5.607	-1.889
691.228	-5.607	-1.890
692.228	-5.607	-1.890
693.228	-5.607	-1.890
694.228	-5.607	-1.892
695.228	-5.607	-1.892
696.228	-5.607	-1.892
697.228	-5.607	-1.892
698.228	-5.607	-1.893
699.228	-5.607	-1.893
700.228	-5.606	-1.893
701.228	-5.607	-1.895
702.228	-5.606	-1.895
703.228	-5.607	-1.895
704.228	-5.607	-1.895
705.228	-5.606	-1.895
706.228	-5.606	-1.897
707.228	-5.606	-1.896
708.228	-5.606	-1.897
709.228	-5.606	-1.897
710.228	-5.606	-1.897
711.228	-5.606	-1.897
712.228	-5.606	-1.899
713.228	-5.607	-1.899
714.228	-5.607	-1.899
715.228	-5.607	-1.898
716.228	-5.606	-1.898
717.228	-5.607	-1.898
718.228	-5.606	-1.899
719.228	-5.607	-1.900
720.228	-5.607	-1.901
721.228	-5.606	-1.900
722.228	-5.607	-1.901
723.228	-5.607	-1.901
724.228	-5.606	-1.901
725.228	-5.607	-1.902
726.228	-5.606	-1.902
727.228	-5.607	-1.901
728.228	-5.607	-1.901
729.228	-5.606	-1.902
730.228	-5.607	-1.902
731.228	-5.606	-1.903
732.228	-5.607	-1.903
733.228	-5.607	-1.903
734.228	-5.606	-1.903
735.228	-5.606	-1.903
736.228	-5.606	-1.904
737.228	-5.606	-1.904
738.228	-5.606	-1.905
739.228	-5.607	-1.905
740.228	-5.607	-1.904
741.228	-5.607	-1.905
742.228	-5.607	-1.905
743.228	-5.607	-1.907
744.228	-5.606	-1.906
745.228	-5.606	-1.905
746.228	-5.606	-1.905
747.228	-5.606	-1.906
748.228	-5.606	-1.907
749.228	-5.606	-1.908
750.228	-5.606	-1.908
751.228	-5.606	-1.908
752.228	-5.606	-1.908
753.228	-5.606	-1.906
754.228	-5.606	-1.908
755.228	-5.606	-1.908
756.228	-5.606	-1.909
757.228	-5.606	-1.909
758.228	-5.606	-1.909
759.228	-5.606	-1.908
760.228	-5.606	-1.910
761.228	-5.606	-1.910
762.228	-5.606	-1.911
763.228	-5.606	-1.909
764.228	-5.606	-1.910
765.228	-5.606	-1.910
766.228	-5.606	-1.912
767.228	-5.606	-1.912
768.228	-5.606	-1.913
769.228	-5.606	-1.912
770.228	-5.606	-1.912
771.228	-5.606	-1.913
772.228	-5.606	-1.913
773.228	-5.606	-1.913
774.228	-5.606	-1.915
775.228	-5.606	-1.914
776.228	-5.606	-1.914
777.228	-5.606	-1.913
778.228	-5.606	-1.914
779.228	-5.606	-1.916
780.228	-5.605	-1.918
781.228	-5.605	-1.916
782.228	-5.605	-1.916
783.228	-5.606	-1.916
784.228	-5.605	-1.916
785.228	-5.605	-1.917
786.228	-5.605	-1.918
787.228	-5.605	-1.918
788.228	-5.605	-1.917
789.228	-5.605	-1.917
790.228	-5.605	-1.918
791.228	-5.605	-1.919
792.228	-5.605	-1.920
793.228	-5.605	-1.920
794.228	-5.605	-1.919
795.228	-5.605	-1.919
796.228	-5.605	-1.920
797.228	-5.605	-1.921
798.228	-5.605	-1.921
799.228	-5.605	-1.922
800.228	-5.605	-1.921
801.228	-5.605	-1.921
802.228	-5.605	-1.921
803.228	-5.605	-1.923
804.228	-5.605	-1.923
805.228	-5.605	-1.924
806.228	-5.605	-1.925
807.228	-5.605	-1.923
808.228	-5.605	-1.924
809.228	-5.605	-1.925
810.228	-5.605	-1.926
811.228	-5.605	-1.926
812.228	-5.605	-1.927
813.228	-5.605	-1.925
814.228	-5.605	-1.926
815.228	-5.605	-1.926
816.228	-5.605	-1.928
817.228	-5.605	-1.928
818.228	-5.605	-1.929
819.228	-5.605	-1.928
820.228	-5.605	-1.928
821.228	-5.605	-1.927
822.228	-5.605	-1.928
823.228	-5.605	-1.928
824.228	-5.605	-1.930
825.228	-5.605	-1.930
826.228	-5.605	-1.930
827.228	-5.605	-1.930
828.228	-5.605	-1.930
829.228	-5.605	-1.930
830.228	-5.605	-1.930
831.228	-5.605	-1.931
832.228	-5.605	-1.933
833.228	-5.605	-1.932
834.228	-5.605	-1.933
835.228	-5.605	-1.932
836.228	-5.605	-1.933
837.228	-5.605	-1.933
838.228	-5.605	-1.934
839.228	-5.605	-1.934
840.228	-5.605	-1.935
841.228	-5.605	-1.935
842.228	-5.605	-1.935
843.228	-5.605	-1.936
844.228	-5.605	-1.937
845.228	-5.605	-1.937
846.228	-5.605	-1.937
847.228	-5.605	-1.936
848.228	-5.605	-1.937
849.228	-5.605	-1.936
850.228	-5.605	-1.938
851.228	-5.605	-1.938
852.228	-5.605	-1.938
853.228	-5.605	-1.938
854.228	-5.605	-1.938
855.228	-5.605	-1.939
856.228	-5.605	-1.939
857.228	-5.605	-1.940
858.228	-5.605	-1.941
859.228	-5.605	-1.939
860.228	-5.605	-1.940
861.228	-5.605	-1.940
862.228	-5.605	-1.941
863.228	-5.605	-1.941
864.228	-5.605	-1.942
865.228	-5.605	-1.941
866.228	-5.605	-1.941
867.228	-5.605	-1.942
868.228	-5.605	-1.943
869.228	-5.605	-1.943
870.228	-5.605	-1.944
871.228	-5.605	-1.942
872.228	-5.605	-1.941
873.228	-5.605	-1.944
874.228	-5.605	-1.945
875.228	-5.605	-1.946
876.228	-5.605	-1.946
877.228	-5.605	-1.944
878.228	-5.605	-1.945
879.228	-5.605	-1.946
880.228	-5.605	-1.947
881.228	-5.605	-1.947
882.228	-5.605	-1.947
883.228	-5.605	-1.947
884.228	-5.605	-1.946
885.228	-5.605	-1.947
886.228	-5.605	-1.949
887.228	-5.605	-1.948
888.228	-5.605	-1.948
889.228	-5.605	-1.947
890.228	-5.605	-1.947
891.228	-5.605	-1.949
892.228	-5.605	-1.949
893.228	-5.605	-1.950
894.228	-5.605	-1.950
895.228	-5.605	-1.950
896.228	-5.605	-1.950
897.228	-5.605	-1.949
898.228	-5.605	-1.950
899.228	-5.605	-1.952
900.228	-5.605	-1.952
901.228	-5.605	-1.952
902.228	-5.605	-1.951
903.228	-5.605	-1.951
904.228	-5.605	-1.953
905.228	-5.605	-1.954
906.228	-5.605	-1.954
907.228	-5.605	-1.953
908.228	-5.605	-1.953
909.228	-5.605	-1.954
910.228	-5.605	-1.954
911.228	-5.605	-1.956
912.228	-5.605	-1.956
913.228	-5.605	-1.956
914.228	-5.605	-1.954
915.228	-5.605	-1.955
916.228	-5.605	-1.957
917.228	-5.605	-1.957
918.228	-5.605	-1.958
919.228	-5.605	-1.957
920.228	-5.605	-1.956
921.228	-5.605	-1.957
922.228	-5.605	-1.958
923.228	-5.605	-1.959
924.228	-5.605	-1.959
925.228	-5.605	-1.959
926.228	-5.605	-1.959
927.228	-5.605	-1.959
928.228	-5.605	-1.961
929.228	-5.605	-1.962
930.228	-5.605	-1.961
931.228	-5.605	-1.961
932.228	-5.605	-1.961
933.228	-5.605	-1.962
934.228	-5.605	-1.962
935.228	-5.605	-1.963
936.228	-5.605	-1.964
937.228	-5.605	-1.962
938.228	-5.605	-1.961
939.228	-5.605	-1.963
940.228	-5.605	-1.964
941.228	-5.605	-1.965
942.228	-5.605	-1.966
943.228	-5.605	-1.966
944.228	-5.605	-1.964
945.228	-5.605	-1.964
946.228	-5.605	-1.965
947.228	-5.605	-1.967
948.228	-5.605	-1.967
949.228	-5.605	-1.966
950.228	-5.605	-1.967
951.228	-5.605	-1.966
952.228	-5.605	-1.968
953.228	-5.605	-1.969
954.228	-5.605	-1.970
955.228	-5.605	-1.968
956.228	-5.605	-1.968
957.228	-5.605	-1.968
958.228	-5.605	-1.969
959.228	-5.605	-1.971
960.228	-5.605	-1.971
961.228	-5.605	-1.970
962.228	-5.605	-1.970
963.228	-5.605	-1.970
964.228	-5.605	-1.972
965.228	-5.605	-1.972
966.228	-5.605	-1.972
967.228	-5.605	-1.973
968.228	-5.605	-1.973
969.228	-5.605	-1.972
970.228	-5.605	-1.973
971.228	-5.605	-1.974
972.228	-5.605	-1.975
973.228	-5.605	-1.973
974.228	-5.605	-1.976
975.228	-5.605	-1.976
976.228	-5.605	-1.976
977.228	-5.605	-1.975
978.228	-5.605	-1.976
979.228	-5.605	-1.975
980.228	-5.605	-1.976
981.228	-5.605	-1.978
982.228	-5.605	-1.978
983.228	-5.605	-1.976
984.228	-5.605	-1.976
985.228	-5.605	-1.977
986.228	-5.605	-1.977
987.228	-5.605	-1.978
988.228	-5.605	-1.979
989.228	-5.605	-1.978
990.228	-5.605	-1.979
991.228	-5.605	-1.978
992.228	-5.605	-1.978
993.228	-5.605	-1.979
994.228	-5.605	-1.980
995.228	-5.605	-1.980
996.228	-5.605	-1.982
997.228	-5.605	-1.981
998.228	-5.605	-1.981
999.228	-5.605	-1.982
1000.228	-5.605	-1.982
1001.228	-5.605	-1.983
1002.228	-5.605	-1.983
1003.228	-5.605	-1.984
1004.228	-5.605	-1.984
1005.228	-5.605	-1.983
1006.228	-5.605	-1.983
1007.228	-5.605	-1.984
1008.228	-5.605	-1.986
1009.228	-5.605	-1.985
1010.228	-5.605	-1.984
1011.228	-5.605	-1.985
1012.228	-5.605	-1.985
1013.228	-5.605	-1.986
1014.228	-5.605	-1.986
1015.228	-5.605	-1.987
1016.228	-5.605	-1.985
1017.228	-5.605	-1.987
1018.228	-5.605	-1.986
1019.228	-5.605	-1.987
1020.228	-5.605	-1.988
1021.228	-5.605	-1.988
1022.228	-5.605	-1.988
1023.228	-5.605	-1.988
1024.228	-5.605	-1.988
1025.228	-5.605	-1.989
1026.228	-5.605	-1.989
1027.228	-5.605	-1.990
1028.228	-5.605	-1.989
1029.228	-5.605	-1.990
1030.228	-5.605	-1.990
1031.228	-5.605	-1.990
1032.228	-5.605	-1.992
1033.228	-5.605	-1.991
1034.228	-5.605	-1.990
1035.228	-5.605	-1.990
1036.228	-5.605	-1.991
1037.228	-5.605	-1.991
1038.228	-5.605	-1.993
1039.228	-5.605	-1.992
1040.228	-5.605	-1.993
1041.228	-5.605	-1.992
1042.228	-5.605	-1.993
1043.228	-5.605	-1.994
1044.228	-5.605	-1.994
1045.228	-5.605	-1.994
1046.228	-5.605	-1.995
1047.228	-5.605	-1.993
1048.228	-5.605	-1.994
1049.228	-5.605	-1.996
1050.228	-5.605	-1.995
1051.228	-5.605	-1.996
1052.228	-5.605	-1.995
1053.228	-5.605	-1.996
1054.228	-5.605	-1.995
1055.228	-5.605	-1.997
1056.228	-5.605	-1.998
1057.228	-5.605	-1.998
1058.228	-5.605	-1.998
1059.228	-5.604	-1.997
1060.228	-5.605	-1.998
1061.228	-5.605	-1.999
1062.228	-5.605	-2.000
1063.228	-5.605	-2.000
1064.228	-5.605	-2.000
1065.228	-5.605	-1.999
1066.228	-5.604	-1.999
1067.228	-5.604	-1.998
1068.228	-5.605	-2.001
1069.228	-5.604	-2.001
1070.228	-5.604	-2.001
1071.228	-5.605	-2.000
1072.228	-5.605	-2.002
1073.228	-5.605	-2.001
1074.228	-5.605	-2.002
1075.228	-5.605	-2.003
1076.228	-5.605	-2.002
1077.228	-5.605	-2.003
1078.228	-5.604	-2.002
1079.228	-5.605	-2.004
1080.228	-5.604	-2.005
1081.228	-5.604	-2.005
1082.228	-5.605	-2.004
1083.228	-5.605	-2.004
1084.228	-5.605	-2.004
1085.228	-5.605	-2.005
1086.228	-5.605	-2.005
1087.228	-5.605	-2.006
1088.228	-5.605	-2.005
1089.228	-5.605	-2.006
1090.228	-5.605	-2.005
1091.228	-5.605	-2.007
1092.228	-5.605	-2.007
1093.228	-5.604	-2.008
1094.228	-5.605	-2.007
1095.228	-5.605	-2.006
1096.228	-5.605	-2.007
1097.228	-5.605	-2.008
1098.228	-5.605	-2.008
1099.228	-5.605	-2.008
1100.228	-5.605	-2.008
1101.228	-5.604	-2.008
1102.228	-5.605	-2.008
1103.228	-5.605	-2.009
1104.228	-5.605	-2.011
1105.228	-5.605	-2.010
1106.228	-5.605	-2.009
1107.228	-5.605	-2.009
1108.228	-5.604	-2.011
1109.228	-5.605	-2.010
1110.228	-5.604	-2.011
1111.228	-5.604	-2.012
1112.228	-5.604	-2.011
1113.228	-5.604	-2.011
1114.228	-5.604	-2.011
1115.228	-5.604	-2.012
1116.228	-5.604	-2.013
1117.228	-5.604	-2.013
1118.228	-5.604	-2.013
1119.228	-5.604	-2.013
1120.228	-5.604	-2.014
1121.228	-5.604	-2.013
1122.228	-5.604	-2.016
1123.228	-5.604	-2.016
1124.228	-5.604	-2.013
1125.228	-5.604	-2.014
1126.228	-5.604	-2.015
1127.228	-5.604	-2.016
1128.228	-5.604	-2.016
1129.228	-5.604	-2.016
1130.228	-5.604	-2.018
1131.228	-5.604	-2.015
1132.228	-5.604	-2.016
1133.228	-5.604	-2.017
1134.228	-5.604	-2.019
1135.228	-5.604	-2.019
1136.228	-5.604	-2.018
1137.228	-5.604	-2.019
1138.228	-5.604	-2.018
1139.228	-5.604	-2.019
1140.228	-5.604	-2.020
1141.228	-5.604	-2.021
1142.228	-5.604	-2.020
1143.228	-5.604	-2.020
1144.228	-5.604	-2.018
1145.228	-5.604	-2.019
1146.228	-5.604	-2.021
1147.228	-5.604	-2.022
1148.228	-5.604	-2.023
1149.228	-5.604	-2.022
1150.228	-5.604	-2.022
1151.228	-5.604	-2.023
1152.228	-5.604	-2.022
1153.228	-5.604	-2.024
1154.228	-5.604	-2.023
1155.228	-5.604	-2.023
1156.228	-5.604	-2.024
1157.228	-5.604	-2.025
1158.228	-5.604	-2.024
1159.228	-5.604	-2.024
1160.228	-5.604	-2.024
1161.228	-5.604	-2.024
1162.228	-5.604	-2.026
1163.228	-5.604	-2.027
1164.228	-5.604	-2.026
1165.228	-5.604	-2.026
