0.166	0.000	-0.003
1.166	0.000	-0.003
2.166	0.000	-0.004
3.166	0.000	-0.003
4.166	0.000	-0.004
5.166	0.000	-0.003
6.166	0.000	-0.003
7.166	0.000	-0.002
8.166	0.000	-0.003
9.166	0.000	-0.003
10.166	0.000	-0.002
11.166	0.000	-0.002
12.166	0.000	-0.002
13.166	0.000	-0.003
14.166	0.000	-0.005
15.166	0.000	-0.003
16.166	0.000	-0.004
17.166	0.000	-0.003
18.166	0.000	-0.004
19.166	0.000	-0.003
20.166	0.000	-0.004
21.166	0.000	-0.003
22.166	0.000	-0.003
23.166	0.000	-0.003
24.166	0.000	-0.003
25.166	0.000	-0.004
26.166	0.000	-0.003
27.166	0.000	-0.004
28.166	0.000	-0.004
29.166	0.000	-0.003
30.166	0.000	-0.003
31.166	0.000	-0.004
32.166	0.000	-0.004
33.166	0.000	-0.003
34.166	0.000	-0.003
35.166	0.000	-0.004
36.166	0.000	-0.002
37.166	0.000	-0.003
38.166	0.000	-0.004
39.166	0.000	-0.003
40.166	0.000	-0.003
41.166	0.000	-0.003
42.166	0.000	-0.003
43.166	0.000	-0.003
44.166	0.000	-0.003
45.166	0.000	-0.003
46.166	0.000	-0.004
47.166	0.000	-0.003
48.166	0.000	-0.003
49.166	0.000	-0.003
50.166	0.000	-0.004
51.166	0.000	-0.004
52.166	0.000	-0.003
53.166	0.000	-0.004
54.166	0.000	-0.002
55.166	0.000	-0.003
56.166	0.000	-0.004
57.166	0.000	-0.003
58.166	0.000	-0.004
59.166	0.000	-0.004
60.166	0.000	-0.004
61.166	0.000	-0.003
62.166	0.000	-0.003
63.166	0.000	-0.004
64.166	0.000	-0.004
65.166	0.000	-0.003
66.166	0.000	-0.003
67.166	0.000	-0.003
68.166	0.000	-0.002
69.166	0.000	-0.004
70.166	0.000	-0.004
71.166	0.000	-0.004
72.166	0.000	-0.004
73.166	0.000	-0.003
74.166	0.000	-0.004
75.166	0.000	-0.004
76.166	0.000	-0.003
77.166	0.000	-0.003
78.166	0.000	-0.003
79.166	0.000	-0.003
80.166	0.000	-0.004
81.166	0.000	-0.003
82.166	0.000	-0.004
83.166	0.000	-0.003
84.166	0.000	-0.002
85.166	0.000	-0.004
86.166	0.000	-0.004
87.166	0.000	-0.004
88.166	0.000	-0.003
89.166	0.000	-0.003
90.166	0.000	-0.004
91.166	0.000	-0.003
92.166	0.000	-0.003
93.166	0.000	-0.003
94.166	0.000	-0.003
95.166	0.000	-0.004
96.166	0.000	-0.003
97.166	0.000	-0.003
98.166	0.000	-0.004
99.166	0.000	-0.003
100.166	0.000	-0.003
101.166	0.000	-0.005
102.166	0.000	-0.004
103.166	0.000	-0.004
104.166	0.000	-0.003
105.166	0.000	-0.003
106.166	0.000	-0.004
107.166	0.000	-0.005
108.166	0.000	-0.003
109.166	0.000	-0.004
110.166	0.000	-0.004
111.166	0.000	-0.004
112.166	0.000	-0.003
113.166	0.000	-0.003
114.166	0.000	-0.004
115.166	0.000	-0.003
116.166	0.000	-0.004
117.166	0.000	-0.003
118.166	0.000	-0.004
119.166	0.000	-0.003
120.166	0.000	-0.004
121.166	0.000	-0.004
122.166	0.000	-0.004
123.166	0.000	-0.004
124.166	0.000	-0.002
125.166	0.000	-0.003
126.166	0.000	-0.004
127.166	0.000	-0.004
128.166	0.000	-0.003
129.166	0.000	-0.005
130.166	0.000	-0.004
131.166	0.000	-0.004
132.166	0.000	-0.002
133.166	0.000	-0.005
134.166	0.000	-0.004
135.166	0.000	-0.003
136.166	0.000	-0.003
137.166	0.000	-0.003
138.166	0.000	-0.004
139.166	0.000	-0.003
140.166	0.000	-0.003
141.166	0.000	-0.003
142.166	0.000	-0.003
143.166	0.000	-0.003
144.166	0.000	-0.004
145.166	0.000	-0.005
146.166	0.000	-0.004
147.166	0.000	-0.005
148.166	0.000	-0.004
149.166	0.000	-0.003
150.166	0.000	-0.003
151.166	0.000	-0.003
152.166	0.000	-0.005
153.166	0.000	-0.004
154.166	0.000	-0.003
155.166	0.000	-0.004
156.166	0.000	-0.003
157.166	0.000	-0.003
158.166	0.000	-0.004
159.166	0.000	-0.003
160.166	0.000	-0.004
161.166	0.000	-0.004
162.166	0.000	-0.005
163.166	0.000	-0.004
164.166	0.000	-0.004
165.166	0.000	-0.005
166.166	0.000	-0.004
167.166	0.000	-0.003
168.166	0.000	-0.004
169.166	0.000	-0.002
170.166	0.000	-0.003
171.166	0.000	-0.003
172.166	0.000	-0.004
173.166	0.000	-0.004
174.166	0.000	-0.003
175.166	0.000	-0.004
176.166	0.000	-0.005
177.166	0.000	-0.004
178.166	0.000	-0.004
179.166	0.000	-0.004
180.166	0.000	-0.003
181.166	0.000	-0.004
182.166	0.000	-0.004
183.166	0.000	-0.003
184.166	0.000	-0.004
185.166	0.000	-0.005
186.166	0.000	-0.003
187.166	0.000	-0.004
188.166	0.000	-0.003
189.166	0.000	-0.004
190.166	0.000	-0.004
191.166	0.000	-0.004
192.166	0.000	-0.003
193.166	0.000	-0.004
194.166	0.000	-0.004
195.166	0.000	-0.004
196.166	0.000	-0.004
197.166	0.000	-0.004
198.166	0.000	-0.005
199.166	0.000	-0.004
200.166	0.000	-0.003
201.166	0.000	-0.003
202.166	0.000	-0.004
203.166	0.000	-0.003
204.166	0.000	-0.004
205.166	0.000	-0.004
206.166	0.000	-0.004
207.166	0.000	-0.004
208.166	0.000	-0.004
209.166	0.000	-0.004
210.166	0.000	-0.004
211.166	0.000	-0.003
212.166	0.000	-0.004
213.166	0.000	-0.004
214.166	0.000	-0.003
215.166	0.000	-0.004
216.166	0.000	-0.003
217.166	0.000	-0.004
218.166	0.000	-0.004
219.166	0.000	-0.004
220.166	0.000	-0.004
221.166	0.000	-0.004
222.166	0.000	-0.003
223.166	0.000	-0.004
224.166	0.000	-0.004
225.166	0.000	-0.004
226.166	0.000	-0.005
227.166	0.000	-0.004
228.166	0.000	-0.003
229.166	0.000	-0.003
230.166	0.000	-0.003
231.166	0.000	-0.003
232.166	0.000	-0.004
233.166	0.000	-0.004
234.166	0.000	-0.004
235.166	0.000	-0.004
236.166	0.000	-0.004
237.166	0.000	-0.004
238.166	0.000	-0.003
239.166	0.000	-0.005
240.166	0.000	-0.006
241.166	0.000	-0.003
242.166	0.000	-0.003
243.166	0.000	-0.004
244.166	0.000	-0.004
245.166	0.000	-0.004
246.166	0.000	-0.004
247.166	0.000	-0.004
248.166	0.000	-0.005
249.166	0.000	-0.004
250.166	0.000	-0.004
251.166	0.000	-0.004
252.166	0.000	-0.003
253.166	0.000	-0.004
254.166	0.000	-0.003
255.166	0.000	-0.004
256.166	0.000	-0.004
257.166	0.000	-0.004
258.166	0.000	-0.004
259.166	0.000	-0.003
260.166	0.000	-0.004
261.166	0.000	-0.003
262.166	0.000	-0.004
263.166	0.000	-0.004
264.166	0.000	-0.004
265.166	0.000	-0.003
266.166	0.000	-0.003
267.166	0.000	-0.004
268.166	0.000	-0.004
269.166	0.000	-0.004
270.166	0.000	-0.005
271.166	0.000	-0.004
272.166	0.000	-0.004
273.166	0.000	-0.003
274.166	0.000	-0.004
275.166	0.000	-0.004
276.166	0.000	-0.003
277.166	0.000	-0.003
278.166	0.000	-0.003
279.166	0.000	-0.004
280.166	0.000	-0.004
281.166	0.000	-0.005
282.166	0.000	-0.005
283.166	0.000	-0.004
284.166	0.000	-0.005
285.166	0.000	-0.003
286.166	0.000	-0.004
287.166	0.000	-0.004
288.166	0.000	-0.004
289.166	0.000	-0.003
290.166	0.000	-0.002
291.166	0.000	-0.004
292.166	0.000	-0.004
293.166	0.000	-0.005
294.166	0.000	-0.003
295.166	0.000	-0.005
296.166	0.000	-0.004
297.166	0.000	-0.005
298.166	0.000	-0.004
299.166	0.000	-0.003
300.166	0.000	-0.004
301.166	0.000	-0.004
302.166	0.000	-0.004
303.166	0.000	-0.003
304.166	0.000	-0.005
305.166	0.000	-0.005
306.166	0.000	-0.003
307.166	0.000	-0.004
308.166	0.000	-0.004
309.166	0.000	-0.004
310.166	0.000	-0.003
311.166	0.000	-0.003
312.166	0.000	-0.004
313.166	0.000	-0.003
314.166	0.000	-0.004
315.166	0.000	-0.005
316.166	0.000	-0.003
317.166	0.000	-0.003
318.166	0.000	-0.004
319.166	0.000	-0.004
320.166	0.000	-0.004
321.166	0.000	-0.004
322.166	0.000	-0.003
323.166	0.000	-0.004
324.166	0.000	-0.004
325.166	0.000	-0.004
326.166	0.000	-0.004
327.166	0.000	-0.005
328.166	0.000	-0.004
329.166	0.000	-0.004
330.166	0.000	-0.005
331.166	0.000	-0.005
332.166	0.000	-0.003
333.166	0.000	-0.004
334.166	0.000	-0.003
335.166	0.000	-0.003
336.166	0.000	-0.004
337.166	0.000	-0.004
338.166	0.000	-0.004
339.166	0.000	-0.004
340.166	0.000	-0.004
341.166	0.000	-0.003
342.166	0.000	-0.004
343.166	0.000	-0.004
344.166	0.000	-0.005
345.166	0.000	-0.005
346.166	0.000	-0.003
347.166	0.000	-0.005
348.166	0.000	-0.003
349.166	0.000	-0.004
350.166	0.000	-0.004
351.166	0.000	-0.004
352.166	0.000	-0.003
353.166	0.000	-0.005
354.166	0.000	-0.004
355.166	0.000	-0.004
356.166	0.000	-0.004
357.166	0.000	-0.005
358.166	0.000	-0.004
359.166	0.000	-0.004
360.166	0.000	-0.003
361.166	0.000	-0.004
362.166	0.000	-0.004
363.166	0.000	-0.004
364.166	0.000	-0.004
365.166	0.000	-0.003
366.166	0.000	-0.004
367.166	0.000	-0.004
368.166	0.000	-0.004
369.166	0.000	-0.003
370.166	0.000	-0.005
371.166	0.000	-0.004
372.166	0.000	-0.003
373.166	0.000	-0.005
374.166	0.000	-0.004
375.166	0.000	-0.004
376.166	0.000	-0.004
377.166	0.000	-0.005
378.166	0.000	-0.005
379.166	0.000	-0.003
380.166	0.000	-0.005
381.166	0.000	-0.003
382.166	0.000	-0.004
383.166	0.000	-0.004
384.166	0.000	-0.004
385.166	0.000	-0.004
386.166	0.000	-0.004
387.166	0.000	-0.005
388.166	0.000	-0.004
389.166	0.000	-0.004
390.166	0.000	-0.004
391.166	0.000	-0.004
392.166	0.000	-0.004
393.166	0.000	-0.005
394.166	0.000	-0.003
395.166	0.000	-0.004
396.166	0.000	-0.004
397.166	0.000	-0.003
398.166	0.000	-0.004
399.166	0.000	-0.005
400.166	0.000	-0.005
401.166	0.000	-0.004
402.166	0.000	-0.003
403.166	0.000	-0.003
404.166	0.000	-0.005
405.166	0.000	-0.005
406.166	0.000	-0.005
407.166	0.000	-0.005
408.166	0.000	-0.004
409.166	0.000	-0.005
410.166	0.000	-0.004
411.166	0.000	-0.005
412.166	0.000	-0.004
413.166	0.000	-0.004
414.166	0.000	-0.004
415.166	0.000	-0.003
416.166	0.000	-0.004
417.166	0.000	-0.004
418.166	0.000	-0.004
419.166	0.000	-0.004
420.166	0.000	-0.005
421.166	0.000	-0.004
422.166	0.000	-0.004
423.166	0.000	-0.005
424.166	0.000	-0.004
425.166	0.000	-0.005
426.166	0.000	-0.004
427.166	0.000	-0.005
428.166	0.000	-0.004
429.166	0.000	-0.005
430.166	0.000	-0.005
431.166	0.000	-0.004
432.166	0.000	-0.004
433.166	0.000	-0.003
434.166	0.000	-0.005
435.166	0.000	-0.005
436.166	0.000	-0.003
437.166	0.000	-0.005
438.166	0.000	-0.004
439.166	0.000	-0.004
440.166	0.000	-0.005
441.166	0.000	-0.004
442.166	0.000	-0.005
443.166	0.000	-0.005
444.166	0.000	-0.005
445.166	0.000	-0.004
446.166	0.000	-0.004
447.166	0.000	-0.005
448.166	0.000	-0.003
449.166	0.000	-0.005
450.166	0.000	-0.004
451.166	0.000	-0.005
452.166	0.000	-0.004
453.166	0.000	-0.005
454.166	0.000	-0.005
455.166	0.000	-0.004
456.166	0.000	-0.003
457.166	0.000	-0.005
458.166	0.000	-0.005
459.166	0.000	-0.005
460.166	0.000	-0.005
461.166	0.000	-0.005
462.166	0.000	-0.004
463.166	0.000	-0.005
464.166	0.000	-0.005
465.166	0.000	-0.005
466.166	0.000	-0.005
467.166	0.000	-0.004
468.166	0.000	-0.004
469.166	0.000	-0.004
470.166	0.000	-0.005
471.166	0.000	-0.005
472.166	0.000	-0.004
473.166	0.000	-0.005
474.166	0.000	-0.005
475.166	0.000	-0.005
476.166	0.000	-0.004
477.166	0.000	-0.005
478.166	0.000	-0.004
479.166	0.000	-0.004
480.166	0.000	-0.004
481.166	0.000	-0.004
482.166	0.000	-0.006
483.166	0.000	-0.004
484.166	0.000	-0.005
485.166	0.000	-0.004
486.166	0.000	-0.004
487.166	0.000	-0.004
488.166	0.000	-0.005
489.166	0.000	-0.004
490.166	0.000	-0.004
491.166	0.000	-0.004
492.166	0.000	-0.005
493.166	0.000	-0.004
494.166	0.000	-0.005
495.166	0.000	-0.005
496.166	0.000	-0.004
497.166	0.000	-0.005
498.166	0.000	-0.003
499.166	0.000	-0.005
500.166	0.000	-0.003
501.166	0.000	-0.005
502.166	0.000	-0.006
503.166	0.000	-0.005
504.166	0.000	-0.006
505.166	0.000	-0.004
506.166	0.000	-0.004
507.166	0.000	-0.004
508.166	0.000	-0.004
509.166	0.000	-0.004
510.166	0.000	-0.005
511.166	0.000	-0.005
512.166	0.000	-0.004
513.166	0.000	-0.004
514.166	0.000	-0.004
515.166	0.000	-0.004
516.166	0.000	-0.005
517.166	0.000	-0.004
518.166	0.000	-0.005
519.166	0.000	-0.005
520.166	0.000	-0.003
521.166	0.000	-0.004
522.166	0.000	-0.004
523.166	0.000	-0.005
524.166	0.000	-0.004
525.166	0.000	-0.005
526.166	0.000	-0.003
527.166	0.000	-0.004
528.166	0.000	-0.004
529.166	0.000	-0.005
530.166	0.000	-0.005
531.166	0.000	-0.005
532.166	0.000	-0.004
533.166	0.000	-0.005
534.166	0.000	-0.005
535.166	0.000	-0.004
536.166	0.000	-0.004
537.166	0.000	-0.005
538.166	0.000	-0.005
539.166	0.000	-0.004
540.166	0.000	-0.003
541.166	0.000	-0.005
542.166	0.000	-0.005
543.166	0.000	-0.004
544.166	0.000	-0.005
545.166	0.000	-0.004
546.166	0.000	-0.004
547.166	0.000	-0.004
548.166	0.000	-0.004
549.166	0.000	-0.003
550.166	0.000	-0.004
551.166	0.000	-0.004
552.166	0.000	-0.006
553.166	0.000	-0.005
554.166	0.000	-0.004
555.166	0.000	-0.004
556.166	0.000	-0.006
557.166	0.000	-0.005
558.166	0.000	-0.004
559.166	0.000	-0.006
560.166	0.000	-0.004
561.166	0.000	-0.004
562.166	0.000	-0.005
563.166	0.000	-0.005
564.166	0.000	-0.005
565.166	0.000	-0.003
566.166	0.000	-0.004
567.166	0.000	-0.005
568.166	0.000	-0.005
569.166	0.000	-0.003
570.166	0.000	-0.005
571.166	0.000	-0.005
572.166	0.000	-0.003
573.166	0.000	-0.005
574.166	0.000	-0.005
575.166	0.000	-0.006
576.166	0.000	-0.004
577.166	0.000	-0.004
578.166	0.000	-0.005
579.166	0.000	-0.004
580.166	0.000	-0.006
581.166	0.000	-0.006
582.166	0.000	-0.005
583.166	0.000	-0.003
584.166	0.000	-0.004
585.166	0.000	-0.005
586.166	0.000	-0.005
587.166	0.000	-0.004
588.166	0.000	-0.004
589.166	0.000	-0.005
590.166	0.000	-0.005
591.166	0.000	-0.004
592.166	0.000	-0.004
593.166	0.000	-0.005
594.166	0.000	-0.004
595.166	0.000	-0.005
596.166	0.000	-0.006
597.166	0.000	-0.003
598.166	0.000	-0.005
599.166	0.000	-0.004
600.166	0.000	-0.005
601.166	0.000	-0.004
602.166	0.000	-0.005
603.166	0.000	-0.004
604.166	0.000	-0.004
605.166	0.000	-0.005
606.166	0.000	-0.005
607.166	0.000	-0.004
608.166	0.000	-0.005
609.166	0.000	-0.004
610.166	0.000	-0.003
611.166	0.000	-0.005
612.166	0.000	-0.004
613.166	0.000	-0.005
614.166	0.000	-0.005
615.166	0.000	-0.005
616.166	0.000	-0.004
617.166	0.000	-0.004
618.166	0.000	-0.005
619.166	0.000	-0.005
620.166	0.000	-0.004
621.166	0.000	-0.004
622.166	0.000	-0.005
623.166	0.000	-0.005
624.166	0.000	-0.004
625.166	0.000	-0.003
626.166	0.000	-0.004
627.166	0.000	-0.005
628.166	0.000	-0.004
629.166	0.000	-0.005
630.166	0.000	-0.005
631.166	0.000	-0.005
632.166	0.000	-0.006
633.166	0.000	-0.005
634.166	0.000	-0.005
635.166	0.000	-0.005
636.166	0.000	-0.004
637.166	0.000	-0.005
638.166	0.000	-0.004
639.166	0.000	-0.004
640.166	0.000	-0.004
641.166	0.000	-0.003
642.166	0.000	-0.005
643.166	0.000	-0.004
644.166	0.000	-0.004
645.166	0.000	-0.004
646.166	0.000	-0.004
647.166	0.000	-0.004
648.166	0.000	-0.004
649.166	0.000	-0.005
650.166	0.000	-0.004
651.166	0.000	-0.005
652.166	0.000	-0.005
653.166	0.000	-0.005
654.166	0.000	-0.005
655.166	0.000	-0.006
656.166	0.000	-0.005
657.166	0.000	-0.005
658.166	0.000	-0.004
659.166	0.000	-0.005
660.166	0.000	-0.004
661.166	0.000	-0.006
662.166	0.000	-0.004
663.166	0.000	-0.005
664.166	0.000	-0.004
665.166	0.000	-0.004
666.166	0.000	-0.004
667.166	0.000	-0.005
668.166	0.000	-0.005
669.166	0.000	-0.005
670.166	0.000	-0.005
671.166	0.000	-0.005
672.166	0.000	-0.005
673.166	0.000	-0.005
674.166	0.000	-0.005
675.166	0.000	-0.004
676.166	0.000	-0.005
677.166	0.000	-0.005
678.166	0.000	-0.005
679.166	0.000	-0.005
680.166	0.000	-0.006
681.166	0.000	-0.004
682.166	0.000	-0.005
683.166	0.000	-0.006
684.166	0.000	-0.005
685.166	0.000	-0.004
686.166	0.000	-0.005
687.166	0.000	-0.005
688.166	0.000	-0.005
689.166	0.000	-0.005
690.166	0.000	-0.005
691.166	0.000	-0.005
692.166	0.000	-0.004
693.166	0.000	-0.004
694.166	0.000	-0.005
695.166	0.000	-0.005
696.166	0.000	-0.007
697.166	0.000	-0.005
698.166	0.000	-0.006
699.166	0.000	-0.005
700.166	0.000	-0.005
701.166	0.000	-0.003
702.166	0.000	-0.005
703.166	0.000	-0.004
704.166	0.000	-0.005
705.166	0.000	-0.004
706.166	0.000	-0.005
707.166	0.000	-0.004
708.166	0.000	-0.005
709.166	0.000	-0.005
710.166	0.000	-0.004
711.166	0.000	-0.005
712.166	0.000	-0.005
713.166	0.000	-0.005
714.166	0.000	-0.005
715.166	0.000	-0.006
716.166	0.000	-0.005
717.166	0.000	-0.006
718.166	0.000	-0.004
719.166	0.000	-0.005
720.166	0.000	-0.005
721.166	0.000	-0.005
722.166	0.000	-0.005
723.166	0.000	-0.006
724.166	0.000	-0.005
725.166	0.000	-0.005
726.166	0.000	-0.004
727.166	0.000	-0.005
728.166	0.000	-0.005
729.166	0.000	-0.005
730.166	0.000	-0.005
731.166	0.000	-0.006
732.166	0.000	-0.005
733.166	0.000	-0.005
734.166	0.000	-0.005
735.166	0.000	-0.004
736.166	0.000	-0.005
737.166	0.000	-0.005
738.166	0.000	-0.005
739.166	0.000	-0.005
740.166	0.000	-0.005
741.166	0.000	-0.006
742.166	0.000	-0.005
743.166	0.000	-0.004
744.166	0.000	-0.005
745.166	0.000	-0.004
746.166	0.000	-0.005
747.166	0.000	-0.004
748.166	0.000	-0.004
749.166	0.000	-0.005
750.166	0.000	-0.005
751.166	0.000	-0.004
752.166	0.000	-0.005
753.166	0.000	-0.006
754.166	0.000	-0.005
755.166	0.000	-0.005
756.166	0.000	-0.005
757.166	0.000	-0.005
758.166	0.000	-0.005
759.166	0.000	-0.005
760.166	0.000	-0.005
761.166	0.000	-0.005
762.166	0.000	-0.006
763.166	0.000	-0.005
764.166	0.000	-0.004
765.166	0.000	-0.005
766.166	0.000	-0.005
767.166	0.000	-0.006
768.166	0.000	-0.005
769.166	0.000	-0.005
770.166	0.000	-0.005
771.166	0.000	-0.004
772.166	0.000	-0.005
773.166	0.000	-0.006
774.166	0.000	-0.005
775.166	0.000	-0.005
776.166	0.000	-0.006
777.166	0.000	-0.006
778.166	0.000	-0.006
779.166	0.000	-0.006
780.166	0.000	-0.004
781.166	0.000	-0.005
782.166	0.000	-0.004
783.166	0.000	-0.006
784.166	0.000	-0.005
785.166	0.000	-0.005
786.166	0.000	-0.005
787.166	0.000	-0.005
788.166	0.000	-0.005
789.166	0.000	-0.005
790.166	0.000	-0.006
791.166	0.000	-0.005
792.166	0.000	-0.005
793.166	0.000	-0.005
794.166	0.000	-0.004
795.166	0.000	-0.006
796.166	0.000	-0.005
797.166	0.000	-0.005
798.166	0.000	-0.005
799.166	0.000	-0.005
800.166	0.000	-0.005
801.166	0.000	-0.006
802.166	0.000	-0.005
803.166	0.000	-0.005
804.166	0.000	-0.005
805.166	0.000	-0.006
806.166	0.000	-0.004
807.166	0.000	-0.004
808.166	0.000	-0.005
809.166	0.000	-0.006
810.166	0.000	-0.005
811.166	0.000	-0.005
812.166	0.000	-0.005
813.166	0.000	-0.005
814.166	0.000	-0.005
815.166	0.000	-0.005
816.166	0.000	-0.006
817.166	0.000	-0.005
818.166	0.000	-0.004
819.166	0.000	-0.005
820.166	0.000	-0.005
821.166	0.000	-0.004
822.166	0.000	-0.005
823.166	0.000	-0.004
824.166	0.000	-0.005
825.166	0.000	-0.005
826.166	0.000	-0.005
827.166	0.000	-0.004
828.166	0.000	-0.005
829.166	0.000	-0.006
830.166	0.000	-0.004
831.166	0.000	-0.005
832.166	0.000	-0.005
833.166	0.000	-0.005
834.166	0.000	-0.005
835.166	0.000	-0.004
836.166	0.000	-0.005
837.166	0.000	-0.005
838.166	0.000	-0.004
839.166	0.000	-0.005
840.166	0.000	-0.005
841.166	0.000	-0.005
842.166	0.000	-0.004
843.166	0.000	-0.005
844.166	0.000	-0.005
845.166	0.000	-0.004
846.166	0.000	-0.004
847.166	0.000	-0.006
848.166	0.000	-0.004
849.166	0.000	-0.004
850.166	0.000	-0.005
851.166	0.000	-0.006
852.166	0.000	-0.005
853.166	0.000	-0.005
854.166	0.000	-0.004
855.166	0.000	-0.005
856.166	0.000	-0.005
857.166	0.000	-0.004
858.166	0.000	-0.006
859.166	0.000	-0.006
860.166	0.000	-0.005
861.166	0.000	-0.006
862.166	0.000	-0.006
863.166	0.000	-0.004
864.166	0.000	-0.005
865.166	0.000	-0.005
866.166	0.000	-0.005
867.166	0.000	-0.005
868.166	0.000	-0.005
869.166	0.000	-0.005
870.166	0.000	-0.006
871.166	0.000	-0.005
872.166	0.000	-0.005
873.166	0.000	-0.005
874.166	0.000	-0.004
875.166	0.000	-0.004
876.166	0.000	-0.005
877.166	0.000	-0.004
878.166	0.000	-0.006
879.166	0.000	-0.006
880.166	0.000	-0.005
881.166	0.000	-0.005
882.166	0.000	-0.005
883.166	0.000	-0.006
884.166	0.000	-0.005
885.166	0.000	-0.005
886.166	0.000	-0.006
887.166	0.000	-0.005
888.166	0.000	-0.005
889.166	0.000	-0.004
890.166	0.000	-0.005
891.166	0.000	-0.005
892.166	0.000	-0.005
893.166	0.000	-0.005
894.166	0.000	-0.005
895.166	0.000	-0.006
896.166	0.000	-0.005
897.166	0.000	-0.005
898.166	0.000	-0.006
899.166	0.000	-0.006
900.166	0.000	-0.005
