0.283	29.817	-14.030
1.283	29.817	-14.130
2.283	29.817	-14.160
3.283	29.817	-14.270
4.283	29.817	-14.310
5.283	29.817	-14.350
6.283	29.817	-14.370
7.283	29.817	-14.510
8.283	29.817	-14.600
9.283	29.817	-14.610
10.283	29.818	-14.610
11.283	29.818	-14.690
12.283	29.818	-14.700
13.283	29.817	-14.800
14.283	29.817	-14.900
15.283	29.818	-14.790
16.283	29.817	-14.910
17.283	29.818	-14.940
18.283	29.818	-14.970
19.283	29.818	-15.080
20.283	29.818	-14.990
21.283	29.818	-15.050
22.283	29.818	-14.970
23.283	29.818	-15.110
24.283	29.818	-15.260
25.283	29.818	-15.290
26.283	29.818	-15.320
27.283	29.818	-15.330
28.283	29.818	-15.390
29.283	29.818	-15.380
30.283	29.818	-15.480
31.283	29.818	-15.590
32.283	29.818	-15.640
33.283	29.818	-15.580
34.283	29.818	-15.640
35.283	29.818	-15.710
36.283	29.818	-15.720
37.283	29.818	-15.770
38.283	29.818	-15.840
39.283	29.818	-15.840
40.283	29.818	-15.880
41.283	29.818	-15.940
42.283	29.818	-15.850
43.283	29.818	-16.060
44.283	29.819	-16.040
45.283	29.819	-16.050
46.283	29.819	-16.170
47.283	29.819	-16.110
48.283	29.819	-16.190
49.283	29.819	-16.210
50.283	29.819	-16.290
51.283	29.819	-16.300
52.283	29.819	-16.340
53.283	29.819	-16.330
54.283	29.819	-16.400
55.283	29.819	-16.440
56.283	29.819	-16.470
57.283	29.819	-16.500
58.283	29.819	-16.600
59.283	29.819	-16.650
60.283	29.819	-16.620
61.283	29.819	-16.670
62.283	29.819	-16.690
63.283	29.819	-16.670
64.283	29.819	-16.700
65.283	29.819	-16.790
66.283	29.819	-16.810
67.283	29.819	-16.860
68.283	29.819	-16.950
69.283	29.819	-16.920
70.283	29.819	-16.880
71.283	29.819	-17.030
72.283	29.819	-17.050
73.283	29.819	-17.130
74.283	29.819	-17.160
75.283	29.819	-17.080
76.283	29.819	-17.250
77.283	29.819	-17.220
78.283	29.819	-17.140
79.283	29.819	-17.250
80.283	29.819	-17.290
81.283	29.819	-17.380
82.283	29.819	-17.370
83.283	29.819	-17.490
84.283	29.819	-17.360
85.283	29.819	-17.540
86.283	29.819	-17.380
87.283	29.819	-17.500
88.283	29.819	-17.600
89.283	29.819	-17.520
90.283	29.819	-17.640
91.283	29.819	-17.660
92.283	29.819	-17.710
93.283	29.819	-17.670
94.283	29.820	-17.760
95.283	29.819	-17.670
96.283	29.819	-17.790
97.283	29.820	-17.730
98.283	29.819	-17.820
99.283	29.820	-17.860
100.283	29.819	-17.920
101.283	29.819	-17.790
102.283	29.820	-18.010
103.283	29.820	-18.060
104.283	29.819	-18.070
105.283	29.819	-18.060
106.283	29.820	-18.150
107.283	29.820	-18.150
108.283	29.820	-18.230
109.283	29.819	-18.180
110.283	29.819	-18.270
111.283	29.819	-18.220
112.283	29.819	-18.250
113.283	29.819	-18.290
114.283	29.819	-18.280
115.283	29.820	-18.260
116.283	29.820	-18.280
117.283	29.820	-18.300
118.283	29.820	-18.410
119.283	29.820	-18.420
120.283	29.820	-18.500
121.283	29.820	-18.390
122.283	29.820	-18.590
123.283	29.820	-18.460
124.283	29.820	-18.530
125.283	29.820	-18.490
126.283	29.820	-18.440
127.283	29.820	-18.460
128.283	29.820	-18.460
129.283	29.820	-18.540
130.283	29.820	-18.590
131.283	29.820	-18.550
132.283	29.820	-18.650
133.283	29.820	-18.580
134.283	29.820	-18.620
135.283	29.820	-18.640
136.283	29.820	-18.640
137.283	29.820	-18.720
138.283	29.820	-18.730
139.283	29.820	-18.690
140.283	29.820	-18.810
141.283	29.820	-18.780
142.283	29.820	-18.710
143.283	29.820	-18.810
144.283	29.820	-18.780
145.283	29.820	-18.840
146.283	29.820	-18.860
147.283	29.820	-18.920
148.283	29.820	-18.960
149.283	29.820	-18.940
150.283	29.820	-18.970
151.283	29.820	-18.990
152.283	29.820	-19.040
153.283	29.820	-19.000
154.283	29.820	-19.060
155.283	29.820	-19.110
156.283	29.820	-19.180
157.283	29.820	-19.180
158.283	29.820	-19.150
159.283	29.820	-19.070
160.283	29.820	-19.200
161.283	29.821	-19.240
162.283	29.821	-19.160
163.283	29.821	-19.280
164.283	29.821	-19.270
165.283	29.820	-19.230
166.283	29.821	-19.340
167.283	29.820	-19.300
168.283	29.820	-19.440
169.283	29.821	-19.400
170.283	29.821	-19.450
171.283	29.821	-19.540
172.283	29.821	-19.560
173.283	29.821	-19.530
174.283	29.821	-19.460
175.283	29.821	-19.560
176.283	29.821	-19.500
177.283	29.820	-19.590
178.283	29.820	-19.670
179.283	29.820	-19.710
180.283	29.821	-19.600
181.283	29.820	-19.610
182.283	29.821	-19.640
183.283	29.821	-19.660
184.283	29.821	-19.660
185.283	29.821	-19.680
186.283	29.821	-19.770
187.283	29.821	-19.840
188.283	29.821	-19.780
189.283	29.821	-19.830
190.283	29.821	-19.830
191.283	29.821	-19.760
192.283	29.821	-19.780
193.283	29.821	-19.910
194.283	29.820	-19.870
195.283	29.821	-19.850
196.283	29.820	-19.910
197.283	29.820	-19.960
198.283	29.821	-19.900
199.283	29.820	-20.000
200.283	29.820	-20.010
201.283	29.821	-20.070
202.283	29.821	-20.140
203.283	29.820	-20.180
204.283	29.820	-20.090
205.283	29.820	-20.260
206.283	29.820	-20.160
207.283	29.820	-20.320
208.283	29.820	-20.260
209.283	29.820	-20.260
210.283	29.820	-20.320
211.283	29.820	-20.310
212.283	29.820	-20.340
213.283	29.820	-20.300
214.283	29.820	-20.280
215.283	29.820	-20.390
216.283	29.820	-20.390
217.283	29.820	-20.400
218.283	29.820	-20.450
219.283	29.820	-20.440
220.283	29.820	-20.440
221.283	29.820	-20.380
222.283	29.820	-20.470
223.283	29.820	-20.540
224.283	29.820	-20.520
225.283	29.820	-20.500
226.283	29.820	-20.560
227.283	29.820	-20.550
228.283	29.820	-20.600
229.283	29.820	-20.640
230.283	29.820	-20.610
231.283	29.820	-20.630
232.283	29.820	-20.700
233.283	29.821	-20.690
234.283	29.821	-20.680
235.283	29.820	-20.720
236.283	29.820	-20.690
237.283	29.820	-20.690
238.283	29.820	-20.880
239.283	29.820	-20.740
240.283	29.820	-20.810
241.283	29.821	-20.840
242.283	29.820	-20.880
243.283	29.820	-20.800
244.283	29.820	-20.870
245.283	29.821	-20.810
246.283	29.820	-20.850
247.283	29.820	-20.820
248.283	29.821	-20.850
249.283	29.820	-20.940
250.283	29.820	-20.840
251.283	29.820	-20.900
252.283	29.821	-20.980
253.283	29.821	-20.960
254.283	29.821	-21.030
255.283	29.821	-21.000
256.283	29.821	-20.960
257.283	29.821	-20.990
258.283	29.821	-21.130
259.283	29.821	-21.030
260.283	29.821	-21.050
261.283	29.821	-21.050
262.283	29.821	-21.140
263.283	29.821	-21.160
264.283	29.821	-21.220
265.283	29.821	-21.150
266.283	29.821	-21.210
267.283	29.821	-21.180
268.283	29.821	-21.240
269.283	29.821	-21.230
270.283	29.821	-21.230
271.283	29.821	-21.290
272.283	29.821	-21.370
273.283	29.821	-21.310
274.283	29.821	-21.360
275.283	29.821	-21.380
276.283	29.821	-21.390
277.283	29.821	-21.410
278.283	29.821	-21.370
279.283	29.821	-21.350
280.283	29.821	-21.360
281.283	29.821	-21.370
282.283	29.821	-21.420
283.283	29.821	-21.460
284.283	29.821	-21.510
285.283	29.821	-21.550
286.283	29.821	-21.620
287.283	29.821	-21.580
288.283	29.821	-21.530
289.283	29.820	-21.640
290.283	29.821	-21.620
291.283	29.821	-21.590
292.283	29.821	-21.620
293.283	29.821	-21.650
294.283	29.821	-21.640
295.283	29.821	-21.670
296.283	29.821	-21.710
297.283	29.821	-21.710
298.283	29.821	-21.720
299.283	29.821	-21.770
300.283	29.822	-21.790
301.283	29.821	-21.880
302.283	29.821	-21.810
303.283	29.821	-21.760
304.283	29.821	-21.820
305.283	29.821	-21.790
306.283	29.821	-21.860
307.283	29.821	-21.860
308.283	29.821	-22.020
309.283	29.821	-21.950
310.283	29.821	-22.000
311.283	29.821	-22.120
312.283	29.821	-21.990
313.283	29.821	-21.970
314.283	29.821	-22.000
315.283	29.821	-22.040
316.283	29.821	-21.980
317.283	29.821	-22.090
318.283	29.821	-22.060
319.283	29.821	-22.040
320.283	29.822	-22.060
321.283	29.822	-22.100
322.283	29.822	-22.120
323.283	29.822	-22.070
324.283	29.822	-22.120
325.283	29.821	-22.060
326.283	29.821	-22.140
327.283	29.821	-22.130
328.283	29.821	-22.220
329.283	29.821	-22.190
330.283	29.821	-22.220
331.283	29.821	-22.280
332.283	29.821	-22.330
333.283	29.821	-22.240
334.283	29.821	-22.250
335.283	29.822	-22.270
336.283	29.821	-22.270
337.283	29.821	-22.250
338.283	29.821	-22.330
339.283	29.822	-22.400
340.283	29.821	-22.390
341.283	29.821	-22.400
342.283	29.821	-22.330
343.283	29.822	-22.420
344.283	29.821	-22.420
345.283	29.821	-22.520
346.283	29.821	-22.400
347.283	29.821	-22.480
348.283	29.821	-22.520
349.283	29.821	-22.500
350.283	29.821	-22.570
351.283	29.821	-22.640
352.283	29.821	-22.530
353.283	29.821	-22.540
354.283	29.821	-22.530
355.283	29.821	-22.590
356.283	29.821	-22.670
357.283	29.821	-22.620
358.283	29.821	-22.700
359.283	29.820	-22.590
360.283	29.821	-22.720
361.283	29.821	-22.690
362.283	29.821	-22.880
363.283	29.821	-22.810
364.283	29.821	-22.720
365.283	29.821	-22.810
366.283	29.821	-22.880
367.283	29.821	-22.730
368.283	29.821	-22.940
369.283	29.821	-22.950
370.283	29.821	-22.890
371.283	29.821	-22.910
372.283	29.821	-22.980
373.283	29.821	-22.920
374.283	29.821	-22.950
375.283	29.821	-23.020
376.283	29.821	-22.930
377.283	29.821	-22.990
378.283	29.821	-23.000
379.283	29.821	-23.010
380.283	29.822	-22.990
381.283	29.822	-23.000
382.283	29.823	-23.080
383.283	29.823	-23.140
384.283	29.823	-23.080
385.283	29.823	-23.020
386.283	29.823	-23.100
387.283	29.771	-23.090
388.283	29.761	-23.100
389.283	29.758	-23.100
390.283	29.761	-23.020
391.283	29.765	-23.090
392.283	29.766	-23.090
393.283	29.766	-23.030
394.283	29.762	-23.080
395.283	29.764	-23.090
396.283	29.770	-23.280
397.283	29.782	-23.190
398.283	29.775	-23.190
399.283	29.782	-23.140
400.283	29.782	-23.160
401.283	29.783	-23.140
402.283	29.780	-23.140
403.283	29.784	-23.200
404.283	29.786	-23.220
405.283	29.780	-23.200
406.283	29.808	-23.180
407.283	29.822	-23.240
408.283	29.822	-23.260
409.283	29.822	-23.310
410.283	29.822	-23.270
411.283	29.822	-23.300
412.283	29.822	-23.410
413.283	29.822	-23.400
414.283	29.823	-23.360
415.283	29.822	-23.360
416.283	29.823	-23.430
417.283	29.823	-23.500
418.283	29.823	-23.450
419.283	29.823	-23.390
420.283	29.823	-23.410
421.283	29.823	-23.390
422.283	29.823	-23.460
423.283	29.823	-23.480
424.283	29.823	-23.440
425.283	29.823	-23.410
426.283	29.823	-23.500
427.283	29.823	-23.440
428.283	29.823	-23.420
429.283	29.823	-23.550
430.283	29.823	-23.540
431.283	29.822	-23.530
432.283	29.822	-23.510
433.283	29.762	-23.570
434.283	29.758	-23.540
435.283	29.761	-23.520
436.283	29.758	-23.580
437.283	29.756	-23.600
438.283	29.753	-23.630
439.283	29.750	-23.680
440.283	29.744	-23.680
441.283	29.741	-23.700
442.283	29.742	-23.660
443.283	29.739	-23.680
444.283	29.741	-23.680
445.283	29.738	-23.790
446.283	29.742	-23.760
447.283	29.742	-23.750
448.283	29.734	-23.740
449.283	29.738	-23.780
450.283	29.736	-23.740
451.283	29.739	-23.770
452.283	29.737	-23.690
453.283	29.734	-23.750
454.283	29.737	-23.810
455.283	29.730	-23.760
456.283	29.735	-23.740
457.283	29.735	-23.780
458.283	29.730	-23.780
459.283	29.731	-23.810
460.283	29.734	-23.800
461.283	29.726	-23.850
462.283	29.725	-23.820
463.283	29.727	-23.930
464.283	29.723	-23.920
465.283	29.721	-23.910
466.283	29.722	-23.920
467.283	29.724	-24.010
468.283	29.722	-23.930
469.283	29.722	-23.980
470.283	29.720	-23.890
471.283	29.720	-23.930
472.283	29.721	-24.050
473.283	29.720	-23.900
474.283	29.721	-24.040
475.283	29.718	-24.050
476.283	29.719	-24.060
477.283	29.716	-24.050
478.283	29.716	-24.090
479.283	29.714	-24.110
480.283	29.714	-24.050
481.283	29.719	-23.990
482.283	29.710	-24.070
483.283	29.716	-24.220
484.283	29.711	-24.170
485.283	29.714	-24.140
486.283	29.709	-24.140
487.283	29.708	-24.080
488.283	29.706	-24.120
489.283	29.706	-24.140
490.283	29.703	-24.150
491.283	29.701	-24.210
492.283	29.698	-24.200
493.283	29.698	-24.250
494.283	29.701	-24.210
495.283	29.701	-24.260
496.283	29.699	-24.240
497.283	29.698	-24.230
498.283	29.698	-24.230
499.283	29.698	-24.320
500.283	29.693	-24.260
501.283	29.692	-24.300
502.283	29.690	-24.280
503.283	29.689	-24.380
504.283	29.690	-24.320
505.283	29.687	-24.460
506.283	29.689	-24.430
507.283	29.688	-24.410
508.283	29.684	-24.360
509.283	29.681	-24.390
510.283	29.680	-24.400
511.283	29.678	-24.540
512.283	29.666	-24.490
513.283	29.656	-24.510
514.283	29.647	-24.480
515.283	29.641	-24.620
516.283	29.632	-24.520
517.283	29.626	-24.560
518.283	29.620	-24.580
519.283	29.621	-24.620
520.283	29.617	-24.600
521.283	29.618	-24.640
522.283	29.616	-24.630
523.283	29.619	-24.650
524.283	29.617	-24.630
525.283	29.618	-24.640
526.283	29.619	-24.710
527.283	29.620	-24.690
528.283	29.623	-24.740
529.283	29.623	-24.640
530.283	29.627	-24.790
531.283	29.630	-24.710
532.283	29.631	-24.730
533.283	29.632	-24.770
534.283	29.632	-24.770
535.283	29.635	-24.740
536.283	29.637	-24.760
537.283	29.639	-24.760
538.283	29.642	-24.790
539.283	29.644	-24.770
540.283	29.648	-24.750
541.283	29.647	-24.680
542.283	29.650	-24.750
543.283	29.653	-24.690
544.283	29.656	-24.900
545.283	29.655	-24.900
546.283	29.653	-24.790
547.283	29.653	-24.960
548.283	29.652	-24.860
549.283	29.650	-24.840
550.283	29.647	-24.840
551.283	29.646	-24.860
552.283	29.646	-24.900
553.283	29.645	-24.890
554.283	29.643	-24.910
555.283	29.643	-24.940
556.283	29.640	-24.920
557.283	29.642	-24.930
558.283	29.641	-24.900
559.283	29.639	-24.860
560.283	29.637	-24.950
561.283	29.636	-24.850
562.283	29.634	-24.900
563.283	29.631	-25.000
564.283	29.629	-24.920
565.283	29.630	-24.990
566.283	29.630	-24.960
567.283	29.628	-24.960
568.283	29.626	-24.950
569.283	29.625	-24.990
570.283	29.622	-25.010
571.283	29.615	-25.050
572.283	29.615	-25.170
573.283	29.616	-25.060
574.283	29.617	-25.140
575.283	29.615	-25.080
576.283	29.615	-25.050
577.283	29.615	-25.130
578.283	29.614	-25.050
579.283	29.613	-25.070
580.283	29.612	-25.120
581.283	29.614	-25.160
582.283	29.611	-25.100
583.283	29.611	-25.100
584.283	29.611	-25.110
585.283	29.607	-25.110
586.283	29.610	-25.100
587.283	29.605	-25.150
588.283	29.604	-25.150
589.283	29.606	-25.130
590.283	29.602	-25.210
591.283	29.602	-25.140
592.283	29.606	-25.110
593.283	29.605	-25.310
594.283	29.604	-25.180
595.283	29.606	-25.280
596.283	29.603	-25.160
597.283	29.601	-25.230
598.283	29.600	-25.330
599.283	29.599	-25.290
600.283	29.599	-25.270
601.283	29.601	-25.240
602.283	29.602	-25.310
603.283	29.598	-25.310
604.283	29.599	-25.350
605.283	29.599	-25.310
606.283	29.595	-25.220
607.283	29.591	-25.240
608.283	29.591	-25.260
609.283	29.592	-25.280
610.283	29.592	-25.320
611.283	29.591	-25.380
612.283	29.589	-25.410
613.283	29.589	-25.430
614.283	29.585	-25.460
615.283	29.581	-25.470
616.283	29.581	-25.360
617.283	29.581	-25.340
618.283	29.582	-25.360
619.283	29.582	-25.450
620.283	29.582	-25.550
621.283	29.583	-25.480
622.283	29.582	-25.510
623.283	29.582	-25.500
624.283	29.582	-25.520
625.283	29.582	-25.500
626.283	29.580	-25.480
627.283	29.578	-25.510
628.283	29.575	-25.500
629.283	29.579	-25.500
630.283	29.576	-25.510
631.283	29.574	-25.550
632.283	29.572	-25.490
633.283	29.569	-25.610
634.283	29.568	-25.590
635.283	29.566	-25.500
636.283	29.567	-25.600
637.283	29.566	-25.490
638.283	29.566	-25.620
639.283	29.563	-25.590
640.283	29.557	-25.700
641.283	29.555	-25.590
642.283	29.558	-25.640
643.283	29.558	-25.660
644.283	29.554	-25.620
645.283	29.551	-25.610
646.283	29.554	-25.670
647.283	29.555	-25.710
648.283	29.549	-25.620
649.283	29.551	-25.700
650.283	29.553	-25.730
651.283	29.549	-25.690
652.283	29.547	-25.770
653.283	29.549	-25.770
654.283	29.548	-25.760
655.283	29.545	-25.750
656.283	29.544	-25.760
657.283	29.549	-25.780
658.283	29.547	-25.710
659.283	29.545	-25.710
660.283	29.548	-25.800
661.283	29.544	-25.840
662.283	29.542	-25.830
663.283	29.543	-25.810
664.283	29.541	-25.820
665.283	29.539	-25.910
666.283	29.540	-25.850
667.283	29.535	-25.820
668.283	29.535	-25.810
669.283	29.535	-25.840
670.283	29.535	-25.800
671.283	29.537	-25.810
672.283	29.533	-25.860
673.283	29.533	-25.870
674.283	29.531	-25.870
675.283	29.529	-25.910
676.283	29.531	-25.850
677.283	29.532	-25.890
678.283	29.529	-25.900
679.283	29.532	-25.910
680.283	29.530	-25.870
681.283	29.526	-25.880
682.283	29.529	-25.880
683.283	29.528	-25.910
684.283	29.525	-26.000
685.283	29.526	-25.990
686.283	29.528	-25.960
687.283	29.525	-26.010
688.283	29.524	-26.020
689.283	29.524	-26.030
690.283	29.522	-26.100
691.283	29.521	-25.980
692.283	29.524	-26.020
693.283	29.523	-26.010
694.283	29.520	-26.060
695.283	29.519	-26.050
696.283	29.521	-25.990
697.283	29.520	-26.020
698.283	29.521	-26.050
699.283	29.518	-26.040
700.283	29.518	-26.050
701.283	29.522	-26.050
702.283	29.520	-26.040
703.283	29.519	-26.090
704.283	29.511	-26.000
705.283	29.512	-26.110
706.283	29.519	-26.150
707.283	29.520	-26.100
708.283	29.520	-26.070
709.283	29.520	-26.150
710.283	29.518	-26.100
711.283	29.520	-26.080
712.283	29.518	-26.080
713.283	29.517	-26.120
714.283	29.516	-26.210
715.283	29.517	-26.160
716.283	29.515	-26.180
717.283	29.512	-26.200
718.283	29.513	-26.180
719.283	29.512	-26.210
720.283	29.510	-26.160
