0.180	5800.773	-0.013
1.180	5800.770	-0.004
2.180	5800.782	-0.009
3.180	5800.775	-0.008
4.180	5800.781	-0.009
5.180	5800.783	-0.009
6.180	5800.764	-0.015
7.180	5800.777	-0.014
8.180	5800.793	-0.003
9.180	5800.783	0.000
10.180	5800.771	0.005
11.180	5800.768	-0.000
12.180	5800.784	0.001
13.180	5800.761	-0.004
14.180	5800.756	0.000
15.180	5800.736	-0.001
16.180	5800.762	-0.005
17.180	5800.769	-0.007
18.180	5800.757	-0.004
19.180	5800.752	-0.004
20.180	5800.736	-0.004
21.180	5800.733	-0.005
22.180	5800.744	0.002
23.180	5800.743	0.009
24.180	5800.727	0.011
25.180	5800.734	0.004
26.180	5800.754	-0.006
27.180	5800.756	-0.002
28.180	5800.770	-0.006
29.180	5800.761	-0.004
30.180	5800.738	-0.007
31.180	5800.757	-0.006
32.180	5800.754	-0.010
33.180	5800.757	-0.004
34.180	5800.763	-0.005
35.180	5800.757	-0.006
36.180	5800.743	0.001
37.180	5800.763	0.001
38.180	5800.747	0.002
39.180	5800.745	-0.002
40.180	5800.698	-0.005
41.180	5800.742	-0.006
42.180	5800.712	-0.006
43.180	5800.684	-0.006
44.180	5800.699	-0.006
45.180	5800.711	-0.010
46.180	5800.735	-0.012
47.180	5800.744	-0.014
48.180	5800.742	-0.011
49.180	5800.758	-0.008
50.180	5800.758	-0.000
51.180	5800.734	0.002
52.180	5800.737	-0.000
53.180	5800.738	-0.002
54.180	5800.737	-0.003
55.180	5800.725	-0.006
56.180	5800.691	-0.006
57.180	5800.735	-0.000
58.180	5800.776	-0.004
59.180	5800.810	-0.003
60.180	5800.729	-0.005
61.180	5800.740	-0.010
62.180	5800.752	-0.006
63.180	5800.745	-0.012
64.180	5800.752	-0.010
65.180	5800.752	0.003
66.180	5800.807	0.005
67.180	5800.783	0.002
68.180	5800.777	0.000
69.180	5800.793	-0.005
70.180	5800.797	-0.000
71.180	5800.749	-0.000
72.180	5800.761	0.000
73.180	5800.753	-0.007
74.180	5800.747	-0.005
75.180	5800.751	-0.011
76.180	5800.762	-0.007
77.180	5800.761	-0.011
78.180	5800.759	-0.003
79.180	5800.786	0.003
80.180	5800.714	0.005
81.180	5800.697	0.002
82.180	5800.713	0.001
83.180	5800.710	-0.006
84.180	5800.756	-0.002
85.180	5800.773	-0.005
86.180	5800.753	-0.009
87.180	5800.783	-0.008
88.180	5800.759	-0.011
89.180	5800.752	-0.012
90.180	5800.761	-0.016
91.180	5800.756	-0.010
92.180	5800.748	0.004
93.180	5800.754	-0.004
94.180	5800.753	-0.011
95.180	5800.745	-0.006
96.180	5800.767	-0.006
97.180	5800.755	-0.008
98.180	5800.719	-0.005
99.180	5800.776	-0.007
100.180	5800.732	-0.009
101.180	5800.777	-0.012
102.180	5800.799	-0.012
103.180	5800.786	-0.008
104.180	5800.783	-0.005
105.180	5800.765	0.004
106.180	5800.734	0.000
107.180	5800.720	0.005
108.180	5800.735	0.004
109.180	5800.755	-0.003
110.180	5800.737	-0.011
111.180	5800.760	-0.001
112.180	5800.709	-0.001
113.180	5800.732	0.001
114.180	5800.834	-0.007
115.180	5800.827	-0.007
116.180	5800.761	-0.008
117.180	5800.713	-0.001
118.180	5800.706	-0.004
119.180	5800.790	-0.002
120.180	5800.711	-0.006
121.180	5800.723	-0.010
122.180	5800.755	-0.009
123.180	5800.751	-0.004
124.180	5800.731	-0.003
125.180	5800.738	-0.004
126.180	5800.766	0.007
127.180	5800.757	0.005
128.180	5800.770	-0.002
129.180	5800.762	-0.003
130.180	5800.762	-0.005
131.180	5800.764	-0.008
132.180	5800.782	-0.009
133.180	5800.770	-0.006
134.180	5800.780	-0.004
135.180	5800.772	-0.001
136.180	5800.768	-0.004
137.180	5800.748	-0.007
138.180	5800.753	-0.007
139.180	5800.755	-0.006
140.180	5800.703	-0.005
141.180	5800.790	-0.005
142.180	5800.901	-0.003
143.180	5800.739	-0.001
144.180	5800.742	-0.005
145.180	5800.763	-0.004
146.180	5800.743	-0.003
147.180	5800.771	-0.004
148.180	5800.748	-0.004
149.180	5800.728	-0.009
150.180	5800.720	-0.003
151.180	5800.729	-0.000
152.180	5800.729	0.000
153.180	5800.748	-0.003
154.180	5800.735	-0.006
155.180	5800.702	-0.003
156.180	5800.736	-0.004
157.180	5800.741	-0.003
158.180	5800.751	-0.002
159.180	5800.732	-0.008
160.180	5800.766	-0.010
161.180	5800.725	-0.012
162.180	5800.724	0.001
163.180	5800.742	0.000
164.180	5800.744	0.004
165.180	5800.747	0.000
166.180	5800.739	-0.004
167.180	5800.775	0.000
168.180	5800.783	-0.007
169.180	5800.802	-0.003
170.180	5800.785	-0.007
171.180	5800.815	-0.012
172.180	5800.792	-0.010
173.180	5800.756	-0.005
174.180	5800.752	-0.011
175.180	5800.761	-0.009
176.180	5800.760	-0.007
177.180	5800.746	-0.002
178.180	5800.804	0.004
179.180	5800.826	0.002
180.180	5800.757	-0.003
181.180	5800.770	-0.005
182.180	5800.751	-0.000
183.180	5800.788	0.005
184.180	5800.808	0.003
185.180	5800.809	-0.007
186.180	5800.743	-0.008
187.180	5800.759	-0.010
188.180	5800.775	-0.004
189.180	5800.763	-0.004
190.180	5800.805	-0.007
191.180	5800.787	-0.003
192.180	5800.769	-0.003
193.180	5800.771	-0.007
194.180	5800.773	-0.004
195.180	5800.773	-0.008
196.180	5800.774	-0.006
197.180	5800.733	-0.005
198.180	5800.809	-0.012
199.180	5800.784	-0.012
200.180	5800.764	-0.007
201.180	5800.772	-0.004
202.180	5800.763	0.002
203.180	5800.776	-0.000
204.180	5800.783	-0.003
205.180	5800.774	-0.002
206.180	5800.742	-0.005
207.180	5800.761	-0.003
208.180	5800.742	-0.005
209.180	5800.754	-0.005
210.180	5800.744	-0.008
211.180	5800.740	-0.003
212.180	5800.743	-0.003
213.180	5800.742	-0.008
214.180	5800.755	-0.011
215.180	5800.780	-0.012
216.180	5800.737	-0.008
217.180	5800.765	-0.004
218.180	5800.746	-0.010
219.180	5800.710	-0.005
220.180	5800.759	-0.004
221.180	5800.737	-0.006
222.180	5800.771	-0.007
223.180	5800.783	-0.005
224.180	5800.793	-0.004
225.180	5800.798	-0.013
226.180	5800.783	-0.018
227.180	5800.773	-0.009
228.180	5800.771	-0.006
229.180	5800.786	-0.003
230.180	5800.792	-0.006
231.180	5800.822	-0.005
232.180	5800.789	-0.005
233.180	5800.795	-0.008
234.180	5800.764	-0.011
235.180	5800.784	-0.013
236.180	5800.741	-0.009
237.180	5800.719	-0.006
238.180	5800.733	-0.003
239.180	5800.758	-0.000
240.180	5800.758	-0.007
241.180	5800.762	-0.011
242.180	5800.748	-0.008
243.180	5800.794	-0.006
244.180	5800.770	-0.005
245.180	5800.775	-0.010
246.180	5800.761	-0.008
247.180	5800.808	-0.015
248.180	5800.776	-0.011
249.180	5800.788	-0.007
250.180	5800.774	-0.002
251.180	5800.773	-0.000
252.180	5800.773	-0.002
253.180	5800.782	-0.016
254.180	5800.769	-0.009
255.180	5800.774	-0.004
256.180	5800.776	-0.005
257.180	5800.781	-0.005
258.180	5800.807	-0.004
259.180	5800.816	-0.010
260.180	5800.780	-0.013
261.180	5800.779	-0.013
262.180	5800.772	-0.010
263.180	5800.755	-0.012
264.180	5800.786	-0.010
265.180	5800.779	-0.011
266.180	5800.789	-0.015
267.180	5800.784	-0.013
268.180	5800.764	-0.006
269.180	5800.729	-0.006
270.180	5800.726	0.001
271.180	5800.766	-0.000
272.180	5800.764	-0.007
273.180	5800.733	-0.011
274.180	5800.756	-0.018
275.180	5800.753	-0.005
276.180	5800.758	-0.007
277.180	5800.774	-0.010
278.180	5800.746	-0.010
279.180	5800.761	-0.004
280.180	5800.776	0.003
281.180	5800.748	0.002
282.180	5800.782	-0.009
283.180	5800.799	-0.014
284.180	5800.747	-0.009
285.180	5800.735	-0.007
286.180	5800.755	-0.004
287.180	5800.743	-0.003
288.180	5800.744	-0.008
289.180	5800.747	-0.018
290.180	5800.748	-0.008
291.180	5800.735	-0.003
292.180	5800.766	-0.010
293.180	5800.768	-0.003
294.180	5800.762	-0.005
295.180	5800.737	-0.002
296.180	5800.757	-0.009
297.180	5800.747	-0.006
298.180	5800.776	-0.011
299.180	5800.765	-0.009
300.180	5800.737	0.004
301.180	5800.790	-0.008
302.180	5800.771	-0.005
303.180	5800.735	-0.012
304.180	5800.756	-0.018
305.180	5800.745	-0.003
306.180	5800.687	0.003
307.180	5800.709	-0.005
308.180	5800.737	-0.004
309.180	5800.744	-0.006
310.180	5800.760	-0.002
311.180	5800.736	-0.006
312.180	5800.748	-0.009
313.180	5800.732	-0.016
314.180	5800.721	-0.015
315.180	5800.816	-0.007
316.180	5800.731	0.001
317.180	5800.764	-0.004
318.180	5800.706	-0.002
319.180	5800.736	-0.004
320.180	5800.752	-0.004
321.180	5800.784	-0.004
322.180	5800.761	-0.005
323.180	5800.816	-0.006
324.180	5800.774	-0.023
325.180	5800.728	-0.028
326.180	5800.737	-0.010
327.180	5800.764	-0.003
328.180	5800.738	-0.002
329.180	5800.722	-0.002
330.180	5800.809	-0.004
331.180	5800.748	-0.002
332.180	5800.722	-0.009
333.180	5800.746	-0.020
334.180	5800.790	-0.017
335.180	5800.731	-0.018
336.180	5800.721	-0.008
337.180	5800.730	-0.008
338.180	5800.747	-0.008
339.180	5800.728	-0.013
340.180	5800.760	-0.006
341.180	5800.764	0.002
342.180	5800.734	0.002
343.180	5800.774	0.000
344.180	5800.725	0.000
345.180	5800.744	-0.006
346.180	5800.766	-0.001
347.180	5800.727	-0.007
348.180	5800.702	-0.000
349.180	5800.694	-0.000
350.180	5800.716	-0.006
351.180	5800.697	-0.003
352.180	5800.706	-0.011
353.180	5800.725	-0.006
354.180	5800.736	-0.007
355.180	5800.774	-0.004
356.180	5800.728	0.004
357.180	5800.751	0.006
358.180	5800.726	-0.006
359.180	5800.799	-0.008
360.180	5800.743	-0.005
361.180	5800.706	0.003
362.180	5800.741	0.003
363.180	5800.720	0.002
364.180	5800.762	0.000
365.180	5800.766	-0.002
366.180	5800.741	-0.001
367.180	5800.740	-0.001
368.180	5800.777	0.004
369.180	5800.720	0.000
370.180	5800.757	-0.006
371.180	5800.707	-0.009
372.180	5800.739	-0.005
373.180	5800.747	-0.007
374.180	5800.742	-0.007
375.180	5800.712	0.006
376.180	5800.754	-0.004
377.180	5800.785	0.005
378.180	5800.740	0.004
379.180	5800.742	-0.002
380.180	5800.815	-0.004
381.180	5800.707	-0.005
382.180	5800.725	-0.007
383.180	5800.716	-0.010
384.180	5800.739	-0.007
385.180	5800.733	-0.004
386.180	5800.740	-0.005
387.180	5800.745	0.000
388.180	5800.727	0.002
389.180	5800.736	-0.000
390.180	5800.750	-0.003
391.180	5800.781	0.002
392.180	5800.730	-0.001
393.180	5800.722	0.002
394.180	5800.743	-0.008
395.180	5800.779	-0.011
396.180	5800.760	-0.003
397.180	5800.738	0.000
398.180	5800.747	0.003
399.180	5800.733	-0.000
400.180	5800.734	-0.004
401.180	5800.719	-0.004
402.180	5800.794	-0.004
403.180	5800.721	-0.004
404.180	5800.700	-0.000
405.180	5800.701	-0.002
406.180	5800.712	-0.002
407.180	5800.725	-0.003
408.180	5800.714	-0.006
409.180	5800.721	-0.008
410.180	5800.723	-0.007
411.180	5800.709	-0.007
412.180	5800.760	-0.005
413.180	5800.767	-0.012
414.180	5800.758	-0.002
415.180	5800.746	-0.000
416.180	5800.715	-0.004
417.180	5800.754	-0.006
418.180	5800.754	-0.011
419.180	5800.743	-0.008
420.180	5800.753	-0.013
421.180	5800.731	-0.005
422.180	5800.729	-0.003
423.180	5800.719	0.002
424.180	5800.725	0.000
425.180	5800.717	0.002
426.180	5800.717	-0.003
427.180	5800.674	-0.002
428.180	5800.738	-0.009
429.180	5800.796	-0.000
430.180	5800.759	-0.005
431.180	5800.771	-0.010
432.180	5800.785	-0.006
433.180	5800.747	-0.003
434.180	5800.752	0.002
435.180	5800.707	-0.000
436.180	5800.746	-0.002
437.180	5800.711	-0.000
438.180	5800.723	-0.002
439.180	5800.741	-0.000
440.180	5800.727	-0.004
441.180	5800.724	-0.010
442.180	5800.750	-0.007
443.180	5800.740	-0.007
444.180	5800.737	-0.002
445.180	5800.732	0.005
446.180	5800.753	-0.002
447.180	5800.780	-0.002
448.180	5800.751	-0.003
449.180	5800.794	-0.005
450.180	5800.748	-0.009
451.180	5800.741	-0.002
452.180	5800.781	-0.001
453.180	5800.776	0.002
454.180	5800.782	0.008
455.180	5800.789	0.003
456.180	5800.767	-0.005
457.180	5800.780	-0.001
458.180	5699.444	0.000
459.180	5618.546	0.002
460.180	5417.203	0.011
461.180	5209.843	0.028
462.180	5014.336	0.042
463.180	4815.018	0.063
464.180	4596.681	0.074
465.180	4294.243	0.110
466.180	4161.307	0.129
467.180	3980.493	0.148
468.180	3771.022	0.171
469.180	3636.085	0.193
470.180	3483.728	0.210
471.180	3257.374	0.237
472.180	3048.023	0.272
473.180	2867.371	0.295
474.180	2638.610	0.330
475.180	2338.940	0.369
476.180	2007.636	0.425
477.180	1670.328	0.509
478.180	1359.568	0.584
479.180	929.121	0.706
480.180	567.710	0.917
481.180	57.959	1.215
482.180	32.823	1.570
483.180	33.347	1.772
484.180	-443.091	1.869
485.180	-4.850	1.932
486.180	-26.173	1.981
487.180	-5.713	2.016
488.180	-0.948	2.046
489.180	-0.127	2.077
490.180	-0.010	2.107
491.180	0.004	2.132
492.180	0.005	2.153
493.180	0.005	2.172
494.180	0.005	2.187
495.180	0.006	2.207
496.180	0.005	2.214
497.180	0.005	2.229
498.180	0.006	2.244
499.180	0.005	2.257
500.180	0.005	2.263
501.180	0.005	2.274
502.180	0.005	2.285
503.180	0.006	2.300
504.180	0.005	2.311
505.180	0.006	2.319
506.180	0.006	2.332
507.180	0.006	2.339
508.180	0.006	2.346
509.180	0.006	2.354
510.180	0.006	2.366
511.180	0.006	2.370
512.180	0.006	2.380
513.180	0.006	2.387
514.180	0.006	2.389
515.180	0.005	2.400
516.180	0.005	2.405
517.180	0.006	2.413
518.180	0.006	2.416
519.180	0.006	2.420
520.180	0.006	2.430
521.180	0.006	2.438
522.180	0.006	2.443
523.180	0.006	2.443
524.180	0.006	2.446
525.180	0.006	2.448
526.180	0.006	2.460
527.180	0.006	2.465
528.180	0.006	2.468
529.180	0.006	2.471
530.180	0.007	2.477
531.180	0.007	2.486
532.180	0.006	2.489
533.180	0.006	2.499
534.180	0.007	2.499
535.180	0.007	2.504
536.180	0.006	2.505
537.180	0.007	2.511
538.180	0.007	2.517
539.180	0.007	2.516
540.180	0.007	2.519
541.180	0.006	2.526
542.180	0.006	2.533
543.180	0.006	2.538
544.180	0.006	2.539
545.180	0.005	2.539
546.180	0.005	2.538
547.180	0.005	2.548
548.180	0.005	2.556
549.180	0.004	2.556
550.180	0.005	2.557
551.180	0.005	2.560
552.180	0.004	2.564
553.180	0.004	2.569
554.180	0.004	2.575
555.180	0.004	2.576
556.180	0.004	2.579
557.180	0.005	2.581
558.180	0.005	2.586
559.180	0.005	2.586
560.180	0.004	2.586
561.180	0.004	2.591
562.180	0.005	2.599
563.180	0.005	2.600
564.180	0.005	2.602
565.180	0.005	2.606
566.180	0.005	2.609
567.180	0.005	2.610
568.180	0.005	2.613
569.180	0.005	2.615
570.180	0.005	2.619
571.180	0.005	2.621
572.180	0.005	2.625
573.180	0.005	2.626
574.180	0.005	2.627
575.180	0.005	2.633
576.180	0.005	2.636
577.180	0.005	2.638
578.180	0.005	2.637
579.180	0.005	2.643
580.180	0.005	2.642
581.180	0.005	2.646
582.180	0.005	2.650
583.180	0.005	2.649
584.180	0.005	2.652
585.180	0.005	2.655
586.180	0.004	2.658
587.180	0.005	2.655
588.180	0.005	2.658
589.180	0.005	2.662
590.180	0.005	2.668
591.180	0.005	2.668
592.180	0.004	2.673
593.180	0.005	2.672
594.180	0.005	2.674
595.180	0.005	2.676
596.180	0.005	2.679
597.180	0.005	2.680
598.180	0.005	2.682
599.180	0.005	2.683
600.180	0.005	2.689
601.180	0.005	2.694
602.180	0.005	2.698
603.180	0.005	2.696
604.180	0.005	2.703
605.180	0.005	2.704
606.180	0.006	2.712
607.180	0.006	2.713
608.180	0.005	2.714
609.180	0.006	2.705
610.180	0.006	2.709
611.180	0.005	2.711
612.180	0.005	2.712
613.180	0.005	2.711
614.180	0.005	2.723
615.180	0.005	2.725
616.180	0.004	2.727
617.180	0.004	2.730
618.180	0.004	2.728
619.180	0.005	2.726
620.180	0.004	2.724
621.180	0.004	2.726
622.180	0.004	2.726
623.180	0.003	2.734
624.180	0.003	2.736
625.180	0.003	2.739
626.180	0.003	2.741
627.180	0.003	2.741
628.180	0.003	2.747
629.180	0.003	2.745
630.180	0.003	2.744
631.180	0.003	2.746
632.180	0.003	2.747
633.180	0.003	2.746
634.180	0.003	2.751
635.180	0.003	2.751
636.180	0.003	2.753
637.180	0.003	2.752
638.180	0.003	2.759
639.180	0.003	2.764
640.180	0.002	2.769
641.180	0.002	2.769
642.180	0.002	2.766
643.180	0.002	2.768
644.180	0.002	2.767
645.180	0.002	2.764
646.180	0.003	2.766
647.180	0.002	2.770
648.180	0.003	2.774
649.180	0.002	2.783
650.180	0.002	2.782
651.180	0.002	2.781
652.180	0.002	2.782
653.180	0.003	2.783
654.180	0.003	2.784
655.180	0.003	2.787
656.180	0.003	2.784
657.180	0.003	2.788
658.180	0.003	2.787
659.180	0.003	2.786
660.180	0.002	2.789
661.180	0.002	2.792
662.180	0.002	2.790
663.180	0.002	2.797
664.180	0.002	2.797
665.180	0.002	2.801
666.180	0.003	2.801
667.180	0.003	2.800
668.180	0.003	2.803
669.180	0.004	2.804
670.180	0.003	2.809
671.180	0.003	2.808
672.180	0.004	2.806
673.180	0.004	2.810
674.180	0.003	2.812
675.180	0.003	2.811
676.180	0.004	2.810
677.180	0.003	2.812
678.180	0.004	2.819
679.180	0.004	2.825
680.180	0.004	2.824
681.180	0.004	2.824
682.180	0.004	2.822
683.180	0.004	2.819
684.180	0.005	2.820
685.180	0.004	2.820
686.180	0.005	2.822
687.180	0.004	2.829
688.180	0.004	2.832
689.180	0.004	2.833
690.180	0.004	2.833
691.180	0.004	2.832
692.180	0.004	2.832
693.180	0.004	2.835
694.180	0.003	2.836
695.180	0.003	2.836
696.180	0.004	2.837
697.180	0.004	2.843
698.180	0.003	2.840
699.180	0.003	2.843
700.180	0.003	2.845
701.180	0.003	2.844
702.180	0.003	2.841
703.180	0.003	2.838
704.180	0.002	2.843
705.180	0.002	2.843
706.180	0.002	2.847
707.180	0.003	2.850
708.180	0.002	2.846
709.180	0.003	2.850
710.180	0.002	2.847
711.180	0.002	2.849
712.180	0.001	2.844
713.180	0.002	2.849
714.180	0.003	2.852
715.180	0.002	2.852
716.180	0.002	2.860
717.180	0.002	2.861
718.180	0.002	2.862
719.180	0.001	2.864
720.180	0.002	2.861
721.180	0.002	2.862
722.180	0.001	2.864
723.180	0.002	2.862
724.180	0.003	2.862
725.180	0.001	2.864
726.180	0.001	2.864
727.180	0.001	2.867
728.180	0.001	2.867
729.180	0.002	2.867
730.180	0.001	2.868
731.180	0.002	2.873
732.180	0.002	2.876
733.180	0.002	2.876
734.180	0.001	2.875
735.180	0.001	2.873
736.180	0.001	2.872
737.180	0.001	2.878
738.180	0.001	2.880
739.180	0.002	2.885
740.180	0.001	2.884
741.180	0.001	2.883
742.180	0.002	2.885
743.180	0.002	2.887
744.180	0.002	2.884
745.180	0.002	2.884
746.180	0.003	2.885
747.180	0.002	2.888
748.180	0.003	2.893
749.180	0.002	2.895
750.180	0.004	2.898
751.180	0.003	2.896
752.180	0.003	2.892
753.180	0.002	2.894
754.180	0.003	2.894
755.180	0.004	2.899
756.180	0.003	2.899
757.180	0.004	2.898
758.180	0.003	2.902
759.180	0.003	2.903
760.180	0.004	2.904
761.180	0.003	2.905
762.180	0.002	2.904
763.180	0.002	2.899
764.180	0.002	2.903
765.180	0.002	2.906
766.180	0.001	2.905
767.180	0.001	2.913
768.180	0.001	2.910
769.180	0.002	2.910
770.180	0.001	2.909
771.180	0.002	2.910
772.180	0.001	2.912
773.180	0.001	2.909
774.180	0.001	2.914
775.180	0.002	2.915
776.180	0.002	2.919
777.180	0.001	2.918
778.180	0.001	2.923
779.180	0.002	2.920
780.180	0.000	2.922
781.180	0.001	2.921
782.180	0.000	2.921
783.180	0.001	2.928
784.180	0.002	2.928
785.180	0.000	2.929
786.180	0.001	2.927
787.180	0.001	2.928
788.180	0.001	2.930
789.180	0.001	2.932
790.180	0.000	2.935
791.180	0.001	2.935
792.180	0.001	2.934
793.180	0.001	2.933
794.180	0.001	2.938
795.180	0.002	2.937
796.180	0.001	2.937
797.180	0.001	2.936
798.180	0.002	2.938
799.180	0.001	2.942
800.180	0.001	2.943
801.180	0.002	2.946
802.180	0.001	2.943
803.180	0.002	2.942
804.180	0.002	2.941
805.180	0.002	2.943
806.180	0.002	2.943
807.180	0.002	2.944
808.180	0.001	2.949
809.180	0.002	2.952
810.180	0.000	2.950
811.180	0.001	2.952
812.180	0.001	2.951
813.180	0.002	2.949
814.180	0.002	2.951
815.180	0.001	2.953
816.180	0.002	2.956
817.180	0.000	2.952
818.180	0.001	2.952
819.180	0.001	2.950
820.180	0.000	2.952
821.180	0.001	2.956
822.180	0.001	2.958
823.180	-0.000	2.959
824.180	0.001	2.961
825.180	0.001	2.960
826.180	-0.000	2.960
827.180	0.001	2.958
828.180	0.000	2.959
829.180	0.001	2.966
830.180	-0.000	2.965
831.180	0.000	2.969
832.180	0.001	2.967
833.180	0.001	2.968
834.180	0.000	2.971
835.180	0.001	2.971
836.180	0.001	2.973
837.180	-0.000	2.975
838.180	0.001	2.976
839.180	0.000	2.965
840.180	-0.000	2.969
841.180	0.001	2.969
842.180	-0.000	2.975
843.180	0.001	2.973
844.180	-0.000	2.973
845.180	0.001	2.973
846.180	0.000	2.972
847.180	0.001	2.974
848.180	-0.000	2.979
849.180	0.001	2.980
850.180	0.000	2.980
851.180	0.001	2.980
852.180	0.001	2.982
853.180	0.001	2.981
854.180	0.001	2.980
855.180	0.001	2.982
856.180	0.002	2.984
857.180	0.003	2.983
858.180	0.002	2.989
859.180	0.002	2.986
860.180	0.002	2.988
861.180	0.001	2.986
862.180	0.001	2.989
863.180	0.001	2.991
864.180	0.002	2.989
865.180	0.001	2.988
866.180	0.002	2.990
867.180	0.001	2.992
868.180	0.001	2.994
869.180	0.001	2.994
870.180	-0.000	2.995
871.180	0.001	2.996
872.180	-0.000	2.994
873.180	0.000	2.991
874.180	0.002	2.993
875.180	-0.000	2.999
876.180	0.000	2.997
877.180	-0.000	3.001
878.180	0.001	3.001
879.180	-0.001	3.004
880.180	0.000	2.996
881.180	0.000	3.001
882.180	-0.000	3.005
883.180	-0.000	3.004
884.180	0.000	3.002
885.180	0.001	3.007
886.180	-0.000	3.007
887.180	0.001	3.009
888.180	-0.000	3.005
889.180	0.001	3.008
890.180	-0.000	3.006
891.180	0.002	3.010
892.180	0.001	3.012
893.180	-0.000	3.014
894.180	-0.001	3.007
895.180	0.001	3.006
896.180	0.001	3.009
897.180	0.001	3.014
898.180	-0.001	3.015
899.180	-0.001	3.011
900.180	-0.000	2.995
901.180	0.001	3.000
902.180	0.000	3.019
903.180	0.001	3.020
904.180	-0.000	3.014
905.180	0.001	3.019
906.180	-0.000	3.021
907.180	0.001	3.020
908.180	0.001	3.019
909.180	0.001	3.023
910.180	0.002	3.021
911.180	0.002	3.018
912.180	0.001	3.023
913.180	0.000	3.024
914.180	0.001	3.025
915.180	0.000	3.023
916.180	0.000	3.025
917.180	0.002	3.024
918.180	0.000	3.028
919.180	-0.000	3.025
920.180	0.001	3.028
921.180	0.000	3.029
922.180	0.001	3.028
923.180	0.001	3.028
924.180	-0.000	3.032
925.180	0.001	3.029
926.180	-0.000	3.029
927.180	0.001	3.030
928.180	-0.000	3.031
929.180	0.001	3.031
930.180	-0.000	3.035
931.180	0.001	3.035
932.180	0.000	3.035
933.180	0.000	3.036
934.180	0.000	3.037
935.180	0.001	3.033
936.180	-0.000	3.040
937.180	-0.000	3.038
938.180	0.000	3.040
939.180	0.001	3.040
940.180	0.001	3.041
941.180	0.000	3.040
942.180	0.001	3.040
943.180	0.001	3.041
944.180	0.001	3.040
945.180	0.001	3.041
946.180	0.001	3.043
947.180	0.001	3.042
948.180	0.001	3.038
949.180	0.001	3.042
950.180	0.000	3.045
951.180	0.001	3.048
952.180	0.001	3.049
953.180	0.000	3.047
954.180	0.002	3.045
955.180	0.000	3.050
956.180	0.001	3.049
957.180	0.000	3.048
958.180	0.001	3.049
959.180	0.001	3.053
960.180	0.003	3.050
961.180	0.002	3.050
962.180	0.001	3.052
963.180	0.001	3.052
964.180	0.002	3.052
965.180	0.001	3.051
966.180	0.002	3.054
967.181	0.002	3.057
968.180	0.001	3.053
969.180	0.001	3.052
970.180	0.001	3.053
971.180	0.002	3.055
972.180	0.002	3.057
973.180	0.001	3.058
974.180	0.002	3.058
975.180	0.001	3.059
976.180	0.001	3.059
977.180	0.003	3.058
978.180	0.002	3.057
979.180	0.000	3.057
980.180	0.002	3.060
981.180	-0.000	3.064
982.180	0.001	3.063
983.180	0.000	3.060
984.180	0.001	3.060
985.180	0.000	3.062
986.180	0.000	3.066
987.180	0.001	3.065
988.180	0.002	3.069
989.180	0.000	3.064
990.180	0.000	3.068
991.180	0.001	3.068
992.180	0.001	3.065
993.180	0.001	3.064
994.180	0.001	3.068
995.180	0.001	3.073
996.180	-0.000	3.072
997.180	0.001	3.072
998.180	0.001	3.073
999.180	0.002	3.070
1000.180	0.000	3.073
1001.180	0.000	3.073
1002.180	0.000	3.071
1003.180	0.000	3.074
1004.180	0.002	3.075
1005.180	0.002	3.077
1006.180	0.002	3.075
1007.180	0.000	3.076
1008.180	0.001	3.079
1009.180	-0.000	3.081
1010.180	0.001	3.078
1011.180	0.000	3.078
1012.180	0.001	3.079
1013.180	0.000	3.081
1014.180	0.001	3.081
1015.180	0.002	3.084
1016.180	0.001	3.087
1017.180	0.001	3.081
1018.180	0.001	3.080
1019.180	0.001	3.082
1020.180	0.000	3.084
1021.180	0.001	3.088
1022.180	0.001	3.083
1023.180	-0.000	3.083
1024.180	0.001	3.081
1025.180	-0.001	3.087
1026.180	0.001	3.091
1027.180	-0.001	3.087
1028.180	0.001	3.088
1029.180	-0.000	3.086
1030.180	0.000	3.088
1031.180	-0.000	3.090
1032.180	0.001	3.090
1033.180	0.000	3.087
1034.180	-0.000	3.087
1035.180	0.001	3.089
1036.180	-0.000	3.092
1037.180	0.000	3.089
1038.180	0.001	3.091
1039.180	0.000	3.093
1040.180	0.000	3.094
1041.180	0.002	3.097
1042.180	0.001	3.095
1043.180	0.001	3.098
1044.180	0.001	3.096
1045.180	0.000	3.095
1046.180	0.001	3.097
1047.180	-0.000	3.097
1048.180	0.001	3.098
1049.180	0.001	3.094
1050.180	0.000	3.096
1051.180	0.000	3.098
1052.180	-0.000	3.101
1053.180	0.001	3.096
1054.180	-0.000	3.101
1055.180	-0.001	3.104
1056.180	0.001	3.100
1057.180	-0.001	3.100
1058.180	-0.001	3.104
1059.180	-0.001	3.105
1060.180	0.000	3.102
1061.180	0.000	3.105
1062.180	0.001	3.105
1063.180	-0.000	3.109
1064.180	-0.001	3.104
1065.180	-0.000	3.107
1066.180	0.001	3.104
1067.180	-0.000	3.104
1068.180	0.001	3.106
1069.180	0.000	3.109
1070.180	0.001	3.106
1071.180	0.000	3.105
1072.180	0.001	3.107
1073.180	-0.000	3.110
1074.180	-0.000	3.112
1075.180	0.001	3.106
1076.180	0.001	3.111
1077.180	0.000	3.110
1078.180	0.001	3.111
1079.180	-0.000	3.113
1080.180	0.001	3.110
1081.180	-0.000	3.111
1082.180	0.001	3.113
1083.180	-0.001	3.114
1084.180	-0.001	3.116
1085.180	0.000	3.115
1086.180	-0.001	3.115
1087.180	0.001	3.113
1088.180	-0.001	3.109
1089.180	0.001	3.115
1090.180	-0.000	3.120
1091.180	0.000	3.118
1092.180	0.000	3.117
1093.180	-0.001	3.113
1094.180	0.000	3.116
1095.180	0.001	3.121
1096.180	-0.000	3.123
1097.180	-0.001	3.122
1098.180	0.001	3.123
1099.180	-0.000	3.123
1100.180	-0.001	3.119
1101.180	-0.001	3.118
1102.180	-0.001	3.123
1103.180	-0.001	3.124
1104.180	0.001	3.121
1105.180	-0.001	3.126
1106.180	0.001	3.124
1107.180	-0.001	3.125
1108.180	0.001	3.126
1109.180	0.001	3.124
1110.180	0.000	3.126
1111.180	0.000	3.126
1112.180	-0.000	3.129
1113.180	0.002	3.127
1114.180	-0.000	3.128
1115.180	0.000	3.130
1116.180	0.001	3.128
1117.180	-0.001	3.129
1118.180	0.000	3.127
1119.180	-0.001	3.126
1120.180	-0.001	3.131
1121.180	0.000	3.133
1122.180	-0.000	3.128
1123.180	0.001	3.131
1124.180	-0.001	3.134
1125.180	-0.000	3.130
1126.180	0.001	3.134
1127.180	-0.001	3.129
1128.180	-0.001	3.133
1129.180	0.000	3.132
1130.180	-0.001	3.134
1131.180	-0.000	3.135
1132.180	-0.000	3.132
1133.180	-0.001	3.136
1134.180	-0.000	3.136
1135.180	-0.001	3.137
1136.180	-0.002	3.136
1137.180	-0.001	3.139
1138.180	-0.000	3.135
1139.180	-0.001	3.138
1140.180	0.000	3.137
1141.180	0.001	3.141
1142.180	-0.001	3.141
1143.180	0.000	3.133
1144.180	-0.000	3.134
1145.180	-0.001	3.141
1146.180	0.000	3.140
1147.180	0.000	3.139
1148.180	-0.001	3.136
1149.180	-0.001	3.137
1150.180	-0.001	3.143
1151.180	0.001	3.144
1152.180	0.000	3.144
1153.180	0.001	3.145
1154.180	-0.000	3.142
1155.180	-0.000	3.145
1156.180	0.001	3.146
1157.180	0.002	3.142
1158.180	0.000	3.131
1159.180	0.001	3.148
1160.180	-0.000	3.144
1161.180	0.000	3.142
1162.180	-0.000	3.146
1163.180	0.001	3.146
1164.180	0.002	3.149
1165.180	0.002	3.148
1166.180	-0.000	3.151
1167.180	0.001	3.149
1168.180	0.001	3.148
1169.180	0.000	3.147
1170.180	0.002	3.152
1171.180	0.001	3.147
1172.180	-0.000	3.147
1173.180	0.001	3.152
1174.180	0.001	3.151
1175.180	0.000	3.151
1176.180	0.001	3.156
1177.180	-0.000	3.153
1178.180	0.002	3.153
1179.180	-0.000	3.154
1180.180	0.000	3.159
1181.180	0.001	3.159
1182.180	-0.000	3.156
1183.180	0.000	3.155
1184.180	0.000	3.155
1185.180	0.001	3.153
1186.180	-0.000	3.154
1187.180	0.001	3.159
1188.180	-0.000	3.158
1189.180	0.001	3.158
1190.180	0.000	3.159
1191.180	-0.001	3.161
1192.180	0.001	3.157
1193.180	0.001	3.161
1194.180	-0.000	3.162
1195.180	0.001	3.159
1196.180	-0.000	3.158
1197.180	0.000	3.164
1198.180	-0.000	3.159
1199.180	0.000	3.164
1200.180	-0.001	3.167
1201.180	0.000	3.170
1202.180	-0.000	3.161
1203.180	-0.001	3.164
1204.180	0.000	3.164
1205.180	-0.001	3.164
1206.180	0.001	3.160
1207.180	-0.001	3.163
1208.180	0.000	3.169
1209.180	-0.000	3.168
1210.180	-0.001	3.161
1211.180	0.000	3.168
1212.180	0.000	3.168
1213.180	0.001	3.167
1214.180	-0.001	3.167
1215.180	0.000	3.164
1216.180	-0.001	3.170
1217.180	0.000	3.168
1218.180	-0.001	3.173
1219.180	0.001	3.170
1220.180	-0.001	3.172
1221.180	0.000	3.176
1222.180	0.001	3.168
1223.180	0.001	3.167
1224.180	-0.001	3.172
1225.180	-0.000	3.173
1226.180	0.001	3.174
1227.180	-0.000	3.179
1228.180	0.000	3.174
1229.180	0.001	3.176
1230.180	-0.001	3.177
1231.180	0.001	3.181
1232.180	-0.000	3.181
1233.180	-0.001	3.181
1234.180	0.000	3.178
1235.180	-0.000	3.182
1236.180	-0.001	3.182
1237.180	-0.000	3.182
1238.180	0.000	3.179
1239.180	-0.000	3.182
1240.180	0.001	3.183
1241.180	-0.001	3.182
1242.180	0.000	3.182
1243.180	-0.001	3.181
1244.180	0.001	3.186
1245.180	-0.000	3.185
1246.180	-0.000	3.179
1247.180	0.001	3.178
1248.180	0.001	3.185
1249.180	0.001	3.187
1250.180	0.001	3.190
1251.180	0.000	3.188
1252.180	0.000	3.189
1253.180	0.001	3.184
1254.180	0.000	3.188
1255.180	0.000	3.186
1256.180	0.000	3.186
1257.180	0.000	3.192
1258.180	-0.001	3.186
1259.180	-0.000	3.183
1260.180	0.000	3.188
1261.180	-0.000	3.192
1262.180	-0.000	3.197
1263.180	-0.001	3.190
1264.180	0.001	3.189
1265.180	-0.001	3.187
1266.180	0.000	3.191
1267.180	-0.000	3.190
1268.180	0.001	3.195
1269.180	0.001	3.190
1270.180	-0.000	3.194
1271.180	-0.000	3.194
1272.180	0.001	3.196
1273.180	0.000	3.195
1274.180	0.000	3.194
1275.180	0.000	3.196
1276.180	0.000	3.199
1277.180	0.001	3.190
1278.180	-0.000	3.197
1279.180	0.001	3.195
1280.180	-0.001	3.192
1281.180	0.000	3.198
1282.180	-0.000	3.196
1283.180	-0.000	3.190
1284.180	0.001	3.198
1285.180	-0.001	3.205
1286.180	0.001	3.201
1287.180	-0.001	3.196
1288.180	0.001	3.195
1289.180	0.000	3.199
1290.180	-0.000	3.203
1291.180	0.001	3.200
1292.180	0.000	3.198
1293.180	0.001	3.195
1294.180	-0.001	3.204
1295.180	0.001	3.205
1296.180	-0.000	3.201
1297.180	0.001	3.201
1298.180	0.001	3.199
1299.180	-0.000	3.208
1300.180	0.001	3.202
1301.180	-0.000	3.200
1302.180	0.001	3.203
1303.180	0.001	3.208
1304.180	0.000	3.206
1305.180	0.000	3.200
1306.180	0.000	3.207
1307.180	0.000	3.208
1308.180	-0.000	3.206
1309.180	0.002	3.208
1310.180	0.002	3.214
1311.180	-0.000	3.203
1312.180	-0.001	3.209
1313.180	0.001	3.210
1314.180	-0.000	3.201
1315.180	0.000	3.209
1316.180	-0.000	3.208
1317.180	-0.001	3.208
1318.180	-0.000	3.209
1319.180	0.000	3.212
1320.180	0.000	3.209
1321.180	-0.000	3.208
1322.180	0.001	3.212
1323.180	-0.001	3.212
1324.180	0.001	3.206
1325.180	-0.000	3.212
1326.180	0.001	3.213
1327.180	0.000	3.211
1328.180	-0.001	3.212
1329.180	-0.000	3.210
1330.180	0.002	3.217
1331.180	0.002	3.214
1332.180	0.000	3.221
1333.180	0.001	3.217
1334.180	0.001	3.226
1335.180	0.001	3.213
1336.180	0.000	3.218
1337.180	0.001	3.214
1338.180	0.000	3.215
1339.180	0.001	3.219
1340.180	-0.000	3.214
1341.180	0.001	3.200
1342.180	0.001	3.215
1343.180	0.002	3.218
1344.180	0.000	3.215
1345.180	0.002	3.217
1346.180	0.001	3.218
1347.180	0.002	3.215
1348.180	0.001	3.219
1349.180	0.002	3.220
1350.180	0.000	3.211
1351.180	-0.000	3.219
1352.180	0.001	3.220
1353.180	0.001	3.215
1354.180	0.002	3.226
1355.180	0.001	3.221
1356.180	-0.000	3.212
1357.180	-0.001	3.219
1358.180	-0.000	3.217
1359.180	-0.000	3.224
1360.180	0.000	3.215
1361.180	-0.000	3.223
1362.180	-0.000	3.222
1363.180	-0.001	3.220
1364.180	-0.001	3.224
1365.180	-0.001	3.221
1366.180	0.001	3.219
1367.180	0.001	3.221
1368.180	-0.000	3.224
1369.180	0.001	3.224
1370.180	0.000	3.230
1371.180	0.001	3.231
1372.180	0.000	3.232
1373.180	0.001	3.224
1374.180	0.001	3.228
1375.180	-0.001	3.223
1376.180	-0.001	3.232
1377.180	-0.001	3.224
1378.180	-0.000	3.224
1379.180	-0.001	3.225
1380.180	-0.000	3.227
1381.180	0.001	3.224
1382.180	-0.000	3.225
1383.180	-0.001	3.228
1384.180	-0.002	3.233
1385.180	-0.001	3.235
1386.180	-0.000	3.228
1387.180	0.000	3.232
1388.180	0.000	3.227
1389.180	-0.001	3.229
1390.180	-0.000	3.235
1391.180	0.000	3.235
1392.180	-0.001	3.235
1393.180	0.000	3.238
1394.180	0.001	3.238
1395.180	-0.000	3.237
1396.180	0.000	3.236
1397.180	0.001	3.234
1398.180	-0.001	3.233
1399.180	-0.000	3.233
1400.180	0.001	3.236
1401.180	0.002	3.235
1402.180	-0.000	3.236
1403.180	0.001	3.237
1404.180	0.001	3.239
1405.180	0.000	3.241
1406.180	0.001	3.239
1407.180	0.001	3.238
1408.180	0.001	3.237
1409.180	-0.000	3.235
1410.180	0.001	3.236
1411.180	0.000	3.240
1412.180	-0.000	3.240
1413.180	0.001	3.239
1414.180	-0.000	3.241
1415.180	0.000	3.243
1416.180	-0.001	3.245
1417.180	0.001	3.240
1418.180	0.001	3.241
1419.180	0.001	3.241
1420.180	0.002	3.246
1421.180	0.000	3.248
1422.180	0.001	3.244
1423.180	0.000	3.247
1424.180	0.001	3.248
1425.180	0.000	3.243
1426.180	0.000	3.240
1427.180	0.002	3.240
1428.180	0.001	3.242
1429.180	0.001	3.245
1430.180	0.002	3.247
1431.180	-0.000	3.249
1432.180	0.002	3.253
1433.180	0.000	3.254
1434.180	0.001	3.248
1435.180	-0.000	3.250
1436.180	0.001	3.248
1437.180	-0.000	3.250
1438.180	-0.000	3.251
1439.180	0.001	3.251
1440.180	0.001	3.249
1441.180	0.001	3.251
1442.180	-0.001	3.251
1443.180	-0.000	3.249
1444.180	0.001	3.245
1445.180	-0.000	3.247
1446.180	-0.001	3.249
1447.180	-0.001	3.251
1448.180	-0.000	3.251
1449.180	-0.001	3.251
1450.180	-0.001	3.255
1451.180	0.001	3.257
1452.180	-0.000	3.256
1453.180	-0.001	3.255
1454.180	0.001	3.255
1455.180	-0.001	3.255
1456.180	-0.001	3.253
1457.180	-0.001	3.255
1458.180	-0.001	3.256
1459.180	-0.001	3.255
1460.180	-0.000	3.254
1461.180	-0.001	3.251
1462.180	-0.000	3.253
1463.180	-0.001	3.253
1464.180	-0.001	3.253
1465.180	-0.001	3.256
1466.180	-0.001	3.259
1467.180	-0.002	3.262
1468.180	-0.001	3.265
1469.180	-0.002	3.264
1470.180	-0.002	3.267
1471.180	-0.002	3.260
1472.180	0.000	3.261
1473.180	-0.002	3.260
1474.180	-0.000	3.260
1475.180	-0.002	3.258
1476.180	-0.000	3.259
1477.180	-0.000	3.257
1478.180	-0.002	3.256
1479.180	-0.001	3.257
1480.180	-0.002	3.257
1481.180	-0.002	3.264
1482.180	-0.001	3.266
1483.180	-0.001	3.267
1484.180	-0.002	3.267
1485.180	-0.002	3.270
1486.180	-0.001	3.269
1487.180	0.000	3.263
1488.180	-0.002	3.265
1489.180	-0.001	3.265
1490.180	-0.000	3.264
1491.180	-0.001	3.264
1492.180	-0.000	3.264
1493.180	-0.000	3.261
1494.180	-0.000	3.264
1495.180	-0.001	3.263
1496.180	0.000	3.263
1497.180	0.001	3.267
1498.180	-0.001	3.269
1499.180	-0.001	3.271
1500.180	-0.001	3.270
1501.180	0.000	3.271
1502.180	-0.000	3.271
1503.180	-0.001	3.267
1504.180	-0.001	3.269
1505.180	-0.002	3.266
1506.180	-0.001	3.268
1507.180	-0.001	3.266
1508.180	-0.001	3.269
1509.180	0.000	3.269
1510.180	0.000	3.268
1511.180	-0.001	3.269
1512.180	-0.000	3.268
1513.180	0.001	3.270
1514.180	-0.000	3.272
1515.180	0.000	3.274
1516.180	0.000	3.271
1517.180	-0.001	3.273
1518.180	-0.000	3.270
1519.180	-0.001	3.268
1520.180	0.001	3.272
1521.180	0.000	3.271
1522.180	0.001	3.272
1523.180	0.001	3.274
1524.180	-0.001	3.273
1525.180	-0.001	3.271
1526.180	-0.001	3.269
1527.180	0.001	3.270
1528.180	-0.000	3.274
1529.180	-0.001	3.277
1530.180	0.001	3.274
1531.180	-0.001	3.277
1532.180	-0.002	3.277
1533.180	-0.001	3.280
1534.180	-0.001	3.276
1535.180	0.001	3.277
1536.180	-0.001	3.278
1537.180	0.001	3.275
1538.180	0.001	3.275
1539.180	-0.001	3.275
1540.180	-0.000	3.270
1541.180	0.001	3.271
1542.180	-0.001	3.270
1543.180	0.001	3.276
1544.180	-0.001	3.281
1545.180	0.001	3.282
1546.180	0.001	3.284
1547.180	-0.001	3.286
1548.180	0.000	3.283
1549.180	-0.001	3.279
1550.180	0.001	3.276
1551.180	0.001	3.276
1552.180	0.000	3.280
1553.180	0.001	3.280
1554.180	-0.001	3.280
1555.180	0.001	3.287
1556.180	-0.001	3.286
1557.180	0.000	3.284
1558.180	0.000	3.283
1559.180	-0.000	3.283
1560.180	-0.000	3.284
1561.180	0.001	3.284
1562.180	0.000	3.282
1563.180	-0.000	3.280
1564.180	-0.000	3.279
1565.180	0.001	3.282
1566.180	-0.000	3.282
1567.180	0.001	3.285
1568.180	0.001	3.289
1569.180	0.000	3.289
1570.180	-0.000	3.287
1571.180	0.002	3.285
1572.180	0.001	3.288
1573.180	-0.001	3.284
1574.180	0.001	3.285
1575.180	0.001	3.285
1576.180	-0.000	3.287
1577.180	-0.000	3.287
1578.180	0.001	3.287
1579.180	0.001	3.282
1580.180	-0.000	3.284
1581.180	-0.001	3.287
1582.180	0.000	3.290
1583.180	0.001	3.288
1584.180	0.001	3.291
1585.180	0.001	3.292
1586.180	-0.001	3.291
1587.180	0.000	3.291
1588.180	-0.000	3.293
1589.180	-0.000	3.290
1590.180	-0.000	3.292
1591.180	-0.000	3.289
1592.180	0.001	3.287
1593.180	-0.001	3.287
1594.180	-0.002	3.287
1595.180	-0.000	3.289
1596.180	-0.001	3.296
1597.180	-0.001	3.296
1598.180	-0.002	3.296
1599.180	-0.000	3.296
1600.180	-0.002	3.297
1601.180	-0.001	3.293
1602.180	0.000	3.293
1603.180	-0.002	3.291
1604.180	-0.000	3.290
1605.180	-0.001	3.292
1606.180	0.000	3.293
1607.180	-0.000	3.291
1608.180	-0.001	3.294
1609.180	0.000	3.291
1610.180	-0.001	3.295
1611.180	-0.001	3.298
1612.180	-0.001	3.296
1613.180	0.001	3.296
1614.180	-0.001	3.297
1615.180	0.000	3.295
1616.180	0.001	3.295
1617.180	-0.000	3.297
1618.180	0.000	3.295
1619.180	-0.000	3.296
1620.180	0.001	3.294
1621.180	-0.000	3.292
1622.180	0.001	3.289
1623.180	-0.001	3.297
1624.180	0.001	3.301
1625.180	-0.001	3.302
1626.180	0.001	3.302
1627.180	-0.000	3.302
1628.180	0.001	3.299
1629.180	-0.001	3.299
1630.180	0.002	3.300
1631.180	0.000	3.303
1632.180	0.001	3.302
1633.180	-0.001	3.302
1634.180	0.001	3.298
1635.180	0.001	3.296
1636.180	-0.001	3.297
1637.180	0.001	3.300
1638.180	0.001	3.306
1639.180	-0.000	3.307
1640.180	0.001	3.306
1641.180	-0.001	3.306
1642.180	0.001	3.304
1643.180	-0.001	3.305
1644.180	0.001	3.303
1645.180	-0.001	3.305
1646.180	0.001	3.302
1647.180	-0.001	3.298
1648.180	-0.001	3.301
1649.180	0.001	3.304
1650.180	0.001	3.308
1651.180	-0.001	3.309
1652.180	0.001	3.309
1653.180	-0.001	3.306
1654.180	-0.000	3.308
1655.180	0.000	3.306
1656.180	0.001	3.303
1657.180	-0.001	3.308
1658.180	0.001	3.305
1659.180	0.001	3.306
1660.180	-0.000	3.306
1661.180	0.000	3.307
1662.180	-0.001	3.309
1663.180	0.001	3.308
1664.180	-0.001	3.311
1665.180	0.001	3.311
1666.180	-0.000	3.311
1667.180	0.000	3.311
1668.180	0.001	3.310
1669.180	-0.000	3.308
1670.180	0.001	3.308
1671.180	0.000	3.308
1672.180	0.002	3.307
1673.180	0.001	3.310
1674.180	0.002	3.309
1675.180	0.000	3.310
1676.180	0.000	3.314
1677.180	0.001	3.312
1678.180	0.001	3.314
1679.180	0.000	3.312
1680.180	0.001	3.313
1681.180	0.000	3.310
1682.180	0.001	3.310
1683.180	0.000	3.311
1684.180	-0.000	3.316
1685.180	0.000	3.315
1686.180	0.001	3.316
1687.180	0.000	3.315
1688.180	0.000	3.313
1689.180	0.000	3.318
1690.180	0.000	3.317
1691.180	0.001	3.314
1692.180	0.001	3.317
1693.180	-0.000	3.313
1694.180	0.002	3.312
1695.180	0.000	3.315
1696.180	0.000	3.320
1697.180	-0.000	3.319
1698.180	0.001	3.321
1699.180	0.001	3.320
1700.180	-0.000	3.321
1701.180	0.001	3.323
1702.180	0.002	3.316
1703.180	0.000	3.316
1704.180	0.001	3.318
1705.180	0.000	3.319
1706.180	0.002	3.314
1707.180	0.000	3.318
1708.180	0.002	3.324
1709.180	0.001	3.320
1710.180	0.000	3.323
1711.180	0.002	3.322
1712.180	0.001	3.321
1713.180	0.001	3.322
1714.180	0.000	3.324
1715.180	0.002	3.327
1716.180	0.000	3.324
1717.180	-0.000	3.318
1718.180	0.001	3.320
1719.180	0.001	3.323
1720.180	0.000	3.327
1721.180	0.000	3.323
1722.180	-0.000	3.325
1723.180	0.001	3.324
1724.180	0.001	3.322
1725.180	-0.001	3.321
1726.180	0.000	3.321
1727.180	-0.000	3.323
1728.180	0.002	3.323
1729.180	0.001	3.326
1730.180	0.001	3.328
1731.180	0.002	3.328
1732.180	0.001	3.327
1733.180	0.002	3.329
1734.180	0.001	3.331
1735.180	0.001	3.329
1736.180	-0.000	3.327
1737.180	-0.001	3.322
1738.180	0.001	3.321
1739.180	0.000	3.325
1740.180	0.001	3.331
1741.180	0.001	3.331
1742.180	0.001	3.331
1743.180	0.000	3.330
1744.180	0.002	3.330
1745.180	-0.000	3.329
1746.180	0.002	3.330
1747.180	-0.000	3.329
1748.180	0.001	3.331
1749.180	-0.000	3.328
1750.180	0.000	3.328
1751.180	0.001	3.330
1752.180	0.000	3.332
1753.180	0.001	3.336
1754.180	-0.000	3.334
1755.180	0.001	3.331
1756.180	0.000	3.334
1757.180	-0.000	3.334
1758.180	-0.000	3.330
1759.180	0.001	3.332
1760.180	-0.001	3.333
1761.180	0.001	3.333
1762.180	-0.001	3.332
1763.180	0.001	3.332
1764.180	-0.001	3.330
1765.180	0.001	3.334
1766.180	-0.000	3.339
1767.180	-0.001	3.335
1768.180	0.000	3.334
1769.180	-0.001	3.333
1770.180	0.001	3.331
1771.180	-0.001	3.332
1772.180	0.001	3.330
1773.180	0.000	3.334
1774.180	-0.000	3.338
1775.180	0.001	3.337
1776.180	-0.000	3.338
1777.180	0.001	3.335
1778.180	0.001	3.335
1779.180	-0.000	3.338
1780.180	0.001	3.336
1781.180	0.001	3.339
1782.180	0.000	3.341
1783.180	0.002	3.340
1784.180	0.000	3.339
1785.180	-0.001	3.338
1786.180	0.001	3.336
1787.180	0.000	3.336
1788.180	0.002	3.335
1789.180	0.001	3.337
1790.180	0.002	3.339
1791.180	0.002	3.342
1792.180	0.001	3.342
1793.180	0.000	3.343
1794.180	0.000	3.340
1795.180	0.000	3.340
1796.180	0.001	3.341
1797.180	0.000	3.341
1798.180	0.002	3.341
1799.180	-0.000	3.338
1800.180	0.001	3.342
1801.180	0.000	3.347
1802.180	0.001	3.342
1803.180	0.001	3.341
1804.180	0.001	3.338
1805.180	-0.000	3.341
1806.180	0.001	3.344
1807.180	0.001	3.347
1808.180	0.002	3.347
1809.180	0.001	3.346
1810.180	0.001	3.345
1811.180	-0.000	3.344
1812.180	-0.000	3.344
1813.180	0.002	3.344
1814.180	-0.000	3.347
1815.180	0.000	3.350
1816.180	0.001	3.345
1817.180	0.002	3.345
1818.180	0.000	3.347
1819.180	0.002	3.346
1820.180	0.000	3.345
1821.180	0.001	3.343
1822.180	0.001	3.345
1823.180	0.000	3.344
1824.180	-0.000	3.346
1825.180	0.001	3.350
1826.180	0.001	3.347
1827.180	0.001	3.344
1828.180	0.001	3.344
1829.180	0.001	3.346
1830.180	0.000	3.350
1831.180	0.001	3.354
1832.180	0.000	3.350
1833.180	0.001	3.349
1834.180	0.001	3.348
1835.180	0.002	3.349
1836.180	0.001	3.351
1837.180	0.001	3.349
1838.180	0.000	3.346
1839.180	0.002	3.350
1840.180	0.001	3.350
1841.180	0.002	3.348
1842.180	0.002	3.349
1843.180	0.002	3.347
1844.180	0.002	3.350
1845.180	0.002	3.354
1846.180	0.001	3.354
1847.180	0.001	3.356
1848.180	0.001	3.354
1849.180	0.001	3.355
1850.180	0.000	3.355
1851.180	0.002	3.352
1852.180	0.002	3.352
1853.180	0.001	3.352
1854.180	0.001	3.352
1855.180	0.001	3.353
1856.180	-0.000	3.351
1857.180	0.002	3.353
1858.180	0.000	3.356
1859.180	-0.000	3.353
1860.180	0.001	3.353
1861.180	0.001	3.351
1862.180	0.001	3.352
1863.180	0.001	3.352
1864.180	0.001	3.357
1865.180	0.001	3.358
1866.180	0.001	3.358
1867.180	-0.000	3.358
1868.180	-0.001	3.351
1869.180	0.001	3.357
1870.180	0.000	3.360
1871.180	-0.000	3.363
1872.180	-0.001	3.361
1873.180	0.001	3.355
1874.180	0.001	3.359
1875.180	0.000	3.361
1876.180	-0.000	3.361
1877.180	-0.000	3.361
1878.180	-0.001	3.359
1879.180	-0.000	3.358
1880.180	0.000	3.357
1881.180	-0.000	3.353
1882.180	-0.000	3.354
1883.180	0.000	3.363
1884.180	0.001	3.363
1885.180	-0.001	3.365
1886.180	0.001	3.362
1887.180	0.001	3.360
1888.180	0.000	3.361
1889.180	0.001	3.359
1890.180	-0.001	3.362
1891.180	0.001	3.367
1892.180	0.001	3.364
1893.180	0.000	3.364
1894.180	0.001	3.363
1895.180	-0.000	3.359
1896.180	0.001	3.359
1897.180	-0.000	3.359
1898.180	0.001	3.364
1899.180	0.001	3.366
1900.180	-0.001	3.364
1901.180	0.000	3.363
1902.180	-0.001	3.363
1903.180	0.001	3.361
1904.180	0.001	3.362
1905.180	0.001	3.360
1906.180	0.001	3.368
1907.180	0.000	3.371
1908.180	0.001	3.365
1909.180	-0.000	3.363
1910.180	0.001	3.362
1911.180	-0.001	3.360
1912.180	0.001	3.366
1913.180	0.001	3.370
1914.180	0.001	3.366
1915.180	0.000	3.365
1916.180	0.001	3.365
1917.180	-0.000	3.366
1918.180	0.000	3.366
1919.180	0.001	3.365
1920.180	0.000	3.369
1921.180	-0.001	3.365
1922.180	0.001	3.367
1923.180	0.001	3.367
1924.180	0.001	3.365
1925.180	-0.000	3.367
1926.180	-0.001	3.370
1927.180	-0.001	3.368
1928.180	0.000	3.365
1929.180	0.001	3.367
1930.180	-0.000	3.371
1931.180	0.001	3.371
1932.180	0.001	3.374
1933.180	-0.001	3.369
1934.180	0.000	3.370
1935.180	0.001	3.368
1936.180	0.001	3.366
1937.180	-0.000	3.368
1938.180	-0.000	3.376
1939.180	0.000	3.373
1940.180	-0.000	3.373
1941.180	0.000	3.376
1942.180	-0.001	3.370
1943.180	0.000	3.370
1944.180	-0.001	3.370
1945.180	0.001	3.370
1946.180	-0.001	3.372
1947.180	-0.000	3.370
1948.180	-0.000	3.369
1949.180	-0.001	3.374
1950.180	0.000	3.374
1951.180	0.001	3.371
1952.180	0.002	3.369
1953.180	0.001	3.372
1954.180	-0.001	3.377
1955.180	0.001	3.374
1956.180	-0.000	3.373
1957.180	0.001	3.370
1958.180	0.000	3.372
1959.180	0.001	3.377
1960.180	-0.001	3.374
1961.180	0.001	3.370
1962.180	-0.001	3.374
1963.180	0.001	3.377
1964.180	-0.000	3.380
1965.180	0.000	3.379
1966.180	0.001	3.375
1967.180	0.001	3.379
1968.180	0.001	3.378
1969.180	0.002	3.375
1970.180	0.002	3.376
1971.180	0.001	3.379
1972.180	0.000	3.376
1973.180	0.002	3.375
1974.180	0.001	3.380
1975.180	0.001	3.381
1976.180	0.000	3.376
1977.180	0.001	3.378
1978.180	0.001	3.379
1979.180	0.000	3.378
1980.180	0.001	3.381
1981.180	0.003	3.380
1982.180	0.002	3.381
1983.180	0.000	3.384
1984.180	-0.000	3.379
1985.180	0.001	3.383
1986.180	0.001	3.379
1987.180	0.001	3.378
1988.180	0.001	3.380
1989.180	0.001	3.382
1990.180	0.001	3.381
1991.180	0.003	3.379
1992.180	0.000	3.378
1993.180	-0.000	3.383
1994.180	0.001	3.385
1995.180	0.000	3.381
1996.180	0.001	3.381
1997.180	0.000	3.381
1998.180	0.001	3.381
1999.180	0.001	3.378
2000.180	0.002	3.380
2001.180	0.000	3.378
2002.180	0.002	3.382
2003.180	0.001	3.384
2004.180	0.001	3.389
2005.180	0.001	3.382
2006.180	0.002	3.386
2007.180	0.000	3.385
2008.180	0.000	3.384
2009.180	0.001	3.385
2010.180	0.001	3.385
2011.180	0.001	3.383
2012.180	0.001	3.385
2013.180	0.001	3.389
2014.180	0.001	3.388
2015.180	0.002	3.387
2016.180	0.002	3.385
2017.180	0.000	3.383
2018.180	0.001	3.384
2019.180	0.001	3.389
2020.180	0.001	3.389
2021.180	0.002	3.389
2022.180	0.001	3.390
2023.180	0.001	3.393
2024.180	0.001	3.391
2025.180	0.001	3.397
2026.180	0.001	3.392
2027.180	0.003	3.383
2028.180	0.001	3.389
2029.180	0.002	3.392
2030.180	0.002	3.390
2031.180	0.002	3.388
2032.180	0.002	3.390
2033.180	0.000	3.389
2034.180	0.002	3.390
2035.180	0.001	3.389
2036.180	0.000	3.390
2037.180	0.001	3.388
2038.180	0.002	3.389
2039.180	0.002	3.389
2040.180	0.002	3.392
2041.180	0.001	3.391
2042.180	0.000	3.389
2043.180	0.002	3.390
2044.180	0.001	3.391
2045.180	0.002	3.389
2046.180	0.000	3.390
2047.180	0.001	3.394
2048.180	0.000	3.392
2049.180	0.001	3.388
2050.180	0.001	3.388
2051.180	0.000	3.390
2052.180	-0.000	3.394
2053.180	0.001	3.395
2054.180	0.001	3.395
2055.180	-0.000	3.394
2056.180	0.002	3.391
2057.180	0.002	3.395
2058.180	0.001	3.394
2059.180	0.001	3.393
2060.180	0.001	3.395
2061.180	0.002	3.396
2062.180	0.000	3.390
2063.180	0.001	3.395
2064.180	0.001	3.396
2065.180	0.002	3.395
2066.180	0.002	3.393
2067.180	0.000	3.393
2068.180	0.001	3.390
2069.180	-0.000	3.396
2070.180	0.001	3.394
2071.180	0.001	3.391
2072.180	0.000	3.389
2073.180	0.001	3.398
2074.180	-0.000	3.399
2075.180	-0.001	3.396
2076.180	0.001	3.398
2077.180	-0.001	3.397
2078.180	0.001	3.392
2079.180	0.001	3.397
2080.180	0.001	3.397
2081.180	-0.000	3.399
2082.180	0.000	3.396
2083.180	0.001	3.391
2084.180	-0.000	3.396
2085.180	0.000	3.401
2086.180	0.000	3.396
2087.180	0.001	3.394
2088.180	0.001	3.396
2089.180	-0.000	3.397
2090.180	0.002	3.395
2091.180	0.000	3.392
2092.180	0.001	3.395
2093.180	0.002	3.396
2094.180	0.001	3.394
2095.180	-0.000	3.397
2096.180	0.001	3.401
2097.180	-0.000	3.399
2098.180	0.001	3.401
2099.180	0.000	3.395
2100.180	0.001	3.398
2101.180	0.001	3.401
2102.180	0.000	3.403
2103.180	0.000	3.398
2104.180	0.001	3.401
2105.180	0.000	3.398
2106.180	0.001	3.395
2107.180	0.001	3.404
2108.180	0.002	3.409
2109.180	0.001	3.400
2110.180	0.000	3.401
2111.180	0.001	3.399
2112.180	0.002	3.397
2113.180	0.000	3.401
2114.180	0.002	3.405
2115.180	0.001	3.405
2116.180	0.002	3.403
2117.180	0.001	3.400
2118.180	0.001	3.404
2119.180	0.002	3.402
2120.180	0.001	3.403
2121.180	0.000	3.406
2122.180	0.002	3.406
2123.180	0.000	3.407
2124.180	0.001	3.404
2125.180	0.001	3.406
2126.180	-0.000	3.403
2127.180	0.000	3.400
2128.180	0.000	3.408
2129.180	0.001	3.406
2130.180	0.001	3.401
2131.180	0.002	3.406
2132.180	0.000	3.408
2133.180	0.001	3.404
2134.180	-0.000	3.405
2135.180	0.002	3.407
2136.180	-0.000	3.409
2137.180	0.001	3.405
2138.180	0.001	3.405
2139.180	-0.000	3.407
2140.180	0.000	3.411
2141.180	0.000	3.408
2142.180	0.000	3.409
2143.180	0.001	3.409
2144.180	0.001	3.409
2145.180	0.000	3.407
2146.180	0.000	3.408
2147.180	0.001	3.413
2148.180	0.000	3.414
2149.180	0.001	3.415
2150.180	0.001	3.416
2151.180	0.001	3.415
2152.180	-0.000	3.412
2153.180	0.000	3.413
2154.180	0.000	3.413
2155.180	0.001	3.413
2156.180	0.001	3.411
2157.180	0.001	3.411
2158.180	0.001	3.410
2159.180	0.001	3.413
2160.180	-0.000	3.417
2161.180	0.000	3.420
2162.180	0.001	3.417
2163.180	0.000	3.421
2164.180	0.001	3.421
2165.180	0.001	3.419
2166.180	-0.000	3.419
2167.180	0.001	3.420
2168.180	0.000	3.421
2169.180	-0.000	3.421
2170.180	0.001	3.419
2171.180	0.001	3.419
2172.180	0.001	3.419
2173.180	0.001	3.416
2174.180	0.001	3.416
2175.180	0.000	3.417
2176.180	-0.000	3.416
2177.180	0.000	3.421
2178.180	-0.000	3.419
2179.180	-0.000	3.420
2180.180	-0.000	3.420
2181.180	0.000	3.421
2182.180	0.001	3.420
2183.180	-0.000	3.419
2184.180	0.001	3.419
2185.180	-0.000	3.415
2186.180	-0.000	3.419
2187.180	0.001	3.421
2188.180	-0.000	3.424
2189.180	0.000	3.426
2190.180	0.001	3.424
2191.180	0.000	3.427
2192.180	0.001	3.424
2193.180	-0.000	3.424
2194.180	0.001	3.423
2195.180	0.001	3.424
2196.180	-0.001	3.423
2197.180	0.001	3.425
2198.180	0.002	3.426
2199.180	0.001	3.424
2200.180	-0.000	3.421
2201.180	0.000	3.421
2202.180	0.001	3.420
2203.180	0.001	3.423
2204.180	0.001	3.421
2205.180	0.000	3.425
2206.180	0.001	3.428
2207.180	0.001	3.430
2208.180	-0.000	3.426
2209.180	0.001	3.426
2210.180	-0.000	3.424
2211.180	0.001	3.426
2212.180	-0.000	3.426
2213.180	0.001	3.426
2214.180	-0.001	3.424
2215.180	-0.001	3.425
2216.180	0.001	3.426
2217.180	-0.001	3.425
2218.180	0.000	3.423
2219.180	0.000	3.425
2220.180	-0.001	3.425
2221.180	-0.001	3.426
2222.180	0.001	3.428
2223.180	-0.001	3.431
2224.180	0.001	3.429
2225.180	0.001	3.431
2226.180	-0.000	3.430
2227.180	-0.000	3.429
2228.180	0.001	3.432
2229.180	-0.001	3.430
2230.180	-0.001	3.430
2231.180	0.001	3.431
2232.180	-0.001	3.430
2233.180	0.001	3.428
2234.180	-0.000	3.427
2235.180	0.000	3.424
2236.180	0.000	3.424
2237.180	-0.001	3.423
2238.180	-0.000	3.429
2239.180	-0.001	3.434
2240.180	-0.001	3.435
2241.180	0.001	3.435
2242.180	-0.001	3.434
2243.180	0.001	3.432
2244.180	0.000	3.431
2245.180	0.000	3.433
2246.180	-0.001	3.430
2247.180	0.000	3.431
2248.180	0.001	3.431
2249.180	-0.001	3.431
2250.180	-0.000	3.431
2251.180	0.000	3.428
2252.180	-0.001	3.430
2253.180	-0.001	3.431
2254.180	0.001	3.434
2256.180	-0.000	3.434
2257.180	0.000	3.436
2258.180	0.001	3.435
2259.180	-0.000	3.433
2260.180	0.001	3.436
2261.180	0.001	3.434
2262.180	0.000	3.436
2263.180	-0.000	3.433
2264.180	0.000	3.434
2265.180	0.001	3.435
2266.180	0.001	3.430
2267.180	0.000	3.431
2268.180	0.000	3.430
2269.180	0.001	3.431
2270.180	0.001	3.436
2271.180	0.000	3.438
2272.180	0.001	3.440
2273.180	0.001	3.440
2274.180	0.000	3.439
2275.180	0.001	3.436
2276.180	-0.000	3.439
2277.180	0.002	3.438
2278.180	0.000	3.437
2279.180	0.001	3.436
2280.180	0.000	3.435
2281.180	0.000	3.432
2282.180	0.000	3.433
2283.180	0.000	3.435
2284.180	0.001	3.436
2285.180	0.000	3.439
2286.180	0.001	3.440
2287.180	0.001	3.441
2288.180	0.000	3.440
2289.180	0.000	3.441
2290.180	0.001	3.436
2291.180	-0.000	3.432
2292.180	-0.000	3.433
2293.180	-0.000	3.435
2294.180	0.001	3.439
2295.180	-0.000	3.444
2296.180	0.001	3.445
2297.180	0.001	3.443
2298.180	0.001	3.436
2299.180	-0.000	3.440
2300.180	0.000	3.443
2301.180	0.001	3.443
2302.180	0.000	3.440
2303.180	0.001	3.439
2304.180	-0.000	3.438
2305.180	0.001	3.435
2306.180	0.000	3.437
2307.180	0.002	3.441
2308.180	0.000	3.440
2309.180	0.002	3.446
2310.180	0.000	3.445
2311.180	0.001	3.445
2312.180	0.000	3.445
2313.180	0.001	3.445
2314.180	0.000	3.441
2315.180	0.000	3.440
2316.180	0.000	3.441
2317.180	0.001	3.440
2318.180	0.000	3.442
2319.180	0.000	3.441
2320.180	-0.000	3.440
2321.180	0.000	3.439
2322.180	0.001	3.441
2323.180	0.000	3.442
2324.180	-0.000	3.444
2325.180	0.001	3.444
2326.180	-0.001	3.445
2327.180	-0.000	3.444
2328.180	0.000	3.450
2329.180	0.001	3.446
2330.180	-0.000	3.447
2331.180	-0.001	3.446
2332.180	-0.000	3.445
2333.180	0.001	3.446
2334.180	0.001	3.443
2335.180	-0.001	3.443
2336.180	0.001	3.441
2337.180	-0.000	3.442
2338.180	-0.001	3.449
2339.180	0.000	3.449
2340.180	-0.001	3.449
2341.180	0.001	3.449
2342.180	-0.001	3.452
2343.180	0.001	3.451
2344.180	-0.001	3.448
2345.180	0.001	3.446
2346.180	-0.000	3.448
2347.180	0.001	3.447
2348.180	-0.000	3.448
2349.180	0.001	3.447
2350.180	0.001	3.447
2351.180	-0.001	3.444
2352.180	0.000	3.447
2353.180	-0.000	3.450
2354.180	0.000	3.450
2355.180	0.000	3.452
2356.180	-0.001	3.450
2357.180	-0.001	3.452
2358.180	-0.001	3.449
2359.180	-0.001	3.452
2360.180	0.000	3.452
2361.180	-0.001	3.451
2362.180	-0.001	3.451
2363.180	0.000	3.448
2364.180	-0.001	3.446
2365.180	-0.001	3.445
2366.180	-0.000	3.445
2367.180	0.000	3.447
2368.180	-0.000	3.455
2369.180	-0.000	3.456
2370.180	0.001	3.454
2371.180	-0.000	3.453
2372.180	-0.001	3.455
2373.180	-0.001	3.451
2374.180	0.001	3.451
2375.180	-0.000	3.452
2376.180	0.001	3.452
2377.180	0.001	3.453
2378.180	-0.001	3.453
2379.180	-0.001	3.448
2380.180	-0.000	3.448
2381.180	0.000	3.452
2382.180	-0.001	3.451
2383.180	-0.000	3.449
2384.180	0.000	3.457
2385.180	0.000	3.457
2386.180	-0.000	3.453
2387.180	0.000	3.454
2388.180	-0.000	3.453
2389.180	0.001	3.455
2390.180	0.000	3.452
2391.180	0.001	3.452
2392.180	-0.000	3.452
2393.180	0.001	3.455
2394.180	-0.000	3.457
2395.180	0.001	3.454
2396.180	0.001	3.456
2397.180	-0.000	3.459
2398.180	0.000	3.457
2399.180	-0.000	3.456
2400.180	0.000	3.455
2401.180	0.001	3.456
2402.180	0.000	3.454
2403.180	-0.000	3.456
2404.180	0.001	3.455
2405.180	-0.000	3.456
2406.180	0.002	3.460
2407.180	0.001	3.458
2408.180	0.000	3.459
2409.180	0.001	3.459
2410.180	0.001	3.459
2411.180	0.000	3.458
2412.180	0.002	3.459
2413.180	-0.000	3.460
2414.180	0.001	3.457
2415.180	0.000	3.455
2416.180	0.000	3.454
2417.180	0.001	3.454
2418.180	0.000	3.459
2419.180	-0.001	3.462
2420.180	0.001	3.460
2421.180	-0.000	3.458
2422.180	0.000	3.461
2423.180	0.000	3.460
2424.180	0.000	3.460
2425.180	-0.001	3.457
2426.180	0.001	3.456
2427.180	0.001	3.456
2428.180	0.000	3.457
2429.180	-0.000	3.460
2430.180	0.001	3.464
2431.180	-0.001	3.464
2432.180	-0.000	3.463
2433.180	0.001	3.459
2434.180	0.000	3.461
2435.180	0.001	3.460
2436.180	0.000	3.460
2437.180	0.000	3.459
2438.180	0.001	3.457
2439.180	-0.000	3.457
2440.180	-0.000	3.458
2441.180	-0.000	3.462
2442.180	0.001	3.464
2443.180	0.001	3.461
2444.180	-0.000	3.462
2445.180	-0.000	3.463
2446.180	-0.000	3.464
2447.180	0.001	3.466
2448.180	-0.000	3.469
2449.180	0.001	3.465
2450.180	-0.000	3.461
2451.180	-0.000	3.460
2452.180	0.001	3.460
2453.180	-0.000	3.466
2454.180	-0.000	3.467
2455.180	-0.000	3.470
2456.180	0.001	3.471
2457.180	0.000	3.471
2458.180	-0.000	3.465
2459.180	0.001	3.468
2460.180	-0.000	3.468
2461.180	0.000	3.466
2462.180	0.001	3.466
2463.180	0.001	3.463
2464.180	-0.000	3.465
2465.180	0.001	3.466
2466.180	0.000	3.469
2467.180	-0.000	3.472
2468.180	0.002	3.470
2469.180	0.001	3.469
2470.180	0.002	3.465
2471.180	0.000	3.464
2472.180	0.000	3.466
2473.180	0.001	3.466
2474.180	0.000	3.470
2475.180	0.001	3.469
2476.180	0.000	3.468
2477.180	0.001	3.469
2478.180	0.001	3.471
2479.180	0.001	3.473
2480.180	0.001	3.471
2481.180	0.001	3.471
2482.180	-0.001	3.472
2483.180	0.001	3.470
2484.180	0.000	3.471
2485.180	0.001	3.470
2486.180	0.002	3.470
2487.180	0.000	3.473
2488.180	0.001	3.472
2489.180	0.001	3.471
2490.180	-0.000	3.467
2491.180	0.000	3.467
2492.180	0.001	3.469
2493.180	0.001	3.475
2494.180	0.000	3.476
2495.180	-0.000	3.470
2496.180	0.000	3.468
2497.180	0.001	3.472
2498.180	0.000	3.475
2499.180	0.001	3.474
2500.180	0.001	3.476
2501.180	-0.000	3.472
2502.180	0.001	3.474
2503.180	0.000	3.478
2504.180	-0.000	3.478
2505.180	0.001	3.471
2506.180	-0.000	3.477
2507.180	0.001	3.474
2508.180	0.000	3.474
2509.180	0.001	3.470
2510.180	-0.000	3.471
2511.180	-0.000	3.471
2512.180	0.001	3.472
2513.180	-0.000	3.473
2514.180	0.000	3.472
2515.180	0.001	3.472
2516.180	0.001	3.470
2517.180	-0.000	3.473
2518.180	-0.000	3.473
2519.180	-0.000	3.471
2520.180	0.000	3.469
2521.180	0.001	3.471
2522.180	-0.000	3.474
2523.180	0.001	3.477
2524.180	0.001	3.480
2525.180	0.001	3.476
2526.180	0.001	3.476
2527.180	-0.000	3.474
2528.180	0.000	3.476
2529.180	0.000	3.475
2530.180	0.001	3.475
2531.180	0.000	3.476
2532.180	0.000	3.474
2533.180	-0.000	3.474
2534.180	0.001	3.473
2535.180	0.000	3.473
2536.180	0.000	3.477
2537.180	-0.000	3.483
2538.180	0.000	3.476
2539.180	0.001	3.476
2540.180	0.001	3.474
2541.180	0.001	3.472
2542.180	0.001	3.475
2543.180	0.001	3.474
2544.180	0.001	3.476
2545.180	0.000	3.478
2546.180	0.001	3.478
2547.180	0.001	3.480
2548.180	0.001	3.481
2549.180	0.002	3.478
2550.180	0.000	3.476
2551.180	0.001	3.474
2552.180	0.001	3.477
2553.180	0.001	3.478
2554.180	0.000	3.481
2555.180	0.002	3.480
2556.180	0.001	3.480
2557.180	0.002	3.478
2558.181	0.002	3.477
2559.180	0.001	3.478
2560.180	0.000	3.483
2561.180	0.001	3.479
2562.180	0.001	3.479
2563.180	0.000	3.481
2564.180	0.001	3.480
2565.180	0.001	3.478
2566.180	-0.000	3.477
2567.180	0.002	3.480
2568.180	0.000	3.483
2569.180	0.001	3.479
2570.180	0.000	3.481
2571.180	0.000	3.482
2572.180	0.001	3.482
2573.180	0.001	3.483
2574.180	0.000	3.483
2575.180	0.002	3.479
2576.180	0.002	3.480
2577.180	-0.000	3.478
2578.180	0.002	3.480
2579.180	0.000	3.479
2580.180	0.001	3.482
2581.180	0.001	3.484
2582.180	0.001	3.483
2583.180	0.002	3.486
2584.180	0.000	3.480
2585.180	0.002	3.484
2586.180	0.001	3.485
2587.180	0.001	3.478
2588.180	0.002	3.480
2589.180	0.000	3.484
2590.180	0.001	3.491
2591.180	0.001	3.494
2592.180	0.000	3.491
2593.180	0.000	3.490
2594.180	0.001	3.485
2595.180	0.001	3.481
2596.180	-0.000	3.483
2597.180	0.001	3.487
2598.180	0.001	3.488
2599.180	-0.000	3.492
2600.180	0.002	3.491
2601.180	0.000	3.488
2602.180	0.002	3.493
2603.180	0.000	3.489
2604.180	0.002	3.489
2605.180	0.000	3.486
2606.180	0.000	3.485
2607.180	0.000	3.487
2608.180	0.001	3.484
2609.180	0.002	3.484
2610.180	-0.000	3.487
2611.180	0.000	3.490
2612.180	0.002	3.492
2613.180	0.001	3.495
2614.180	0.001	3.492
2615.180	0.000	3.491
2616.180	0.001	3.491
2617.180	0.002	3.492
2618.180	0.002	3.489
2619.180	0.001	3.492
2620.180	0.000	3.493
2621.180	0.001	3.490
2622.180	-0.000	3.490
2623.180	0.001	3.489
2624.180	0.000	3.491
2625.180	0.001	3.498
2626.180	0.000	3.498
2627.180	0.000	3.498
2628.180	0.001	3.491
2629.180	0.002	3.492
2630.180	0.000	3.499
2631.180	0.002	3.495
2632.180	0.001	3.493
2633.180	0.001	3.494
2634.180	0.001	3.490
2635.180	0.000	3.490
2636.180	0.000	3.491
2637.180	0.001	3.499
2638.180	-0.000	3.501
2639.180	0.000	3.496
2640.180	0.001	3.492
2641.180	0.001	3.493
2642.180	0.001	3.490
2643.180	-0.000	3.490
2644.180	0.001	3.487
2645.180	-0.000	3.489
2646.180	0.000	3.492
2647.180	0.000	3.493
2648.180	-0.000	3.494
2649.180	-0.000	3.494
2650.180	0.001	3.496
2651.180	-0.000	3.492
2652.180	0.001	3.491
2653.180	-0.000	3.489
2654.180	0.001	3.491
2655.180	0.000	3.491
2656.180	0.001	3.496
2657.180	0.001	3.495
2658.180	0.002	3.492
2659.180	0.001	3.495
2660.180	0.001	3.490
2661.180	0.001	3.491
2662.180	0.001	3.492
2663.180	0.001	3.496
2664.180	0.001	3.500
2665.180	-0.000	3.494
2666.180	0.001	3.494
2667.180	0.001	3.494
2668.180	0.001	3.493
2669.180	0.001	3.493
2670.180	0.000	3.496
2671.180	0.002	3.494
2672.180	0.000	3.491
2673.180	0.002	3.493
2674.180	0.000	3.496
2675.180	0.002	3.500
2676.180	0.000	3.499
2677.180	0.001	3.499
2678.180	0.001	3.500
2679.180	0.001	3.492
2680.180	0.002	3.492
2681.180	0.001	3.497
2682.180	0.001	3.499
2683.180	0.001	3.499
2684.180	0.002	3.492
2685.180	0.001	3.495
2686.180	0.000	3.500
2687.180	0.000	3.503
2688.180	0.000	3.501
2689.180	0.000	3.496
2690.180	0.000	3.500
2691.180	-0.000	3.496
2692.180	0.000	3.494
2693.180	-0.000	3.500
2694.180	0.000	3.500
2695.180	0.001	3.497
2696.180	0.000	3.499
2697.180	-0.000	3.500
2698.180	0.000	3.498
2699.180	0.000	3.502
2700.180	0.001	3.500
2701.180	0.001	3.497
2702.180	0.001	3.501
2703.180	0.001	3.499
2704.180	-0.000	3.501
2705.180	0.001	3.499
2706.180	0.001	3.499
2707.180	0.000	3.498
2708.180	0.000	3.496
2709.180	0.000	3.502
2710.180	0.002	3.504
2711.180	0.002	3.505
2712.180	0.000	3.501
2713.180	0.001	3.503
2714.180	0.001	3.502
2715.180	0.002	3.501
2716.180	0.000	3.502
2717.180	0.002	3.501
2718.180	0.001	3.502
2719.180	0.001	3.499
2720.180	-0.000	3.503
2721.180	0.002	3.503
2722.180	0.002	3.499
2723.180	0.002	3.501
2724.180	0.000	3.505
2725.180	0.001	3.504
2726.180	0.002	3.502
2727.180	-0.000	3.502
2728.180	0.001	3.500
2729.180	0.001	3.503
2730.180	0.001	3.504
2731.180	0.001	3.501
2732.180	0.002	3.502
2733.180	0.001	3.504
2734.180	0.002	3.504
2735.180	0.001	3.503
2736.180	0.001	3.502
2737.180	0.001	3.502
2738.180	0.001	3.499
2739.180	0.002	3.507
2740.180	0.001	3.505
2741.180	0.002	3.504
2742.180	0.001	3.502
2743.180	0.002	3.509
2744.180	0.000	3.513
2745.180	0.002	3.513
2746.180	0.001	3.511
2747.180	0.002	3.501
2748.180	0.001	3.503
2749.180	0.000	3.506
2750.180	0.000	3.504
2751.180	0.000	3.506
2752.180	0.000	3.505
2753.180	0.001	3.508
2754.180	0.000	3.506
2755.180	0.001	3.508
2756.180	0.000	3.505
2757.180	0.001	3.505
2758.180	-0.000	3.505
2759.180	0.001	3.505
2760.180	0.001	3.506
2761.180	0.001	3.511
2762.180	0.001	3.510
2763.180	0.000	3.509
2764.180	0.001	3.512
2765.180	-0.001	3.512
2766.180	0.001	3.511
2767.180	-0.000	3.514
2768.180	0.001	3.509
2769.180	-0.000	3.511
2770.180	-0.000	3.510
2771.180	0.001	3.514
2772.180	-0.000	3.514
2773.180	0.002	3.510
2774.180	-0.000	3.509
2775.180	0.001	3.513
2776.180	-0.000	3.509
2777.180	0.000	3.505
2778.180	-0.000	3.504
2779.180	0.001	3.499
2780.180	0.000	3.494
2781.180	0.001	3.509
2782.180	0.000	3.496
2783.180	0.001	3.499
2784.180	0.001	3.501
2785.180	0.000	3.510
2786.180	0.001	3.512
