0.280	13.010	0.101
1.280	13.010	0.102
2.280	13.011	0.102
3.280	13.011	0.099
4.280	13.011	0.101
5.280	13.011	0.101
6.280	13.011	0.104
7.280	13.011	0.103
8.280	13.012	0.101
9.280	13.012	0.101
10.280	13.011	0.102
11.280	13.012	0.103
12.280	13.012	0.104
13.280	13.012	0.103
14.280	13.012	0.104
15.280	13.012	0.104
16.280	13.012	0.105
17.280	13.012	0.104
18.280	13.012	0.102
19.280	13.012	0.104
20.280	13.012	0.104
21.280	13.012	0.104
22.280	13.011	0.105
23.280	13.011	0.104
24.280	13.011	0.105
25.280	13.011	0.105
26.280	13.011	0.104
27.280	13.011	0.103
28.280	13.011	0.104
29.280	13.011	0.104
30.280	13.011	0.105
31.280	13.011	0.106
32.280	13.011	0.106
33.280	13.011	0.105
34.280	13.011	0.105
35.280	13.011	0.105
36.280	13.011	0.106
37.280	13.011	0.106
38.280	13.012	0.105
39.280	13.012	0.106
40.280	13.011	0.105
41.280	13.011	0.106
42.280	13.012	0.108
43.280	13.011	0.107
44.280	13.011	0.106
45.280	13.012	0.104
46.280	13.012	0.106
47.280	13.012	0.105
48.280	13.011	0.106
49.280	13.012	0.107
50.280	13.012	0.106
51.280	13.011	0.106
52.280	13.012	0.107
53.280	13.012	0.107
54.280	13.011	0.106
55.280	13.012	0.108
56.280	13.011	0.108
57.280	13.011	0.106
58.280	13.011	0.105
59.280	13.010	0.107
60.280	13.010	0.108
61.280	13.010	0.107
62.280	13.011	0.107
63.280	13.010	0.107
64.280	13.010	0.108
65.280	13.011	0.107
66.280	13.010	0.109
67.280	13.010	0.109
68.280	13.010	0.109
69.280	13.009	0.108
70.280	13.009	0.106
71.280	13.009	0.108
72.280	13.009	0.109
73.280	13.009	0.109
74.280	13.009	0.110
75.280	13.009	0.108
76.280	13.009	0.108
77.280	13.009	0.107
78.280	13.010	0.108
79.280	13.010	0.110
80.280	13.009	0.109
81.280	13.010	0.110
82.280	13.010	0.108
83.280	13.010	0.109
84.280	13.010	0.109
85.280	13.010	0.109
86.280	13.009	0.110
87.280	13.009	0.110
88.280	13.009	0.109
89.280	13.009	0.109
90.280	13.009	0.108
91.280	13.009	0.110
92.280	13.009	0.111
93.280	13.009	0.110
94.280	13.009	0.110
95.280	13.009	0.109
96.280	13.008	0.109
97.280	13.009	0.111
98.280	13.009	0.112
99.280	13.009	0.109
100.280	13.009	0.109
101.280	13.009	0.109
102.280	13.009	0.111
103.280	13.010	0.110
104.280	13.009	0.111
105.280	13.009	0.111
106.280	13.009	0.111
107.280	13.009	0.110
108.280	13.009	0.112
109.280	13.009	0.111
110.280	13.009	0.111
111.280	13.009	0.111
112.280	13.009	0.110
113.280	13.009	0.111
114.280	13.009	0.111
115.280	13.009	0.109
116.280	13.009	0.109
117.280	13.009	0.111
118.280	13.009	0.111
119.280	13.009	0.112
120.280	13.009	0.113
121.280	13.009	0.110
122.280	13.009	0.112
123.280	13.009	0.111
124.280	13.009	0.111
125.280	13.009	0.113
126.280	13.010	0.114
127.280	13.009	0.112
128.280	13.009	0.112
129.280	13.009	0.109
130.280	13.009	0.110
131.280	13.009	0.113
132.280	13.009	0.112
133.280	13.010	0.114
134.280	13.010	0.112
135.280	13.010	0.113
136.280	13.010	0.111
137.280	13.010	0.113
138.280	13.010	0.113
139.280	13.010	0.112
140.280	13.010	0.112
141.280	13.010	0.114
142.280	13.010	0.112
143.280	13.010	0.112
144.280	13.010	0.114
145.280	13.010	0.112
146.280	13.010	0.113
147.280	13.011	0.112
148.280	13.010	0.113
149.280	13.010	0.113
150.280	13.010	0.114
151.280	13.009	0.114
152.280	13.009	0.112
153.280	13.009	0.112
154.280	13.009	0.112
155.280	13.009	0.113
156.280	13.009	0.114
157.280	13.010	0.114
158.280	13.010	0.112
159.280	13.010	0.113
160.280	13.009	0.114
161.280	13.010	0.113
162.280	13.010	0.113
163.280	13.010	0.113
164.280	13.010	0.114
165.280	13.010	0.114
166.280	13.010	0.113
167.280	13.010	0.114
168.280	13.010	0.113
169.280	13.010	0.114
170.280	13.010	0.113
171.280	13.010	0.113
172.280	13.010	0.113
173.280	13.010	0.115
174.280	13.010	0.114
175.280	13.010	0.114
176.280	13.010	0.113
177.280	13.010	0.112
178.280	13.010	0.114
179.280	13.010	0.114
180.280	13.010	0.114
181.280	13.010	0.114
182.280	13.010	0.114
183.280	13.010	0.114
184.280	13.010	0.114
185.280	13.009	0.114
186.280	13.010	0.115
187.280	13.010	0.114
188.280	13.010	0.114
189.280	13.010	0.114
190.280	13.010	0.115
191.280	13.010	0.115
192.280	13.009	0.114
193.280	13.010	0.117
194.280	13.010	0.114
195.280	13.010	0.113
196.280	13.010	0.115
197.280	13.010	0.117
198.280	13.010	0.115
199.280	13.010	0.115
200.280	13.010	0.114
201.280	13.010	0.114
202.280	13.010	0.114
203.280	13.010	0.116
204.280	13.010	0.116
205.280	13.010	0.116
206.280	13.010	0.115
207.280	13.010	0.115
208.280	13.010	0.114
209.280	13.010	0.114
210.280	13.010	0.117
211.280	13.010	0.116
212.280	13.010	0.114
213.280	13.010	0.114
214.280	13.010	0.113
215.280	13.009	0.115
216.280	13.010	0.115
217.280	13.010	0.117
218.280	13.010	0.116
219.280	13.010	0.115
220.280	13.010	0.116
221.280	13.010	0.115
222.280	13.010	0.117
223.280	13.010	0.116
224.280	13.010	0.115
225.280	13.010	0.116
226.280	13.010	0.115
227.280	13.010	0.115
228.280	13.009	0.117
229.280	13.010	0.116
230.280	13.010	0.114
231.280	13.010	0.115
232.280	13.009	0.116
233.280	13.009	0.116
234.280	13.009	0.118
235.280	13.009	0.116
236.280	13.009	0.116
237.280	13.009	0.115
238.280	13.009	0.117
239.280	13.009	0.118
240.280	13.009	0.117
241.280	13.009	0.117
242.280	13.009	0.116
243.280	13.009	0.117
244.280	13.009	0.116
245.280	13.009	0.116
246.280	13.009	0.117
247.280	13.009	0.117
248.280	13.009	0.116
249.280	13.009	0.116
250.280	13.009	0.116
251.280	13.009	0.117
252.280	13.010	0.118
253.280	13.010	0.118
254.280	13.010	0.118
255.280	13.010	0.117
256.280	13.010	0.118
257.280	13.010	0.117
258.280	13.010	0.118
259.280	13.009	0.118
260.280	13.010	0.116
261.280	13.010	0.118
262.280	13.010	0.117
263.280	13.010	0.118
264.280	13.010	0.119
265.280	13.010	0.118
266.280	13.010	0.118
267.280	13.009	0.118
268.280	13.009	0.117
269.280	13.009	0.117
270.280	13.009	0.118
271.280	13.009	0.118
272.280	13.009	0.117
273.280	13.010	0.116
274.280	13.010	0.116
275.280	13.010	0.119
276.280	13.009	0.119
277.280	13.009	0.118
278.280	13.009	0.118
279.280	13.009	0.119
280.280	13.009	0.119
281.280	13.010	0.116
282.280	13.009	0.118
283.280	13.009	0.118
284.280	13.009	0.118
285.280	13.009	0.118
286.280	13.008	0.117
287.280	13.008	0.116
288.280	13.008	0.118
289.280	13.009	0.118
290.280	13.008	0.120
291.280	13.008	0.120
292.280	13.008	0.117
293.280	13.009	0.116
294.280	13.009	0.117
295.280	13.009	0.119
296.280	13.009	0.118
297.280	13.009	0.118
298.280	13.009	0.119
299.280	13.009	0.117
300.280	13.009	0.118
301.280	13.009	0.119
302.280	13.009	0.120
303.280	13.009	0.119
304.280	13.009	0.118
305.280	13.009	0.119
306.280	13.010	0.118
307.280	13.010	0.120
308.280	13.009	0.119
309.280	13.010	0.119
310.280	13.009	0.118
311.280	13.009	0.118
312.280	13.009	0.119
313.280	13.008	0.119
314.280	13.008	0.117
315.280	13.008	0.119
316.280	13.009	0.119
317.280	13.009	0.119
318.280	13.009	0.119
319.280	13.009	0.119
320.280	13.009	0.119
321.280	13.009	0.119
322.280	13.009	0.118
323.280	13.009	0.118
324.280	13.008	0.119
325.280	13.009	0.119
326.280	13.009	0.119
327.280	13.009	0.119
328.280	13.008	0.119
329.280	13.008	0.119
330.280	13.008	0.119
331.280	13.008	0.120
332.280	13.008	0.119
333.280	13.008	0.120
334.280	13.008	0.118
335.280	13.009	0.119
336.280	13.009	0.118
337.280	13.009	0.120
338.280	13.009	0.121
339.280	13.009	0.120
340.280	13.009	0.118
341.280	13.008	0.117
342.280	13.008	0.119
343.280	13.008	0.119
344.280	13.008	0.121
345.280	13.008	0.121
346.280	13.008	0.119
347.280	13.008	0.120
348.280	13.008	0.119
349.280	13.008	0.120
350.280	13.008	0.120
351.280	13.008	0.121
352.280	13.008	0.119
353.280	13.008	0.119
354.280	13.008	0.119
355.280	13.008	0.120
356.280	13.008	0.120
357.280	13.008	0.121
358.280	13.008	0.121
359.280	13.008	0.119
360.280	13.008	0.120
361.280	13.009	0.121
362.280	13.008	0.121
363.280	13.008	0.120
364.280	13.008	0.120
365.280	13.008	0.119
366.280	13.008	0.120
367.280	13.008	0.120
368.280	13.009	0.122
369.280	13.008	0.120
370.280	13.008	0.121
371.280	13.008	0.120
372.280	13.009	0.121
373.280	13.009	0.120
374.280	13.009	0.118
375.280	13.009	0.121
376.280	13.009	0.120
377.280	13.009	0.119
378.280	13.009	0.120
379.280	13.010	0.121
380.280	13.009	0.120
381.280	13.010	0.121
382.280	13.010	0.118
383.280	13.010	0.120
384.280	13.010	0.119
385.280	13.010	0.121
386.280	13.010	0.122
387.280	13.011	0.120
388.280	13.010	0.120
389.280	13.010	0.120
390.280	13.010	0.119
391.280	13.010	0.123
392.280	13.009	0.120
393.280	13.010	0.121
394.280	13.010	0.119
395.280	13.010	0.121
396.280	13.010	0.120
397.280	13.010	0.122
398.280	13.010	0.120
399.280	13.009	0.121
400.280	13.009	0.122
401.280	13.009	0.120
402.280	13.009	0.121
403.280	13.010	0.121
404.280	13.010	0.120
405.280	13.010	0.121
406.280	13.010	0.121
407.280	13.009	0.121
408.280	13.010	0.119
409.280	13.009	0.121
410.280	13.010	0.122
411.280	13.010	0.121
412.280	13.010	0.121
413.280	13.010	0.120
414.280	13.010	0.122
415.280	13.010	0.122
416.280	13.010	0.121
417.280	13.010	0.121
418.280	13.010	0.120
419.280	13.010	0.120
420.280	13.010	0.120
421.280	13.010	0.123
422.280	13.010	0.122
423.280	13.010	0.121
424.280	13.010	0.123
425.280	13.010	0.121
426.280	13.010	0.121
427.280	13.010	0.122
428.280	13.010	0.123
429.280	13.010	0.121
430.280	13.010	0.122
431.280	13.010	0.122
432.280	13.010	0.122
433.280	13.010	0.122
434.280	13.010	0.121
435.280	13.010	0.121
436.280	13.010	0.122
437.280	13.010	0.122
438.280	13.010	0.125
439.280	13.010	0.123
440.280	13.010	0.120
441.280	13.010	0.119
442.280	13.010	0.123
443.280	13.010	0.122
444.280	13.011	0.122
445.280	13.011	0.121
446.280	13.011	0.121
447.280	13.010	0.120
448.280	13.010	0.123
449.280	13.010	0.122
450.280	13.011	0.125
451.280	13.011	0.124
452.280	13.011	0.122
453.280	13.011	0.120
454.280	13.011	0.123
455.280	13.010	0.123
456.280	13.010	0.121
457.280	13.011	0.123
458.280	13.011	0.121
459.280	13.011	0.121
460.280	13.010	0.122
461.280	13.011	0.122
462.280	13.010	0.123
463.280	13.010	0.123
464.280	13.010	0.121
465.280	13.010	0.120
466.280	13.010	0.122
467.280	13.010	0.123
468.280	13.009	0.122
469.280	13.009	0.121
470.280	13.009	0.123
471.280	13.009	0.123
472.280	13.009	0.122
473.280	13.008	0.123
474.280	13.009	0.124
475.280	13.009	0.123
476.280	13.009	0.123
477.280	13.009	0.122
478.280	13.009	0.124
479.280	13.009	0.123
480.280	13.008	0.124
481.280	13.009	0.121
482.280	13.009	0.122
483.280	13.009	0.122
484.280	13.009	0.123
485.280	13.009	0.121
486.280	13.009	0.123
487.280	13.009	0.123
488.280	13.009	0.122
489.280	13.009	0.121
490.280	13.009	0.123
491.280	13.009	0.124
492.280	13.009	0.122
493.280	13.009	0.122
494.280	13.009	0.123
495.280	13.010	0.122
496.280	13.010	0.123
497.280	13.009	0.123
498.280	13.009	0.125
499.280	13.009	0.123
500.280	13.009	0.123
501.280	13.009	0.122
502.280	13.009	0.124
503.280	13.009	0.124
504.280	13.009	0.124
505.280	13.009	0.122
506.280	13.009	0.122
507.280	13.009	0.122
508.280	13.009	0.123
509.280	13.009	0.123
510.280	13.009	0.123
511.280	13.009	0.124
512.280	13.010	0.123
513.280	13.009	0.122
514.280	13.009	0.123
515.280	13.009	0.123
516.280	13.009	0.125
517.280	13.009	0.124
518.280	13.010	0.122
519.280	13.010	0.124
520.280	13.009	0.123
521.280	13.010	0.124
522.280	13.009	0.123
523.280	13.009	0.124
524.280	13.009	0.125
525.280	13.009	0.121
526.280	13.009	0.123
527.280	13.009	0.125
528.280	13.010	0.124
529.280	13.010	0.124
530.280	13.010	0.123
531.280	13.010	0.122
532.280	13.009	0.124
533.280	13.010	0.123
534.280	13.010	0.123
535.280	13.010	0.124
536.280	13.010	0.122
537.280	13.010	0.122
538.280	13.010	0.122
539.280	13.010	0.123
540.280	13.011	0.125
541.280	13.011	0.124
542.280	13.011	0.123
543.280	13.011	0.123
544.280	13.011	0.125
545.280	13.011	0.124
546.280	13.011	0.125
547.280	13.011	0.123
548.280	13.011	0.124
549.280	13.011	0.122
550.280	13.011	0.123
551.280	13.011	0.123
552.280	13.011	0.124
553.280	13.011	0.124
554.280	13.011	0.123
555.280	13.011	0.124
556.280	13.011	0.125
557.280	13.011	0.123
558.280	13.010	0.125
559.280	13.010	0.124
560.280	13.010	0.124
561.280	13.010	0.124
562.280	13.010	0.125
563.280	13.010	0.125
564.280	13.010	0.125
565.280	13.010	0.124
566.280	13.010	0.123
567.280	13.010	0.124
568.280	13.010	0.123
569.280	13.010	0.125
570.280	13.010	0.125
571.280	13.010	0.125
572.280	13.010	0.125
573.280	13.010	0.123
574.280	13.010	0.123
575.280	13.010	0.125
576.280	13.010	0.125
577.280	13.010	0.126
578.280	13.010	0.124
579.280	13.010	0.123
580.280	13.010	0.123
581.280	13.011	0.125
582.280	13.011	0.126
583.280	13.011	0.126
584.280	13.011	0.123
585.280	13.011	0.123
586.280	13.011	0.124
587.280	13.011	0.124
588.280	13.011	0.125
589.280	13.011	0.127
590.280	13.011	0.125
591.280	13.011	0.123
592.280	13.011	0.123
593.280	13.010	0.123
594.280	13.011	0.123
595.280	13.011	0.125
596.280	13.011	0.124
597.280	13.011	0.125
598.280	13.011	0.125
599.280	13.011	0.125
600.280	13.011	0.126
