0.504	6.711	-0.011
1.504	6.711	-0.011
2.504	6.711	-0.011
3.504	6.711	-0.011
4.504	6.711	-0.011
5.504	6.711	-0.012
6.504	6.711	-0.010
7.504	6.711	-0.012
8.504	6.711	-0.013
9.504	6.711	-0.011
10.504	6.711	-0.011
11.504	6.711	-0.012
12.504	6.711	-0.011
13.504	6.711	-0.011
14.504	6.711	-0.012
15.504	6.711	-0.011
16.504	6.711	-0.011
17.504	6.711	-0.012
18.504	6.711	-0.012
19.504	6.711	-0.010
20.504	6.711	-0.011
21.504	6.711	-0.012
22.504	6.711	-0.011
23.504	6.711	-0.010
24.504	6.711	-0.011
25.504	6.711	-0.011
26.504	6.711	-0.012
27.504	6.711	-0.011
28.504	6.711	-0.012
29.504	6.711	-0.012
30.504	6.711	-0.011
31.504	6.711	-0.011
32.504	6.711	-0.011
33.504	6.711	-0.012
34.504	6.711	-0.011
35.504	6.711	-0.011
36.504	6.711	-0.011
37.504	6.711	-0.011
38.504	6.711	-0.012
39.504	6.711	-0.011
40.504	6.711	-0.012
41.504	6.711	-0.012
42.504	6.711	-0.012
43.504	6.711	-0.012
44.504	6.711	-0.011
45.504	6.712	-0.011
46.504	6.712	-0.011
47.504	6.712	-0.012
48.504	6.711	-0.011
49.504	6.711	-0.011
50.504	6.711	-0.012
51.504	6.711	-0.012
52.504	6.712	-0.011
53.504	6.712	-0.011
54.504	6.712	-0.011
55.504	6.711	-0.011
56.504	6.711	-0.011
57.504	6.712	-0.011
58.504	6.711	-0.011
59.504	6.711	-0.012
60.504	6.712	-0.011
61.504	6.711	-0.011
62.504	6.711	-0.011
63.504	6.711	-0.012
64.504	6.711	-0.012
65.504	6.711	-0.011
66.504	6.711	-0.011
67.504	6.711	-0.011
68.504	6.712	-0.012
69.504	6.712	-0.012
70.504	6.712	-0.011
71.504	6.712	-0.011
72.504	6.712	-0.010
73.504	6.712	-0.011
74.504	6.712	-0.011
75.504	6.712	-0.010
76.504	6.712	-0.010
77.504	6.712	-0.010
78.504	6.712	-0.011
79.504	6.712	-0.011
80.504	6.712	-0.011
81.504	6.712	-0.011
82.504	6.712	-0.011
83.504	6.712	-0.011
84.504	6.712	-0.011
85.504	6.712	-0.009
86.504	6.712	-0.011
87.504	6.712	-0.011
88.504	6.712	-0.010
89.504	6.712	-0.012
90.504	6.711	-0.010
91.504	6.712	-0.011
92.504	6.712	-0.011
93.504	6.712	-0.011
94.504	6.712	-0.011
95.504	6.712	-0.012
96.504	6.711	-0.011
97.504	6.711	-0.010
98.504	6.712	-0.011
99.504	6.712	-0.010
100.504	6.712	-0.009
101.504	6.712	-0.012
102.504	6.712	-0.012
103.504	6.712	-0.011
104.504	6.712	-0.011
105.504	6.712	-0.010
106.504	6.712	-0.011
107.504	6.712	-0.010
108.504	6.712	-0.012
109.504	6.712	-0.010
110.504	6.712	-0.011
111.504	6.712	-0.011
112.504	6.712	-0.010
113.504	6.712	-0.010
114.504	6.712	-0.010
115.504	6.712	-0.010
116.504	6.712	-0.011
117.504	6.712	-0.010
118.504	6.712	-0.011
119.504	6.712	-0.011
120.504	6.712	-0.011
121.504	6.712	-0.011
122.504	6.712	-0.010
123.504	6.712	-0.011
124.504	6.712	-0.011
125.504	6.712	-0.012
126.504	6.712	-0.011
127.504	6.712	-0.010
128.504	6.712	-0.010
129.504	6.712	-0.010
130.504	6.712	-0.010
131.504	6.712	-0.011
132.504	6.712	-0.011
133.504	6.712	-0.011
134.504	6.712	-0.010
135.504	6.712	-0.011
136.504	6.712	-0.011
137.504	6.712	-0.010
138.504	6.712	-0.011
139.504	6.712	-0.011
140.504	6.712	-0.010
141.504	6.712	-0.010
142.504	6.713	-0.010
143.504	6.712	-0.011
144.504	6.713	-0.011
145.504	6.713	-0.011
146.504	6.713	-0.011
147.504	6.713	-0.012
148.504	6.713	-0.011
149.504	6.713	-0.012
150.504	6.713	-0.011
151.504	6.713	-0.012
152.504	6.713	-0.011
153.504	6.713	-0.010
154.504	6.713	-0.010
155.504	6.712	-0.011
156.504	6.713	-0.012
157.504	6.713	-0.012
158.504	6.713	-0.011
159.504	6.713	-0.011
160.504	6.713	-0.010
161.504	6.713	-0.011
162.504	6.713	-0.011
163.504	6.713	-0.011
164.504	6.713	-0.011
165.504	6.713	-0.010
166.504	6.713	-0.011
167.504	6.713	-0.010
168.504	6.713	-0.012
169.504	6.713	-0.012
170.504	6.713	-0.011
171.504	6.713	-0.011
172.504	6.713	-0.012
173.504	6.713	-0.012
174.504	6.713	-0.012
175.504	6.713	-0.011
176.504	6.713	-0.012
177.504	6.713	-0.011
178.504	6.713	-0.011
179.504	6.713	-0.011
180.504	6.713	-0.011
181.504	6.713	-0.011
182.504	6.713	-0.011
183.504	6.713	-0.011
184.504	6.713	-0.010
185.504	6.713	-0.010
186.504	6.713	-0.011
187.504	6.713	-0.010
188.504	6.713	-0.010
189.504	6.713	-0.011
190.504	6.713	-0.011
191.504	6.713	-0.010
192.504	6.713	-0.011
193.504	6.713	-0.011
194.504	6.713	-0.011
195.504	6.713	-0.012
196.504	6.713	-0.010
197.504	6.713	-0.011
198.504	6.713	-0.011
199.504	6.713	-0.011
200.504	6.713	-0.011
201.504	6.713	-0.013
202.504	6.713	-0.012
203.504	6.713	-0.011
204.504	6.713	-0.012
205.504	6.713	-0.011
206.504	6.713	-0.011
207.504	6.713	-0.011
208.504	6.713	-0.013
209.504	6.713	-0.011
210.504	6.713	-0.010
211.504	6.713	-0.011
212.504	6.713	-0.012
213.504	6.713	-0.013
214.504	6.713	-0.012
215.504	6.713	-0.011
216.504	6.713	-0.012
217.504	6.713	-0.011
218.504	6.713	-0.012
219.504	6.713	-0.011
220.504	6.713	-0.012
221.504	6.713	-0.012
222.504	6.713	-0.011
223.504	6.713	-0.011
224.504	6.713	-0.011
225.504	6.713	-0.011
226.504	6.713	-0.012
227.504	6.713	-0.011
228.504	6.713	-0.011
229.504	6.713	-0.012
230.504	6.713	-0.012
231.504	6.713	-0.012
232.504	6.713	-0.012
233.504	6.713	-0.011
234.504	6.713	-0.010
235.504	6.713	-0.010
236.504	6.713	-0.012
237.504	6.713	-0.012
238.504	6.713	-0.013
239.504	6.713	-0.012
240.504	6.713	-0.012
241.504	6.713	-0.012
242.504	6.713	-0.011
243.504	6.713	-0.012
244.504	6.713	-0.012
245.504	6.713	-0.012
246.504	6.713	-0.011
247.504	6.713	-0.011
248.504	6.713	-0.012
249.504	6.713	-0.012
250.504	6.713	-0.011
251.504	6.713	-0.011
252.504	6.713	-0.012
253.504	6.713	-0.012
254.504	6.713	-0.011
255.504	6.713	-0.011
256.504	6.713	-0.011
257.504	6.713	-0.010
258.504	6.713	-0.011
259.504	6.713	-0.010
260.504	6.713	-0.012
261.504	6.713	-0.010
262.504	6.713	-0.012
263.504	6.713	-0.011
264.504	6.713	-0.012
265.504	6.713	-0.011
266.504	6.713	-0.011
267.504	6.713	-0.011
268.504	6.713	-0.011
269.504	6.713	-0.011
270.504	6.713	-0.012
271.504	6.713	-0.011
272.504	6.713	-0.011
273.504	6.713	-0.011
274.504	6.713	-0.011
275.504	6.713	-0.011
276.504	6.713	-0.011
277.504	6.713	-0.010
278.504	6.713	-0.012
279.504	6.713	-0.011
280.504	6.713	-0.011
281.504	6.713	-0.011
282.504	6.713	-0.011
283.504	6.713	-0.011
284.504	6.713	-0.010
285.504	6.713	-0.012
286.504	6.713	-0.011
287.504	6.713	-0.011
288.504	6.713	-0.010
289.504	6.713	-0.011
290.504	6.713	-0.012
291.504	6.713	-0.011
292.504	6.713	-0.011
293.504	6.713	-0.010
294.504	6.713	-0.011
295.504	6.713	-0.011
296.504	6.713	-0.011
297.504	6.713	-0.010
298.504	6.713	-0.012
299.504	6.713	-0.010
300.504	6.713	-0.011
301.504	6.713	-0.011
302.504	6.713	-0.010
303.504	6.713	-0.011
304.504	6.713	-0.010
305.504	6.713	-0.011
306.504	6.713	-0.011
307.504	6.713	-0.010
308.504	6.713	-0.011
309.504	6.713	-0.010
310.504	6.713	-0.011
311.504	6.713	-0.010
312.504	6.713	-0.010
313.504	6.713	-0.012
314.504	6.713	-0.010
315.504	6.713	-0.011
316.504	6.713	-0.010
317.504	6.713	-0.010
318.504	6.713	-0.010
319.504	6.713	-0.011
320.504	6.713	-0.011
321.504	6.713	-0.010
322.504	6.713	-0.011
323.504	6.713	-0.010
324.504	6.713	-0.012
325.504	6.713	-0.010
326.504	6.713	-0.011
327.504	6.713	-0.010
328.504	6.713	-0.011
329.504	6.713	-0.009
330.504	6.713	-0.010
331.504	6.713	-0.010
332.504	6.713	-0.010
333.504	6.713	-0.010
334.504	6.713	-0.010
335.504	6.713	-0.010
336.504	6.713	-0.011
337.504	6.713	-0.010
338.504	6.713	-0.010
339.504	6.713	-0.010
340.504	6.713	-0.009
341.504	6.713	-0.009
342.504	6.713	-0.010
343.504	6.713	-0.010
344.504	6.713	-0.009
345.504	6.713	-0.009
346.504	6.712	-0.009
347.504	6.713	-0.011
348.504	6.713	-0.009
349.504	6.713	-0.009
350.504	6.713	-0.010
351.504	6.713	-0.009
352.504	6.713	-0.009
353.504	6.713	-0.009
354.504	6.713	-0.010
355.504	6.713	-0.010
356.504	6.713	-0.010
357.504	6.713	-0.009
358.504	6.712	-0.008
359.504	6.713	-0.009
360.504	6.713	-0.009
361.504	6.713	-0.008
362.504	6.713	-0.009
363.504	6.713	-0.009
364.504	6.712	-0.009
365.504	6.713	-0.009
366.504	6.713	-0.008
367.504	6.713	-0.011
368.504	6.713	-0.008
369.504	6.713	-0.008
370.504	6.713	-0.008
371.504	6.713	-0.009
372.504	6.713	-0.008
373.504	6.713	-0.008
374.504	6.713	-0.009
375.504	6.713	-0.008
376.504	6.713	-0.008
377.504	6.713	-0.008
378.504	6.713	-0.008
379.504	6.713	-0.009
380.504	6.713	-0.007
381.504	6.713	-0.008
382.504	6.713	-0.008
383.504	6.713	-0.008
384.504	6.713	-0.009
385.504	6.713	-0.008
386.504	6.713	-0.008
387.504	6.713	-0.008
388.504	6.713	-0.007
389.504	6.713	-0.008
390.504	6.713	-0.008
391.504	6.713	-0.008
392.504	6.713	-0.007
393.504	6.713	-0.008
394.504	6.713	-0.007
395.504	6.713	-0.008
396.504	6.713	-0.008
397.504	6.713	-0.008
398.504	6.713	-0.006
399.504	6.713	-0.008
400.504	6.713	-0.007
401.504	6.713	-0.008
402.504	6.713	-0.008
403.504	6.713	-0.008
404.504	6.713	-0.008
405.504	6.713	-0.007
406.504	6.713	-0.007
407.504	6.713	-0.007
408.504	6.713	-0.008
409.504	6.713	-0.008
410.504	6.713	-0.007
411.504	6.713	-0.007
412.504	6.713	-0.007
413.504	6.713	-0.008
414.504	6.713	-0.007
415.504	6.713	-0.006
416.504	6.713	-0.007
417.504	6.713	-0.007
418.504	6.713	-0.006
419.504	6.713	-0.007
420.504	6.713	-0.008
421.504	6.713	-0.007
422.504	6.713	-0.008
423.504	6.713	-0.007
424.504	6.713	-0.007
425.504	6.713	-0.007
426.504	6.713	-0.008
427.504	6.713	-0.008
428.504	6.713	-0.008
429.504	6.713	-0.007
430.504	6.713	-0.007
431.504	6.713	-0.007
432.504	6.713	-0.007
433.504	6.713	-0.008
434.504	6.713	-0.007
435.504	6.713	-0.008
436.504	6.713	-0.008
437.504	6.713	-0.007
438.504	6.713	-0.008
439.504	6.713	-0.008
440.504	6.713	-0.008
441.504	6.713	-0.007
442.504	6.713	-0.006
443.504	6.713	-0.007
444.504	6.713	-0.007
445.504	6.713	-0.007
446.504	6.713	-0.008
447.504	6.713	-0.007
448.504	6.713	-0.007
449.504	6.713	-0.007
450.504	6.713	-0.007
451.504	6.713	-0.008
452.504	6.713	-0.008
453.504	6.713	-0.006
454.504	6.713	-0.007
455.504	6.713	-0.007
456.504	6.713	-0.007
457.504	6.713	-0.007
458.504	6.713	-0.007
459.504	6.713	-0.007
460.504	6.713	-0.008
461.504	6.713	-0.007
462.504	6.713	-0.008
463.504	6.713	-0.007
464.504	6.713	-0.007
