0.615	9.997	192.800
1.615	9.997	192.700
2.615	9.997	192.700
3.615	9.997	192.800
4.615	9.998	192.700
5.615	9.998	192.800
6.615	9.998	192.700
7.615	9.997	192.700
8.615	9.998	192.800
9.615	9.997	192.800
10.615	9.997	192.700
11.615	9.997	192.800
12.615	9.997	192.800
13.615	9.997	192.700
14.615	9.997	192.800
15.615	9.997	192.700
16.615	9.997	192.800
17.615	9.997	192.800
18.615	9.997	192.800
19.615	9.997	192.700
20.615	9.997	192.800
21.615	9.997	192.800
22.615	9.997	192.800
23.615	9.997	192.700
24.615	9.996	192.800
25.615	9.997	192.700
26.615	9.997	192.800
27.615	9.997	192.700
28.615	9.997	192.800
29.615	9.997	192.800
30.615	9.997	192.700
31.615	9.997	192.800
32.615	9.997	192.700
33.615	9.998	192.800
34.615	9.998	192.800
35.615	9.998	192.800
36.615	9.998	192.800
37.615	9.998	192.800
38.615	9.998	192.800
39.615	9.998	192.800
40.615	9.998	192.800
41.615	9.998	192.800
42.615	9.998	192.800
43.615	9.998	192.800
44.615	9.998	192.800
45.733	9.998	192.800
46.615	9.998	192.800
47.615	9.998	192.800
48.615	9.998	192.800
49.615	9.997	192.800
50.615	9.997	192.800
51.615	9.997	192.800
52.615	9.997	192.800
53.615	9.997	192.800
54.615	9.997	192.800
55.615	9.997	192.800
56.615	9.997	192.900
57.615	9.997	192.900
58.615	9.997	192.800
59.615	9.997	192.800
60.615	9.997	192.800
61.615	9.997	192.800
62.615	9.997	192.800
63.615	9.998	192.800
64.615	9.998	192.800
65.615	9.997	192.800
66.615	9.998	192.800
67.615	9.998	192.800
68.615	9.998	192.900
69.615	9.998	192.900
70.615	9.998	192.800
71.615	9.998	192.900
72.615	9.998	192.800
73.615	9.998	192.900
74.615	9.998	192.800
75.615	9.998	192.900
76.615	9.998	192.900
77.615	9.998	192.800
78.615	9.998	192.800
79.615	9.998	192.800
80.615	9.998	192.900
81.615	9.998	192.900
82.615	9.998	192.900
83.615	9.998	192.800
84.615	9.998	192.800
85.615	9.998	192.900
86.615	9.998	192.900
87.615	9.998	192.800
88.615	9.998	192.800
89.615	9.998	192.800
90.615	9.998	192.800
91.615	9.998	192.800
92.615	9.998	192.900
93.615	9.998	192.900
94.615	9.998	192.900
95.615	9.998	192.900
96.615	9.998	192.800
97.615	9.998	192.900
98.615	9.998	192.900
99.615	9.998	192.700
100.615	9.998	192.900
101.615	9.998	192.800
102.615	9.998	192.900
103.615	9.998	192.800
104.615	9.998	192.900
105.615	9.998	192.900
106.615	9.998	192.900
107.615	9.998	192.800
108.615	9.998	192.900
109.615	9.998	193.000
110.615	9.997	192.900
111.615	9.997	192.900
112.615	9.997	192.800
113.615	9.997	192.900
114.615	9.997	192.900
115.615	9.997	192.900
116.615	9.997	192.900
117.615	9.998	192.900
118.615	9.998	192.900
119.615	9.997	192.900
120.615	9.998	192.900
121.615	9.998	192.900
122.615	9.998	192.900
123.615	9.998	192.800
124.615	9.998	192.900
125.615	9.998	192.900
126.615	9.997	192.800
127.615	9.997	192.900
128.615	9.997	192.900
129.615	9.997	192.800
130.615	9.998	192.800
131.615	9.998	192.900
132.615	9.999	192.900
133.615	9.999	192.900
134.615	9.999	192.900
135.615	10.000	192.900
136.615	10.002	192.900
137.615	10.000	193.000
138.615	9.999	193.000
139.615	10.000	192.900
140.615	10.000	192.900
141.615	9.999	192.900
142.615	9.999	192.900
143.615	9.999	192.900
144.615	9.999	193.000
145.615	9.999	192.900
146.615	9.999	193.000
147.615	9.999	193.000
148.615	10.000	193.000
149.615	9.999	192.900
150.615	9.999	192.900
151.615	9.999	192.900
152.615	9.999	193.000
153.615	9.999	193.000
154.615	9.999	193.000
155.615	9.999	192.900
156.615	9.998	193.100
157.615	9.998	192.900
158.615	9.998	193.000
159.615	9.999	193.000
160.615	9.998	192.900
161.615	9.999	193.000
162.615	9.999	192.800
163.615	9.998	192.800
164.615	9.999	192.900
165.615	9.998	192.900
166.615	9.998	193.000
167.615	9.997	192.900
168.615	9.996	192.900
169.615	9.996	192.900
170.615	9.998	192.800
171.615	9.997	192.900
172.615	9.997	192.900
173.615	9.998	192.900
174.615	9.997	192.900
175.615	9.997	192.900
176.615	9.998	192.900
177.615	9.997	192.900
178.615	9.998	192.800
179.615	9.998	192.900
180.615	9.998	192.900
181.615	9.998	192.900
182.615	9.998	192.900
183.615	9.998	193.000
184.615	9.997	192.800
185.615	9.999	192.900
186.615	9.998	192.900
187.615	9.995	192.900
188.615	9.997	192.900
189.615	9.998	192.900
190.615	9.997	192.900
191.615	9.995	192.900
192.615	9.997	192.900
193.615	9.999	192.900
194.615	9.996	192.900
195.615	9.996	192.900
196.615	9.996	192.900
197.615	9.996	192.800
198.615	9.996	192.900
199.615	9.996	192.900
200.615	9.995	192.800
201.615	9.995	192.900
202.615	9.995	192.900
203.615	9.995	192.800
204.615	9.995	192.900
205.615	9.995	192.800
206.615	9.995	192.900
207.615	9.995	192.900
208.615	9.995	192.800
209.615	9.994	192.900
210.615	9.994	192.900
211.615	9.994	192.900
212.615	9.993	192.900
213.615	9.994	192.900
214.615	9.993	192.800
215.615	9.993	192.800
216.615	9.993	192.900
217.615	9.993	192.900
218.615	9.994	192.900
219.615	9.993	192.800
220.615	9.993	192.900
221.615	9.994	192.900
222.615	9.994	192.900
223.615	9.993	192.800
224.615	9.993	192.900
225.615	9.993	192.900
226.615	9.993	192.900
227.615	9.993	192.800
228.615	9.993	192.800
229.615	9.993	192.900
230.615	9.993	192.900
231.615	9.993	192.900
232.615	9.993	192.900
233.615	9.993	192.800
234.615	9.993	192.800
235.615	9.993	192.800
236.615	9.993	192.800
237.615	9.993	192.900
238.615	9.993	192.900
239.615	9.993	192.900
240.615	9.993	192.900
241.615	9.993	192.900
242.615	9.993	192.900
243.615	9.993	192.900
244.615	9.994	192.900
245.615	9.993	192.800
246.615	9.993	192.900
247.615	9.993	192.900
248.615	9.993	192.900
249.615	9.993	192.800
250.615	9.992	192.900
251.615	9.993	192.900
252.615	9.993	192.800
253.615	9.993	192.800
254.615	9.993	192.900
255.615	9.993	192.900
256.615	9.993	192.900
257.615	9.992	192.900
258.615	9.993	192.900
259.615	9.993	192.900
260.615	9.993	192.800
261.615	9.993	192.800
262.615	9.993	192.800
263.615	9.993	192.900
264.615	9.993	192.900
265.615	9.993	192.900
266.615	9.993	192.800
267.615	9.993	192.900
268.615	9.993	192.900
269.615	9.993	192.800
270.615	9.993	192.900
271.615	9.993	192.900
272.615	9.993	192.900
273.615	9.993	192.900
274.615	9.994	192.900
275.615	9.994	192.900
276.615	9.994	192.900
277.615	9.994	192.900
278.615	9.994	192.900
279.615	9.994	192.900
280.615	9.994	192.900
281.615	9.994	192.800
282.615	9.993	192.900
283.615	9.993	192.900
284.615	9.993	192.900
285.615	9.993	192.900
286.615	9.993	192.900
287.615	9.993	193.000
288.615	9.992	192.900
289.615	9.992	192.900
290.615	9.993	192.900
291.615	9.992	192.900
292.615	9.993	192.900
293.615	9.993	192.900
294.615	9.993	192.900
295.615	9.992	192.900
296.615	9.992	192.900
297.615	9.992	192.900
298.615	9.992	192.900
299.615	9.993	192.900
300.615	9.993	192.900
301.615	9.993	192.900
302.615	9.993	192.900
303.615	9.993	192.900
304.615	9.992	192.900
305.615	9.992	192.900
306.615	9.992	192.900
307.615	9.993	192.900
308.615	9.993	192.900
309.615	9.993	192.900
310.615	9.993	192.900
311.615	9.993	192.900
312.615	9.993	192.900
313.615	9.993	192.900
314.615	9.993	193.000
315.615	9.994	192.900
316.615	9.994	192.900
317.615	9.994	192.900
318.615	9.994	192.900
319.615	9.994	192.900
320.615	9.994	193.000
321.615	9.994	192.900
322.615	9.994	192.900
323.615	9.994	192.900
324.615	9.994	192.900
325.615	9.994	193.000
326.615	9.994	192.900
327.615	9.994	192.900
328.615	9.994	192.900
329.616	9.994	192.900
330.615	9.994	192.900
331.615	9.994	192.900
332.615	9.994	192.900
333.615	9.994	192.900
334.615	9.994	193.000
335.615	9.994	192.900
336.615	9.994	192.900
337.615	9.994	192.900
338.615	9.994	193.000
339.615	9.993	192.900
340.615	9.994	193.000
341.615	9.994	192.900
342.615	9.994	192.900
343.615	9.994	192.900
344.615	9.994	193.000
345.615	9.994	192.900
346.615	9.994	192.900
347.615	9.994	192.900
348.615	9.994	192.900
349.615	9.994	193.000
350.615	9.994	192.900
351.615	9.994	193.000
352.615	9.994	192.900
353.615	9.994	192.900
354.615	9.994	192.900
355.615	9.994	193.000
356.615	9.994	193.000
357.615	9.994	192.900
358.615	9.994	192.900
359.615	9.994	192.900
360.615	9.994	193.000
361.615	9.994	193.000
362.615	9.994	192.900
363.615	9.994	192.900
364.615	9.994	192.900
365.615	9.994	192.900
366.615	9.994	192.900
367.615	9.994	192.900
368.615	9.994	193.000
369.615	9.994	193.000
370.615	9.994	192.900
371.615	9.994	192.900
372.615	9.994	193.000
373.615	9.994	193.000
374.615	9.994	192.900
375.615	9.994	192.900
376.615	9.994	192.900
377.615	9.994	192.900
378.615	9.994	193.000
379.615	9.994	193.000
380.615	9.994	193.000
381.615	9.994	193.000
382.615	9.994	192.900
383.615	9.994	192.900
384.615	9.994	193.000
385.615	9.994	193.000
386.615	9.994	192.900
387.615	9.994	192.900
388.615	9.994	193.000
389.615	9.994	193.000
390.615	9.994	192.900
391.615	9.994	193.000
392.615	9.994	193.000
393.615	9.994	192.900
394.615	9.994	193.000
395.615	9.994	192.900
396.615	9.994	193.000
397.615	9.994	192.900
398.615	9.995	193.000
399.615	9.995	192.900
400.615	9.994	193.000
401.615	9.994	193.000
402.615	9.994	192.900
403.615	9.994	193.000
404.615	9.994	193.000
405.615	9.994	193.000
406.615	9.994	193.000
407.615	9.994	192.900
408.615	9.994	192.900
409.615	9.994	193.000
410.615	9.994	193.000
411.615	9.994	192.900
412.615	9.994	192.900
413.615	9.994	193.000
414.615	9.995	192.900
415.615	9.995	192.900
416.615	9.995	192.900
417.615	9.995	192.900
418.615	9.995	192.900
419.615	9.995	193.000
420.615	9.995	193.000
421.615	9.995	192.900
422.615	9.995	192.900
423.615	9.995	192.900
424.615	9.995	193.000
425.615	9.995	193.000
426.615	9.995	193.000
427.615	9.995	192.900
428.615	9.995	192.900
429.615	9.995	192.900
430.615	9.995	193.000
431.615	9.995	193.000
432.615	9.995	193.000
433.615	9.995	193.000
434.615	9.995	192.900
435.615	9.995	193.000
436.615	9.995	193.000
437.615	9.995	192.900
438.615	9.995	193.000
439.615	9.995	193.000
440.615	9.995	193.000
441.615	9.995	192.900
442.615	9.995	193.000
443.615	9.995	193.000
444.615	9.995	192.900
445.615	9.995	192.900
446.615	9.995	193.000
447.615	9.995	193.000
448.615	9.995	192.900
449.615	9.995	193.000
450.615	9.995	193.000
451.615	9.995	193.000
452.615	9.995	192.900
453.615	9.995	192.900
454.615	9.995	193.000
455.615	9.995	193.000
456.615	9.995	192.900
457.615	9.995	193.000
458.615	9.995	193.000
459.615	9.995	193.000
460.615	9.996	192.900
461.615	9.995	193.000
462.615	9.995	192.900
463.615	9.995	193.000
464.615	9.995	193.000
465.615	9.995	192.900
466.615	9.996	192.900
467.615	9.995	193.000
468.615	9.995	193.000
469.615	9.996	193.000
470.615	9.996	192.900
471.615	9.995	193.000
472.615	9.996	193.000
473.615	9.996	192.900
474.615	9.995	193.000
475.615	9.995	193.000
476.615	9.995	192.900
477.615	9.995	193.000
478.615	9.995	192.900
479.615	9.995	193.000
480.615	9.995	193.000
481.615	9.995	192.900
482.615	9.995	193.000
483.615	9.995	193.000
484.615	9.995	192.900
485.615	9.995	193.000
486.615	9.995	192.900
487.615	9.995	193.000
488.615	9.996	192.900
489.615	9.995	193.000
490.615	9.996	192.900
491.615	9.996	193.000
492.615	9.995	192.900
493.615	9.995	193.000
494.615	9.995	193.000
495.615	9.995	193.000
496.615	9.995	192.900
497.615	9.995	193.000
498.615	9.995	193.000
499.615	9.996	193.000
500.615	9.996	193.000
501.615	9.996	193.000
