0.341	4444.673	-0.522
0.841	4443.922	-0.523
1.341	4443.906	-0.523
1.841	4444.634	-0.522
2.341	4444.178	-0.521
2.841	4444.131	-0.525
3.341	4444.130	-0.524
3.841	4444.115	-0.523
4.341	4444.079	-0.523
4.841	4444.030	-0.522
5.341	4444.198	-0.524
5.841	4444.353	-0.524
6.341	4444.304	-0.521
6.841	4444.264	-0.525
7.341	4444.244	-0.522
7.841	4444.205	-0.521
8.341	4444.172	-0.522
8.841	4443.799	-0.520
9.341	4443.825	-0.521
9.841	4443.879	-0.524
10.341	4443.704	-0.519
10.841	4443.712	-0.522
11.341	4443.584	-0.519
11.841	4443.583	-0.522
12.341	4443.588	-0.524
12.841	4443.653	-0.520
13.341	4443.605	-0.525
13.841	4443.560	-0.522
14.341	4443.593	-0.520
14.841	4443.555	-0.523
15.341	4443.538	-0.521
15.841	4443.499	-0.518
16.341	4443.513	-0.522
16.841	4443.486	-0.522
17.341	4443.475	-0.521
17.841	4443.433	-0.520
18.341	4443.412	-0.520
18.841	4443.323	-0.522
19.341	4443.345	-0.517
19.841	4443.234	-0.522
20.341	4442.981	-0.520
20.841	4443.129	-0.521
21.341	4443.216	-0.521
21.841	4442.745	-0.520
22.341	4442.806	-0.523
22.841	4442.783	-0.517
23.341	4442.927	-0.522
23.841	4442.839	-0.519
24.341	4442.671	-0.521
24.841	4442.465	-0.520
25.341	4442.374	-0.521
25.841	4442.537	-0.520
26.341	4442.786	-0.521
26.841	4442.571	-0.518
27.341	4442.756	-0.518
27.841	4442.513	-0.522
28.341	4442.249	-0.516
28.841	4442.096	-0.520
29.341	4442.039	-0.517
29.841	4441.970	-0.518
30.341	4441.908	-0.521
30.841	4441.888	-0.520
31.341	4441.841	-0.520
31.841	4441.863	-0.515
32.341	4441.828	-0.518
32.841	4441.799	-0.521
33.341	4441.744	-0.517
33.841	4441.702	-0.517
34.341	4441.677	-0.521
34.841	4441.685	-0.520
35.341	4441.650	-0.518
35.841	4441.604	-0.520
36.341	4441.553	-0.518
36.841	4441.542	-0.521
37.341	4441.519	-0.518
37.841	4441.507	-0.516
38.341	4441.489	-0.520
38.841	4441.412	-0.517
39.341	4441.370	-0.517
39.841	4441.360	-0.519
40.341	4441.370	-0.516
40.841	4441.371	-0.521
41.341	4441.619	-0.516
41.841	4441.656	-0.517
42.341	4441.871	-0.517
42.841	4441.831	-0.519
43.341	4441.792	-0.518
43.841	4441.587	-0.518
44.341	4441.626	-0.519
44.841	4441.474	-0.516
45.341	4441.600	-0.518
45.841	4441.776	-0.517
46.341	4441.760	-0.516
46.841	4441.750	-0.520
47.341	4441.744	-0.516
47.841	4441.685	-0.517
48.341	4441.644	-0.518
48.841	4441.424	-0.515
49.341	4441.246	-0.517
49.841	4440.965	-0.517
50.341	4440.959	-0.516
50.841	4440.955	-0.516
51.341	4440.968	-0.513
51.841	4440.959	-0.515
52.341	4441.475	-0.514
52.841	4441.391	-0.519
53.341	4441.343	-0.513
53.841	4441.296	-0.515
54.341	4441.254	-0.515
54.841	4441.091	-0.516
55.341	4441.231	-0.516
55.841	4441.214	-0.516
56.341	4441.262	-0.518
56.841	4441.262	-0.517
57.341	4441.197	-0.516
57.841	4441.157	-0.516
58.341	4441.070	-0.515
58.841	4441.077	-0.514
59.341	4441.048	-0.514
59.841	4440.979	-0.515
60.341	4440.971	-0.514
60.841	4440.947	-0.516
61.341	4440.952	-0.514
61.841	4440.914	-0.517
62.341	4440.906	-0.517
62.841	4440.719	-0.515
63.341	4440.703	-0.516
63.841	4440.653	-0.515
64.341	4440.652	-0.513
64.841	4440.743	-0.511
65.341	4440.724	-0.515
65.841	4440.700	-0.514
66.341	4440.662	-0.511
66.841	4440.686	-0.516
67.341	4440.628	-0.516
67.841	4440.552	-0.513
68.341	4440.547	-0.512
68.841	4440.461	-0.514
69.341	4440.458	-0.514
69.841	4440.219	-0.512
70.341	4440.191	-0.514
70.841	4440.564	-0.515
71.341	4439.913	-0.514
71.841	4439.726	-0.514
72.341	4439.700	-0.514
72.841	4439.654	-0.514
73.341	4439.638	-0.515
73.841	4439.576	-0.510
74.341	4439.595	-0.514
74.841	4439.523	-0.514
75.341	4439.486	-0.512
75.841	4439.466	-0.512
76.341	4439.387	-0.511
76.841	4439.338	-0.515
77.341	4439.351	-0.513
77.841	4439.338	-0.515
78.341	4439.364	-0.515
78.841	4439.266	-0.514
79.341	4439.206	-0.513
79.841	4439.178	-0.512
80.341	4439.199	-0.510
80.841	4439.137	-0.512
81.341	4439.459	-0.515
81.841	4439.404	-0.515
82.341	4439.270	-0.512
82.841	4439.038	-0.514
83.341	4438.979	-0.512
83.841	4438.921	-0.515
84.341	4438.869	-0.512
84.841	4438.860	-0.511
85.341	4438.856	-0.511
85.841	4438.866	-0.514
86.341	4438.843	-0.513
86.841	4438.833	-0.513
87.341	4438.821	-0.512
87.841	4439.248	-0.513
88.341	4439.631	-0.511
88.841	4439.622	-0.514
89.341	4439.592	-0.509
89.841	4439.568	-0.511
90.341	4439.563	-0.508
90.841	4439.291	-0.510
91.341	4439.086	-0.511
91.841	4439.412	-0.512
92.341	4439.449	-0.512
92.841	4439.377	-0.510
93.341	4439.347	-0.510
93.841	4439.361	-0.510
94.341	4439.300	-0.508
94.841	4438.956	-0.512
95.341	4438.680	-0.512
95.841	4438.602	-0.510
96.341	4438.606	-0.511
96.841	4438.970	-0.511
97.341	4438.796	-0.514
97.841	4438.656	-0.510
98.341	4438.378	-0.513
98.841	4438.301	-0.511
99.341	4438.253	-0.513
99.841	4438.244	-0.510
100.341	4438.223	-0.513
100.841	4438.179	-0.511
101.341	4438.507	-0.511
101.841	4438.863	-0.510
102.341	4438.517	-0.509
102.841	4438.538	-0.512
103.341	4438.467	-0.509
103.841	4438.437	-0.506
104.341	4438.593	-0.509
104.841	4438.528	-0.509
105.341	4438.220	-0.511
105.841	4438.418	-0.506
106.341	4438.574	-0.510
106.841	4438.537	-0.509
107.341	4438.518	-0.510
107.841	4438.446	-0.511
108.341	4438.455	-0.509
108.841	4438.444	-0.508
109.341	4438.445	-0.512
109.841	4438.455	-0.512
110.341	4438.285	-0.510
110.841	4438.283	-0.507
111.341	4438.239	-0.509
111.841	4438.260	-0.509
112.341	4438.300	-0.509
112.841	4437.768	-0.507
113.341	4437.751	-0.507
113.841	4437.745	-0.509
114.341	4437.741	-0.506
114.841	4437.736	-0.512
115.341	4437.721	-0.511
115.841	4437.654	-0.507
116.341	4437.649	-0.510
116.841	4437.586	-0.510
117.341	4437.469	-0.509
117.841	4437.466	-0.510
118.341	4437.465	-0.510
118.841	4437.487	-0.505
119.341	4437.436	-0.508
119.841	4437.402	-0.509
120.341	4437.387	-0.508
120.841	4437.348	-0.508
121.341	4437.326	-0.510
121.841	4437.280	-0.508
122.341	4437.773	-0.510
122.841	4437.801	-0.505
123.341	4437.777	-0.506
123.841	4437.742	-0.507
124.341	4437.720	-0.509
124.841	4437.668	-0.505
125.341	4437.639	-0.508
125.841	4437.650	-0.508
126.341	4437.612	-0.507
126.841	4437.669	-0.507
127.341	4437.602	-0.507
127.841	4437.047	-0.507
128.341	4437.018	-0.510
128.841	4437.546	-0.506
129.341	4437.545	-0.507
129.841	4437.551	-0.505
130.341	4437.488	-0.505
130.841	4437.490	-0.506
131.341	4437.403	-0.506
131.841	4437.393	-0.506
132.341	4437.347	-0.507
132.841	4437.327	-0.507
133.341	4437.329	-0.506
133.841	4437.315	-0.506
134.341	4437.291	-0.508
134.841	4437.249	-0.508
135.341	4437.238	-0.509
135.841	4437.227	-0.506
136.341	4437.175	-0.506
136.841	4437.192	-0.504
137.341	4437.121	-0.505
137.841	4436.889	-0.508
138.341	4437.030	-0.502
138.841	4436.894	-0.506
139.341	4436.960	-0.507
139.841	4436.938	-0.502
140.341	4436.981	-0.507
140.841	4436.968	-0.505
141.341	4436.899	-0.507
141.841	4436.760	-0.505
142.341	4436.487	-0.506
142.841	4436.304	-0.505
143.341	4436.269	-0.507
143.841	4436.314	-0.505
144.341	4436.495	-0.506
144.841	4436.313	-0.506
145.341	4436.308	-0.504
145.841	4436.277	-0.503
146.341	4436.207	-0.506
146.841	4436.197	-0.507
147.341	4436.156	-0.506
147.841	4436.112	-0.505
148.341	4436.174	-0.504
148.841	4436.118	-0.504
149.341	4436.108	-0.505
149.841	4436.094	-0.504
150.341	4436.065	-0.504
150.841	4436.031	-0.505
151.341	4435.908	-0.507
151.841	4435.862	-0.509
152.341	4435.801	-0.506
152.841	4435.818	-0.501
153.341	4435.823	-0.504
153.841	4435.829	-0.506
154.341	4435.772	-0.504
154.841	4435.761	-0.504
155.341	4435.910	-0.505
155.841	4435.727	-0.505
156.341	4435.722	-0.504
156.841	4435.706	-0.504
157.341	4435.680	-0.502
157.841	4435.661	-0.503
158.341	4436.141	-0.502
158.841	4436.112	-0.504
159.341	4436.101	-0.504
159.841	4436.030	-0.506
160.341	4436.035	-0.502
160.841	4436.067	-0.502
161.341	4435.994	-0.507
161.841	4435.520	-0.507
162.341	4435.360	-0.503
162.841	4435.295	-0.503
163.341	4435.487	-0.500
163.841	4435.233	-0.503
164.341	4435.228	-0.506
164.841	4435.234	-0.504
165.341	4435.203	-0.504
165.841	4435.192	-0.501
166.341	4435.177	-0.504
166.841	4435.115	-0.502
167.341	4435.088	-0.501
167.841	4435.081	-0.505
168.341	4435.085	-0.503
168.841	4435.086	-0.504
169.341	4435.083	-0.504
169.841	4435.047	-0.505
170.341	4435.024	-0.503
170.841	4435.152	-0.504
171.341	4434.954	-0.506
171.841	4434.924	-0.502
172.341	4435.342	-0.503
172.841	4434.882	-0.501
173.341	4434.853	-0.500
173.841	4434.846	-0.500
174.341	4434.849	-0.501
174.841	4434.840	-0.499
175.341	4434.929	-0.501
175.841	4435.110	-0.502
176.341	4434.855	-0.503
176.841	4434.856	-0.501
177.341	4434.937	-0.503
177.841	4434.975	-0.503
178.341	4434.698	-0.503
178.841	4434.654	-0.502
179.341	4434.657	-0.501
179.841	4434.741	-0.503
180.341	4434.778	-0.499
180.841	4434.730	-0.501
181.341	4434.760	-0.503
181.841	4434.743	-0.500
182.341	4434.820	-0.502
182.841	4434.719	-0.499
183.341	4434.688	-0.503
183.841	4434.627	-0.500
184.341	4434.637	-0.500
184.841	4434.539	-0.500
185.341	4434.506	-0.498
185.841	4434.496	-0.502
186.341	4434.490	-0.499
186.841	4434.458	-0.503
187.341	4434.375	-0.503
187.841	4434.427	-0.503
188.341	4434.358	-0.500
188.841	4434.301	-0.499
189.341	4434.314	-0.501
189.841	4434.318	-0.502
190.341	4434.287	-0.502
190.841	4434.256	-0.497
191.341	4434.209	-0.500
191.841	4434.214	-0.497
192.341	4434.215	-0.495
192.841	4434.161	-0.501
193.341	4434.137	-0.496
193.841	4434.122	-0.504
194.341	4434.060	-0.499
194.841	4434.067	-0.500
195.341	4434.121	-0.499
195.841	4434.063	-0.495
196.341	4433.972	-0.495
196.841	4433.958	-0.498
197.341	4433.952	-0.498
197.841	4433.863	-0.500
198.341	4434.248	-0.499
198.841	4434.042	-0.503
199.341	4433.750	-0.500
199.841	4433.748	-0.496
200.341	4433.720	-0.500
200.841	4433.696	-0.501
201.341	4433.595	-0.503
201.841	4433.584	-0.500
202.341	4433.591	-0.498
202.841	4433.587	-0.498
203.341	4433.542	-0.499
203.841	4433.505	-0.498
204.341	4433.840	-0.499
204.841	4433.653	-0.496
205.341	4433.775	-0.497
205.841	4433.437	-0.499
206.341	4433.428	-0.501
206.841	4433.416	-0.504
207.341	4433.357	-0.499
207.841	4433.357	-0.499
208.341	4433.371	-0.499
208.841	4433.344	-0.500
209.341	4433.310	-0.498
209.841	4433.311	-0.499
210.341	4433.268	-0.496
210.841	4433.259	-0.497
211.341	4433.231	-0.497
211.841	4433.199	-0.498
212.341	4433.218	-0.498
212.841	4433.198	-0.497
213.341	4433.207	-0.498
213.841	4433.197	-0.495
214.341	4433.175	-0.498
214.841	4433.155	-0.498
215.341	4433.230	-0.497
215.841	4433.202	-0.499
216.341	4433.263	-0.497
216.841	4433.173	-0.498
217.341	4433.169	-0.500
217.841	4433.905	-0.499
218.341	4433.587	-0.499
218.841	4433.526	-0.498
219.341	4433.475	-0.498
219.841	4433.488	-0.497
220.341	4433.445	-0.498
220.841	4433.282	-0.496
221.341	4433.099	-0.496
221.841	4433.116	-0.495
222.341	4432.979	-0.494
222.841	4433.236	-0.497
223.341	4433.187	-0.496
223.841	4433.696	-0.499
224.341	4433.628	-0.499
224.841	4433.522	-0.498
225.341	4433.493	-0.496
225.841	4433.494	-0.494
226.341	4433.461	-0.495
226.841	4433.474	-0.498
227.341	4433.482	-0.496
227.841	4433.430	-0.498
228.341	4433.420	-0.498
228.841	4433.431	-0.497
229.341	4433.423	-0.494
229.841	4433.389	-0.496
230.341	4433.408	-0.494
230.841	4433.395	-0.497
231.341	4432.957	-0.498
231.841	4433.080	-0.494
232.341	4432.956	-0.498
232.841	4433.007	-0.496
233.341	4432.985	-0.495
233.841	4432.918	-0.495
234.341	4432.896	-0.494
234.841	4433.210	-0.495
235.341	4433.224	-0.492
235.841	4433.182	-0.498
236.341	4433.163	-0.496
236.841	4432.922	-0.498
237.341	4432.815	-0.494
237.841	4432.888	-0.497
238.341	4432.887	-0.496
238.841	4432.902	-0.495
239.341	4432.851	-0.497
239.841	4432.908	-0.494
240.341	4432.909	-0.498
240.841	4432.906	-0.497
241.341	4432.506	-0.496
241.841	4432.773	-0.494
242.341	4432.621	-0.495
242.841	4432.875	-0.497
243.341	4432.750	-0.496
243.841	4432.729	-0.492
244.341	4432.451	-0.498
244.841	4432.516	-0.498
245.341	4432.366	-0.495
245.841	4432.725	-0.496
246.341	4432.709	-0.495
246.841	4432.682	-0.497
247.341	4432.672	-0.494
247.841	4432.661	-0.495
248.341	4432.666	-0.496
248.841	4432.639	-0.496
249.341	4432.617	-0.495
249.841	4432.618	-0.492
250.341	4432.588	-0.493
250.841	4432.584	-0.495
251.341	4432.624	-0.493
251.841	4432.592	-0.494
252.341	4432.565	-0.497
252.841	4432.537	-0.494
253.341	4432.512	-0.491
253.841	4432.525	-0.494
254.341	4432.443	-0.494
254.841	4432.420	-0.492
255.341	4432.403	-0.491
255.841	4432.384	-0.495
256.341	4432.371	-0.496
256.841	4432.320	-0.492
257.341	4432.357	-0.494
257.841	4432.332	-0.495
258.341	4432.311	-0.492
258.841	4432.332	-0.494
259.341	4432.305	-0.495
259.841	4432.311	-0.496
260.341	4432.305	-0.494
260.841	4432.270	-0.494
261.341	4432.282	-0.495
261.841	4432.287	-0.494
262.341	4432.272	-0.491
262.841	4432.251	-0.492
263.341	4432.209	-0.494
263.841	4432.157	-0.495
264.341	4432.125	-0.492
264.841	4432.125	-0.493
265.341	4432.098	-0.493
265.841	4432.059	-0.493
266.341	4432.040	-0.492
266.841	4432.046	-0.493
267.341	4432.065	-0.496
267.841	4432.034	-0.493
268.341	4432.020	-0.493
268.841	4431.656	-0.493
269.341	4431.568	-0.493
269.841	4431.500	-0.496
270.341	4431.444	-0.494
270.841	4431.421	-0.491
271.341	4431.236	-0.490
271.841	4431.259	-0.493
272.341	4431.830	-0.492
272.841	4431.216	-0.493
273.341	4431.231	-0.493
273.841	4431.352	-0.491
274.341	4431.239	-0.491
274.841	4431.452	-0.491
275.341	4431.445	-0.492
275.841	4431.427	-0.490
276.341	4431.123	-0.494
276.841	4431.112	-0.494
277.341	4431.043	-0.491
277.841	4431.066	-0.492
278.341	4431.314	-0.492
278.841	4431.437	-0.491
279.341	4431.556	-0.491
279.841	4431.048	-0.493
280.341	4431.532	-0.492
280.841	4431.507	-0.491
281.341	4431.520	-0.489
281.841	4431.494	-0.491
282.341	4431.389	-0.491
282.841	4431.390	-0.491
283.341	4431.339	-0.491
283.841	4431.345	-0.493
284.341	4431.297	-0.491
284.841	4431.316	-0.492
285.341	4431.259	-0.493
285.841	4431.250	-0.490
286.341	4431.186	-0.493
286.841	4431.198	-0.491
287.341	4431.043	-0.493
287.841	4430.913	-0.489
288.341	4430.988	-0.489
288.841	4431.210	-0.494
289.341	4431.388	-0.491
289.841	4431.397	-0.493
290.341	4431.407	-0.489
290.841	4431.390	-0.490
291.341	4431.369	-0.491
291.841	4431.365	-0.489
292.341	4431.264	-0.492
292.841	4431.286	-0.489
293.341	4431.323	-0.494
293.841	4431.317	-0.488
294.341	4431.268	-0.493
294.841	4431.207	-0.494
295.341	4431.223	-0.490
295.841	4431.250	-0.492
296.341	4431.244	-0.487
296.841	4431.182	-0.489
297.341	4431.164	-0.492
297.841	4431.179	-0.488
298.341	4431.121	-0.492
298.841	4431.125	-0.490
299.341	4431.142	-0.491
299.841	4431.129	-0.490
300.341	4431.139	-0.489
300.841	4431.139	-0.488
301.341	4431.124	-0.488
301.841	4431.082	-0.491
302.341	4431.052	-0.489
302.841	4431.016	-0.491
303.341	4431.034	-0.492
303.841	4431.043	-0.488
304.341	4431.056	-0.492
304.841	4431.047	-0.488
305.341	4430.783	-0.487
305.841	4430.474	-0.489
306.341	4430.347	-0.489
306.841	4430.342	-0.492
307.341	4430.348	-0.488
307.841	4430.298	-0.487
308.341	4430.291	-0.490
308.841	4430.318	-0.490
309.341	4430.347	-0.487
309.841	4430.371	-0.490
310.341	4430.365	-0.489
310.841	4430.602	-0.487
311.341	4430.353	-0.489
311.841	4430.279	-0.487
312.341	4430.531	-0.488
312.841	4430.667	-0.488
313.341	4430.850	-0.490
313.841	4430.459	-0.491
314.341	4430.815	-0.486
314.841	4430.518	-0.490
315.341	4430.238	-0.489
315.841	4430.263	-0.488
316.341	4430.445	-0.488
316.841	4430.095	-0.487
317.341	4430.075	-0.491
317.841	4430.095	-0.486
318.341	4430.068	-0.487
318.841	4430.065	-0.490
319.341	4430.067	-0.486
319.841	4429.985	-0.490
320.341	4429.944	-0.486
320.841	4429.931	-0.487
321.341	4429.924	-0.491
321.841	4429.927	-0.489
322.341	4429.914	-0.491
322.841	4429.888	-0.487
323.341	4429.870	-0.488
323.841	4429.791	-0.487
324.341	4429.841	-0.487
324.841	4429.926	-0.488
325.341	4429.788	-0.489
325.841	4429.867	-0.486
326.341	4429.942	-0.486
326.841	4430.165	-0.487
327.341	4430.517	-0.487
327.841	4430.492	-0.489
328.341	4430.472	-0.486
328.841	4430.089	-0.489
329.341	4429.911	-0.488
329.841	4430.041	-0.486
330.341	4430.047	-0.489
330.841	4429.900	-0.486
331.341	4429.896	-0.485
331.841	4430.120	-0.485
332.341	4429.634	-0.484
332.841	4429.690	-0.487
333.341	4429.601	-0.489
333.841	4429.589	-0.486
334.341	4429.665	-0.487
334.841	4429.640	-0.488
335.341	4429.609	-0.486
335.841	4429.611	-0.486
336.341	4429.611	-0.486
336.841	4429.618	-0.487
337.341	4429.586	-0.489
337.841	4429.612	-0.483
338.341	4429.609	-0.487
338.841	4429.592	-0.487
339.341	4429.592	-0.488
339.841	4429.622	-0.485
340.341	4429.632	-0.489
340.841	4429.630	-0.484
341.341	4429.636	-0.487
341.841	4429.611	-0.488
342.341	4429.587	-0.488
342.841	4429.580	-0.487
343.341	4429.565	-0.486
343.841	4429.511	-0.483
344.341	4429.428	-0.487
344.841	4429.415	-0.486
345.341	4429.403	-0.486
345.841	4429.412	-0.485
346.341	4429.413	-0.485
346.841	4429.460	-0.484
347.341	4429.510	-0.486
347.841	4429.460	-0.484
348.341	4429.447	-0.486
348.841	4429.463	-0.486
349.341	4429.514	-0.488
349.841	4429.489	-0.485
350.341	4429.510	-0.486
350.841	4429.515	-0.486
351.341	4429.499	-0.487
351.841	4429.491	-0.487
352.341	4429.537	-0.485
352.841	4429.526	-0.483
353.341	4429.550	-0.484
353.841	4429.512	-0.484
354.341	4429.528	-0.484
354.841	4429.554	-0.485
355.341	4429.515	-0.485
355.841	4429.549	-0.483
356.341	4429.526	-0.486
356.841	4429.504	-0.486
357.341	4429.226	-0.485
357.841	4429.247	-0.486
358.341	4429.107	-0.484
358.841	4429.048	-0.485
359.341	4429.330	-0.483
359.841	4429.364	-0.483
360.341	4429.380	-0.484
360.841	4429.365	-0.486
361.341	4429.196	-0.483
361.841	4429.133	-0.485
362.341	4429.101	-0.482
362.841	4429.129	-0.484
363.341	4429.108	-0.484
363.841	4429.106	-0.486
364.341	4429.107	-0.481
364.841	4429.078	-0.485
365.341	4429.111	-0.484
365.841	4429.092	-0.483
366.341	4429.145	-0.481
366.841	4429.153	-0.484
367.341	4429.130	-0.483
367.841	4429.138	-0.485
368.341	4429.130	-0.484
368.841	4429.127	-0.484
369.341	4429.117	-0.485
369.841	4429.169	-0.485
370.341	4429.171	-0.482
370.841	4429.198	-0.487
371.341	4429.189	-0.484
371.841	4429.185	-0.485
372.341	4429.201	-0.484
372.841	4429.224	-0.482
373.341	4429.272	-0.483
373.841	4429.263	-0.486
374.341	4429.230	-0.482
374.841	4429.246	-0.483
375.341	4429.236	-0.483
375.841	4429.335	-0.484
376.341	4429.320	-0.484
376.841	4429.315	-0.485
377.341	4429.326	-0.481
377.841	4429.304	-0.484
378.341	4428.700	-0.483
378.841	4428.622	-0.481
379.341	4428.627	-0.486
379.841	4428.730	-0.480
380.341	4428.793	-0.482
380.841	4429.159	-0.482
381.341	4429.136	-0.481
381.841	4429.112	-0.483
382.341	4429.101	-0.483
382.841	4429.064	-0.485
383.341	4429.095	-0.482
383.841	4429.067	-0.482
384.341	4428.972	-0.484
384.841	4428.105	-0.481
385.341	4428.240	-0.484
385.841	4428.122	-0.480
386.341	4428.014	-0.483
386.841	4427.997	-0.481
387.341	4427.974	-0.482
387.841	4427.988	-0.483
388.341	4427.997	-0.480
388.841	4428.008	-0.483
389.341	4427.969	-0.483
389.841	4427.966	-0.483
390.341	4427.944	-0.484
390.841	4427.924	-0.483
391.341	4427.926	-0.483
391.841	4427.947	-0.482
392.341	4427.929	-0.480
392.841	4427.912	-0.481
393.341	4427.900	-0.482
393.841	4428.022	-0.483
394.341	4427.850	-0.480
394.841	4427.848	-0.481
395.341	4427.850	-0.479
395.841	4428.149	-0.482
396.341	4428.340	-0.480
396.841	4428.379	-0.480
397.341	4428.423	-0.481
397.841	4428.453	-0.482
398.341	4428.576	-0.481
398.841	4428.555	-0.479
399.341	4428.573	-0.478
399.841	4428.598	-0.478
400.341	4428.620	-0.479
400.841	4428.209	-0.485
401.341	4428.223	-0.481
401.841	4428.374	-0.479
402.341	4428.355	-0.483
402.841	4428.523	-0.480
403.341	4428.657	-0.480
403.841	4428.690	-0.479
404.341	4427.931	-0.479
404.841	4427.896	-0.481
405.341	4427.900	-0.481
405.841	4427.969	-0.482
406.341	4428.012	-0.477
406.841	4427.878	-0.480
407.341	4427.935	-0.480
407.841	4427.850	-0.480
408.341	4427.899	-0.481
408.841	4428.202	-0.478
409.341	4428.192	-0.481
409.841	4427.892	-0.478
410.341	4427.765	-0.479
410.841	4427.745	-0.480
411.341	4427.796	-0.482
411.841	4427.768	-0.480
412.341	4427.916	-0.481
412.841	4427.998	-0.480
413.341	4428.501	-0.480
413.841	4428.462	-0.478
414.341	4428.480	-0.483
414.841	4428.381	-0.481
415.341	4427.798	-0.482
415.841	4427.791	-0.479
416.341	4427.798	-0.480
416.841	4427.749	-0.477
417.341	4427.766	-0.480
417.841	4427.802	-0.481
418.341	4427.758	-0.479
418.841	4427.701	-0.482
419.341	4427.604	-0.480
419.841	4427.896	-0.483
420.341	4428.019	-0.480
420.841	4427.945	-0.478
421.341	4428.161	-0.481
421.841	4428.223	-0.479
422.341	4428.209	-0.475
422.841	4428.145	-0.480
423.341	4428.103	-0.478
423.841	4428.135	-0.480
424.341	4428.144	-0.479
424.841	4428.138	-0.478
425.341	4428.152	-0.477
425.841	4428.157	-0.480
426.341	4428.065	-0.479
426.841	4428.088	-0.481
427.341	4428.117	-0.478
427.841	4428.007	-0.478
428.341	4428.021	-0.478
428.841	4428.104	-0.476
429.341	4428.174	-0.477
429.841	4428.133	-0.480
430.341	4428.074	-0.476
430.841	4428.073	-0.479
431.341	4428.103	-0.478
431.841	4428.060	-0.476
432.341	4427.943	-0.478
432.841	4427.974	-0.477
433.341	4428.017	-0.479
433.841	4427.901	-0.473
434.341	4427.878	-0.478
434.841	4427.890	-0.479
435.341	4427.844	-0.476
435.841	4427.863	-0.478
436.341	4427.867	-0.477
436.841	4427.911	-0.477
437.341	4427.888	-0.477
437.841	4427.829	-0.476
438.341	4427.876	-0.476
438.841	4427.812	-0.474
439.341	4427.790	-0.480
439.841	4427.787	-0.477
440.341	4427.825	-0.476
440.841	4427.797	-0.478
441.341	4427.741	-0.476
441.841	4427.747	-0.477
442.341	4427.764	-0.479
442.841	4427.724	-0.477
443.341	4427.538	-0.475
443.841	4427.136	-0.478
444.341	4427.144	-0.479
444.841	4427.097	-0.476
445.341	4427.056	-0.477
445.841	4427.080	-0.475
446.341	4427.058	-0.479
446.841	4427.098	-0.473
447.341	4427.078	-0.477
447.841	4427.062	-0.475
448.341	4427.080	-0.473
448.841	4427.087	-0.476
449.341	4427.146	-0.477
449.841	4427.087	-0.477
450.341	4427.097	-0.475
450.841	4427.055	-0.480
451.341	4427.009	-0.478
451.841	4426.958	-0.476
452.341	4427.069	-0.477
452.841	4427.156	-0.475
453.341	4427.061	-0.477
453.841	4427.059	-0.476
454.341	4427.044	-0.476
454.841	4427.074	-0.476
455.341	4426.955	-0.478
455.841	4426.846	-0.479
456.341	4426.813	-0.475
456.841	4426.829	-0.474
457.341	4426.861	-0.475
457.841	4426.864	-0.473
458.341	4427.005	-0.478
458.841	4427.030	-0.476
459.341	4427.012	-0.477
459.841	4427.045	-0.476
460.341	4426.943	-0.476
460.841	4426.867	-0.477
461.341	4427.044	-0.475
461.841	4427.309	-0.478
462.341	4427.396	-0.476
462.841	4427.118	-0.474
463.341	4426.959	-0.475
463.841	4426.785	-0.476
464.341	4426.728	-0.476
464.841	4426.755	-0.476
465.341	4426.680	-0.476
465.841	4426.621	-0.476
466.341	4426.649	-0.473
466.841	4427.071	-0.474
467.341	4427.230	-0.471
467.841	4427.218	-0.475
468.341	4427.165	-0.475
468.841	4427.151	-0.477
469.341	4427.202	-0.476
469.841	4427.236	-0.475
470.341	4427.142	-0.475
470.841	4427.083	-0.472
471.341	4427.033	-0.474
471.841	4427.010	-0.475
472.341	4427.024	-0.471
472.841	4427.031	-0.475
473.341	4427.066	-0.472
473.841	4427.052	-0.480
474.341	4427.072	-0.474
474.841	4427.086	-0.473
475.341	4427.077	-0.475
475.841	4427.044	-0.472
476.341	4427.036	-0.476
476.841	4427.035	-0.474
477.341	4427.059	-0.473
477.841	4427.068	-0.476
478.341	4427.062	-0.472
478.841	4427.020	-0.474
479.341	4426.962	-0.473
479.841	4426.920	-0.474
480.341	4426.872	-0.477
480.841	4426.805	-0.477
481.341	4426.769	-0.473
481.841	4426.758	-0.471
482.341	4426.758	-0.474
482.841	4426.732	-0.475
483.341	4426.708	-0.474
483.841	4426.652	-0.471
484.341	4426.565	-0.473
484.841	4426.684	-0.475
485.341	4426.646	-0.472
485.841	4426.487	-0.475
486.341	4426.660	-0.472
486.841	4426.136	-0.474
487.341	4426.043	-0.475
487.841	4426.062	-0.473
488.341	4426.137	-0.473
488.841	4426.165	-0.472
489.341	4426.163	-0.474
489.841	4426.190	-0.474
490.341	4426.232	-0.471
490.841	4426.226	-0.471
491.341	4426.249	-0.471
491.841	4425.953	-0.472
492.341	4425.908	-0.474
492.841	4426.262	-0.469
493.341	4426.257	-0.471
493.841	4426.239	-0.472
494.341	4425.965	-0.471
494.841	4425.953	-0.470
495.341	4426.369	-0.472
495.841	4426.508	-0.469
496.341	4426.470	-0.471
496.841	4426.478	-0.473
497.341	4426.494	-0.470
497.841	4426.481	-0.471
498.341	4426.475	-0.473
498.841	4426.430	-0.472
499.341	4426.819	-0.471
499.841	4426.812	-0.474
500.341	4426.817	-0.470
500.841	4426.711	-0.474
501.341	4426.666	-0.476
501.841	4426.694	-0.474
502.341	4426.631	-0.472
502.841	4426.592	-0.469
503.341	4426.617	-0.474
503.841	4426.621	-0.473
504.341	4426.616	-0.470
504.841	4426.612	-0.473
505.341	4426.596	-0.473
505.841	4426.608	-0.472
506.341	4426.557	-0.470
506.841	4426.530	-0.471
507.341	4426.514	-0.473
507.841	4426.457	-0.472
508.341	4426.455	-0.471
508.841	4426.424	-0.469
509.341	4426.375	-0.473
509.841	4426.358	-0.472
510.341	4426.321	-0.469
510.841	4426.298	-0.469
511.341	4426.269	-0.470
511.841	4426.244	-0.469
512.341	4426.201	-0.472
512.841	4426.155	-0.471
513.341	4426.116	-0.473
513.841	4426.149	-0.471
514.341	4426.131	-0.470
514.841	4426.102	-0.470
515.341	4426.104	-0.472
515.841	4426.062	-0.471
516.341	4426.014	-0.469
516.841	4425.992	-0.470
517.341	4425.949	-0.470
517.841	4425.969	-0.472
518.341	4425.954	-0.470
518.841	4425.961	-0.468
519.341	4426.214	-0.471
519.841	4426.219	-0.470
520.341	4426.218	-0.468
520.841	4426.177	-0.471
521.341	4426.187	-0.471
521.841	4425.993	-0.469
522.341	4425.996	-0.471
522.841	4425.597	-0.471
523.341	4426.016	-0.468
523.841	4426.083	-0.471
524.341	4426.093	-0.470
524.841	4426.149	-0.470
525.341	4426.147	-0.469
525.841	4426.220	-0.466
526.341	4426.140	-0.468
526.841	4426.128	-0.469
527.341	4426.299	-0.470
527.841	4426.252	-0.470
528.341	4426.343	-0.468
528.841	4426.210	-0.471
529.341	4426.185	-0.469
529.841	4425.918	-0.470
530.341	4425.921	-0.470
530.841	4426.203	-0.470
531.341	4426.287	-0.469
531.841	4426.157	-0.468
532.341	4425.998	-0.470
532.841	4425.636	-0.467
533.341	4425.547	-0.468
533.841	4426.057	-0.471
534.341	4426.099	-0.470
534.841	4426.084	-0.471
535.341	4426.070	-0.466
535.841	4426.078	-0.469
536.341	4426.100	-0.471
536.841	4426.105	-0.470
537.341	4426.048	-0.470
537.841	4426.049	-0.467
538.341	4426.072	-0.467
538.841	4426.054	-0.466
539.341	4426.032	-0.470
539.841	4426.004	-0.472
540.341	4425.973	-0.463
540.841	4425.939	-0.469
541.341	4425.888	-0.466
541.841	4425.906	-0.466
542.341	4425.881	-0.469
542.841	4425.863	-0.468
543.341	4425.859	-0.468
543.841	4425.872	-0.466
544.341	4425.851	-0.470
544.841	4425.801	-0.470
545.341	4425.765	-0.467
545.841	4425.726	-0.468
546.341	4425.744	-0.467
546.841	4425.742	-0.470
547.341	4425.754	-0.467
547.841	4425.734	-0.469
548.341	4425.717	-0.468
548.841	4425.682	-0.468
549.341	4425.682	-0.470
549.841	4425.703	-0.471
550.341	4425.655	-0.468
550.841	4425.624	-0.469
551.341	4425.602	-0.468
551.841	4425.593	-0.466
552.341	4425.533	-0.471
552.841	4425.578	-0.469
553.341	4425.541	-0.466
553.841	4425.507	-0.469
554.341	4425.517	-0.467
554.841	4425.446	-0.469
555.341	4425.357	-0.469
555.841	4425.334	-0.466
556.341	4425.262	-0.470
556.841	4425.265	-0.464
557.341	4425.266	-0.469
557.841	4425.257	-0.466
558.341	4425.270	-0.467
558.841	4425.265	-0.471
559.341	4425.231	-0.467
559.841	4425.245	-0.469
560.341	4425.232	-0.466
560.841	4425.219	-0.467
561.341	4425.147	-0.466
561.841	4425.108	-0.464
562.341	4425.666	-0.466
562.841	4425.707	-0.465
563.341	4425.728	-0.466
563.841	4425.676	-0.470
564.341	4425.678	-0.466
564.841	4425.587	-0.468
565.341	4425.570	-0.467
565.841	4425.600	-0.466
566.341	4425.574	-0.464
566.841	4425.562	-0.467
567.341	4425.595	-0.466
567.841	4425.629	-0.466
568.341	4425.490	-0.468
568.841	4425.432	-0.467
569.341	4425.556	-0.469
569.841	4425.527	-0.464
570.341	4425.445	-0.466
570.841	4425.300	-0.468
571.341	4425.496	-0.466
571.841	4425.476	-0.465
572.341	4425.310	-0.466
572.841	4425.300	-0.469
573.341	4425.325	-0.466
573.841	4425.369	-0.466
574.341	4425.337	-0.466
574.841	4425.341	-0.467
575.341	4425.368	-0.467
575.841	4425.359	-0.468
576.341	4425.305	-0.464
576.841	4425.342	-0.467
577.341	4425.325	-0.463
577.841	4425.358	-0.465
578.341	4425.350	-0.469
578.841	4425.333	-0.466
579.341	4425.325	-0.467
579.841	4425.247	-0.463
580.341	4425.475	-0.465
580.841	4425.486	-0.463
581.341	4425.455	-0.468
581.841	4425.408	-0.465
582.341	4425.494	-0.466
582.841	4425.468	-0.466
583.341	4425.616	-0.464
583.841	4425.620	-0.462
584.341	4425.003	-0.463
584.841	4424.920	-0.465
585.341	4424.954	-0.468
585.841	4424.920	-0.466
586.341	4424.789	-0.465
586.841	4424.805	-0.466
587.341	4424.883	-0.468
587.841	4424.858	-0.465
588.341	4424.784	-0.462
588.841	4424.802	-0.466
589.341	4424.894	-0.464
589.841	4424.785	-0.465
590.341	4424.813	-0.465
590.841	4424.885	-0.466
591.341	4424.837	-0.466
591.841	4424.818	-0.464
592.341	4424.802	-0.466
592.841	4424.838	-0.464
593.341	4424.848	-0.467
593.841	4424.865	-0.466
594.341	4424.876	-0.466
594.841	4424.849	-0.467
595.341	4424.505	-0.463
595.841	4424.410	-0.463
596.341	4424.461	-0.462
596.841	4424.844	-0.464
597.341	4424.808	-0.465
597.841	4424.792	-0.466
598.341	4424.793	-0.464
598.841	4424.811	-0.467
599.341	4424.770	-0.467
599.841	4424.759	-0.464
600.341	4424.710	-0.464
600.841	4424.747	-0.465
601.341	4424.741	-0.464
601.841	4424.754	-0.466
602.341	4424.780	-0.463
602.841	4424.749	-0.462
603.341	4424.717	-0.463
603.841	4424.786	-0.465
604.341	4424.764	-0.467
604.841	4424.747	-0.463
605.341	4424.706	-0.464
605.841	4424.637	-0.463
606.341	4424.687	-0.461
606.841	4424.743	-0.465
607.341	4424.755	-0.463
607.841	4424.639	-0.462
608.341	4424.603	-0.461
608.841	4424.671	-0.462
609.341	4424.589	-0.464
609.841	4424.799	-0.463
610.341	4424.661	-0.462
610.841	4424.621	-0.465
611.341	4424.522	-0.463
611.841	4424.560	-0.462
612.341	4424.665	-0.463
612.841	4424.742	-0.464
613.341	4424.764	-0.464
613.841	4424.734	-0.465
614.341	4424.731	-0.461
614.841	4425.071	-0.462
615.341	4425.054	-0.459
615.841	4424.863	-0.464
616.341	4425.002	-0.462
616.841	4425.005	-0.463
617.341	4424.985	-0.465
617.841	4424.969	-0.464
618.341	4424.668	-0.465
618.841	4424.274	-0.464
619.341	4424.784	-0.462
619.841	4424.813	-0.463
620.341	4424.709	-0.464
620.841	4424.818	-0.463
621.341	4424.800	-0.461
621.841	4424.843	-0.461
622.341	4424.837	-0.463
622.841	4424.742	-0.462
623.341	4424.744	-0.463
623.841	4424.672	-0.462
624.341	4424.813	-0.465
624.841	4424.734	-0.465
625.341	4424.823	-0.465
625.841	4424.859	-0.461
626.341	4424.869	-0.464
626.841	4424.600	-0.464
627.341	4424.596	-0.462
627.841	4424.790	-0.463
628.341	4424.641	-0.464
628.841	4424.703	-0.462
629.341	4424.266	-0.464
629.841	4424.301	-0.463
630.341	4424.312	-0.463
630.841	4424.312	-0.463
631.341	4424.291	-0.465
631.841	4424.292	-0.462
632.341	4424.298	-0.460
632.841	4424.276	-0.462
633.341	4424.244	-0.464
633.841	4424.227	-0.461
634.341	4424.201	-0.465
634.841	4424.192	-0.461
635.341	4424.181	-0.462
635.841	4424.161	-0.461
636.341	4424.089	-0.464
636.841	4424.075	-0.462
637.341	4424.048	-0.460
637.841	4424.036	-0.458
638.341	4424.027	-0.459
638.841	4423.974	-0.465
639.341	4423.877	-0.462
639.841	4423.854	-0.462
640.341	4423.835	-0.465
640.841	4423.867	-0.463
641.341	4423.866	-0.463
641.841	4423.913	-0.461
642.341	4423.941	-0.462
642.841	4423.917	-0.460
643.341	4423.952	-0.461
643.841	4423.991	-0.460
644.341	4423.985	-0.460
644.841	4424.002	-0.464
645.341	4424.000	-0.461
645.841	4424.011	-0.460
646.341	4423.985	-0.461
646.841	4423.990	-0.462
647.341	4423.987	-0.460
647.841	4423.981	-0.462
648.341	4423.990	-0.462
648.841	4423.978	-0.459
649.341	4423.961	-0.461
649.841	4423.935	-0.463
650.341	4423.948	-0.462
650.841	4423.982	-0.461
651.341	4423.976	-0.459
651.841	4423.974	-0.461
652.341	4423.972	-0.461
652.841	4423.971	-0.460
653.341	4423.966	-0.461
653.841	4423.684	-0.459
654.341	4423.802	-0.462
654.841	4423.667	-0.462
655.341	4423.688	-0.463
655.841	4423.988	-0.460
656.341	4423.990	-0.462
656.841	4423.766	-0.461
657.341	4423.961	-0.461
657.841	4424.377	-0.460
658.341	4423.896	-0.458
658.841	4424.028	-0.463
659.341	4424.133	-0.461
659.841	4424.069	-0.459
660.341	4424.262	-0.460
660.841	4423.948	-0.462
661.341	4423.826	-0.459
661.841	4424.078	-0.459
662.341	4424.037	-0.459
662.841	4424.365	-0.460
663.341	4424.025	-0.462
663.841	4423.598	-0.463
664.341	4423.597	-0.461
664.841	4423.781	-0.458
665.341	4423.705	-0.460
665.841	4424.027	-0.459
666.341	4423.891	-0.463
666.841	4424.339	-0.462
667.341	4424.037	-0.458
667.841	4424.162	-0.459
668.341	4424.113	-0.455
668.841	4423.689	-0.461
669.341	4423.648	-0.462
669.841	4423.791	-0.460
670.341	4423.764	-0.460
670.841	4424.395	-0.459
671.341	4423.934	-0.459
671.841	4423.529	-0.461
672.341	4423.755	-0.457
672.841	4423.676	-0.461
673.341	4423.745	-0.459
673.841	4423.529	-0.461
674.341	4424.067	-0.462
674.841	4423.785	-0.460
675.341	4423.497	-0.460
675.841	4423.473	-0.460
676.341	4423.745	-0.460
676.841	4423.892	-0.456
677.341	4423.922	-0.460
677.841	4423.952	-0.460
678.341	4423.492	-0.457
678.841	4423.417	-0.457
679.341	4423.470	-0.460
679.841	4423.607	-0.462
680.341	4423.514	-0.460
680.841	4423.790	-0.458
681.341	4423.423	-0.460
681.841	4423.895	-0.458
682.341	4423.890	-0.460
682.841	4423.903	-0.456
683.341	4423.625	-0.458
683.841	4423.340	-0.463
684.341	4423.347	-0.458
684.841	4423.282	-0.463
685.341	4423.598	-0.458
685.841	4423.536	-0.462
686.341	4423.775	-0.458
686.841	4423.851	-0.457
687.341	4423.759	-0.459
687.841	4423.911	-0.456
688.341	4423.993	-0.461
688.841	4423.658	-0.461
689.341	4423.602	-0.461
689.841	4423.650	-0.457
690.341	4423.684	-0.457
690.841	4424.069	-0.458
691.341	4423.709	-0.458
691.841	4423.735	-0.458
692.341	4423.607	-0.456
692.841	4423.619	-0.460
693.341	4423.506	-0.457
693.841	4423.812	-0.459
694.341	4423.890	-0.459
694.841	4423.722	-0.460
695.341	4423.444	-0.461
695.841	4423.431	-0.457
696.341	4423.629	-0.458
696.841	4423.910	-0.457
697.341	4424.025	-0.457
697.841	4423.956	-0.458
698.341	4423.943	-0.459
698.841	4423.920	-0.462
699.341	4423.928	-0.458
699.841	4423.500	-0.459
700.341	4423.407	-0.459
700.841	4423.593	-0.455
701.341	4423.659	-0.454
701.841	4423.491	-0.458
702.341	4423.483	-0.454
702.841	4423.487	-0.459
703.341	4423.483	-0.457
703.841	4423.538	-0.456
704.341	4423.489	-0.457
704.841	4423.433	-0.456
705.341	4423.420	-0.456
705.841	4423.465	-0.457
706.341	4423.426	-0.459
706.841	4423.828	-0.455
707.341	4423.497	-0.458
707.841	4423.423	-0.457
708.341	4423.429	-0.456
708.841	4423.699	-0.461
709.341	4423.459	-0.455
709.841	4423.751	-0.458
710.341	4423.649	-0.458
710.841	4423.487	-0.457
711.341	4423.594	-0.458
711.841	4423.770	-0.455
712.341	4423.743	-0.456
712.841	4423.779	-0.454
713.341	4423.613	-0.458
713.841	4423.454	-0.457
714.341	4423.493	-0.456
714.841	4423.504	-0.456
715.341	4423.594	-0.459
715.841	4423.571	-0.458
716.341	4423.546	-0.455
716.841	4423.476	-0.458
717.341	4423.519	-0.455
717.841	4423.443	-0.457
718.341	4423.315	-0.458
718.841	4423.536	-0.457
719.341	4423.486	-0.455
719.841	4423.555	-0.455
720.341	4423.210	-0.456
720.841	4423.052	-0.457
721.341	4423.037	-0.458
721.841	4423.521	-0.460
722.341	4423.371	-0.458
722.841	4423.669	-0.457
723.341	4423.620	-0.457
723.841	4423.270	-0.460
724.341	4423.285	-0.460
724.841	4423.428	-0.458
725.341	4423.617	-0.455
725.841	4423.395	-0.456
726.341	4423.306	-0.455
726.841	4422.981	-0.458
727.341	4423.031	-0.457
727.841	4423.176	-0.456
728.341	4423.182	-0.458
728.841	4423.247	-0.457
729.341	4423.105	-0.458
729.841	4423.561	-0.456
730.341	4423.593	-0.456
730.841	4423.600	-0.453
731.341	4423.330	-0.456
731.841	4423.551	-0.454
732.341	4423.428	-0.458
732.841	4423.610	-0.455
733.341	4423.657	-0.456
733.841	4423.551	-0.458
734.341	4423.478	-0.457
734.841	4423.505	-0.457
735.341	4423.541	-0.456
735.841	4423.115	-0.456
736.341	4423.031	-0.457
736.841	4423.102	-0.455
737.341	4423.062	-0.458
737.841	4423.028	-0.454
738.341	4423.039	-0.457
738.841	4423.335	-0.457
739.341	4423.258	-0.456
739.841	4423.469	-0.455
740.341	4423.524	-0.453
740.841	4423.608	-0.454
741.341	4423.324	-0.455
741.841	4423.543	-0.455
742.341	4423.568	-0.453
742.841	4423.577	-0.453
743.341	4423.542	-0.456
743.841	4423.526	-0.455
744.341	4423.398	-0.455
744.841	4423.097	-0.455
745.341	4423.012	-0.455
745.841	4423.072	-0.455
746.341	4423.284	-0.455
746.841	4423.694	-0.455
747.341	4423.685	-0.453
747.841	4423.500	-0.454
748.341	4423.509	-0.456
748.841	4423.550	-0.455
749.341	4423.569	-0.455
749.841	4423.586	-0.453
750.341	4423.161	-0.454
750.841	4423.028	-0.454
751.341	4423.023	-0.456
751.841	4422.983	-0.458
752.341	4422.976	-0.456
752.841	4422.948	-0.457
753.341	4423.337	-0.457
753.841	4423.424	-0.452
754.341	4423.273	-0.455
754.841	4422.995	-0.455
755.341	4422.970	-0.456
755.841	4423.323	-0.453
756.341	4422.912	-0.456
756.841	4422.860	-0.453
757.341	4422.915	-0.452
757.841	4422.865	-0.456
758.341	4422.920	-0.457
758.841	4422.866	-0.455
759.341	4422.881	-0.453
759.841	4422.988	-0.454
760.341	4422.784	-0.452
760.841	4422.861	-0.454
761.341	4422.857	-0.452
761.841	4422.835	-0.456
762.341	4422.836	-0.453
762.841	4422.793	-0.453
763.341	4422.774	-0.454
763.841	4422.802	-0.454
764.341	4422.765	-0.452
764.841	4422.755	-0.455
765.341	4423.447	-0.455
765.841	4423.374	-0.453
766.341	4423.357	-0.454
766.841	4422.827	-0.455
767.341	4422.896	-0.456
767.841	4422.885	-0.453
768.341	4422.966	-0.453
768.841	4422.827	-0.454
769.341	4422.686	-0.452
769.841	4422.679	-0.454
770.341	4422.702	-0.453
770.841	4422.754	-0.453
771.341	4422.746	-0.455
771.841	4422.809	-0.453
772.341	4422.780	-0.455
772.841	4422.794	-0.455
773.341	4422.786	-0.455
773.841	4422.809	-0.452
774.341	4422.828	-0.454
774.841	4422.843	-0.450
775.341	4422.795	-0.454
775.841	4422.772	-0.454
776.341	4422.754	-0.453
776.841	4422.796	-0.454
777.341	4422.769	-0.452
777.841	4422.771	-0.455
778.341	4423.061	-0.454
778.841	4423.340	-0.453
779.341	4423.352	-0.454
779.841	4423.360	-0.452
780.341	4423.363	-0.455
780.841	4423.352	-0.453
781.341	4423.229	-0.453
781.841	4423.118	-0.449
782.341	4423.351	-0.451
782.841	4423.399	-0.454
783.341	4423.376	-0.454
783.841	4423.394	-0.457
784.341	4423.492	-0.451
784.841	4423.393	-0.451
785.341	4423.203	-0.453
785.841	4423.229	-0.452
786.341	4423.168	-0.453
786.841	4423.198	-0.453
787.341	4423.425	-0.451
787.841	4423.362	-0.454
788.341	4422.981	-0.451
788.841	4423.127	-0.455
789.341	4423.220	-0.452
789.841	4422.831	-0.457
790.341	4423.134	-0.455
790.841	4422.848	-0.455
791.341	4422.997	-0.452
791.841	4423.210	-0.452
792.341	4423.222	-0.450
792.841	4423.093	-0.451
793.341	4422.779	-0.455
793.841	4422.870	-0.453
794.341	4422.815	-0.451
794.841	4422.817	-0.455
795.341	4422.684	-0.451
795.841	4422.709	-0.449
796.341	4422.801	-0.451
796.841	4423.104	-0.454
797.341	4423.180	-0.453
797.841	4422.772	-0.451
798.341	4423.011	-0.456
798.841	4423.213	-0.450
799.341	4423.179	-0.451
799.841	4423.194	-0.452
800.341	4423.239	-0.451
800.841	4423.215	-0.452
801.341	4423.173	-0.454
801.841	4422.962	-0.456
802.341	4423.199	-0.453
802.841	4423.206	-0.453
803.341	4423.199	-0.453
803.841	4423.142	-0.453
804.341	4423.148	-0.455
804.841	4423.185	-0.453
805.341	4423.193	-0.453
805.841	4423.163	-0.453
806.341	4423.217	-0.451
806.841	4423.254	-0.450
807.341	4423.231	-0.450
807.841	4423.244	-0.454
808.341	4423.188	-0.450
808.841	4423.216	-0.452
809.341	4423.203	-0.451
809.841	4423.145	-0.451
810.341	4423.203	-0.451
810.841	4423.193	-0.453
811.341	4423.174	-0.450
811.841	4423.158	-0.452
812.341	4423.156	-0.452
812.841	4423.143	-0.453
813.341	4423.064	-0.452
813.841	4423.070	-0.451
814.341	4423.057	-0.453
814.841	4423.084	-0.452
815.341	4423.086	-0.454
815.841	4422.959	-0.447
816.341	4422.942	-0.452
816.841	4422.682	-0.450
817.341	4422.539	-0.448
817.841	4422.544	-0.452
818.341	4422.752	-0.451
818.841	4422.965	-0.451
819.341	4422.603	-0.451
819.841	4422.579	-0.452
820.341	4422.575	-0.452
820.841	4422.532	-0.451
821.341	4422.540	-0.453
821.841	4422.536	-0.452
822.341	4422.821	-0.451
822.841	4422.897	-0.450
823.341	4422.522	-0.452
823.841	4422.720	-0.451
824.341	4422.445	-0.449
824.841	4422.571	-0.453
825.341	4422.865	-0.451
825.841	4423.175	-0.450
826.341	4423.216	-0.448
826.841	4423.225	-0.452
827.341	4422.878	-0.449
827.841	4423.018	-0.448
828.341	4423.020	-0.450
828.841	4422.998	-0.450
829.341	4422.896	-0.453
829.841	4422.604	-0.450
830.341	4422.601	-0.451
830.841	4423.069	-0.449
831.341	4422.653	-0.450
831.841	4422.659	-0.451
832.341	4422.642	-0.450
832.841	4422.635	-0.452
833.341	4422.643	-0.451
833.841	4422.654	-0.450
834.341	4422.525	-0.450
834.841	4422.546	-0.451
835.341	4422.547	-0.450
835.841	4422.542	-0.451
836.341	4422.588	-0.450
836.841	4422.629	-0.453
837.341	4422.592	-0.448
837.841	4422.617	-0.451
838.341	4422.589	-0.449
838.841	4422.587	-0.451
839.341	4422.623	-0.452
839.841	4422.917	-0.449
840.341	4422.726	-0.449
840.841	4422.545	-0.450
841.341	4422.756	-0.450
841.841	4423.054	-0.447
842.341	4423.016	-0.452
842.841	4422.995	-0.451
843.341	4422.620	-0.450
843.841	4423.114	-0.450
844.341	4423.073	-0.450
844.841	4422.972	-0.449
845.341	4422.866	-0.448
845.841	4422.833	-0.448
846.341	4422.820	-0.449
846.841	4422.777	-0.449
847.341	4422.775	-0.453
847.841	4422.773	-0.450
848.341	4422.756	-0.448
848.841	4422.766	-0.463
849.341	4422.750	-0.463
849.841	4422.755	-0.457
850.341	4422.753	-0.449
850.841	4422.769	-0.451
851.341	4422.743	-0.449
851.841	4422.353	-0.449
852.341	4422.725	-0.455
852.841	4422.753	-0.451
853.341	4422.831	-0.465
853.841	4423.034	-0.449
854.341	4423.152	-0.446
854.841	4422.474	-0.453
855.341	4422.449	-0.440
855.841	4422.764	-0.442
856.341	4423.083	-0.453
856.841	4422.642	-0.449
857.341	4422.597	-0.451
857.841	4422.601	-0.447
858.341	4422.575	-0.452
858.841	4422.588	-0.448
859.341	4422.555	-0.446
859.841	4422.159	-0.450
860.341	4422.173	-0.452
860.841	4422.192	-0.450
861.341	4422.238	-0.449
861.841	4422.242	-0.450
862.341	4422.242	-0.449
862.841	4422.250	-0.448
863.341	4422.275	-0.448
863.841	4422.260	-0.448
864.341	4422.246	-0.452
864.841	4422.231	-0.447
865.341	4422.269	-0.449
865.841	4422.301	-0.449
866.341	4422.353	-0.450
866.841	4422.326	-0.447
867.341	4422.328	-0.452
867.841	4422.315	-0.448
868.341	4422.334	-0.449
868.841	4422.385	-0.453
869.341	4422.427	-0.447
869.841	4422.374	-0.450
870.341	4422.723	-0.447
870.841	4422.761	-0.447
871.341	4422.759	-0.448
871.841	4422.608	-0.448
872.341	4422.624	-0.448
872.841	4422.635	-0.447
873.341	4422.556	-0.447
873.841	4422.766	-0.449
874.341	4423.005	-0.447
874.841	4423.042	-0.448
875.341	4422.699	-0.447
875.841	4422.637	-0.449
876.341	4422.663	-0.451
876.841	4422.660	-0.449
877.341	4422.964	-0.450
877.841	4422.659	-0.449
878.341	4422.685	-0.448
878.841	4422.637	-0.448
879.341	4422.627	-0.449
879.841	4422.493	-0.447
880.341	4422.413	-0.448
880.841	4422.167	-0.449
881.341	4422.192	-0.447
881.841	4422.168	-0.450
882.341	4422.166	-0.451
882.841	4422.170	-0.447
883.341	4422.472	-0.448
883.841	4422.358	-0.447
884.341	4422.533	-0.450
884.841	4422.883	-0.448
885.341	4422.843	-0.447
885.841	4422.836	-0.448
886.341	4422.861	-0.447
886.841	4422.803	-0.448
887.341	4422.825	-0.447
887.841	4422.847	-0.446
888.341	4423.092	-0.449
888.841	4423.080	-0.449
889.341	4423.074	-0.450
889.841	4423.054	-0.448
890.341	4423.064	-0.450
890.841	4422.995	-0.448
891.341	4423.020	-0.449
891.841	4423.044	-0.448
892.341	4423.048	-0.447
892.841	4423.072	-0.447
893.341	4422.797	-0.444
893.841	4422.688	-0.447
894.341	4422.828	-0.447
894.841	4422.826	-0.446
895.341	4422.457	-0.448
895.841	4422.471	-0.448
896.341	4422.492	-0.449
896.841	4422.365	-0.447
897.341	4422.378	-0.449
897.841	4422.404	-0.449
898.341	4422.423	-0.447
898.841	4422.450	-0.447
899.341	4422.427	-0.448
899.841	4422.409	-0.448
900.341	4422.359	-0.447
900.841	4422.331	-0.451
901.341	4422.317	-0.450
901.841	4422.362	-0.443
902.341	4422.407	-0.447
902.841	4422.408	-0.447
903.341	4422.471	-0.447
903.841	4422.363	-0.446
904.341	4422.736	-0.446
904.841	4422.746	-0.447
905.341	4422.740	-0.446
905.841	4422.745	-0.447
906.341	4422.751	-0.449
906.841	4422.777	-0.446
907.341	4422.806	-0.448
907.841	4422.795	-0.447
908.341	4422.796	-0.447
908.841	4422.830	-0.450
909.341	4422.551	-0.449
909.841	4422.444	-0.449
910.341	4422.455	-0.449
910.841	4422.445	-0.446
911.341	4422.502	-0.444
911.841	4422.586	-0.443
912.341	4422.726	-0.446
912.841	4422.708	-0.444
913.341	4422.495	-0.449
913.841	4422.094	-0.444
914.341	4422.077	-0.446
914.841	4422.643	-0.445
915.341	4422.746	-0.442
915.841	4422.720	-0.445
916.341	4422.733	-0.442
916.841	4422.690	-0.452
917.341	4422.746	-0.444
917.841	4422.745	-0.442
918.341	4422.698	-0.438
918.841	4422.379	-0.438
919.341	4422.377	-0.457
919.841	4422.763	-0.439
920.341	4422.739	-0.443
920.841	4422.735	-0.448
921.341	4422.685	-0.444
921.841	4422.434	-0.450
922.341	4422.255	-0.450
922.841	4422.431	-0.447
923.341	4422.737	-0.451
923.841	4422.699	-0.450
924.341	4422.678	-0.453
924.841	4422.686	-0.453
925.341	4422.360	-0.453
925.841	4422.552	-0.451
926.341	4422.609	-0.451
926.841	4422.656	-0.450
927.341	4422.625	-0.453
927.841	4422.649	-0.451
928.341	4422.646	-0.450
928.841	4422.687	-0.450
929.341	4422.664	-0.450
929.841	4422.672	-0.455
930.341	4422.752	-0.451
930.841	4423.078	-0.450
931.341	4423.061	-0.449
931.841	4423.068	-0.445
932.341	4423.048	-0.448
932.841	4423.060	-0.445
933.341	4423.051	-0.446
933.841	4423.110	-0.448
934.341	4423.083	-0.448
934.841	4423.080	-0.448
935.341	4423.161	-0.444
935.841	4423.344	-0.446
936.341	4423.308	-0.448
936.841	4423.409	-0.445
937.341	4422.938	-0.447
937.841	4423.173	-0.447
938.341	4422.933	-0.448
938.841	4423.154	-0.447
939.341	4422.813	-0.445
939.841	4422.791	-0.447
940.341	4422.707	-0.442
940.841	4422.709	-0.447
941.341	4422.757	-0.446
941.841	4422.897	-0.447
942.341	4422.761	-0.444
942.841	4422.803	-0.448
943.341	4422.843	-0.446
943.841	4422.896	-0.447
944.341	4423.254	-0.447
944.841	4423.140	-0.444
945.341	4423.239	-0.449
945.841	4423.224	-0.449
946.341	4423.282	-0.447
946.841	4423.287	-0.448
947.341	4423.285	-0.444
947.841	4423.188	-0.448
948.341	4423.393	-0.448
948.841	4423.421	-0.443
949.341	4423.609	-0.444
949.841	4423.530	-0.445
950.341	4423.637	-0.448
950.841	4423.503	-0.447
951.341	4423.598	-0.445
951.841	4423.680	-0.444
952.341	4423.670	-0.438
952.841	4423.929	-0.447
953.341	4423.590	-0.447
953.841	4423.559	-0.447
954.341	4423.792	-0.444
954.841	4423.755	-0.447
955.341	4423.705	-0.445
955.841	4423.585	-0.444
956.341	4423.686	-0.447
956.841	4424.134	-0.446
957.341	4423.564	-0.446
957.841	4423.626	-0.449
958.341	4423.957	-0.444
958.841	4423.941	-0.445
959.341	4424.085	-0.446
959.841	4424.445	-0.445
960.341	4424.075	-0.444
960.841	4423.435	-0.447
961.341	4423.477	-0.443
961.841	4423.536	-0.444
962.341	4424.266	-0.446
962.841	4423.955	-0.447
963.341	4424.087	-0.447
963.841	4424.068	-0.444
964.341	4424.190	-0.445
964.841	4424.554	-0.446
965.341	4424.316	-0.447
965.841	4424.401	-0.446
966.341	4424.264	-0.448
966.841	4424.524	-0.448
967.341	4424.395	-0.446
967.841	4424.751	-0.446
968.341	4424.733	-0.448
968.841	4424.873	-0.445
969.341	4424.568	-0.442
969.841	4424.915	-0.447
970.341	4424.339	-0.442
970.841	4424.544	-0.443
971.341	4424.476	-0.442
971.841	4425.075	-0.443
972.341	4424.908	-0.444
972.841	4425.196	-0.444
973.341	4424.950	-0.444
973.841	4425.117	-0.440
974.341	4425.085	-0.442
974.841	4424.818	-0.442
975.341	4424.743	-0.445
975.841	4424.763	-0.443
976.341	4424.793	-0.442
976.841	4424.808	-0.441
977.341	4424.829	-0.441
977.841	4424.829	-0.439
978.341	4424.873	-0.444
978.841	4424.906	-0.445
979.341	4424.920	-0.439
979.841	4424.924	-0.443
980.341	4425.102	-0.439
980.841	4425.087	-0.442
981.341	4425.551	-0.440
981.841	4425.590	-0.439
982.341	4425.585	-0.443
982.841	4425.587	-0.440
983.341	4425.619	-0.442
983.841	4425.647	-0.441
984.341	4425.681	-0.443
984.841	4425.671	-0.443
985.341	4425.645	-0.440
985.841	4425.686	-0.441
986.341	4425.721	-0.438
986.841	4425.681	-0.443
987.341	4425.695	-0.438
987.841	4425.750	-0.441
988.341	4425.746	-0.439
988.841	4425.729	-0.438
989.341	4425.800	-0.442
989.841	4425.791	-0.440
990.341	4425.794	-0.443
990.841	4425.952	-0.440
991.341	4426.072	-0.440
991.841	4426.164	-0.443
992.341	4426.219	-0.441
992.841	4426.077	-0.440
993.341	4426.086	-0.437
993.841	4426.091	-0.444
994.341	4426.106	-0.442
994.841	4426.114	-0.439
995.341	4426.145	-0.442
995.841	4426.138	-0.440
996.341	4426.180	-0.440
996.841	4426.201	-0.437
997.341	4426.210	-0.439
997.841	4426.180	-0.435
998.341	4426.215	-0.439
998.841	4426.195	-0.438
999.341	4426.188	-0.437
999.841	4426.220	-0.443
1000.341	4426.237	-0.443
1000.841	4426.238	-0.440
1001.341	4426.214	-0.440
1001.841	4426.239	-0.439
1002.341	4426.251	-0.441
1002.841	4425.862	-0.440
1003.341	4425.451	-0.440
1003.841	4425.746	-0.439
1004.341	4425.763	-0.438
1004.841	4425.683	-0.439
1005.341	4425.739	-0.437
1005.841	4425.722	-0.445
1006.341	4426.034	-0.440
1006.841	4425.998	-0.438
1007.341	4426.054	-0.439
1007.841	4426.007	-0.437
1008.341	4426.050	-0.442
1008.841	4426.080	-0.439
1009.341	4426.135	-0.439
1009.841	4426.065	-0.440
1010.341	4426.041	-0.441
1010.841	4426.053	-0.442
1011.341	4426.058	-0.442
1011.841	4426.078	-0.444
1012.341	4426.118	-0.442
1012.841	4426.128	-0.441
1013.341	4426.167	-0.440
1013.841	4426.158	-0.442
1014.341	4426.182	-0.443
1014.841	4426.194	-0.440
1015.341	4426.248	-0.441
1015.841	4426.655	-0.443
1016.341	4426.641	-0.439
1016.841	4426.637	-0.443
1017.341	4426.646	-0.443
1017.841	4426.669	-0.444
1018.341	4426.724	-0.442
1018.841	4426.752	-0.440
1019.341	4426.771	-0.444
1019.841	4426.755	-0.441
1020.341	4426.778	-0.443
1020.841	4426.762	-0.442
1021.341	4426.800	-0.442
1021.841	4426.765	-0.441
1022.341	4426.755	-0.443
1022.841	4426.759	-0.443
1023.341	4426.110	-0.442
1023.841	4426.158	-0.441
1024.341	4426.175	-0.442
1024.841	4426.182	-0.441
1025.341	4426.235	-0.441
1025.841	4426.282	-0.441
1026.341	4426.331	-0.442
1026.841	4426.408	-0.443
1027.341	4426.425	-0.439
1027.841	4426.425	-0.438
1028.341	4426.416	-0.441
1028.841	4426.426	-0.443
1029.341	4426.400	-0.440
1029.841	4426.420	-0.441
1030.341	4426.445	-0.442
1030.841	4426.479	-0.438
1031.341	4426.491	-0.441
1031.841	4426.481	-0.441
1032.341	4426.479	-0.441
1032.841	4426.524	-0.439
1033.341	4426.526	-0.443
1033.841	4426.489	-0.443
1034.341	4426.528	-0.441
1034.841	4426.544	-0.443
1035.341	4426.546	-0.440
1035.841	4426.575	-0.442
1036.341	4426.572	-0.442
1036.841	4426.587	-0.440
1037.341	4426.559	-0.439
1037.841	4426.561	-0.441
1038.341	4426.574	-0.442
1038.841	4426.551	-0.440
1039.341	4426.570	-0.442
1039.841	4426.562	-0.442
1040.341	4426.556	-0.442
1040.841	4426.558	-0.442
1041.341	4426.618	-0.441
1041.841	4426.680	-0.448
1042.341	4426.677	-0.443
1042.841	4426.714	-0.445
1043.341	4426.746	-0.442
1043.841	4426.761	-0.442
1044.341	4426.536	-0.440
1044.841	4426.487	-0.441
1045.341	4426.669	-0.442
1045.841	4426.698	-0.442
1046.341	4426.697	-0.440
1046.841	4426.691	-0.442
1047.341	4426.848	-0.442
1047.841	4426.647	-0.442
1048.341	4426.513	-0.440
1048.841	4426.531	-0.443
1049.341	4426.545	-0.439
1049.841	4426.572	-0.438
1050.341	4426.616	-0.441
1050.841	4426.615	-0.440
1051.341	4426.593	-0.443
1051.841	4426.596	-0.440
1052.341	4426.681	-0.441
1052.841	4426.665	-0.441
1053.341	4426.700	-0.441
1053.841	4426.708	-0.443
1054.341	4426.732	-0.441
1054.841	4426.735	-0.441
1055.341	4426.711	-0.441
1055.841	4426.763	-0.440
1056.341	4426.743	-0.442
1056.841	4426.779	-0.441
1057.341	4426.734	-0.442
1057.841	4426.766	-0.443
1058.341	4426.776	-0.439
1058.841	4426.796	-0.440
1059.341	4426.861	-0.444
1059.841	4426.843	-0.441
1060.341	4426.849	-0.440
1060.841	4426.874	-0.439
1061.341	4426.910	-0.436
1061.841	4427.009	-0.444
1062.341	4427.045	-0.442
1062.841	4427.081	-0.440
1063.341	4427.145	-0.440
1063.841	4427.133	-0.437
1064.341	4427.135	-0.443
1064.841	4427.130	-0.441
1065.341	4427.157	-0.445
1065.841	4427.179	-0.439
1066.341	4427.242	-0.438
1066.841	4427.261	-0.445
1067.341	4427.284	-0.440
1067.841	4427.295	-0.440
1068.341	4427.327	-0.441
1068.841	4427.316	-0.440
1069.341	4427.349	-0.441
1069.841	4427.382	-0.441
1070.341	4427.379	-0.440
1070.841	4427.391	-0.441
1071.341	4427.418	-0.439
1071.841	4427.389	-0.441
1072.341	4427.386	-0.439
1072.841	4427.397	-0.440
1073.341	4427.262	-0.440
1073.841	4427.266	-0.439
1074.341	4427.265	-0.442
1074.841	4427.329	-0.438
1075.341	4427.348	-0.441
1075.841	4427.369	-0.441
1076.341	4427.342	-0.442
1076.841	4427.361	-0.440
1077.341	4427.417	-0.438
1077.841	4427.417	-0.441
1078.341	4427.422	-0.439
1078.841	4427.450	-0.440
1079.341	4427.527	-0.440
1079.841	4427.580	-0.440
1080.341	4427.340	-0.440
1080.841	4427.320	-0.438
1081.341	4427.382	-0.441
1081.841	4427.807	-0.441
1082.341	4427.949	-0.438
1082.841	4427.916	-0.441
1083.341	4427.929	-0.438
1083.841	4427.969	-0.439
1084.341	4428.223	-0.440
1084.841	4428.229	-0.440
1085.341	4428.388	-0.442
1085.841	4428.228	-0.440
1086.341	4428.217	-0.440
1086.841	4428.241	-0.438
1087.341	4428.228	-0.439
1087.841	4428.237	-0.440
1088.341	4428.234	-0.441
1088.841	4428.289	-0.439
1089.341	4428.279	-0.440
1089.841	4428.310	-0.440
1090.341	4428.314	-0.438
1090.841	4428.314	-0.439
1091.341	4428.318	-0.439
1091.841	4428.297	-0.441
1092.341	4428.275	-0.443
1092.841	4428.280	-0.436
1093.341	4428.278	-0.439
1093.841	4428.234	-0.440
1094.341	4428.232	-0.438
1094.841	4428.194	-0.438
1095.341	4428.203	-0.438
1095.841	4428.248	-0.439
1096.341	4428.254	-0.438
1096.841	4428.129	-0.441
1097.341	4428.188	-0.439
1097.841	4428.168	-0.439
1098.341	4428.151	-0.438
1098.841	4428.137	-0.437
1099.341	4428.105	-0.440
1099.841	4428.064	-0.438
1100.341	4428.039	-0.439
1100.841	4428.082	-0.439
1101.341	4428.070	-0.438
1101.841	4428.060	-0.440
1102.341	4428.062	-0.438
1102.841	4428.098	-0.440
1103.341	4428.066	-0.439
1103.841	4428.077	-0.439
1104.341	4428.122	-0.439
1104.841	4428.092	-0.438
1105.341	4428.217	-0.440
1105.841	4428.226	-0.440
1106.341	4428.267	-0.440
1106.841	4428.245	-0.438
1107.341	4428.198	-0.439
1107.841	4428.228	-0.439
1108.341	4428.317	-0.437
1108.841	4428.213	-0.439
1109.341	4428.066	-0.438
1109.841	4428.019	-0.440
1110.341	4428.003	-0.439
1110.841	4428.016	-0.437
1111.341	4428.027	-0.442
1111.841	4428.062	-0.439
1112.341	4427.989	-0.439
1112.841	4427.974	-0.439
1113.341	4427.833	-0.438
1113.841	4427.732	-0.439
1114.341	4427.890	-0.439
1114.841	4427.870	-0.439
1115.341	4427.900	-0.440
1115.841	4427.847	-0.440
1116.341	4427.916	-0.442
1116.841	4427.941	-0.439
1117.341	4427.945	-0.441
1117.841	4427.962	-0.438
1118.341	4427.905	-0.438
1118.841	4427.875	-0.436
1119.341	4427.950	-0.438
1119.841	4427.940	-0.439
1120.341	4428.018	-0.440
1120.841	4427.966	-0.436
1121.341	4427.994	-0.439
1121.841	4428.019	-0.440
1122.341	4428.065	-0.436
1122.841	4428.097	-0.438
1123.341	4428.054	-0.438
1123.841	4428.096	-0.438
1124.341	4428.057	-0.439
1124.841	4428.194	-0.439
1125.341	4428.502	-0.436
1125.841	4428.506	-0.436
1126.341	4428.519	-0.437
1126.841	4428.524	-0.438
1127.341	4428.525	-0.439
1127.841	4428.110	-0.441
1128.341	4428.231	-0.439
1128.841	4428.223	-0.439
1129.341	4428.202	-0.439
1129.841	4428.098	-0.438
1130.341	4428.117	-0.442
1130.841	4428.572	-0.438
1131.341	4428.501	-0.440
1131.841	4428.715	-0.442
1132.341	4428.720	-0.440
1132.841	4428.720	-0.438
1133.341	4428.722	-0.438
1133.841	4428.731	-0.442
1134.341	4428.735	-0.437
1134.841	4428.759	-0.437
1135.341	4428.772	-0.439
1135.841	4428.806	-0.438
1136.341	4428.790	-0.438
1136.841	4428.419	-0.438
1137.341	4428.484	-0.438
1137.841	4428.530	-0.440
1138.341	4428.511	-0.440
1138.841	4428.328	-0.438
1139.341	4428.037	-0.437
1139.841	4428.576	-0.440
1140.341	4428.051	-0.441
1140.841	4428.008	-0.437
1141.341	4428.019	-0.438
1141.841	4428.355	-0.435
1142.341	4428.237	-0.439
1142.841	4428.262	-0.439
1143.341	4428.294	-0.440
1143.841	4428.276	-0.437
1144.341	4428.103	-0.440
1144.841	4428.116	-0.439
1145.341	4428.126	-0.439
1145.841	4428.094	-0.440
1146.341	4428.084	-0.439
1146.841	4428.102	-0.439
1147.341	4428.121	-0.437
1147.841	4428.449	-0.438
1148.341	4428.750	-0.436
1148.841	4428.645	-0.441
1149.341	4428.721	-0.439
1149.841	4428.701	-0.439
1150.341	4428.693	-0.436
1150.841	4428.678	-0.438
1151.341	4428.666	-0.438
1151.841	4428.674	-0.439
1152.341	4428.699	-0.437
1152.841	4428.687	-0.436
1153.341	4428.669	-0.436
1153.841	4428.616	-0.440
1154.341	4428.645	-0.434
1154.841	4428.618	-0.441
1155.341	4428.577	-0.438
1155.841	4428.625	-0.435
1156.341	4428.593	-0.438
1156.841	4428.615	-0.439
1157.341	4428.581	-0.438
1157.841	4428.650	-0.438
1158.341	4429.014	-0.438
1158.841	4428.981	-0.438
1159.341	4428.978	-0.437
1159.841	4429.009	-0.440
1160.341	4429.048	-0.436
1160.841	4429.021	-0.439
1161.341	4429.016	-0.438
1161.841	4429.022	-0.438
1162.341	4429.031	-0.438
1162.841	4429.058	-0.436
1163.341	4429.066	-0.440
1163.841	4429.051	-0.438
1164.341	4429.057	-0.437
1164.841	4429.044	-0.438
1165.341	4429.077	-0.437
1165.841	4429.088	-0.438
1166.341	4429.035	-0.438
1166.841	4429.024	-0.440
1167.341	4429.003	-0.439
1167.841	4429.042	-0.436
1168.341	4429.102	-0.439
1168.841	4429.108	-0.437
1169.341	4429.125	-0.439
1169.841	4429.145	-0.436
1170.341	4429.178	-0.439
1170.841	4429.137	-0.439
1171.341	4429.142	-0.438
1171.841	4429.132	-0.438
1172.341	4428.360	-0.438
1172.841	4428.429	-0.438
1173.341	4428.640	-0.437
1173.841	4428.695	-0.441
1174.341	4428.546	-0.437
1174.841	4428.443	-0.437
1175.341	4428.778	-0.438
1175.841	4428.717	-0.439
1176.341	4429.134	-0.439
1176.841	4429.176	-0.437
1177.341	4428.671	-0.437
1177.841	4428.669	-0.439
1178.341	4428.784	-0.437
1178.841	4428.724	-0.439
1179.341	4428.999	-0.438
1179.841	4428.769	-0.438
1180.341	4428.944	-0.438
1180.841	4428.900	-0.436
1181.341	4429.152	-0.439
1181.841	4429.018	-0.435
1182.341	4428.596	-0.442
1182.841	4428.771	-0.438
1183.341	4428.792	-0.438
1183.841	4429.408	-0.437
1184.341	4429.139	-0.438
1184.841	4429.013	-0.442
1185.341	4428.955	-0.438
1185.841	4428.947	-0.440
1186.341	4428.961	-0.438
1186.841	4428.985	-0.439
1187.341	4428.997	-0.436
1187.841	4429.013	-0.435
1188.341	4429.013	-0.437
1188.841	4429.013	-0.435
1189.341	4429.045	-0.437
1189.841	4429.026	-0.438
1190.341	4429.014	-0.436
1190.841	4429.063	-0.436
1191.341	4429.077	-0.437
1191.841	4429.100	-0.437
1192.341	4429.089	-0.436
1192.841	4429.082	-0.437
1193.341	4428.754	-0.437
1193.841	4428.774	-0.435
1194.341	4428.650	-0.436
1194.841	4428.697	-0.439
1195.341	4428.925	-0.436
1195.841	4429.128	-0.438
1196.341	4429.135	-0.436
1196.841	4429.172	-0.436
1197.341	4429.173	-0.436
1197.841	4429.193	-0.435
1198.341	4429.249	-0.435
1198.841	4429.280	-0.435
1199.341	4429.240	-0.438
1199.841	4429.260	-0.436
1200.341	4429.234	-0.438
1200.841	4429.245	-0.435
1201.341	4429.570	-0.437
1201.841	4429.610	-0.438
1202.341	4429.654	-0.435
1202.841	4429.597	-0.438
1203.341	4429.607	-0.436
1203.841	4429.603	-0.437
1204.341	4429.399	-0.435
1204.841	4428.872	-0.433
1205.341	4429.180	-0.436
1205.841	4429.186	-0.435
1206.341	4429.168	-0.439
1206.841	4429.167	-0.434
1207.341	4429.169	-0.435
1207.841	4429.429	-0.438
1208.341	4429.594	-0.438
1208.841	4429.309	-0.438
1209.341	4429.323	-0.434
1209.841	4429.445	-0.436
1210.341	4429.243	-0.437
1210.841	4429.373	-0.435
1211.341	4429.326	-0.437
1211.841	4429.344	-0.436
1212.341	4429.673	-0.437
1212.841	4429.581	-0.434
1213.341	4429.554	-0.437
1213.841	4429.549	-0.437
1214.341	4429.534	-0.435
1214.841	4429.389	-0.436
1215.341	4429.565	-0.437
1215.841	4429.520	-0.439
1216.341	4429.079	-0.436
1216.841	4429.078	-0.435
1217.341	4429.561	-0.437
1217.841	4429.644	-0.437
1218.341	4429.634	-0.435
1218.841	4429.684	-0.436
1219.341	4429.537	-0.436
1219.841	4429.087	-0.436
1220.341	4429.032	-0.437
1220.841	4428.962	-0.438
1221.341	4428.991	-0.437
1221.841	4428.966	-0.438
1222.341	4428.997	-0.436
1222.841	4428.959	-0.436
1223.341	4429.019	-0.436
1223.841	4428.966	-0.435
1224.341	4429.044	-0.437
1224.841	4429.011	-0.435
1225.341	4429.500	-0.436
1225.841	4429.486	-0.436
1226.341	4429.024	-0.436
1226.841	4428.948	-0.437
1227.341	4428.938	-0.435
1227.841	4428.885	-0.435
1228.341	4429.070	-0.436
1228.841	4429.290	-0.434
1229.341	4429.434	-0.437
1229.841	4429.372	-0.435
1230.341	4429.426	-0.437
1230.841	4429.427	-0.438
1231.341	4429.490	-0.436
1231.841	4429.545	-0.436
1232.341	4429.579	-0.435
1232.841	4429.596	-0.436
1233.341	4429.619	-0.433
1233.841	4429.388	-0.436
1234.341	4429.470	-0.435
1234.841	4429.421	-0.436
1235.341	4429.477	-0.435
1235.841	4429.761	-0.435
1236.341	4429.442	-0.435
1236.841	4429.461	-0.438
1237.341	4429.461	-0.434
1237.841	4429.405	-0.434
1238.341	4429.694	-0.437
1238.841	4429.459	-0.435
1239.341	4429.290	-0.435
1239.841	4429.406	-0.437
1240.341	4429.122	-0.438
1240.841	4429.147	-0.432
1241.341	4429.143	-0.434
1241.841	4429.157	-0.433
1242.341	4429.712	-0.436
1242.841	4429.727	-0.433
1243.341	4429.708	-0.433
1243.841	4429.708	-0.436
1244.341	4429.758	-0.434
1244.841	4429.785	-0.439
1245.341	4429.769	-0.435
1245.841	4429.742	-0.436
1246.341	4429.775	-0.437
1246.841	4429.775	-0.435
1247.341	4429.794	-0.434
1247.841	4429.799	-0.431
1248.341	4429.762	-0.437
1248.841	4429.769	-0.436
1249.341	4429.797	-0.436
1249.841	4429.785	-0.435
1250.341	4429.724	-0.433
1250.841	4429.716	-0.435
1251.341	4429.737	-0.434
1251.841	4429.734	-0.438
1252.341	4429.725	-0.434
1252.841	4429.712	-0.434
1253.341	4429.621	-0.436
1253.841	4429.524	-0.434
1254.341	4429.470	-0.435
1254.841	4429.454	-0.435
1255.341	4429.441	-0.434
1255.841	4429.474	-0.436
1256.341	4429.458	-0.432
1256.841	4429.454	-0.436
1257.341	4429.452	-0.434
1257.841	4429.400	-0.435
1258.341	4429.454	-0.434
1258.841	4429.421	-0.434
1259.341	4429.391	-0.435
1259.841	4429.370	-0.431
1260.341	4429.447	-0.434
1260.841	4429.600	-0.435
1261.341	4429.395	-0.436
1261.841	4429.455	-0.435
1262.341	4429.466	-0.435
1262.841	4429.494	-0.436
1263.341	4429.365	-0.435
1263.841	4429.512	-0.434
1264.341	4429.884	-0.434
1264.841	4429.846	-0.434
1265.341	4429.551	-0.435
1265.841	4430.258	-0.433
1266.341	4430.101	-0.436
1266.841	4430.087	-0.434
1267.341	4430.078	-0.436
1267.841	4430.088	-0.436
1268.341	4429.704	-0.435
1268.841	4429.714	-0.435
1269.341	4429.752	-0.432
1269.841	4429.771	-0.435
1270.341	4429.795	-0.435
1270.841	4429.874	-0.434
1271.341	4430.094	-0.434
1271.841	4430.098	-0.432
1272.341	4430.076	-0.434
1272.841	4430.103	-0.432
1273.341	4430.139	-0.435
1273.841	4430.129	-0.434
1274.341	4430.145	-0.435
1274.841	4430.139	-0.436
1275.341	4430.120	-0.434
1275.841	4430.119	-0.438
1276.341	4430.126	-0.434
1276.841	4429.846	-0.435
1277.341	4429.618	-0.434
1277.841	4429.672	-0.432
1278.341	4429.642	-0.433
1278.841	4429.656	-0.433
1279.341	4429.682	-0.433
1279.841	4429.621	-0.432
1280.341	4429.590	-0.434
1280.841	4429.567	-0.435
1281.341	4429.574	-0.435
1281.841	4429.597	-0.433
1282.341	4429.606	-0.435
1282.841	4429.616	-0.433
1283.341	4429.642	-0.435
1283.841	4429.707	-0.434
1284.341	4429.731	-0.433
1284.841	4429.804	-0.432
1285.341	4429.715	-0.433
1285.841	4429.627	-0.434
1286.341	4429.607	-0.436
1286.841	4429.596	-0.435
1287.341	4429.556	-0.433
1287.841	4429.555	-0.435
1288.341	4429.538	-0.431
1288.841	4429.513	-0.435
1289.341	4429.520	-0.433
1289.841	4429.508	-0.435
1290.341	4429.508	-0.432
1290.841	4429.514	-0.435
1291.341	4429.534	-0.435
1291.841	4429.561	-0.434
1292.341	4429.597	-0.431
1292.841	4429.613	-0.435
1293.341	4429.633	-0.432
1293.841	4429.638	-0.434
1294.341	4429.651	-0.434
1294.841	4429.637	-0.434
1295.341	4429.653	-0.433
1295.841	4429.655	-0.430
1296.341	4429.640	-0.433
1296.841	4429.673	-0.434
1297.341	4429.666	-0.433
1297.841	4429.637	-0.432
1298.341	4429.680	-0.434
1298.841	4429.849	-0.434
1299.341	4429.943	-0.432
1299.841	4429.934	-0.431
1300.341	4429.950	-0.430
1300.841	4429.455	-0.436
1301.341	4429.681	-0.433
1301.841	4429.675	-0.432
1302.341	4429.510	-0.430
1302.841	4429.506	-0.433
1303.341	4429.502	-0.433
1303.841	4429.418	-0.433
1304.341	4429.452	-0.433
1304.841	4429.481	-0.433
1305.341	4429.480	-0.432
1305.841	4429.499	-0.434
1306.341	4429.766	-0.434
1306.841	4429.657	-0.432
1307.341	4429.958	-0.432
1307.841	4429.976	-0.431
1308.341	4429.970	-0.434
1308.841	4429.999	-0.435
1309.341	4429.982	-0.431
1309.841	4429.999	-0.435
1310.341	4430.039	-0.431
1310.841	4430.027	-0.433
1311.341	4430.028	-0.433
1311.841	4429.684	-0.431
1312.341	4429.605	-0.434
1312.841	4429.412	-0.432
1313.341	4429.399	-0.434
1313.841	4429.390	-0.433
1314.341	4429.446	-0.431
1314.841	4429.442	-0.433
1315.341	4429.870	-0.434
1315.841	4429.946	-0.433
1316.341	4429.914	-0.431
1316.841	4429.922	-0.435
1317.341	4429.911	-0.435
1317.841	4429.956	-0.431
1318.341	4430.314	-0.432
1318.841	4430.290	-0.434
1319.341	4430.278	-0.434
1319.841	4430.340	-0.434
1320.341	4430.320	-0.432
1320.841	4430.313	-0.434
1321.341	4430.290	-0.433
1321.841	4430.287	-0.432
1322.341	4430.293	-0.430
1322.841	4430.263	-0.433
1323.341	4430.254	-0.433
1323.841	4430.288	-0.432
1324.341	4430.268	-0.432
1324.841	4430.265	-0.435
1325.341	4430.261	-0.430
1325.841	4430.235	-0.433
1326.341	4430.240	-0.433
1326.841	4430.206	-0.435
1327.341	4430.238	-0.431
1327.841	4430.226	-0.434
1328.341	4430.215	-0.434
1328.841	4430.259	-0.430
1329.341	4430.243	-0.435
1329.841	4430.267	-0.431
1330.341	4430.265	-0.433
1330.841	4430.277	-0.433
1331.341	4430.288	-0.430
1331.841	4430.300	-0.432
1332.341	4430.278	-0.431
1332.841	4430.286	-0.431
1333.341	4430.268	-0.434
1333.841	4430.235	-0.435
1334.341	4430.123	-0.430
1334.841	4429.533	-0.432
1335.341	4429.549	-0.434
1335.841	4429.831	-0.431
1336.341	4429.939	-0.434
1336.841	4430.296	-0.430
1337.341	4430.023	-0.432
1337.841	4429.585	-0.433
1338.341	4429.864	-0.433
1338.841	4429.908	-0.433
1339.341	4429.946	-0.431
1339.841	4429.829	-0.432
1340.341	4430.125	-0.433
1340.841	4430.237	-0.434
1341.341	4430.204	-0.432
1341.841	4430.224	-0.431
1342.341	4430.179	-0.432
1342.841	4430.192	-0.431
1343.341	4430.169	-0.435
1343.841	4430.147	-0.431
1344.341	4430.180	-0.432
1344.841	4430.196	-0.432
1345.341	4430.218	-0.432
1345.841	4430.196	-0.431
1346.341	4430.178	-0.433
1346.841	4430.125	-0.429
1347.341	4430.156	-0.433
1347.841	4430.136	-0.436
1348.341	4430.095	-0.433
1348.841	4430.104	-0.430
1349.341	4430.115	-0.431
1349.841	4430.102	-0.430
1350.341	4430.140	-0.432
1350.841	4429.995	-0.430
1351.341	4429.663	-0.431
1351.841	4429.799	-0.433
1352.341	4429.836	-0.431
1352.841	4429.821	-0.431
1353.341	4429.519	-0.432
1353.841	4429.863	-0.431
1354.341	4430.084	-0.432
1354.841	4430.013	-0.433
1355.341	4430.055	-0.430
1355.841	4430.031	-0.430
1356.341	4429.978	-0.431
1356.841	4429.961	-0.433
1357.341	4429.930	-0.433
1357.841	4429.941	-0.431
1358.341	4429.951	-0.430
1358.841	4429.830	-0.432
1359.341	4429.854	-0.429
1359.841	4429.810	-0.431
1360.341	4429.942	-0.432
1360.841	4430.319	-0.430
1361.341	4430.326	-0.431
1361.841	4430.320	-0.432
1362.341	4430.248	-0.433
1362.841	4430.204	-0.433
1363.341	4430.270	-0.433
1363.841	4430.298	-0.433
1364.341	4430.384	-0.430
1364.841	4430.417	-0.430
1365.341	4430.404	-0.434
1365.841	4430.442	-0.433
1366.341	4430.425	-0.434
1366.841	4430.430	-0.429
1367.341	4430.409	-0.434
1367.841	4430.551	-0.430
1368.341	4430.565	-0.433
1368.841	4430.587	-0.434
1369.341	4430.475	-0.426
1369.841	4429.988	-0.433
1370.341	4430.019	-0.429
1370.841	4429.948	-0.430
1371.341	4429.969	-0.433
1371.841	4429.891	-0.431
1372.341	4429.812	-0.432
1372.841	4430.589	-0.433
1373.341	4430.602	-0.430
1373.841	4430.418	-0.432
1374.341	4430.472	-0.428
1374.841	4430.491	-0.432
1375.341	4430.486	-0.431
1375.841	4430.473	-0.434
1376.341	4430.436	-0.432
1376.841	4430.419	-0.431
1377.341	4430.394	-0.428
1377.841	4430.428	-0.431
1378.341	4430.444	-0.432
1378.841	4430.454	-0.433
1379.341	4430.475	-0.428
1379.841	4430.484	-0.429
1380.341	4430.427	-0.430
1380.841	4430.422	-0.430
1381.341	4430.414	-0.429
1381.841	4430.419	-0.432
1382.341	4430.404	-0.432
1382.841	4430.418	-0.429
1383.341	4430.404	-0.430
1383.841	4430.371	-0.432
1384.341	4430.394	-0.432
1384.841	4430.408	-0.428
1385.341	4430.381	-0.429
1385.841	4430.374	-0.433
1386.341	4430.384	-0.428
1386.841	4430.345	-0.432
1387.341	4429.876	-0.432
1387.841	4429.995	-0.431
1388.341	4430.343	-0.430
1388.841	4430.273	-0.431
1389.341	4430.328	-0.428
1389.841	4430.185	-0.428
1390.341	4430.009	-0.431
1390.841	4430.412	-0.431
1391.341	4430.512	-0.429
1391.841	4430.539	-0.429
1392.341	4430.496	-0.426
1392.841	4430.519	-0.430
1393.341	4430.497	-0.432
1393.841	4430.511	-0.432
1394.341	4430.531	-0.431
1394.841	4430.544	-0.428
1395.341	4430.542	-0.431
1395.841	4430.545	-0.434
1396.341	4430.523	-0.430
1396.841	4430.552	-0.431
1397.341	4430.556	-0.429
1397.841	4430.541	-0.429
1398.341	4430.545	-0.431
1398.841	4430.573	-0.428
1399.341	4430.577	-0.427
1399.841	4430.570	-0.428
1400.341	4430.609	-0.431
1400.841	4430.631	-0.429
1401.341	4430.621	-0.430
1401.841	4430.627	-0.428
1402.341	4430.638	-0.429
1402.841	4430.617	-0.431
1403.341	4430.587	-0.428
1403.841	4430.578	-0.431
1404.341	4430.631	-0.428
1404.841	4430.609	-0.432
1405.341	4430.636	-0.430
1405.841	4430.613	-0.432
1406.341	4430.618	-0.430
1406.841	4430.638	-0.431
1407.341	4430.613	-0.431
1407.841	4430.597	-0.428
1408.341	4430.589	-0.430
1408.841	4430.574	-0.430
1409.341	4430.288	-0.430
1409.841	4430.094	-0.428
1410.341	4430.120	-0.427
1410.841	4430.140	-0.432
1411.341	4429.922	-0.428
1411.841	4429.865	-0.429
1412.341	4429.663	-0.428
1412.841	4429.874	-0.429
1413.341	4430.200	-0.432
1413.841	4430.180	-0.430
1414.341	4430.213	-0.428
1414.841	4430.227	-0.429
1415.341	4430.221	-0.433
1415.841	4430.266	-0.429
1416.341	4430.224	-0.429
1416.841	4430.241	-0.430
1417.341	4430.263	-0.429
1417.841	4430.282	-0.431
1418.341	4430.260	-0.433
1418.841	4430.235	-0.426
1419.341	4430.276	-0.430
1419.841	4430.282	-0.430
1420.341	4430.267	-0.431
1420.841	4430.282	-0.430
1421.341	4430.304	-0.433
1421.841	4430.323	-0.430
1422.341	4430.363	-0.430
1422.841	4430.337	-0.427
1423.341	4430.324	-0.429
1423.841	4430.317	-0.430
1424.341	4430.180	-0.428
1424.841	4430.424	-0.429
1425.341	4430.339	-0.429
1425.841	4430.508	-0.429
1426.341	4430.553	-0.429
1426.841	4430.189	-0.429
1427.341	4430.150	-0.433
1427.841	4430.005	-0.429
1428.341	4430.000	-0.431
1428.841	4429.848	-0.429
1429.341	4429.748	-0.430
1429.841	4429.734	-0.429
1430.341	4429.718	-0.429
1430.841	4429.712	-0.428
1431.341	4429.733	-0.429
1431.841	4429.935	-0.429
1432.341	4429.849	-0.431
1432.841	4429.866	-0.430
1433.341	4429.864	-0.430
1433.841	4429.853	-0.430
1434.341	4429.842	-0.433
1434.841	4429.794	-0.431
1435.341	4430.281	-0.429
1435.841	4430.081	-0.429
1436.341	4430.684	-0.429
1436.841	4430.737	-0.428
1437.341	4430.747	-0.428
1437.841	4430.618	-0.428
1438.341	4430.667	-0.429
1438.841	4430.625	-0.428
1439.341	4430.624	-0.429
1439.841	4430.644	-0.429
1440.341	4430.681	-0.427
1440.841	4430.695	-0.429
1441.341	4430.698	-0.428
1441.841	4430.680	-0.433
1442.341	4430.673	-0.428
1442.841	4430.518	-0.431
1443.341	4430.679	-0.428
1443.841	4430.676	-0.428
1444.341	4430.701	-0.429
1444.841	4430.657	-0.425
1445.341	4430.637	-0.429
1445.841	4430.628	-0.427
1446.341	4430.558	-0.427
1446.841	4430.531	-0.430
1447.341	4430.551	-0.425
1447.841	4430.560	-0.428
1448.341	4430.554	-0.430
1448.841	4430.543	-0.427
1449.341	4430.474	-0.427
1449.841	4430.448	-0.427
1450.341	4430.456	-0.428
1450.841	4430.497	-0.427
1451.341	4430.502	-0.428
1451.841	4430.497	-0.428
1452.341	4430.538	-0.427
1452.841	4430.517	-0.429
1453.341	4430.508	-0.426
1453.841	4430.466	-0.426
1454.341	4430.468	-0.429
1454.841	4430.459	-0.429
1455.341	4430.429	-0.429
1455.841	4430.423	-0.428
1456.341	4430.412	-0.430
1456.841	4430.460	-0.426
1457.341	4430.451	-0.426
1457.841	4430.445	-0.427
1458.341	4430.401	-0.424
1458.841	4430.404	-0.426
1459.341	4430.346	-0.427
1459.841	4430.309	-0.429
1460.341	4430.278	-0.430
1460.841	4430.289	-0.429
1461.341	4430.259	-0.429
1461.841	4430.254	-0.427
1462.341	4430.255	-0.426
1462.841	4430.221	-0.428
1463.341	4430.231	-0.427
1463.841	4430.192	-0.426
1464.341	4429.982	-0.429
1464.841	4430.266	-0.429
1465.341	4430.108	-0.426
1465.841	4430.334	-0.430
1466.341	4430.022	-0.427
1466.841	4429.960	-0.430
1467.341	4429.934	-0.425
1467.841	4429.883	-0.426
1468.341	4429.945	-0.429
1468.841	4429.840	-0.426
1469.341	4429.824	-0.428
1469.841	4429.792	-0.428
1470.341	4429.796	-0.428
1470.841	4429.784	-0.429
1471.341	4429.819	-0.425
1471.841	4429.774	-0.427
1472.341	4429.745	-0.428
1472.841	4429.789	-0.431
1473.341	4429.812	-0.426
1473.841	4429.760	-0.428
1474.341	4429.766	-0.427
1474.841	4429.806	-0.428
1475.341	4429.821	-0.429
1475.841	4429.778	-0.427
1476.341	4429.790	-0.426
1476.841	4429.768	-0.427
1477.341	4429.759	-0.428
1477.841	4429.758	-0.428
1478.341	4429.784	-0.427
1478.841	4429.767	-0.428
1479.341	4429.788	-0.429
1479.841	4429.838	-0.424
1480.341	4429.847	-0.426
1480.841	4429.776	-0.426
1481.341	4429.912	-0.427
1481.841	4429.898	-0.426
1482.341	4429.921	-0.427
1482.841	4429.891	-0.425
1483.341	4429.900	-0.425
1483.841	4429.902	-0.429
1484.341	4429.867	-0.426
1484.841	4429.950	-0.426
1485.341	4429.934	-0.429
1485.841	4430.003	-0.427
1486.341	4429.854	-0.427
1486.841	4430.272	-0.427
1487.341	4430.257	-0.428
1487.841	4430.264	-0.427
1488.341	4430.240	-0.427
1488.841	4430.259	-0.426
1489.341	4430.206	-0.426
1489.841	4430.176	-0.428
1490.341	4430.197	-0.428
1490.841	4430.183	-0.428
1491.341	4430.162	-0.426
1491.841	4430.237	-0.426
1492.341	4430.389	-0.427
1492.841	4430.311	-0.424
1493.341	4430.487	-0.427
1493.841	4430.500	-0.428
1494.341	4430.527	-0.428
1494.841	4430.497	-0.428
1495.341	4430.513	-0.426
1495.841	4430.454	-0.428
1496.341	4430.450	-0.425
1496.841	4430.429	-0.426
1497.341	4430.451	-0.427
1497.841	4430.472	-0.428
1498.341	4430.475	-0.425
1498.841	4430.436	-0.425
1499.341	4430.440	-0.430
1499.841	4430.423	-0.427
1500.341	4430.398	-0.428
1500.841	4430.417	-0.426
1501.341	4430.235	-0.424
1501.841	4430.235	-0.426
1502.341	4430.138	-0.426
1502.841	4430.519	-0.428
1503.341	4430.495	-0.427
1503.841	4430.517	-0.428
1504.341	4430.494	-0.426
1504.841	4430.137	-0.426
1505.341	4430.061	-0.426
1505.841	4430.266	-0.427
1506.341	4430.255	-0.425
1506.841	4430.196	-0.426
1507.341	4430.456	-0.424
1507.841	4430.303	-0.428
1508.341	4430.397	-0.425
1508.841	4430.386	-0.427
1509.341	4430.337	-0.423
1509.841	4430.345	-0.427
1510.341	4430.352	-0.424
1510.841	4430.388	-0.428
1511.341	4430.397	-0.426
1511.841	4430.477	-0.425
1512.341	4430.484	-0.427
1512.841	4430.497	-0.424
1513.341	4430.522	-0.427
1513.841	4430.490	-0.426
1514.341	4430.481	-0.426
1514.841	4430.483	-0.425
1515.341	4430.516	-0.426
1515.841	4430.512	-0.425
1516.341	4430.515	-0.425
1516.841	4430.488	-0.425
1517.341	4430.512	-0.424
1517.841	4430.506	-0.423
1518.341	4430.541	-0.427
1518.841	4430.547	-0.425
1519.341	4430.522	-0.425
1519.841	4430.521	-0.425
1520.341	4430.491	-0.425
1520.841	4430.277	-0.425
1521.341	4430.298	-0.424
1521.841	4430.363	-0.425
1522.341	4430.359	-0.427
1522.841	4430.410	-0.425
1523.341	4430.383	-0.427
1523.841	4429.997	-0.426
1524.341	4430.001	-0.428
1524.841	4430.392	-0.425
1525.341	4430.191	-0.423
1525.841	4430.305	-0.424
1526.341	4430.224	-0.425
1526.841	4430.147	-0.425
1527.341	4430.152	-0.425
1527.841	4430.411	-0.425
1528.341	4430.390	-0.427
1528.841	4430.665	-0.424
1529.341	4430.149	-0.425
1529.841	4429.995	-0.424
1530.341	4430.204	-0.426
1530.841	4430.115	-0.421
1531.341	4430.581	-0.425
1531.841	4430.557	-0.428
1532.341	4430.549	-0.425
1532.841	4430.154	-0.425
1533.341	4430.016	-0.422
1533.841	4430.010	-0.423
1534.341	4430.020	-0.424
1534.841	4429.986	-0.425
1535.341	4430.029	-0.426
1535.841	4430.352	-0.424
1536.341	4430.321	-0.427
1536.841	4430.472	-0.425
1537.341	4430.268	-0.426
1537.841	4429.953	-0.428
1538.341	4429.993	-0.425
1538.841	4429.993	-0.425
1539.341	4430.059	-0.425
1539.841	4430.045	-0.427
1540.341	4430.025	-0.425
1540.841	4430.046	-0.426
1541.341	4430.038	-0.429
1541.841	4430.097	-0.427
1542.341	4430.104	-0.430
1542.841	4430.018	-0.423
1543.341	4429.965	-0.424
1543.841	4429.951	-0.425
1544.341	4429.921	-0.427
1544.841	4429.901	-0.427
1545.341	4429.923	-0.425
1545.841	4429.935	-0.427
1546.341	4430.010	-0.425
1546.841	4430.109	-0.425
1547.341	4430.078	-0.426
1547.841	4430.065	-0.424
1548.341	4430.036	-0.426
1548.841	4430.237	-0.426
1549.341	4430.548	-0.425
1549.841	4430.421	-0.427
1550.341	4430.365	-0.424
1550.841	4430.289	-0.423
1551.341	4430.650	-0.424
1551.841	4430.754	-0.428
1552.341	4430.550	-0.426
1552.841	4430.381	-0.424
1553.341	4430.419	-0.425
1553.841	4430.377	-0.423
1554.341	4430.334	-0.424
1554.841	4430.227	-0.424
1555.341	4430.163	-0.423
1555.841	4430.435	-0.425
1556.341	4430.106	-0.423
1556.841	4430.509	-0.425
1557.341	4430.455	-0.424
1557.841	4430.851	-0.426
1558.341	4430.725	-0.423
1558.841	4430.951	-0.426
1559.341	4430.680	-0.425
1559.841	4430.754	-0.425
1560.341	4430.728	-0.425
1560.841	4430.179	-0.424
1561.341	4430.167	-0.425
1561.841	4430.426	-0.425
1562.341	4430.415	-0.426
1562.841	4430.394	-0.427
1563.341	4430.528	-0.425
1563.841	4430.236	-0.426
1564.341	4429.946	-0.424
1564.841	4430.558	-0.424
1565.341	4430.632	-0.424
1565.841	4430.633	-0.424
1566.341	4430.523	-0.426
1566.841	4430.588	-0.425
1567.341	4430.585	-0.423
1567.841	4430.579	-0.425
1568.341	4430.577	-0.425
1568.841	4430.622	-0.426
1569.341	4430.666	-0.424
1569.841	4430.689	-0.426
1570.341	4430.715	-0.426
1570.841	4430.706	-0.423
1571.341	4430.691	-0.425
1571.841	4430.675	-0.427
1572.341	4430.658	-0.426
1572.841	4430.641	-0.427
1573.341	4430.660	-0.425
1573.841	4430.665	-0.427
1574.341	4430.682	-0.424
1574.841	4430.680	-0.423
1575.341	4430.713	-0.423
1575.841	4430.718	-0.423
1576.341	4430.698	-0.425
1576.841	4430.693	-0.426
1577.341	4430.685	-0.424
1577.841	4430.648	-0.426
1578.341	4430.640	-0.424
1578.841	4430.620	-0.426
1579.341	4430.664	-0.423
1579.841	4430.652	-0.426
1580.341	4430.651	-0.424
1580.841	4430.650	-0.423
1581.341	4430.633	-0.426
1581.841	4430.655	-0.424
1582.341	4430.666	-0.427
1582.841	4430.666	-0.426
1583.341	4430.615	-0.425
1583.841	4430.619	-0.423
1584.341	4430.617	-0.427
1584.841	4430.599	-0.424
1585.341	4430.602	-0.423
1585.841	4430.565	-0.425
1586.341	4430.143	-0.425
1586.841	4430.112	-0.423
1587.341	4430.012	-0.424
1587.841	4430.017	-0.425
1588.341	4429.995	-0.422
1588.841	4430.242	-0.422
1589.341	4430.368	-0.426
1589.841	4430.284	-0.425
1590.341	4430.362	-0.424
1590.841	4430.383	-0.421
1591.341	4430.376	-0.423
1591.841	4430.342	-0.424
1592.341	4430.288	-0.425
1592.841	4430.309	-0.422
1593.341	4430.287	-0.425
1593.841	4430.318	-0.424
1594.341	4430.319	-0.423
1594.841	4430.269	-0.424
1595.341	4430.219	-0.424
1595.841	4430.216	-0.423
1596.341	4430.204	-0.424
1596.841	4430.213	-0.424
1597.341	4430.238	-0.423
1597.841	4430.152	-0.424
1598.341	4430.148	-0.421
1598.841	4430.154	-0.424
1599.341	4430.107	-0.421
1599.841	4430.092	-0.425
1600.341	4430.043	-0.421
1600.841	4429.973	-0.425
1601.341	4429.973	-0.422
1601.841	4429.987	-0.425
1602.341	4429.944	-0.427
1602.841	4429.936	-0.424
1603.341	4429.960	-0.424
1603.841	4429.835	-0.423
1604.341	4429.865	-0.421
1604.841	4429.811	-0.421
1605.341	4429.830	-0.424
1605.841	4429.827	-0.424
1606.341	4429.821	-0.422
1606.841	4429.810	-0.425
1607.341	4429.802	-0.423
1607.841	4429.795	-0.424
1608.341	4429.799	-0.425
1608.841	4429.771	-0.425
1609.341	4429.764	-0.422
1609.841	4429.768	-0.424
1610.341	4429.803	-0.424
1610.841	4429.813	-0.424
1611.341	4429.813	-0.424
1611.841	4429.874	-0.425
1612.341	4429.854	-0.426
1612.841	4429.863	-0.421
1613.341	4429.880	-0.423
1613.841	4429.863	-0.422
1614.341	4430.413	-0.423
1614.841	4430.566	-0.423
1615.341	4430.476	-0.425
1615.841	4430.501	-0.424
1616.341	4430.488	-0.424
1616.841	4430.449	-0.425
1617.341	4430.446	-0.422
1617.841	4430.411	-0.422
1618.341	4430.392	-0.422
1618.841	4430.416	-0.421
1619.341	4430.400	-0.425
1619.841	4430.405	-0.426
1620.341	4430.429	-0.424
1620.841	4430.417	-0.423
1621.341	4430.383	-0.425
1621.841	4430.360	-0.423
1622.341	4430.361	-0.422
1622.841	4430.322	-0.423
1623.341	4430.331	-0.423
1623.841	4430.276	-0.423
1624.341	4430.270	-0.423
1624.841	4430.265	-0.427
1625.341	4430.183	-0.422
1625.841	4430.195	-0.421
1626.341	4430.180	-0.420
1626.841	4430.174	-0.424
1627.341	4430.211	-0.423
1627.841	4430.151	-0.424
1628.341	4430.142	-0.425
1628.841	4430.106	-0.424
1629.341	4430.110	-0.422
1629.841	4430.104	-0.424
1630.341	4430.081	-0.420
1630.841	4430.075	-0.423
1631.341	4430.062	-0.421
1631.841	4429.975	-0.425
1632.341	4429.966	-0.422
1632.841	4429.933	-0.424
1633.341	4429.894	-0.424
1633.841	4429.907	-0.420
1634.341	4429.886	-0.421
1634.841	4429.941	-0.422
1635.341	4429.963	-0.422
1635.841	4429.967	-0.421
1636.341	4429.926	-0.424
1636.841	4429.934	-0.422
1637.341	4429.950	-0.421
1637.841	4429.949	-0.423
1638.341	4429.943	-0.420
1638.841	4430.012	-0.422
1639.341	4430.104	-0.423
1639.841	4430.072	-0.425
1640.341	4430.123	-0.422
1640.841	4430.129	-0.424
1641.341	4430.130	-0.424
1641.841	4430.145	-0.423
1642.341	4430.199	-0.423
1642.841	4430.181	-0.421
1643.341	4430.201	-0.421
1643.841	4430.206	-0.425
1644.341	4430.108	-0.423
1644.841	4430.229	-0.424
1645.341	4430.320	-0.422
1645.841	4430.352	-0.421
1646.341	4430.350	-0.424
1646.841	4430.364	-0.423
1647.341	4430.299	-0.423
1647.841	4429.997	-0.423
1648.341	4429.982	-0.423
1648.841	4429.971	-0.424
1649.341	4429.991	-0.422
1649.841	4430.050	-0.423
1650.341	4430.004	-0.422
1650.841	4429.961	-0.424
1651.341	4430.001	-0.422
1651.841	4430.010	-0.420
1652.341	4430.044	-0.425
1652.841	4430.074	-0.418
1653.341	4430.075	-0.422
1653.841	4430.074	-0.423
1654.341	4430.042	-0.422
1654.841	4430.067	-0.423
1655.341	4430.088	-0.421
1655.841	4430.214	-0.427
1656.341	4430.295	-0.424
1656.841	4430.270	-0.426
1657.341	4430.327	-0.422
1657.841	4430.358	-0.420
1658.341	4430.379	-0.422
1658.841	4430.388	-0.421
1659.341	4430.386	-0.423
1659.841	4430.389	-0.423
1660.341	4430.406	-0.422
1660.841	4430.458	-0.423
1661.341	4430.417	-0.424
1661.841	4430.469	-0.423
1662.341	4430.470	-0.421
1662.841	4430.492	-0.421
1663.341	4430.488	-0.422
1663.841	4430.208	-0.423
1664.341	4430.238	-0.425
1664.841	4430.197	-0.424
1665.341	4430.251	-0.423
1665.841	4430.295	-0.423
1666.341	4430.277	-0.424
1666.841	4430.278	-0.425
1667.341	4430.255	-0.423
1667.841	4430.307	-0.424
1668.341	4430.269	-0.421
1668.841	4430.254	-0.426
1669.341	4430.277	-0.424
1669.841	4430.259	-0.421
1670.341	4430.260	-0.423
1670.841	4430.285	-0.422
1671.341	4430.265	-0.424
1671.841	4430.282	-0.424
1672.341	4430.242	-0.422
1672.841	4430.259	-0.421
1673.341	4430.354	-0.424
1673.841	4430.392	-0.422
1674.341	4430.415	-0.420
1674.841	4430.406	-0.425
1675.341	4430.372	-0.421
1675.841	4430.391	-0.422
1676.341	4430.425	-0.422
1676.841	4430.437	-0.422
1677.341	4430.397	-0.419
1677.841	4430.584	-0.423
1678.341	4430.596	-0.423
1678.841	4430.639	-0.423
1679.341	4430.652	-0.420
1679.841	4430.662	-0.423
1680.341	4430.665	-0.419
1680.841	4430.655	-0.424
1681.341	4430.663	-0.422
1681.841	4430.596	-0.425
1682.341	4430.540	-0.423
1682.841	4430.443	-0.421
1683.341	4430.448	-0.424
1683.841	4430.452	-0.423
1684.341	4430.418	-0.421
1684.841	4430.511	-0.422
1685.341	4430.482	-0.421
1685.841	4430.498	-0.422
1686.341	4430.526	-0.424
1686.841	4430.482	-0.421
1687.341	4430.533	-0.421
1687.841	4430.505	-0.420
1688.341	4430.587	-0.422
1688.841	4430.585	-0.424
1689.341	4430.557	-0.419
1689.841	4430.577	-0.422
1690.341	4430.606	-0.424
1690.841	4430.732	-0.423
1691.341	4430.493	-0.418
1691.841	4430.175	-0.424
1692.341	4430.405	-0.421
1692.841	4430.171	-0.423
1693.341	4429.958	-0.420
1693.841	4429.958	-0.424
1694.341	4429.953	-0.423
1694.841	4429.914	-0.421
1695.341	4429.903	-0.424
1695.841	4429.904	-0.426
1696.341	4429.914	-0.424
1696.841	4429.904	-0.422
1697.341	4429.881	-0.422
1697.841	4429.888	-0.423
1698.341	4429.887	-0.421
1698.841	4429.868	-0.423
1699.341	4429.865	-0.422
1699.841	4429.880	-0.422
1700.341	4429.931	-0.425
1700.841	4429.931	-0.423
1701.341	4429.954	-0.422
1701.841	4429.917	-0.420
1702.341	4429.951	-0.422
1702.841	4429.971	-0.422
1703.341	4429.717	-0.424
1703.841	4429.714	-0.424
1704.341	4429.675	-0.424
1704.841	4429.677	-0.425
1705.341	4429.665	-0.422
1705.841	4429.644	-0.421
1706.341	4429.700	-0.422
1706.841	4429.710	-0.420
1707.341	4429.697	-0.420
1707.841	4429.665	-0.422
1708.341	4429.675	-0.424
1708.841	4429.643	-0.423
1709.341	4429.659	-0.422
1709.841	4429.686	-0.421
1710.341	4429.704	-0.421
1710.841	4429.723	-0.424
1711.341	4429.679	-0.423
1711.841	4429.692	-0.422
1712.341	4429.707	-0.420
1712.841	4429.701	-0.420
1713.341	4429.724	-0.421
1713.841	4429.704	-0.421
1714.341	4429.729	-0.420
1714.841	4429.697	-0.421
1715.341	4429.717	-0.423
1715.841	4429.736	-0.423
1716.341	4429.719	-0.419
1716.841	4429.721	-0.423
1717.341	4429.737	-0.422
1717.841	4429.737	-0.420
1718.341	4429.748	-0.419
1718.841	4429.740	-0.421
1719.341	4430.095	-0.421
1719.841	4430.254	-0.420
1720.841	4430.162	-0.420
1721.341	4430.178	-0.424
1721.841	4430.218	-0.422
1722.341	4430.185	-0.419
1722.841	4430.154	-0.423
1723.341	4430.158	-0.420
1723.841	4430.130	-0.424
1724.341	4430.108	-0.420
1724.841	4430.140	-0.420
1725.341	4430.193	-0.421
1725.841	4430.240	-0.420
1726.341	4430.195	-0.422
1726.841	4430.184	-0.420
1727.341	4430.014	-0.422
1727.841	4429.756	-0.421
1728.341	4429.872	-0.421
1728.841	4429.881	-0.418
1729.341	4429.868	-0.419
1729.841	4429.848	-0.418
1730.341	4429.829	-0.419
1730.841	4429.837	-0.419
1731.341	4429.788	-0.421
1731.841	4429.535	-0.419
1732.341	4429.540	-0.420
1732.841	4429.528	-0.420
1733.341	4429.540	-0.423
1733.841	4429.569	-0.420
1734.341	4429.540	-0.420
1734.841	4429.528	-0.424
1735.341	4429.496	-0.424
1735.841	4429.499	-0.421
1736.341	4429.523	-0.421
1736.841	4429.503	-0.422
1737.341	4429.548	-0.420
1737.841	4429.563	-0.423
1738.341	4429.679	-0.419
1738.841	4429.762	-0.421
1739.341	4429.758	-0.423
1739.841	4429.638	-0.418
1740.341	4429.623	-0.417
1740.841	4429.619	-0.422
1741.341	4429.645	-0.422
1741.841	4429.682	-0.419
1742.341	4429.639	-0.420
1742.841	4429.514	-0.424
1743.341	4429.593	-0.422
1743.841	4429.612	-0.421
1744.341	4429.599	-0.424
1744.841	4429.607	-0.419
1745.341	4429.562	-0.424
1745.841	4429.604	-0.421
1746.341	4429.624	-0.420
1746.841	4429.620	-0.422
1747.341	4430.045	-0.420
1747.841	4430.067	-0.424
1748.341	4429.978	-0.422
1748.841	4429.886	-0.421
1749.341	4429.777	-0.423
1749.841	4429.896	-0.420
1750.341	4429.888	-0.421
1750.841	4430.189	-0.422
1751.341	4430.534	-0.423
1751.841	4430.539	-0.420
1752.341	4430.549	-0.420
1752.841	4430.596	-0.422
1753.341	4430.624	-0.414
1753.841	4430.598	-0.422
1754.341	4430.563	-0.421
1754.841	4430.530	-0.412
1755.341	4430.474	-0.418
1755.841	4430.507	-0.420
1756.341	4430.426	-0.419
1756.841	4430.520	-0.421
1757.341	4430.514	-0.420
1757.841	4430.485	-0.420
1758.341	4430.425	-0.421
1758.841	4430.449	-0.419
1759.341	4430.024	-0.421
1759.841	4429.767	-0.421
1760.341	4429.715	-0.420
1760.841	4429.676	-0.422
1761.341	4429.877	-0.423
1761.841	4429.936	-0.420
1762.341	4429.946	-0.421
1762.841	4429.958	-0.423
1763.341	4429.938	-0.420
1763.841	4429.937	-0.422
1764.341	4429.853	-0.420
1764.841	4429.741	-0.419
1765.341	4429.714	-0.422
1765.841	4429.743	-0.418
1766.341	4429.719	-0.420
1766.841	4429.692	-0.421
1767.341	4429.739	-0.421
1767.841	4429.834	-0.422
1768.341	4429.848	-0.422
1768.841	4429.797	-0.424
1769.341	4429.812	-0.420
1769.841	4429.953	-0.420
1770.341	4429.733	-0.423
1770.841	4429.715	-0.421
1771.341	4429.762	-0.421
1771.841	4429.737	-0.421
1772.341	4429.713	-0.423
1772.841	4429.731	-0.420
1773.341	4429.751	-0.422
1773.841	4429.795	-0.419
1774.341	4429.728	-0.427
1774.841	4429.681	-0.422
1775.341	4429.682	-0.421
1775.841	4429.701	-0.422
1776.341	4429.712	-0.422
1776.841	4429.746	-0.424
1777.341	4429.737	-0.421
1777.841	4429.722	-0.424
1778.341	4429.857	-0.422
1778.841	4429.873	-0.422
1779.341	4429.894	-0.419
1779.841	4429.929	-0.419
1780.341	4429.916	-0.420
1780.841	4429.879	-0.419
1781.341	4429.854	-0.421
1781.841	4429.862	-0.420
1782.341	4429.828	-0.423
1782.841	4429.745	-0.418
1783.341	4429.732	-0.417
1783.841	4429.711	-0.419
1784.341	4429.665	-0.422
1784.841	4429.582	-0.422
1785.341	4429.605	-0.420
1785.841	4429.597	-0.418
1786.341	4429.656	-0.420
1786.841	4429.586	-0.422
1787.341	4429.582	-0.419
1787.841	4429.557	-0.423
1788.341	4429.573	-0.420
1788.841	4429.558	-0.419
1789.341	4429.584	-0.421
1789.841	4429.583	-0.423
1790.341	4429.579	-0.422
1790.841	4429.608	-0.421
1791.341	4429.630	-0.423
1791.841	4429.673	-0.424
1792.341	4429.600	-0.419
1792.841	4429.565	-0.421
1793.341	4429.853	-0.421
1793.841	4429.793	-0.420
1794.341	4429.755	-0.423
1794.841	4429.829	-0.420
1795.341	4429.844	-0.419
1795.841	4429.729	-0.420
1796.341	4429.734	-0.421
1796.841	4429.735	-0.421
1797.341	4429.758	-0.419
1797.841	4429.813	-0.420
1798.341	4429.789	-0.419
1798.841	4429.793	-0.422
1799.341	4429.867	-0.421
1799.841	4429.877	-0.421
1800.341	4429.856	-0.421
