0.292	840.763	-0.183
1.292	840.759	-0.172
2.292	840.725	-0.197
3.292	840.705	-0.179
4.292	840.699	-0.189
5.292	840.693	-0.191
6.292	840.683	-0.162
7.292	840.647	-0.179
8.292	840.625	-0.199
9.292	840.625	-0.167
10.292	840.595	-0.193
11.292	840.583	-0.204
12.292	840.556	-0.183
13.292	840.639	-0.169
14.292	840.658	-0.163
15.292	840.634	-0.176
16.292	840.604	-0.180
17.292	840.601	-0.178
18.292	840.616	-0.178
19.292	840.606	-0.179
20.292	840.608	-0.193
21.292	840.554	-0.189
22.292	840.513	-0.195
23.292	840.508	-0.197
24.292	840.431	-0.197
25.292	840.483	-0.194
26.292	840.473	-0.194
27.292	840.503	-0.173
28.292	840.524	-0.176
29.292	840.456	-0.179
30.292	840.537	-0.195
31.292	840.526	-0.190
32.292	840.577	-0.174
33.292	840.586	-0.188
34.292	840.572	-0.182
35.292	840.593	-0.196
36.292	840.618	-0.192
37.292	840.582	-0.175
38.292	840.520	-0.189
39.292	840.522	-0.188
40.292	840.432	-0.184
41.292	840.409	-0.193
42.292	840.407	-0.179
43.292	840.385	-0.190
44.292	840.400	-0.180
45.292	840.402	-0.187
46.292	840.419	-0.185
47.292	840.410	-0.188
48.292	840.382	-0.173
49.292	840.460	-0.190
50.292	840.507	-0.183
51.292	840.471	-0.182
52.292	840.508	-0.183
53.292	840.518	-0.186
54.292	840.547	-0.184
55.292	840.515	-0.177
56.292	840.516	-0.174
57.292	840.485	-0.188
58.292	840.456	-0.185
59.292	840.395	-0.171
60.292	840.371	-0.178
61.292	840.373	-0.179
62.292	840.316	-0.176
63.292	840.277	-0.168
64.292	840.352	-0.171
65.292	840.269	-0.193
66.292	840.197	-0.204
67.292	840.233	-0.170
68.292	840.269	-0.171
69.292	840.292	-0.206
70.292	840.322	-0.172
71.292	840.272	-0.166
72.292	840.258	-0.203
73.292	840.263	-0.180
74.292	840.283	-0.171
75.292	840.243	-0.200
76.292	840.245	-0.168
77.292	840.230	-0.202
78.292	840.275	-0.180
79.292	840.279	-0.192
80.292	840.299	-0.167
81.292	840.222	-0.206
82.292	840.203	-0.166
83.292	840.193	-0.204
84.292	840.168	-0.188
85.292	840.173	-0.159
86.292	840.128	-0.160
87.292	840.160	-0.180
88.292	840.177	-0.186
89.292	840.153	-0.183
90.292	840.190	-0.164
91.292	840.183	-0.164
92.292	840.186	-0.160
93.292	840.184	-0.172
94.292	840.208	-0.172
95.292	840.106	-0.178
96.292	840.111	-0.176
97.292	840.119	-0.175
98.292	840.104	-0.177
99.292	840.095	-0.183
100.292	840.098	-0.193
101.292	840.109	-0.202
102.292	840.030	-0.204
103.292	840.052	-0.195
104.292	840.078	-0.163
105.292	840.076	-0.167
106.292	840.090	-0.211
107.292	840.077	-0.201
108.292	840.024	-0.167
109.292	839.972	-0.207
110.292	839.965	-0.177
111.292	839.980	-0.180
112.292	839.945	-0.209
113.292	839.919	-0.181
114.292	839.922	-0.166
115.292	839.891	-0.194
116.292	839.879	-0.210
117.292	839.883	-0.171
118.292	839.865	-0.190
119.292	839.844	-0.200
120.292	839.849	-0.160
121.292	839.837	-0.191
122.292	839.834	-0.200
123.292	839.829	-0.183
124.292	839.843	-0.199
125.292	839.812	-0.171
126.292	839.798	-0.206
127.292	839.727	-0.168
128.292	839.663	-0.206
129.292	839.662	-0.174
130.292	839.671	-0.190
131.292	839.637	-0.202
132.292	839.645	-0.172
133.292	839.655	-0.202
134.292	839.652	-0.202
135.292	839.643	-0.188
136.292	839.694	-0.174
137.292	839.699	-0.214
138.292	839.641	-0.185
139.292	839.679	-0.173
140.292	839.671	-0.212
141.292	839.675	-0.167
142.292	839.669	-0.208
143.292	839.664	-0.192
144.292	839.700	-0.169
145.292	839.613	-0.190
146.292	839.573	-0.203
147.292	839.563	-0.169
148.292	839.581	-0.171
149.292	839.556	-0.184
150.292	839.525	-0.198
151.292	839.528	-0.206
152.292	839.500	-0.196
153.292	839.530	-0.183
154.292	839.585	-0.170
155.292	839.576	-0.169
156.292	839.542	-0.174
157.292	839.555	-0.181
158.292	839.576	-0.199
159.292	840.951	-0.202
160.292	842.335	-0.190
161.292	842.209	-0.185
162.292	842.214	-0.179
163.292	842.211	-0.173
164.292	842.185	-0.178
165.292	842.165	-0.191
166.292	842.171	-0.207
167.292	842.154	-0.202
168.292	842.131	-0.206
169.292	842.119	-0.191
170.292	842.094	-0.192
171.292	842.066	-0.190
172.292	842.082	-0.177
173.292	842.077	-0.171
174.292	842.105	-0.196
175.292	842.151	-0.211
176.292	842.124	-0.174
177.292	842.106	-0.200
178.292	842.083	-0.202
179.292	842.044	-0.181
180.292	842.012	-0.170
181.292	842.002	-0.180
182.292	841.991	-0.196
183.292	841.996	-0.208
184.292	841.935	-0.213
185.292	841.935	-0.206
186.292	841.974	-0.194
187.292	841.923	-0.219
188.292	841.900	-0.216
189.292	841.919	-0.199
190.292	841.895	-0.169
191.292	841.873	-0.174
192.292	841.882	-0.172
193.292	841.864	-0.170
194.292	841.877	-0.166
195.292	841.868	-0.169
196.292	841.865	-0.198
197.292	841.817	-0.204
198.292	841.801	-0.171
199.292	841.793	-0.207
200.292	841.768	-0.190
201.292	841.768	-0.187
202.292	841.717	-0.181
203.292	841.758	-0.184
204.292	841.734	-0.194
205.292	841.730	-0.199
206.292	841.741	-0.205
207.292	841.728	-0.184
208.292	841.684	-0.181
209.292	841.661	-0.199
210.292	841.670	-0.199
211.292	841.670	-0.189
212.292	841.667	-0.185
213.292	841.660	-0.197
214.292	841.652	-0.189
215.292	841.583	-0.198
216.292	841.570	-0.187
217.292	841.581	-0.190
218.292	841.559	-0.190
219.292	841.603	-0.187
220.292	841.591	-0.192
221.292	841.564	-0.188
222.292	841.572	-0.201
223.292	841.542	-0.193
224.292	841.582	-0.190
225.292	841.566	-0.180
226.292	841.536	-0.197
227.292	841.513	-0.201
228.292	841.503	-0.210
229.292	841.498	-0.210
230.292	841.498	-0.215
231.292	841.467	-0.199
232.292	841.392	-0.181
233.292	841.383	-0.179
234.292	841.400	-0.202
235.292	841.426	-0.206
236.292	841.377	-0.170
237.292	841.392	-0.190
238.292	841.319	-0.206
239.292	841.354	-0.185
240.292	841.303	-0.179
241.292	841.312	-0.178
242.292	841.296	-0.202
243.292	841.295	-0.208
244.292	841.266	-0.171
245.292	841.245	-0.210
246.292	841.235	-0.180
247.292	841.232	-0.179
248.292	841.300	-0.213
249.292	841.281	-0.207
250.292	841.223	-0.215
251.292	841.277	-0.221
252.292	841.235	-0.214
253.292	841.247	-0.210
254.292	841.236	-0.192
255.292	841.233	-0.179
256.292	841.253	-0.195
257.292	841.284	-0.218
258.292	841.267	-0.216
259.292	841.238	-0.221
260.292	841.224	-0.223
261.292	841.240	-0.222
262.292	841.266	-0.208
263.292	841.230	-0.186
264.292	841.268	-0.176
265.292	841.232	-0.179
266.292	841.242	-0.213
267.292	841.234	-0.199
268.292	841.222	-0.178
269.292	841.264	-0.184
270.292	841.186	-0.204
271.292	841.184	-0.212
272.292	841.217	-0.203
273.292	841.287	-0.186
274.292	841.284	-0.205
275.292	841.259	-0.196
276.292	841.218	-0.184
277.292	841.238	-0.202
278.292	841.213	-0.189
279.292	841.245	-0.183
280.292	841.271	-0.195
281.292	841.230	-0.184
282.292	841.192	-0.200
283.292	841.228	-0.188
284.292	841.227	-0.203
285.292	841.328	-0.202
286.292	841.289	-0.186
287.292	841.243	-0.193
288.292	841.200	-0.207
289.292	841.182	-0.195
290.292	841.191	-0.187
291.292	841.173	-0.196
292.292	841.243	-0.197
293.292	841.277	-0.186
294.292	841.246	-0.202
295.292	841.189	-0.189
296.292	841.158	-0.186
297.292	841.190	-0.200
298.292	841.208	-0.202
299.292	841.206	-0.183
300.292	841.208	-0.180
301.292	841.176	-0.185
302.292	841.163	-0.177
303.292	841.194	-0.177
304.292	841.205	-0.174
305.292	841.224	-0.193
306.292	841.203	-0.205
307.292	841.188	-0.219
308.292	841.190	-0.176
309.292	841.157	-0.181
310.292	841.129	-0.204
311.292	841.141	-0.210
312.292	841.146	-0.183
313.292	841.090	-0.181
314.292	841.261	-0.210
315.292	841.249	-0.211
316.292	841.248	-0.183
317.292	841.243	-0.187
318.292	841.268	-0.211
319.292	841.232	-0.209
320.292	841.254	-0.188
321.292	841.188	-0.200
322.292	841.182	-0.208
323.292	841.192	-0.173
324.292	841.167	-0.175
325.292	841.142	-0.198
326.292	841.159	-0.212
327.292	841.155	-0.213
328.292	841.156	-0.216
329.292	841.158	-0.214
330.292	841.154	-0.217
331.292	841.172	-0.213
332.292	841.194	-0.211
333.292	841.188	-0.198
334.292	841.242	-0.201
335.292	841.208	-0.191
336.292	841.176	-0.185
337.292	841.165	-0.171
338.292	841.149	-0.181
339.292	840.997	-0.214
340.292	841.010	-0.215
341.292	840.986	-0.206
342.292	840.963	-0.173
343.292	840.937	-0.214
344.292	840.910	-0.172
345.292	840.835	-0.219
346.292	840.872	-0.177
347.292	840.863	-0.177
348.292	840.924	-0.217
349.292	840.929	-0.208
350.292	840.917	-0.182
351.292	840.964	-0.179
352.292	840.900	-0.208
353.292	840.936	-0.214
354.292	840.960	-0.202
355.292	840.911	-0.178
356.292	840.896	-0.185
357.292	840.890	-0.209
358.292	840.852	-0.207
359.292	840.807	-0.196
360.292	840.877	-0.167
361.292	840.860	-0.200
362.292	840.802	-0.210
363.292	840.788	-0.203
364.292	840.689	-0.182
365.292	840.681	-0.201
366.292	840.800	-0.191
367.292	840.791	-0.191
368.292	840.788	-0.187
369.292	840.760	-0.210
370.292	840.765	-0.174
371.292	840.817	-0.178
372.292	840.809	-0.197
373.292	840.825	-0.208
374.292	840.781	-0.210
375.292	840.630	-0.200
376.292	840.594	-0.179
377.292	840.620	-0.214
378.292	840.562	-0.180
379.292	840.565	-0.202
380.292	840.540	-0.204
381.292	840.533	-0.197
382.292	840.487	-0.185
383.292	840.470	-0.179
384.292	840.522	-0.182
385.292	840.510	-0.184
386.292	840.523	-0.188
387.292	840.550	-0.206
388.292	840.543	-0.211
389.292	840.547	-0.205
390.292	840.580	-0.179
391.292	840.514	-0.202
392.292	840.523	-0.203
393.292	840.541	-0.183
394.292	840.518	-0.212
395.292	840.548	-0.188
396.292	840.566	-0.211
397.292	840.649	-0.179
398.292	840.635	-0.220
399.292	840.632	-0.199
400.292	840.642	-0.173
401.292	840.657	-0.195
402.292	840.715	-0.210
403.292	840.707	-0.219
404.292	840.700	-0.214
405.292	840.712	-0.201
406.292	840.745	-0.169
407.292	840.737	-0.215
408.292	840.698	-0.193
409.292	840.708	-0.184
410.292	840.673	-0.224
411.292	840.673	-0.183
412.292	840.687	-0.197
413.292	840.714	-0.209
414.292	840.768	-0.180
415.292	840.779	-0.199
416.292	840.755	-0.220
417.292	840.752	-0.194
418.292	840.735	-0.192
419.292	840.731	-0.208
420.292	840.738	-0.206
421.292	840.726	-0.203
422.292	840.715	-0.201
423.292	840.707	-0.207
424.292	840.699	-0.213
425.292	840.669	-0.208
426.292	840.651	-0.208
427.292	840.648	-0.206
428.292	840.636	-0.218
429.292	840.628	-0.209
430.292	840.623	-0.207
431.292	840.633	-0.211
432.292	840.655	-0.198
433.292	840.607	-0.197
434.292	840.570	-0.195
435.292	840.626	-0.187
436.292	840.612	-0.197
437.292	840.647	-0.207
438.292	840.665	-0.216
439.292	840.656	-0.208
440.292	840.666	-0.205
441.292	840.613	-0.196
442.292	840.597	-0.183
443.292	840.616	-0.186
444.292	840.597	-0.198
445.292	840.550	-0.212
446.292	840.548	-0.198
447.292	840.537	-0.192
448.292	840.532	-0.201
449.292	840.521	-0.210
450.292	840.501	-0.199
451.292	840.511	-0.180
452.292	840.510	-0.203
453.292	840.482	-0.211
454.292	840.502	-0.200
455.292	840.544	-0.196
456.292	840.572	-0.198
457.292	840.592	-0.217
458.292	840.616	-0.211
459.292	840.605	-0.174
460.292	840.624	-0.187
461.292	840.606	-0.211
462.292	840.579	-0.179
463.292	840.583	-0.207
464.292	840.617	-0.202
465.292	840.614	-0.220
466.292	840.610	-0.174
467.292	840.637	-0.202
468.292	840.613	-0.228
469.292	840.547	-0.228
470.292	840.560	-0.200
471.292	840.538	-0.182
472.292	840.499	-0.210
473.292	840.499	-0.178
474.292	840.546	-0.221
475.292	840.555	-0.197
476.292	840.541	-0.182
477.292	840.551	-0.181
478.292	840.562	-0.184
479.292	840.520	-0.191
480.292	840.512	-0.194
481.292	840.501	-0.193
482.292	840.418	-0.209
483.292	840.384	-0.201
484.292	840.389	-0.203
485.292	840.373	-0.191
486.292	840.366	-0.191
487.292	840.358	-0.213
488.292	840.366	-0.212
489.292	840.340	-0.217
490.292	840.307	-0.211
491.292	840.333	-0.195
492.292	840.402	-0.188
493.292	840.417	-0.199
494.292	840.431	-0.208
495.292	840.472	-0.197
496.292	840.486	-0.181
497.292	840.477	-0.194
498.292	840.479	-0.214
499.292	840.520	-0.205
500.292	840.532	-0.184
501.292	840.580	-0.193
502.292	840.586	-0.225
503.292	840.526	-0.185
504.292	840.553	-0.207
505.292	840.540	-0.200
506.292	840.484	-0.211
507.292	840.474	-0.183
508.292	840.510	-0.213
509.292	840.551	-0.201
510.292	840.568	-0.166
511.292	840.545	-0.197
512.292	840.537	-0.222
513.292	840.528	-0.222
514.292	840.575	-0.186
515.292	840.578	-0.172
516.292	840.562	-0.199
517.292	840.557	-0.218
518.292	840.563	-0.219
519.292	840.584	-0.196
520.292	840.560	-0.176
521.292	840.498	-0.190
522.292	840.520	-0.211
523.292	840.563	-0.219
524.292	840.570	-0.222
525.292	840.611	-0.197
526.292	840.601	-0.175
527.292	840.584	-0.208
528.292	840.598	-0.224
529.292	840.553	-0.222
530.292	840.467	-0.219
531.292	840.541	-0.192
532.292	840.455	-0.177
533.292	840.489	-0.175
534.292	840.450	-0.175
535.292	840.485	-0.178
536.292	840.433	-0.182
537.292	840.503	-0.198
538.292	840.497	-0.215
539.292	840.522	-0.226
540.292	840.628	-0.228
541.292	840.658	-0.221
542.292	840.601	-0.221
543.292	840.568	-0.215
544.292	840.510	-0.209
545.292	840.439	-0.225
546.292	840.427	-0.228
547.292	840.479	-0.223
548.292	840.461	-0.206
549.292	840.441	-0.190
550.292	840.452	-0.174
551.292	840.276	-0.169
552.292	840.261	-0.179
553.292	840.250	-0.180
554.292	840.236	-0.190
555.292	840.220	-0.206
556.292	840.193	-0.229
557.292	840.248	-0.200
558.292	840.243	-0.172
559.292	840.274	-0.213
560.292	840.265	-0.218
561.292	840.253	-0.192
562.292	840.353	-0.190
563.292	840.341	-0.221
564.292	840.340	-0.178
565.292	840.370	-0.170
566.292	840.392	-0.180
567.292	840.402	-0.173
568.292	840.369	-0.188
569.292	840.333	-0.227
570.292	840.323	-0.208
571.292	840.296	-0.179
572.292	840.275	-0.179
573.292	840.259	-0.213
574.292	840.321	-0.216
575.292	840.330	-0.216
576.292	840.281	-0.225
577.292	840.283	-0.223
578.292	840.324	-0.221
579.292	840.305	-0.234
580.292	840.258	-0.202
581.292	840.282	-0.168
582.292	840.243	-0.184
583.292	840.272	-0.224
584.292	840.263	-0.226
585.292	840.217	-0.216
586.292	840.223	-0.199
587.292	840.167	-0.201
588.292	840.144	-0.216
589.292	840.131	-0.225
590.292	840.132	-0.214
591.292	840.093	-0.218
592.292	840.099	-0.216
593.292	840.153	-0.222
594.292	840.190	-0.208
595.292	840.217	-0.187
596.292	840.207	-0.183
597.292	840.257	-0.167
598.292	840.182	-0.193
599.292	840.159	-0.227
600.292	840.147	-0.190
