0.180	0.002	-0.000
1.180	0.002	0.000
2.180	0.002	-0.000
3.180	0.002	0.000
4.180	0.002	-0.000
5.180	0.001	0.000
6.180	0.001	0.001
7.180	0.002	0.001
8.180	0.001	-0.000
9.180	0.002	-0.000
10.180	0.002	-0.000
11.180	0.002	0.000
12.180	0.002	-0.000
13.180	0.002	-0.001
14.180	0.002	-0.000
15.180	0.002	0.000
16.180	0.002	0.000
17.180	0.002	0.000
18.180	0.002	-0.000
19.180	0.002	-0.000
20.180	0.002	-0.000
21.180	0.001	-0.000
22.180	0.002	-0.000
23.180	0.002	-0.000
24.180	0.002	-0.000
25.180	0.002	-0.000
26.180	0.002	-0.000
27.180	0.002	-0.000
28.180	0.002	0.000
29.180	0.001	-0.000
30.180	0.002	-0.000
31.180	0.002	-0.002
32.180	0.001	-0.000
33.180	0.002	-0.000
34.180	0.002	-0.000
35.180	0.002	-0.000
36.180	0.002	-0.002
37.180	0.002	0.000
38.180	0.002	-0.000
39.180	0.002	-0.002
40.180	0.002	0.000
41.180	0.002	0.000
42.180	0.001	0.000
43.180	0.001	0.000
44.180	0.001	0.000
45.180	0.001	-0.000
46.180	0.001	-0.001
47.180	0.001	0.000
48.180	0.001	0.000
49.180	0.001	0.000
50.180	0.002	-0.000
51.180	0.001	0.000
52.180	0.001	0.001
53.180	0.001	-0.000
54.180	0.002	-0.000
55.180	0.002	0.000
56.180	0.001	-0.000
57.180	0.002	0.000
58.180	0.001	0.000
59.180	0.002	-0.000
60.180	0.001	-0.000
61.180	0.002	-0.000
62.180	0.002	0.000
63.180	0.002	0.000
64.180	0.002	0.000
65.180	0.001	0.000
66.180	0.002	-0.000
67.180	0.001	0.000
68.180	0.001	0.000
69.180	0.002	0.001
70.180	0.002	0.000
71.180	0.002	-0.000
72.180	0.002	0.000
73.180	0.002	0.000
74.180	0.002	0.000
75.180	0.001	0.000
76.180	0.002	0.000
77.180	0.002	-0.000
78.180	0.002	0.000
79.180	0.002	0.000
80.180	0.001	0.001
81.180	0.002	0.000
82.180	0.002	0.000
83.180	0.001	-0.000
84.180	0.002	-0.000
85.180	0.002	-0.000
86.180	0.002	0.000
87.180	0.002	-0.000
88.180	0.001	-0.000
89.180	0.002	-0.000
90.180	0.002	-0.000
91.180	0.002	0.000
92.180	0.002	0.000
93.180	0.002	-0.000
94.180	0.002	-0.000
95.180	0.001	-0.002
96.180	0.002	0.000
97.180	0.001	0.000
98.180	0.002	0.000
99.180	0.002	0.000
100.180	0.001	0.000
101.180	0.001	-0.000
102.180	0.001	0.000
103.180	0.002	-0.000
104.180	0.002	0.000
105.180	0.002	0.000
106.180	0.002	-0.000
107.180	0.001	-0.000
108.180	0.002	-0.000
109.180	0.002	-0.000
110.180	0.002	-0.000
111.180	0.002	0.000
112.180	0.002	0.000
113.180	0.002	-0.000
114.180	0.002	-0.000
115.180	0.002	0.001
116.180	0.002	-0.000
117.180	0.002	0.000
118.180	0.002	-0.000
119.180	0.002	-0.000
120.180	0.002	-0.000
121.180	0.002	-0.000
122.180	0.002	0.000
123.180	0.002	0.000
124.180	0.002	0.000
125.180	0.002	-0.000
126.180	0.002	-0.001
127.180	0.002	0.000
128.180	0.002	-0.000
129.180	0.002	0.000
130.180	0.002	0.000
131.180	0.002	-0.001
132.180	0.002	-0.000
133.180	0.002	0.000
134.180	0.002	0.000
135.180	0.002	0.000
136.180	0.002	0.000
137.180	0.002	-0.000
138.180	0.002	-0.000
139.180	0.002	0.000
140.180	0.002	0.000
141.180	0.002	-0.000
142.180	0.001	0.000
143.180	0.002	-0.000
144.180	0.002	0.000
145.180	0.002	-0.000
146.180	0.002	0.000
147.180	0.002	-0.000
148.180	0.002	0.000
149.180	0.002	0.000
150.180	0.002	-0.000
151.180	0.002	0.000
152.180	0.002	0.001
153.180	0.002	0.001
154.180	0.002	0.000
155.180	0.001	0.000
156.180	0.002	0.000
157.180	0.002	-0.000
158.180	0.002	-0.000
159.180	0.002	0.000
160.180	0.002	0.000
161.180	0.002	-0.000
162.180	0.002	-0.000
163.180	0.002	-0.000
164.180	0.002	0.000
165.180	0.002	-0.000
166.180	0.002	0.000
167.180	0.002	-0.000
168.180	0.002	-0.000
169.180	0.002	0.000
170.180	0.002	-0.000
171.180	0.002	0.001
172.180	0.002	0.000
173.180	0.002	0.001
174.180	0.002	-0.001
175.180	0.002	0.000
176.180	0.002	0.000
177.180	0.002	0.000
178.180	0.002	0.000
179.180	0.002	0.001
180.180	0.002	0.000
181.180	0.002	-0.000
182.180	0.002	-0.000
183.180	0.002	0.002
184.180	0.002	0.013
185.180	0.002	0.008
186.180	0.002	0.027
187.180	0.002	0.025
188.180	0.002	0.028
189.180	0.002	0.027
190.180	0.002	0.027
191.180	0.002	0.026
192.180	0.002	0.028
193.180	0.002	0.025
194.180	0.002	0.021
195.180	0.002	0.021
196.180	0.002	0.022
197.180	0.002	0.022
198.180	0.002	0.022
199.180	0.002	0.022
200.180	0.002	0.023
201.180	0.002	0.022
202.180	0.002	0.021
203.180	0.002	0.022
204.180	0.002	0.022
205.180	0.002	0.022
206.180	0.002	0.021
207.180	0.002	0.022
208.180	0.002	0.022
209.180	0.002	0.023
210.180	0.002	0.022
211.180	0.002	0.021
212.180	0.002	0.022
213.180	0.002	0.022
214.180	0.002	0.021
215.180	0.002	0.022
216.180	0.532	-1.253
217.180	1.102	-5.838
218.180	1.594	-9.974
219.180	2.060	-13.920
220.180	2.290	-16.561
221.180	2.413	-17.891
222.180	2.439	-18.645
223.180	2.495	-19.152
224.180	2.495	-19.232
225.180	2.495	-19.232
226.180	2.495	-19.233
227.180	2.494	-19.232
228.180	2.494	-19.231
229.180	2.494	-19.231
230.180	2.494	-19.231
231.180	2.494	-19.228
232.180	2.494	-19.229
233.180	2.500	-19.230
234.180	2.514	-19.367
235.180	2.514	-19.389
236.180	2.514	-19.389
237.180	2.514	-19.389
238.180	2.514	-19.389
239.180	2.514	-19.389
240.180	2.514	-19.388
241.180	2.517	-19.388
242.180	2.572	-19.706
243.180	2.576	-19.890
244.180	2.576	-19.889
245.180	2.576	-19.890
246.180	2.575	-19.888
247.180	2.575	-19.889
248.180	2.594	-19.889
249.180	2.645	-20.313
250.180	2.647	-20.470
251.180	2.647	-20.471
252.180	2.646	-20.470
253.180	2.647	-20.469
254.180	2.646	-20.468
255.180	2.646	-20.468
256.180	2.646	-20.468
257.180	2.646	-20.467
258.180	2.646	-20.467
259.180	2.646	-20.467
260.180	2.646	-20.466
261.180	2.646	-20.451
262.180	2.646	-20.424
263.180	2.646	-20.274
264.180	2.645	-20.223
265.180	2.645	-20.222
266.180	2.645	-20.320
267.180	2.645	-20.435
268.180	2.645	-20.458
269.180	2.645	-20.462
270.180	2.645	-20.463
271.180	2.645	-20.457
272.180	2.645	-20.456
273.180	2.644	-20.456
274.180	2.644	-20.454
275.180	2.644	-20.457
276.180	2.644	-20.456
277.180	2.644	-20.459
278.180	2.644	-20.458
279.180	2.644	-20.456
280.180	2.644	-20.456
281.180	2.644	-20.455
282.180	2.643	-20.456
283.180	2.643	-20.455
284.180	2.643	-20.454
285.180	2.643	-20.454
286.180	2.643	-20.453
287.180	2.643	-20.452
288.180	2.643	-20.451
289.180	2.643	-20.445
290.180	2.643	-20.441
291.180	2.643	-20.441
292.180	2.643	-20.445
293.180	2.642	-20.444
294.180	2.643	-20.447
295.180	2.642	-20.447
296.180	2.642	-20.447
297.180	2.642	-20.448
298.180	2.642	-20.447
299.180	2.642	-20.445
300.180	2.642	-20.445
301.180	2.642	-20.444
302.180	2.642	-20.444
303.180	2.642	-20.443
304.180	2.641	-20.442
305.180	2.641	-20.442
306.180	2.641	-20.443
307.180	2.641	-20.439
308.180	2.641	-20.440
309.180	2.641	-20.439
310.180	2.641	-20.438
311.180	2.641	-20.440
312.180	2.641	-20.439
313.180	2.641	-20.438
314.180	2.640	-20.437
315.180	2.641	-20.437
316.180	2.640	-20.438
317.180	2.640	-20.436
318.180	2.640	-20.436
319.180	2.640	-20.436
320.180	2.640	-20.434
321.180	2.640	-20.435
322.180	2.640	-20.433
323.180	2.640	-20.434
324.180	2.640	-20.433
325.180	2.639	-20.433
326.180	2.639	-20.431
327.180	2.639	-20.431
328.180	2.639	-20.432
329.180	2.639	-20.431
330.180	2.639	-20.430
331.180	2.639	-20.429
332.180	2.639	-20.429
333.180	2.639	-20.428
334.180	2.639	-20.428
335.180	2.639	-20.427
336.180	2.639	-20.427
337.180	2.638	-20.426
338.180	2.638	-20.425
339.180	2.638	-20.425
340.180	2.638	-20.424
341.180	2.638	-20.424
342.180	2.638	-20.423
343.180	2.638	-20.422
344.180	2.638	-20.422
345.180	2.638	-20.421
346.180	2.638	-20.422
347.180	2.638	-20.420
348.180	2.638	-20.420
349.180	2.637	-20.421
350.180	2.638	-20.419
351.180	2.637	-20.418
352.180	2.637	-20.417
353.180	2.637	-20.418
354.180	2.637	-20.417
355.180	2.637	-20.417
356.180	2.637	-20.416
357.180	2.637	-20.415
358.180	2.637	-20.415
359.180	2.637	-20.414
360.180	2.637	-20.414
361.180	2.636	-20.413
362.180	2.636	-20.412
363.180	2.636	-20.412
364.180	2.636	-20.412
365.180	2.636	-20.411
366.180	2.636	-20.411
367.180	2.636	-20.410
368.180	2.636	-20.410
369.180	2.636	-20.409
370.180	2.636	-20.410
371.180	2.636	-20.409
372.180	2.636	-20.408
373.180	2.636	-20.407
374.180	2.636	-20.407
375.180	2.635	-20.407
376.180	2.635	-20.406
377.180	2.635	-20.404
378.180	2.635	-20.406
379.180	2.635	-20.404
380.180	2.635	-20.404
381.180	2.635	-20.404
382.180	2.635	-20.402
383.180	2.635	-20.403
384.180	2.635	-20.402
385.180	2.635	-20.402
386.180	2.635	-20.402
387.180	2.635	-20.401
388.180	2.635	-20.401
389.180	2.635	-20.399
390.180	2.635	-20.399
391.180	2.634	-20.398
392.180	2.634	-20.399
393.180	2.634	-20.398
394.180	2.634	-20.397
395.180	2.634	-20.397
396.180	2.634	-20.396
397.180	2.634	-20.396
398.180	2.634	-20.395
399.180	2.634	-20.396
400.180	2.634	-20.395
401.180	2.633	-20.394
402.180	2.633	-20.393
403.180	2.633	-20.393
404.180	2.633	-20.393
405.180	2.633	-20.391
406.180	2.633	-20.391
407.180	2.633	-20.390
408.180	2.633	-20.390
409.180	2.633	-20.390
410.180	2.633	-20.389
411.180	2.633	-20.389
412.180	2.633	-20.388
413.180	2.633	-20.387
414.180	2.633	-20.387
415.180	2.632	-20.388
416.180	2.633	-20.387
417.180	2.632	-20.386
418.180	2.632	-20.385
419.180	2.632	-20.385
420.180	2.632	-20.385
421.180	2.632	-20.384
422.180	2.632	-20.384
423.180	2.632	-20.382
424.180	2.632	-20.382
425.180	2.632	-20.381
426.180	2.632	-20.382
427.180	2.631	-20.381
428.180	2.632	-20.381
429.180	2.631	-20.380
430.180	2.631	-20.379
431.180	2.631	-20.380
432.180	2.631	-20.378
433.180	2.631	-20.378
434.180	2.631	-20.376
435.180	2.631	-20.378
436.180	2.631	-20.377
437.180	2.630	-20.375
438.180	2.631	-20.376
439.180	2.631	-20.375
440.180	2.631	-20.375
441.180	2.630	-20.373
442.180	2.630	-20.374
443.180	2.630	-20.373
444.180	2.630	-20.371
445.180	2.630	-20.371
446.180	2.630	-20.371
447.180	2.630	-20.372
448.180	2.630	-20.371
449.180	2.630	-20.372
450.180	2.629	-20.370
451.180	2.629	-20.370
452.180	2.629	-20.368
453.180	2.629	-20.368
454.180	2.629	-20.369
455.180	2.629	-20.368
456.180	2.629	-20.367
457.180	2.629	-20.367
458.180	2.629	-20.367
459.180	2.629	-20.365
460.180	2.629	-20.366
461.180	2.629	-20.365
462.180	2.629	-20.364
463.180	2.628	-20.364
464.180	2.629	-20.364
465.180	2.628	-20.363
466.180	2.628	-20.362
467.180	2.628	-20.362
468.180	2.628	-20.361
469.180	2.628	-20.360
470.180	2.628	-20.360
471.180	2.628	-20.359
472.180	2.628	-20.360
473.180	2.628	-20.359
474.180	2.628	-20.359
475.180	2.628	-20.357
476.180	2.627	-20.358
477.180	2.627	-20.358
478.180	2.627	-20.357
479.180	2.627	-20.356
480.180	2.627	-20.356
481.180	2.627	-20.356
482.180	2.627	-20.356
483.180	2.627	-20.355
484.180	2.627	-20.354
485.180	2.627	-20.352
486.180	2.627	-20.353
487.180	2.627	-20.353
488.180	2.627	-20.353
489.180	2.627	-20.352
490.180	2.626	-20.351
491.180	2.627	-20.351
492.180	2.627	-20.350
493.180	2.627	-20.350
494.180	2.626	-20.349
495.180	2.626	-20.350
496.180	2.626	-20.349
497.180	2.626	-20.348
498.180	2.626	-20.348
499.180	2.626	-20.348
500.180	2.626	-20.346
501.180	2.626	-20.347
502.180	2.626	-20.345
503.180	2.626	-20.345
504.180	2.626	-20.344
505.180	2.626	-20.344
506.180	2.626	-20.344
507.180	2.626	-20.344
508.180	2.626	-20.343
509.180	2.626	-20.343
510.180	2.626	-20.342
511.180	2.625	-20.341
512.180	2.625	-20.342
513.180	2.625	-20.341
514.180	2.625	-20.341
515.180	2.625	-20.340
516.180	2.625	-20.339
517.180	2.625	-20.339
518.180	2.625	-20.338
519.180	2.625	-20.338
520.180	2.625	-20.338
521.180	2.625	-20.337
522.180	2.625	-20.336
523.180	2.624	-20.335
524.180	2.625	-20.335
525.180	2.625	-20.335
526.180	2.624	-20.335
527.180	2.624	-20.335
528.180	2.624	-20.334
529.180	2.624	-20.332
530.180	2.624	-20.333
531.180	2.624	-20.333
532.180	2.624	-20.333
533.180	2.624	-20.332
534.180	2.624	-20.332
535.180	2.624	-20.332
536.180	2.624	-20.330
537.180	2.624	-20.329
538.180	2.624	-20.329
539.180	2.624	-20.329
540.180	2.623	-20.329
541.180	2.623	-20.327
542.180	2.623	-20.327
543.180	2.623	-20.327
544.180	2.623	-20.326
545.180	2.623	-20.325
546.180	2.623	-20.325
547.180	2.623	-20.326
548.180	2.623	-20.323
549.180	2.623	-20.324
550.180	2.623	-20.323
551.180	2.623	-20.324
552.180	2.622	-20.322
553.180	2.622	-20.323
554.180	2.622	-20.322
555.180	2.622	-20.321
556.180	2.622	-20.322
557.180	2.622	-20.321
558.180	2.622	-20.320
559.180	2.622	-20.320
560.180	2.622	-20.318
561.180	2.622	-20.320
562.180	2.622	-20.318
563.180	2.621	-20.318
564.180	2.622	-20.317
565.180	2.621	-20.317
566.180	2.621	-20.317
567.180	2.621	-20.317
568.180	2.621	-20.316
569.180	2.621	-20.315
570.180	2.621	-20.315
571.180	2.621	-20.314
572.180	2.621	-20.315
573.180	2.621	-20.314
574.180	2.621	-20.313
575.180	2.621	-20.313
576.180	2.621	-20.313
577.180	2.621	-20.312
578.180	2.621	-20.311
579.180	2.621	-20.312
580.180	2.621	-20.311
581.180	2.621	-20.310
582.180	2.620	-20.309
583.180	2.620	-20.309
584.180	2.620	-20.309
585.180	2.620	-20.308
586.180	2.620	-20.307
587.180	2.620	-20.308
588.180	2.620	-20.307
589.180	2.620	-20.305
590.180	2.620	-20.307
591.180	2.620	-20.305
592.180	2.620	-20.306
593.180	2.620	-20.305
594.180	2.620	-20.304
595.180	2.620	-20.303
596.180	2.620	-20.303
597.180	2.620	-20.303
598.180	2.619	-20.302
599.180	2.619	-20.302
600.180	2.619	-20.302
601.180	2.619	-20.300
602.180	2.619	-20.301
603.180	2.619	-20.299
604.180	2.619	-20.300
605.180	2.619	-20.299
606.180	2.619	-20.299
607.180	2.619	-20.298
608.180	2.619	-20.297
609.180	2.619	-20.297
610.180	2.619	-20.297
611.180	2.618	-20.297
612.180	2.618	-20.296
613.180	2.618	-20.296
614.180	2.618	-20.296
615.180	2.618	-20.295
616.180	2.618	-20.295
617.180	2.618	-20.294
618.180	2.618	-20.294
619.180	2.618	-20.294
620.180	2.618	-20.293
621.180	2.618	-20.293
622.180	2.618	-20.292
623.180	2.617	-20.292
624.180	2.617	-20.290
625.180	2.617	-20.291
626.180	2.617	-20.290
627.180	2.617	-20.289
628.180	2.617	-20.290
629.180	2.617	-20.289
630.180	2.617	-20.289
631.180	2.617	-20.288
632.180	2.617	-20.288
633.180	2.617	-20.287
634.180	2.617	-20.287
635.180	2.616	-20.287
636.180	2.616	-20.286
637.180	2.616	-20.285
638.180	2.616	-20.285
639.180	2.616	-20.285
640.180	2.616	-20.285
641.180	2.616	-20.283
642.180	2.616	-20.284
643.180	2.616	-20.283
644.180	2.616	-20.283
645.180	2.616	-20.282
646.180	2.616	-20.282
647.180	2.616	-20.282
648.180	2.616	-20.282
649.180	2.616	-20.280
650.180	2.616	-20.281
651.180	2.616	-20.281
652.180	2.616	-20.278
653.180	2.616	-20.278
654.180	2.615	-20.279
655.180	2.615	-20.278
656.180	2.615	-20.277
657.180	2.615	-20.277
658.180	2.615	-20.277
659.180	2.615	-20.276
660.180	2.615	-20.276
661.180	2.615	-20.277
662.180	2.615	-20.276
663.180	2.615	-20.274
664.180	2.615	-20.275
665.180	2.615	-20.275
666.180	2.615	-20.273
667.180	2.615	-20.273
668.180	2.615	-20.273
669.180	2.614	-20.274
670.180	2.614	-20.272
671.180	2.614	-20.270
672.180	2.614	-20.271
673.180	2.614	-20.271
674.180	2.614	-20.271
675.180	2.614	-20.271
676.180	2.614	-20.270
677.180	2.614	-20.270
678.180	2.614	-20.269
679.180	2.614	-20.268
680.180	2.614	-20.267
681.180	2.614	-20.268
682.180	2.614	-20.267
683.180	2.614	-20.267
684.180	2.614	-20.266
685.180	2.614	-20.265
686.180	2.614	-20.264
687.180	2.614	-20.264
688.180	2.613	-20.264
689.180	2.613	-20.263
690.180	2.613	-20.263
691.180	2.613	-20.263
692.180	2.613	-20.261
693.180	2.613	-20.262
694.180	2.613	-20.262
695.180	2.613	-20.261
696.180	2.613	-20.261
697.180	2.613	-20.261
698.180	2.613	-20.260
699.180	2.613	-20.260
700.180	2.613	-20.260
701.180	2.613	-20.258
702.180	2.613	-20.258
703.180	2.612	-20.257
704.180	2.612	-20.258
705.180	2.612	-20.256
706.180	2.612	-20.255
707.180	2.612	-20.257
708.180	2.612	-20.256
709.180	2.612	-20.256
710.180	2.612	-20.254
711.180	2.612	-20.254
712.180	2.612	-20.254
713.180	2.612	-20.253
714.180	2.612	-20.254
715.180	2.612	-20.252
716.180	2.612	-20.252
717.180	2.612	-20.252
718.180	2.612	-20.253
719.180	2.611	-20.250
720.180	2.611	-20.251
721.180	2.611	-20.250
722.180	2.611	-20.251
723.180	2.611	-20.249
724.180	2.611	-20.250
725.180	2.611	-20.249
726.180	2.611	-20.250
727.180	2.611	-20.249
728.180	2.611	-20.250
729.180	2.611	-20.247
730.180	2.611	-20.247
