0.181	1.329	-0.030
1.181	1.329	-0.031
2.181	1.329	-0.031
3.181	1.329	-0.031
4.181	1.329	-0.031
5.181	1.329	-0.032
6.181	1.329	-0.030
7.181	1.329	-0.030
8.181	1.329	-0.032
9.181	1.329	-0.031
10.181	1.329	-0.032
11.181	1.329	-0.031
12.181	1.329	-0.030
13.181	1.329	-0.031
14.181	1.329	-0.031
15.181	1.329	-0.031
16.181	1.329	-0.030
17.181	1.328	-0.031
18.181	1.329	-0.030
19.181	1.331	-0.031
20.181	1.342	-0.031
21.181	1.362	-0.031
22.181	1.389	-0.032
23.181	1.410	-0.033
24.181	1.429	-0.032
25.181	1.447	-0.033
26.181	1.525	-0.035
27.181	1.568	-0.036
28.181	1.608	-0.036
29.181	1.649	-0.037
30.181	1.702	-0.037
31.181	1.777	-0.039
32.181	1.845	-0.037
33.181	1.893	-0.039
34.181	1.907	-0.038
35.181	1.934	-0.039
36.181	1.937	-0.038
37.181	1.936	-0.039
38.181	1.939	-0.040
39.181	1.939	-0.039
40.181	1.940	-0.038
41.181	1.941	-0.038
42.181	1.942	-0.039
43.181	1.942	-0.039
44.181	1.942	-0.038
45.181	1.943	-0.039
46.181	1.943	-0.039
47.181	1.943	-0.037
48.181	1.943	-0.038
49.181	1.943	-0.038
50.181	1.943	-0.039
51.181	1.943	-0.038
52.181	1.943	-0.038
53.181	1.943	-0.038
54.181	1.943	-0.037
55.181	1.942	-0.038
56.181	1.943	-0.038
57.181	1.943	-0.038
58.181	1.943	-0.038
59.181	1.943	-0.037
60.181	1.943	-0.038
61.181	1.943	-0.038
62.181	1.943	-0.038
63.181	1.943	-0.038
64.181	1.943	-0.037
65.181	1.943	-0.038
66.181	1.943	-0.036
67.181	1.943	-0.038
68.181	1.943	-0.038
69.181	1.943	-0.038
70.181	1.943	-0.037
71.181	1.943	-0.038
72.181	1.943	-0.038
73.181	1.943	-0.038
74.181	1.943	-0.038
75.181	1.943	-0.038
76.181	1.943	-0.038
77.181	1.943	-0.038
78.181	1.943	-0.037
79.181	1.943	-0.037
80.181	1.943	-0.037
81.181	1.943	-0.039
82.181	1.943	-0.039
83.181	1.942	-0.037
84.181	1.943	-0.037
85.181	1.942	-0.037
86.181	1.942	-0.038
87.181	1.943	-0.038
88.181	1.942	-0.037
89.181	1.942	-0.038
90.181	1.943	-0.037
91.181	1.943	-0.037
92.181	1.943	-0.037
93.181	1.943	-0.037
94.181	1.942	-0.037
95.181	1.943	-0.037
96.181	1.942	-0.038
97.181	1.942	-0.039
98.181	1.942	-0.038
99.181	1.943	-0.037
100.181	1.943	-0.037
101.181	1.942	-0.036
102.181	1.943	-0.037
103.181	1.942	-0.037
104.181	1.943	-0.038
105.181	1.943	-0.038
106.181	1.943	-0.037
107.181	1.943	-0.037
108.181	1.943	-0.037
109.181	1.943	-0.037
110.181	1.943	-0.038
111.181	1.943	-0.038
112.181	1.943	-0.038
113.181	1.943	-0.038
114.181	1.943	-0.038
115.181	1.943	-0.037
116.181	1.943	-0.038
117.181	1.944	-0.037
118.181	1.944	-0.037
119.181	1.944	-0.037
120.181	1.944	-0.038
121.181	1.944	-0.036
122.181	1.944	-0.037
123.181	1.944	-0.037
124.181	1.944	-0.037
125.181	1.944	-0.037
126.181	1.945	-0.037
127.181	1.945	-0.037
128.181	1.945	-0.037
129.181	1.945	-0.037
130.181	1.945	-0.037
131.181	1.945	-0.037
132.181	1.945	-0.038
133.181	1.945	-0.038
134.181	1.946	-0.038
135.181	1.946	-0.038
136.181	1.946	-0.037
137.181	1.946	-0.037
138.181	1.946	-0.037
139.181	1.946	-0.037
140.181	1.946	-0.037
141.181	1.946	-0.038
142.181	1.947	-0.037
143.181	1.947	-0.037
144.181	1.947	-0.037
145.181	1.947	-0.037
146.181	1.947	-0.038
147.181	1.947	-0.037
148.181	1.947	-0.037
149.181	1.947	-0.037
150.181	1.947	-0.037
151.181	1.947	-0.038
152.181	1.947	-0.038
153.181	1.947	-0.037
154.181	1.947	-0.037
155.181	1.948	-0.037
156.181	1.948	-0.037
157.181	1.948	-0.037
158.181	1.948	-0.037
159.181	1.948	-0.037
160.181	1.948	-0.036
161.181	1.948	-0.037
162.181	1.948	-0.037
163.181	1.948	-0.037
164.181	1.948	-0.036
165.181	1.948	-0.037
166.181	1.948	-0.037
167.181	1.949	-0.037
168.181	1.949	-0.038
169.181	1.949	-0.038
170.181	1.949	-0.038
171.181	1.949	-0.038
172.181	1.949	-0.038
173.181	1.949	-0.038
174.181	1.949	-0.037
175.181	1.949	-0.037
176.181	1.949	-0.037
177.181	1.949	-0.038
178.181	1.949	-0.037
179.181	1.949	-0.037
180.181	1.949	-0.037
181.181	1.950	-0.037
182.181	1.949	-0.037
183.181	1.950	-0.038
184.181	1.950	-0.037
185.181	1.950	-0.037
186.181	1.949	-0.037
187.181	1.950	-0.036
188.181	1.950	-0.038
189.181	1.950	-0.038
190.181	1.950	-0.037
191.181	1.950	-0.037
192.181	1.950	-0.036
193.181	1.950	-0.037
194.181	1.950	-0.038
195.181	1.950	-0.039
196.181	1.950	-0.037
197.181	1.950	-0.036
198.181	1.950	-0.037
199.181	1.950	-0.037
200.181	1.950	-0.037
201.181	1.950	-0.037
202.181	1.950	-0.037
203.181	1.950	-0.038
204.181	1.951	-0.037
205.181	1.950	-0.038
206.181	1.950	-0.038
207.181	1.951	-0.037
208.181	1.951	-0.037
209.181	1.951	-0.036
210.181	1.951	-0.038
211.181	1.951	-0.037
212.181	1.951	-0.038
213.181	1.951	-0.038
214.181	1.951	-0.037
215.181	1.951	-0.037
216.181	1.951	-0.037
217.181	1.951	-0.038
218.181	1.951	-0.038
219.181	1.951	-0.038
220.181	1.951	-0.037
221.181	1.951	-0.037
222.181	1.951	-0.037
223.181	1.951	-0.038
224.181	1.951	-0.039
225.181	1.951	-0.038
226.181	1.951	-0.037
227.181	1.951	-0.036
228.181	1.951	-0.037
229.181	1.951	-0.038
230.181	1.951	-0.039
231.181	1.951	-0.037
232.181	1.951	-0.038
233.181	1.951	-0.036
234.181	1.951	-0.038
235.181	1.951	-0.037
236.181	1.951	-0.038
237.181	1.951	-0.037
238.181	1.951	-0.039
239.181	1.951	-0.038
240.181	1.951	-0.037
241.181	1.951	-0.038
242.181	1.951	-0.038
243.181	1.951	-0.037
244.181	1.951	-0.038
245.181	1.951	-0.037
246.181	1.951	-0.037
247.181	1.951	-0.037
248.181	1.951	-0.038
249.181	1.951	-0.038
250.181	1.951	-0.038
251.181	1.951	-0.038
252.181	1.951	-0.037
253.181	1.952	-0.037
254.181	1.951	-0.037
255.181	1.951	-0.038
256.181	1.951	-0.037
257.181	1.951	-0.037
258.181	1.951	-0.037
259.181	1.951	-0.037
260.181	1.951	-0.037
261.181	1.951	-0.038
262.181	1.951	-0.036
263.181	1.951	-0.037
264.181	1.951	-0.037
265.181	1.951	-0.038
266.181	1.951	-0.037
267.181	1.951	-0.037
268.181	1.951	-0.038
269.181	1.952	-0.037
270.181	1.951	-0.037
271.181	1.952	-0.036
272.181	1.952	-0.037
273.181	1.952	-0.037
274.181	1.952	-0.038
275.181	1.952	-0.037
276.181	1.952	-0.037
277.181	1.952	-0.038
278.181	1.952	-0.037
279.181	1.952	-0.036
280.181	1.952	-0.037
281.181	1.952	-0.038
282.181	1.952	-0.037
283.181	1.952	-0.037
284.181	1.952	-0.037
285.181	1.952	-0.036
286.181	1.952	-0.038
287.181	1.952	-0.038
288.181	1.952	-0.037
289.181	1.952	-0.036
290.181	1.952	-0.036
291.181	1.952	-0.037
292.181	1.952	-0.036
293.181	1.952	-0.038
294.181	1.952	-0.036
295.181	1.952	-0.038
296.181	1.952	-0.037
297.181	1.952	-0.037
298.181	1.952	-0.037
299.181	1.952	-0.038
300.181	1.952	-0.037
301.181	1.952	-0.037
302.181	1.952	-0.037
303.181	1.952	-0.037
304.181	1.952	-0.038
305.181	1.953	-0.038
306.181	1.953	-0.038
307.181	1.953	-0.037
308.181	1.953	-0.037
309.181	1.953	-0.036
310.181	1.953	-0.037
311.181	1.953	-0.039
312.181	1.953	-0.037
313.181	1.953	-0.037
314.181	1.953	-0.038
315.181	1.953	-0.036
316.181	1.953	-0.038
317.181	1.953	-0.037
318.181	1.953	-0.037
319.181	1.953	-0.038
320.181	1.953	-0.037
321.181	1.953	-0.037
322.181	1.953	-0.038
323.181	1.953	-0.038
324.181	1.953	-0.037
325.181	1.953	-0.038
326.181	1.953	-0.036
327.181	1.953	-0.037
328.181	1.953	-0.037
329.181	1.954	-0.038
330.181	1.953	-0.037
331.181	1.953	-0.037
332.181	1.953	-0.038
333.181	1.954	-0.037
334.181	1.954	-0.037
335.181	1.954	-0.037
336.181	1.954	-0.037
337.181	1.954	-0.037
338.181	1.954	-0.037
339.181	1.954	-0.037
340.181	1.954	-0.037
341.181	1.954	-0.037
342.181	1.954	-0.037
343.181	1.954	-0.036
344.181	1.954	-0.037
345.181	1.954	-0.038
346.181	1.954	-0.035
347.181	1.954	-0.037
348.181	1.954	-0.038
349.181	1.954	-0.037
350.181	1.954	-0.037
351.181	1.954	-0.036
352.181	1.954	-0.037
353.181	1.954	-0.037
354.181	1.954	-0.037
355.181	1.954	-0.037
356.181	1.954	-0.038
357.181	1.954	-0.037
358.181	1.954	-0.036
359.181	1.954	-0.037
360.181	1.954	-0.037
361.181	1.954	-0.037
362.181	1.954	-0.036
363.181	1.954	-0.037
364.181	1.954	-0.037
365.181	1.954	-0.037
366.181	1.954	-0.037
367.181	1.954	-0.036
368.181	1.954	-0.037
369.181	1.954	-0.036
370.181	1.954	-0.036
371.181	1.954	-0.038
372.181	1.954	-0.038
373.181	1.954	-0.037
374.181	1.954	-0.037
375.181	1.954	-0.036
376.181	1.954	-0.037
377.181	1.954	-0.037
378.181	1.955	-0.038
379.181	1.955	-0.036
380.181	1.955	-0.037
381.181	1.955	-0.035
382.181	1.956	-0.037
383.181	1.956	-0.038
384.181	1.956	-0.037
385.181	1.956	-0.037
386.181	1.956	-0.037
387.181	1.956	-0.036
388.181	1.956	-0.037
389.181	1.956	-0.037
390.181	1.956	-0.037
391.181	1.956	-0.037
392.181	1.956	-0.037
393.181	1.956	-0.037
394.181	1.956	-0.038
395.181	1.956	-0.036
396.181	1.956	-0.037
397.181	1.956	-0.037
398.181	1.956	-0.037
399.181	1.956	-0.037
400.181	1.956	-0.037
401.181	1.956	-0.037
402.181	1.956	-0.037
403.181	1.956	-0.037
404.181	1.956	-0.037
405.181	1.956	-0.036
406.181	1.956	-0.037
407.181	1.956	-0.037
408.181	1.957	-0.037
409.181	1.957	-0.037
410.181	1.956	-0.037
411.181	1.956	-0.037
412.181	1.956	-0.037
413.181	1.956	-0.036
414.181	1.956	-0.037
415.181	1.956	-0.036
416.181	1.956	-0.036
417.181	1.957	-0.036
418.181	1.957	-0.037
419.181	1.957	-0.037
420.181	1.957	-0.037
421.181	1.958	-0.038
422.181	1.957	-0.037
423.181	1.958	-0.036
424.181	1.958	-0.037
425.181	1.958	-0.037
426.181	1.958	-0.037
427.181	1.958	-0.037
428.181	1.958	-0.037
429.181	1.958	-0.037
430.181	1.958	-0.037
431.181	1.958	-0.037
432.181	1.958	-0.038
433.181	1.958	-0.038
434.181	1.958	-0.037
435.181	1.958	-0.037
436.181	1.958	-0.036
437.181	1.958	-0.037
438.181	1.958	-0.037
439.181	1.958	-0.037
440.181	1.958	-0.037
441.181	1.958	-0.036
442.181	1.958	-0.036
443.181	1.958	-0.036
444.181	1.958	-0.038
445.181	1.958	-0.037
446.181	1.958	-0.036
447.181	1.958	-0.037
448.181	1.958	-0.036
449.181	1.958	-0.036
450.181	1.958	-0.036
451.181	1.958	-0.036
452.181	1.958	-0.037
453.181	1.958	-0.037
454.181	1.958	-0.037
455.181	1.958	-0.036
456.181	1.958	-0.036
457.181	1.958	-0.036
458.181	1.958	-0.039
459.181	1.958	-0.036
460.181	1.958	-0.037
461.181	1.958	-0.037
462.181	1.958	-0.036
463.181	1.958	-0.036
464.181	1.957	-0.036
465.181	1.958	-0.037
466.181	1.958	-0.036
467.181	1.957	-0.037
468.181	1.957	-0.036
469.181	1.957	-0.036
470.181	1.957	-0.036
471.181	1.957	-0.036
472.181	1.957	-0.036
473.181	1.957	-0.036
474.181	1.958	-0.036
475.181	1.958	-0.035
476.181	1.958	-0.037
477.181	1.958	-0.038
478.181	1.958	-0.037
479.181	1.958	-0.037
480.181	1.958	-0.036
481.181	1.958	-0.037
482.181	1.958	-0.037
483.181	1.958	-0.037
484.181	1.958	-0.036
485.181	1.958	-0.037
486.181	1.958	-0.036
487.181	1.958	-0.036
488.181	1.958	-0.038
489.181	1.958	-0.036
490.181	1.958	-0.036
491.181	1.958	-0.036
492.181	1.958	-0.036
493.181	1.958	-0.036
494.181	1.958	-0.037
495.181	1.958	-0.036
496.181	1.958	-0.035
497.181	1.958	-0.036
498.181	1.958	-0.037
499.181	1.958	-0.037
500.181	1.958	-0.037
501.181	1.958	-0.037
502.181	1.958	-0.037
503.181	1.958	-0.036
504.181	1.958	-0.036
505.181	1.958	-0.036
506.181	1.958	-0.037
507.181	1.958	-0.037
508.181	1.959	-0.037
509.181	1.958	-0.037
510.181	1.958	-0.037
511.181	1.959	-0.036
512.181	1.958	-0.036
513.181	1.959	-0.037
514.181	1.959	-0.036
515.181	1.959	-0.036
516.181	1.959	-0.035
517.181	1.959	-0.036
518.181	1.959	-0.037
519.181	1.959	-0.037
520.181	1.959	-0.036
521.181	1.959	-0.036
522.181	1.959	-0.036
523.181	1.959	-0.037
524.181	1.959	-0.036
525.181	1.959	-0.037
526.181	1.959	-0.037
527.181	1.959	-0.036
528.181	1.959	-0.036
529.181	1.959	-0.037
530.181	1.959	-0.036
531.181	1.959	-0.036
532.181	1.959	-0.035
533.181	1.959	-0.036
534.181	1.959	-0.036
535.181	1.959	-0.036
536.181	1.959	-0.036
537.181	1.959	-0.038
538.181	1.959	-0.036
539.181	1.959	-0.037
540.181	1.959	-0.036
541.181	1.959	-0.036
542.181	1.959	-0.037
543.181	1.959	-0.036
544.181	1.959	-0.037
545.181	1.959	-0.036
546.181	1.959	-0.035
547.181	1.959	-0.037
548.181	1.959	-0.036
549.181	1.959	-0.036
550.181	1.959	-0.036
551.181	1.959	-0.036
552.181	1.959	-0.037
553.181	1.959	-0.036
554.181	1.959	-0.036
555.181	1.959	-0.037
556.181	1.958	-0.035
557.181	1.958	-0.036
558.181	1.958	-0.037
559.181	1.958	-0.037
560.181	1.958	-0.037
561.181	1.958	-0.036
562.181	1.958	-0.036
563.181	1.958	-0.036
564.181	1.958	-0.036
565.181	1.958	-0.037
566.181	1.958	-0.036
567.181	1.958	-0.036
568.181	1.958	-0.037
569.181	1.958	-0.036
570.181	1.958	-0.036
571.181	1.957	-0.036
572.181	1.957	-0.037
573.181	1.957	-0.036
574.181	1.957	-0.036
575.181	1.957	-0.036
576.181	1.957	-0.037
577.181	1.957	-0.037
578.181	1.957	-0.036
579.181	1.957	-0.037
580.181	1.957	-0.037
581.181	1.957	-0.036
582.181	1.957	-0.037
583.181	1.957	-0.036
584.181	1.957	-0.037
585.181	1.957	-0.036
586.181	1.957	-0.036
587.181	1.957	-0.035
588.181	1.957	-0.036
589.181	1.957	-0.037
590.181	1.957	-0.037
591.181	1.957	-0.037
592.181	1.957	-0.035
593.181	1.957	-0.036
594.181	1.957	-0.036
595.181	1.957	-0.037
596.181	1.957	-0.036
597.181	1.957	-0.036
598.181	1.957	-0.037
599.181	1.957	-0.037
600.181	1.957	-0.036
601.181	1.957	-0.035
602.181	1.957	-0.036
603.181	1.957	-0.036
604.181	1.957	-0.035
605.181	1.956	-0.037
606.181	1.956	-0.036
607.181	1.957	-0.036
608.181	1.956	-0.037
609.181	1.956	-0.037
610.181	1.956	-0.036
611.181	1.956	-0.037
612.181	1.956	-0.036
613.181	1.956	-0.036
614.181	1.956	-0.037
615.181	1.956	-0.035
616.181	1.956	-0.037
617.181	1.956	-0.036
618.181	1.956	-0.036
619.181	1.956	-0.036
620.181	1.956	-0.037
621.181	1.956	-0.035
622.181	1.956	-0.038
623.181	1.956	-0.035
624.181	1.956	-0.036
625.181	1.956	-0.036
626.181	1.956	-0.035
627.181	1.956	-0.036
628.181	1.956	-0.036
629.181	1.956	-0.036
630.181	1.956	-0.036
631.181	1.956	-0.037
632.181	1.956	-0.036
633.181	1.956	-0.035
634.181	1.956	-0.036
635.181	1.956	-0.036
636.181	1.956	-0.036
637.181	1.956	-0.036
638.181	1.956	-0.036
639.181	1.956	-0.035
640.181	1.955	-0.036
641.181	1.956	-0.036
642.181	1.955	-0.036
643.181	1.955	-0.036
644.181	1.955	-0.035
645.181	1.956	-0.035
646.181	1.955	-0.037
647.181	1.955	-0.036
648.181	1.955	-0.037
649.181	1.955	-0.036
650.181	1.955	-0.037
651.181	1.955	-0.036
652.181	1.955	-0.036
653.181	1.955	-0.036
654.181	1.955	-0.036
655.181	1.955	-0.036
656.181	1.955	-0.036
657.181	1.955	-0.035
658.181	1.955	-0.035
659.181	1.955	-0.035
660.181	1.955	-0.037
661.181	1.955	-0.036
662.181	1.955	-0.035
663.181	1.955	-0.035
664.181	1.955	-0.035
665.181	1.955	-0.037
666.181	1.955	-0.036
667.181	1.955	-0.037
668.181	1.955	-0.037
669.181	1.955	-0.036
670.181	1.955	-0.036
671.181	1.955	-0.037
672.181	1.955	-0.036
673.181	1.955	-0.036
674.181	1.955	-0.035
675.181	1.955	-0.035
676.181	1.955	-0.036
677.181	1.955	-0.036
678.181	1.955	-0.036
679.181	1.955	-0.035
680.181	1.955	-0.036
681.181	1.955	-0.036
682.181	1.955	-0.036
683.181	1.955	-0.036
684.181	1.955	-0.037
685.181	1.955	-0.037
686.181	1.955	-0.036
687.181	1.955	-0.036
688.181	1.955	-0.036
689.181	1.955	-0.037
690.181	1.955	-0.036
691.181	1.955	-0.037
692.181	1.955	-0.035
693.181	1.955	-0.035
694.181	1.955	-0.037
695.181	1.955	-0.036
696.181	1.955	-0.036
697.181	1.955	-0.037
698.181	1.955	-0.036
699.181	1.955	-0.036
700.181	1.955	-0.035
701.181	1.955	-0.036
702.181	1.955	-0.036
703.181	1.955	-0.036
704.181	1.955	-0.036
705.181	1.955	-0.036
706.181	1.955	-0.035
707.181	1.955	-0.036
708.181	1.955	-0.037
709.181	1.955	-0.036
710.181	1.955	-0.036
711.181	1.955	-0.035
712.181	1.955	-0.034
713.181	1.955	-0.036
714.181	1.955	-0.035
715.181	1.955	-0.035
716.181	1.955	-0.036
717.181	1.955	-0.036
718.181	1.955	-0.036
719.181	1.955	-0.035
720.181	1.955	-0.036
721.181	1.955	-0.037
722.181	1.955	-0.036
723.181	1.955	-0.035
724.181	1.955	-0.035
725.181	1.955	-0.036
726.181	1.955	-0.037
727.181	1.955	-0.037
728.181	1.955	-0.036
729.181	1.955	-0.036
730.181	1.955	-0.035
731.181	1.955	-0.036
732.181	1.955	-0.036
733.181	1.955	-0.036
734.181	1.955	-0.036
735.181	1.955	-0.036
736.181	1.955	-0.035
737.181	1.955	-0.036
738.181	1.955	-0.036
739.181	1.955	-0.036
740.181	1.955	-0.036
741.181	1.955	-0.035
742.181	1.955	-0.035
743.181	1.955	-0.036
744.181	1.955	-0.036
745.181	1.955	-0.037
746.181	1.955	-0.036
747.181	1.955	-0.037
748.181	1.955	-0.036
749.181	1.955	-0.035
750.181	1.955	-0.037
751.181	1.955	-0.036
752.181	1.955	-0.035
753.181	1.955	-0.035
754.181	1.955	-0.035
755.181	1.955	-0.037
756.181	1.955	-0.035
757.181	1.955	-0.037
758.181	1.955	-0.036
759.181	1.955	-0.036
760.181	1.955	-0.036
761.181	1.955	-0.036
762.181	1.955	-0.036
763.181	1.955	-0.035
764.181	1.955	-0.038
765.181	1.955	-0.035
766.181	1.955	-0.035
767.181	1.955	-0.035
768.181	1.955	-0.036
769.181	1.955	-0.036
770.181	1.955	-0.036
771.181	1.955	-0.035
772.181	1.955	-0.036
773.181	1.955	-0.036
774.181	1.955	-0.036
775.181	1.954	-0.036
776.181	1.955	-0.036
777.181	1.955	-0.036
778.181	1.955	-0.036
779.181	1.955	-0.036
780.181	1.955	-0.036
781.181	1.955	-0.036
782.181	1.955	-0.037
783.181	1.955	-0.036
784.181	1.955	-0.037
785.181	1.955	-0.037
