0.532	0.000	0.002
1.532	0.000	0.002
2.532	0.000	0.002
3.532	0.000	0.004
4.532	0.000	0.002
5.532	0.000	0.002
6.532	0.000	0.003
7.532	0.000	0.000
8.532	0.000	0.003
9.532	0.000	0.000
10.532	0.000	0.002
11.532	0.000	0.003
12.532	0.000	0.002
13.532	0.000	0.001
14.532	0.000	0.003
15.532	0.000	0.002
16.532	0.000	0.002
17.532	0.000	0.001
18.532	0.000	0.002
19.532	0.000	0.002
20.532	0.000	0.003
21.532	0.000	0.002
22.532	0.000	0.003
23.532	0.000	0.002
24.532	0.000	0.003
25.532	0.000	0.002
26.532	0.000	0.003
27.532	0.000	0.002
28.532	0.000	0.001
29.532	0.000	0.002
30.532	0.000	0.002
31.532	0.000	0.002
32.532	0.000	0.003
33.532	0.000	0.003
34.532	0.000	0.002
35.532	0.000	0.002
36.532	0.000	0.002
37.532	0.000	0.002
38.532	0.000	0.003
39.532	0.000	0.002
40.532	0.000	0.001
41.532	0.000	0.002
42.532	0.000	0.002
43.532	0.000	0.002
44.532	0.000	0.002
45.532	0.000	0.002
46.532	0.000	0.002
47.532	0.000	0.002
48.532	0.000	0.001
49.532	0.000	0.001
50.532	0.000	0.002
51.532	0.000	0.002
52.532	0.000	0.003
53.532	0.000	0.003
54.532	0.000	0.001
55.532	0.000	0.002
56.532	0.000	0.002
57.532	0.000	0.000
58.532	0.000	0.001
59.532	0.000	0.001
60.532	0.000	0.002
61.532	0.000	0.002
62.532	0.000	0.002
63.532	0.000	0.000
64.532	0.000	0.001
65.532	0.000	0.004
66.532	0.000	0.006
67.532	0.000	0.009
68.532	0.000	0.009
69.532	0.000	0.011
70.532	0.000	0.013
71.532	0.000	0.013
72.532	0.000	0.016
73.532	0.000	0.017
74.532	0.000	0.017
75.532	0.000	0.017
76.532	0.000	0.019
77.532	0.000	0.019
78.532	0.000	0.019
79.532	0.000	0.019
80.532	0.000	0.020
81.532	0.000	0.019
82.532	0.000	0.022
83.532	0.000	0.021
84.532	0.000	0.021
85.532	0.000	0.022
86.532	0.000	0.021
87.532	0.000	0.020
88.532	0.000	0.021
89.532	0.000	0.020
90.532	0.000	0.021
91.532	0.000	0.022
92.532	0.000	0.023
93.532	0.000	0.024
94.532	0.000	0.023
95.532	0.000	0.025
96.532	0.000	0.028
97.532	0.000	0.028
98.532	0.000	0.029
99.532	0.000	0.031
100.532	0.000	0.036
101.532	0.000	0.039
102.532	0.000	0.044
103.532	0.000	0.048
104.532	0.000	0.052
105.532	0.000	0.051
106.532	0.000	0.052
107.532	0.000	0.052
108.532	0.000	0.052
109.532	0.000	0.053
110.532	0.000	0.055
111.532	0.000	0.056
112.532	0.000	0.056
113.532	0.000	0.058
114.532	0.000	0.058
115.532	0.000	0.060
116.532	0.000	0.061
117.532	0.000	0.063
118.532	0.000	0.063
119.532	0.000	0.064
120.532	0.000	0.066
121.532	0.000	0.067
122.532	0.000	0.070
123.532	0.000	0.068
124.532	0.000	0.071
125.532	0.000	0.072
126.532	0.000	0.073
127.532	0.000	0.074
128.532	0.000	0.076
129.532	0.000	0.077
130.532	0.000	0.078
131.532	0.000	0.080
132.532	0.000	0.080
133.532	0.000	0.081
134.532	0.000	0.082
135.532	0.000	0.084
136.532	0.000	0.084
137.532	0.000	0.085
138.532	0.000	0.086
139.532	0.000	0.088
140.532	0.000	0.089
141.532	0.000	0.091
142.532	0.000	0.092
143.532	0.000	0.091
144.532	0.000	0.093
145.532	0.000	0.094
146.532	0.000	0.095
147.532	0.000	0.098
148.532	0.000	0.100
149.532	0.000	0.101
150.532	0.000	0.101
151.532	0.000	0.103
152.532	0.000	0.103
153.532	0.000	0.106
154.532	0.000	0.106
155.532	0.000	0.106
156.532	0.000	0.109
157.532	0.000	0.110
158.532	0.000	0.111
159.532	0.000	0.112
160.532	0.000	0.112
161.532	0.000	0.115
162.532	0.000	0.115
163.532	0.000	0.117
164.532	0.000	0.118
165.532	0.000	0.119
166.532	0.000	0.121
167.532	0.000	0.122
168.532	0.000	0.121
169.532	0.000	0.123
170.532	0.000	0.125
171.532	0.000	0.125
172.532	0.000	0.127
173.532	0.000	0.128
174.532	0.000	0.130
175.532	0.000	0.130
176.532	0.000	0.131
177.532	0.000	0.132
178.532	0.000	0.133
179.532	0.000	0.136
180.532	0.000	0.136
181.532	0.000	0.137
182.532	0.000	0.138
183.532	0.000	0.139
184.532	0.000	0.140
185.532	0.000	0.142
186.532	0.000	0.143
187.532	0.000	0.144
188.532	0.000	0.144
189.532	0.000	0.146
190.532	0.000	0.147
191.532	0.000	0.149
192.532	0.000	0.149
193.532	0.000	0.150
194.532	0.000	0.151
195.532	0.000	0.152
196.532	0.000	0.154
197.532	0.000	0.154
198.532	0.000	0.155
199.532	0.000	0.156
200.532	0.000	0.158
201.532	0.000	0.159
202.532	0.000	0.160
203.532	0.000	0.164
204.532	0.000	0.164
205.532	0.000	0.165
206.532	0.000	0.169
207.532	0.000	0.170
208.532	0.000	0.170
209.532	0.000	0.171
210.532	0.000	0.172
211.532	0.000	0.174
212.532	0.000	0.175
213.532	0.000	0.175
214.532	0.000	0.176
215.532	0.000	0.178
216.532	0.000	0.178
217.532	0.000	0.179
218.532	0.000	0.180
219.532	0.000	0.181
220.532	0.000	0.183
221.532	0.000	0.184
222.532	0.000	0.185
223.532	0.000	0.186
224.532	0.000	0.187
225.532	0.000	0.188
226.532	0.000	0.189
227.532	0.000	0.189
228.532	0.000	0.194
229.532	0.000	0.196
230.532	0.000	0.196
231.532	0.000	0.198
232.532	0.000	0.198
233.532	0.000	0.201
234.532	0.000	0.197
235.532	0.000	0.197
236.532	0.000	0.200
237.532	0.000	0.200
238.532	0.000	0.201
239.532	0.000	0.204
240.532	0.000	0.204
241.532	0.000	0.205
242.532	0.000	0.206
243.532	0.000	0.206
244.532	0.000	0.208
245.532	0.000	0.209
246.532	0.000	0.210
247.532	0.000	0.211
248.532	0.000	0.212
249.532	0.000	0.213
250.532	0.000	0.215
251.532	0.000	0.215
252.532	0.000	0.218
253.532	0.000	0.218
254.532	0.000	0.219
255.532	0.000	0.220
256.532	0.000	0.218
257.532	0.000	0.222
258.532	0.000	0.222
259.532	0.000	0.223
260.532	0.000	0.223
261.532	0.000	0.225
262.532	0.000	0.226
263.532	0.000	0.226
264.532	0.000	0.227
265.532	0.000	0.229
266.532	0.000	0.230
267.532	0.000	0.230
268.532	0.000	0.232
269.532	0.000	0.232
270.532	0.000	0.231
271.532	0.000	0.232
272.532	0.000	0.234
273.532	0.000	0.234
274.532	0.000	0.238
275.532	0.000	0.238
276.532	0.000	0.238
277.532	0.000	0.239
278.532	0.000	0.238
279.532	0.000	0.240
280.532	0.000	0.241
281.532	0.000	0.239
282.532	0.000	0.242
283.532	0.000	0.243
284.532	0.000	0.243
285.532	0.000	0.244
286.532	0.000	0.246
287.532	0.000	0.247
288.532	0.000	0.248
289.532	0.000	0.249
290.532	0.000	0.249
291.532	0.000	0.250
292.532	0.000	0.251
293.532	0.000	0.251
294.532	0.000	0.253
295.532	0.000	0.253
296.532	0.000	0.255
297.532	0.000	0.255
298.532	0.000	0.256
299.532	0.000	0.257
300.532	0.000	0.259
301.532	0.000	0.259
302.532	0.000	0.259
303.532	0.000	0.260
304.532	0.000	0.260
305.532	0.000	0.261
306.532	0.000	0.264
307.532	0.000	0.264
308.532	0.000	0.265
309.532	0.000	0.264
310.532	0.000	0.266
311.532	0.000	0.269
312.532	0.000	0.269
313.532	0.000	0.268
314.532	0.000	0.268
315.532	0.000	0.270
316.532	0.000	0.271
317.532	0.000	0.272
318.532	0.000	0.273
319.532	0.000	0.272
320.532	0.000	0.274
321.532	0.000	0.275
322.532	0.000	0.276
323.532	0.000	0.276
324.532	0.000	0.279
325.532	0.000	0.279
326.532	0.000	0.279
327.532	0.000	0.281
328.532	0.000	0.281
329.532	0.000	0.282
330.532	0.000	0.282
331.532	0.000	0.282
332.532	0.000	0.284
333.532	0.000	0.284
334.532	0.000	0.285
335.532	0.000	0.286
336.532	0.000	0.287
337.532	0.000	0.288
338.532	0.000	0.288
339.532	0.000	0.289
340.532	0.000	0.289
341.532	0.000	0.290
342.532	0.000	0.291
343.532	0.000	0.291
344.532	0.000	0.292
345.532	0.000	0.293
346.532	0.000	0.294
347.532	0.000	0.295
348.532	0.000	0.296
349.532	0.000	0.297
350.532	0.000	0.298
351.532	0.000	0.298
352.532	0.000	0.299
353.532	0.000	0.300
354.532	0.000	0.300
355.532	0.000	0.301
356.532	0.000	0.303
357.532	0.000	0.302
358.532	0.000	0.303
359.532	0.000	0.303
360.532	0.000	0.304
361.532	0.000	0.304
362.532	0.000	0.306
363.532	0.000	0.307
364.532	0.000	0.308
365.532	0.000	0.307
366.532	0.000	0.309
367.532	0.000	0.308
368.532	0.000	0.311
369.532	0.000	0.310
370.532	0.000	0.312
371.532	0.000	0.312
372.532	0.000	0.313
373.532	0.000	0.314
374.532	0.000	0.313
375.532	0.000	0.315
376.532	0.000	0.314
377.532	0.000	0.316
378.532	0.000	0.318
379.532	0.000	0.318
380.532	0.000	0.318
381.532	0.000	0.318
382.532	0.000	0.318
383.532	0.000	0.319
384.532	0.000	0.320
385.532	0.000	0.323
386.532	0.000	0.322
387.532	0.000	0.323
388.532	0.000	0.323
389.532	0.000	0.324
390.532	0.000	0.324
391.532	0.000	0.325
392.532	0.000	0.324
393.532	0.000	0.327
394.532	0.000	0.326
395.532	0.000	0.327
396.532	0.000	0.327
397.532	0.000	0.329
398.532	0.000	0.329
399.532	0.000	0.330
400.532	0.000	0.330
401.532	0.000	0.332
402.532	0.000	0.332
403.532	0.000	0.333
404.532	0.000	0.334
405.532	0.000	0.334
406.532	0.000	0.334
407.532	0.000	0.336
408.532	0.000	0.335
409.532	0.000	0.336
410.532	0.000	0.336
411.532	0.000	0.337
412.532	0.000	0.337
413.532	0.000	0.339
414.532	0.000	0.339
415.532	0.000	0.339
416.532	0.000	0.339
417.532	0.000	0.340
418.532	0.000	0.342
419.532	0.000	0.341
420.532	0.000	0.343
421.532	0.000	0.343
422.532	0.000	0.345
423.532	0.000	0.344
424.532	0.000	0.345
425.532	0.000	0.345
426.532	0.000	0.346
427.532	0.000	0.346
428.532	0.000	0.346
429.532	0.000	0.347
430.532	0.000	0.346
431.532	0.000	0.347
432.532	0.000	0.347
433.532	0.000	0.350
434.532	0.000	0.350
435.532	0.000	0.349
436.532	0.000	0.350
437.532	0.000	0.351
438.532	0.000	0.352
439.532	0.000	0.352
440.532	0.000	0.352
441.532	0.000	0.353
442.532	0.000	0.353
443.532	0.000	0.355
444.532	0.000	0.355
445.532	0.000	0.356
446.532	0.000	0.356
447.532	0.000	0.356
448.532	0.000	0.357
449.532	0.000	0.357
450.532	0.000	0.357
451.532	0.000	0.357
452.532	0.000	0.359
453.532	0.000	0.360
454.532	0.000	0.358
455.532	0.000	0.360
456.532	0.000	0.360
457.532	0.000	0.360
458.532	0.000	0.361
459.532	0.000	0.361
460.532	0.000	0.361
461.532	0.000	0.362
462.532	0.000	0.363
463.532	0.000	0.364
464.532	0.000	0.365
465.532	0.000	0.364
466.532	0.000	0.366
467.532	0.000	0.366
468.532	0.000	0.366
469.532	0.000	0.367
470.532	0.000	0.367
471.532	0.000	0.367
472.532	0.000	0.368
473.532	0.000	0.369
474.532	0.000	0.369
475.532	0.000	0.369
476.532	0.000	0.370
477.532	0.000	0.369
478.532	0.000	0.370
479.532	0.000	0.370
480.532	0.000	0.372
481.532	0.000	0.372
482.532	0.000	0.373
483.532	0.000	0.372
484.532	0.000	0.373
485.532	0.000	0.374
486.532	0.000	0.374
487.532	0.000	0.374
488.532	0.000	0.374
489.532	0.000	0.375
490.532	0.000	0.375
491.532	0.000	0.376
492.532	0.000	0.377
493.532	0.000	0.377
494.532	0.000	0.377
495.532	0.000	0.378
496.532	0.000	0.378
497.532	0.000	0.378
498.532	0.000	0.379
499.532	0.000	0.381
500.532	0.000	0.380
501.532	0.000	0.380
502.532	0.000	0.381
503.532	0.000	0.382
504.532	0.000	0.383
505.532	0.000	0.382
506.532	0.000	0.384
507.532	0.000	0.384
508.532	0.000	0.383
509.532	0.000	0.384
510.532	0.000	0.383
511.532	0.000	0.384
512.532	0.000	0.386
513.532	0.000	0.386
514.532	0.000	0.386
515.532	0.000	0.387
516.532	0.000	0.387
517.532	0.000	0.388
518.532	0.000	0.387
519.532	0.000	0.389
520.532	0.000	0.389
521.532	0.000	0.389
522.532	0.000	0.388
523.532	0.000	0.388
524.532	0.000	0.389
525.532	0.000	0.390
526.532	0.000	0.390
527.532	0.000	0.392
528.532	0.000	0.391
529.532	0.000	0.392
530.532	0.000	0.393
531.532	0.000	0.394
532.532	0.000	0.393
533.532	0.000	0.393
534.532	0.000	0.394
535.532	0.000	0.394
536.532	0.000	0.395
537.532	0.000	0.396
538.532	0.000	0.395
539.532	0.000	0.395
540.532	0.000	0.396
541.532	0.000	0.396
542.532	0.000	0.396
543.532	0.000	0.397
544.532	0.000	0.396
545.532	0.000	0.397
546.532	0.000	0.398
547.532	0.000	0.399
548.532	0.000	0.398
549.532	0.000	0.400
550.532	0.000	0.399
551.532	0.000	0.399
552.532	0.000	0.398
553.532	0.000	0.401
554.532	0.000	0.400
555.532	0.000	0.401
556.532	0.000	0.401
557.532	0.000	0.401
558.532	0.000	0.402
559.532	0.000	0.402
560.532	0.000	0.403
561.532	0.000	0.403
562.532	0.000	0.403
563.532	0.000	0.403
564.532	0.000	0.404
565.532	0.000	0.405
566.532	0.000	0.406
567.532	0.000	0.405
568.532	0.000	0.406
569.532	0.000	0.406
570.532	0.000	0.406
571.532	0.000	0.407
572.532	0.000	0.406
573.532	0.000	0.407
574.532	0.000	0.408
575.532	0.000	0.408
576.532	0.000	0.408
577.532	0.000	0.410
578.532	0.000	0.409
579.532	0.000	0.408
580.532	0.000	0.409
581.532	0.000	0.410
582.532	0.000	0.409
583.532	0.000	0.411
584.532	0.000	0.410
585.532	0.000	0.411
586.532	0.000	0.410
587.532	0.000	0.410
588.532	0.000	0.411
589.532	0.000	0.412
590.532	0.000	0.411
591.532	0.000	0.413
592.532	0.000	0.413
593.532	0.000	0.413
594.532	0.000	0.414
595.532	0.000	0.414
596.532	0.000	0.415
597.532	0.000	0.415
598.532	0.000	0.416
599.532	0.000	0.416
600.532	0.000	0.416
601.532	0.000	0.417
602.532	0.000	0.418
603.532	0.000	0.418
604.532	0.000	0.418
605.532	0.000	0.418
606.532	0.000	0.419
607.532	0.000	0.418
608.532	0.000	0.419
609.532	0.000	0.420
610.532	0.000	0.421
611.532	0.000	0.421
612.532	0.000	0.420
613.532	0.000	0.420
614.532	0.000	0.421
615.532	0.000	0.421
616.532	0.000	0.422
617.532	0.000	0.422
618.532	0.000	0.422
619.532	0.000	0.423
620.532	0.000	0.423
621.532	0.000	0.423
622.532	0.000	0.424
623.532	0.000	0.424
624.532	0.000	0.423
625.532	0.000	0.424
626.532	0.000	0.425
627.532	0.000	0.424
628.532	0.000	0.426
629.532	0.000	0.426
630.532	0.000	0.426
631.532	0.000	0.426
632.532	0.000	0.426
633.532	0.000	0.427
634.532	0.000	0.427
635.532	0.000	0.428
636.532	0.000	0.427
637.532	0.000	0.427
638.532	0.000	0.428
639.532	0.000	0.428
640.532	0.000	0.428
641.532	0.000	0.428
642.532	0.000	0.428
643.532	0.000	0.429
644.532	0.000	0.429
645.532	0.000	0.429
646.532	0.000	0.430
647.532	0.000	0.430
648.532	0.000	0.429
649.532	0.000	0.430
650.532	0.000	0.431
651.532	0.000	0.431
652.532	0.000	0.431
653.532	0.000	0.432
654.532	0.000	0.431
655.532	0.000	0.432
656.532	0.000	0.433
657.532	0.000	0.433
658.532	0.000	0.433
659.532	0.000	0.433
660.532	0.000	0.434
661.532	0.000	0.434
662.532	0.000	0.434
663.532	0.000	0.435
664.532	0.000	0.435
665.532	0.000	0.435
666.532	0.000	0.435
667.532	0.000	0.435
668.532	0.000	0.436
669.532	0.000	0.435
670.532	0.000	0.436
671.532	0.000	0.437
672.532	0.000	0.436
673.532	0.000	0.438
674.532	0.000	0.438
675.532	0.000	0.437
676.532	0.000	0.438
677.532	0.000	0.438
678.532	0.000	0.439
679.532	0.000	0.438
680.532	0.000	0.438
681.532	0.000	0.439
682.532	0.000	0.439
683.532	0.000	0.439
684.532	0.000	0.439
685.532	0.000	0.439
686.532	0.000	0.440
687.532	0.000	0.440
688.532	0.000	0.441
689.532	0.000	0.441
690.532	0.000	0.441
691.532	0.000	0.441
692.532	0.000	0.441
693.532	0.000	0.441
694.532	0.000	0.442
695.532	0.000	0.441
696.532	0.000	0.442
697.532	0.000	0.442
698.532	0.000	0.442
699.532	0.000	0.442
700.532	0.000	0.442
701.532	0.000	0.443
702.532	0.000	0.444
703.532	0.000	0.443
704.532	0.000	0.444
705.532	0.000	0.444
706.532	0.000	0.443
707.532	0.000	0.443
708.532	0.000	0.444
709.532	0.000	0.445
710.532	0.000	0.445
711.532	0.000	0.445
712.532	0.000	0.444
713.532	0.000	0.445
714.532	0.000	0.446
715.532	0.000	0.446
716.532	0.000	0.445
717.532	0.000	0.446
718.532	0.000	0.446
719.532	0.000	0.448
720.532	0.000	0.447
721.532	0.000	0.447
722.532	0.000	0.447
723.532	0.000	0.448
724.532	0.000	0.448
725.532	0.000	0.447
726.532	0.000	0.447
727.532	0.000	0.448
728.532	0.000	0.447
729.532	0.000	0.448
730.532	0.000	0.448
731.532	0.000	0.449
732.532	0.000	0.450
733.532	0.000	0.449
734.532	0.000	0.450
735.532	0.000	0.449
736.532	0.000	0.450
737.532	0.000	0.449
738.532	0.000	0.450
739.532	0.000	0.452
740.532	0.000	0.450
741.532	0.000	0.451
742.532	0.000	0.450
743.532	0.000	0.451
744.532	0.000	0.451
745.532	0.000	0.451
746.532	0.000	0.451
747.532	0.000	0.452
748.532	0.000	0.452
749.532	0.000	0.451
750.532	0.000	0.452
751.532	0.000	0.452
752.532	0.000	0.453
753.532	0.000	0.453
754.532	0.000	0.453
755.532	0.000	0.454
756.532	0.000	0.448
757.532	0.000	0.450
758.532	0.000	0.450
759.532	0.000	0.449
760.532	0.000	0.450
761.532	0.000	0.451
762.532	0.000	0.450
763.532	0.000	0.451
764.532	0.000	0.450
765.532	0.000	0.451
766.532	0.000	0.451
767.532	0.000	0.451
768.532	0.000	0.451
769.532	0.000	0.452
770.532	0.000	0.452
771.532	0.000	0.452
772.532	0.000	0.452
773.532	0.000	0.453
774.532	0.000	0.453
775.532	0.000	0.453
776.532	0.000	0.453
777.532	0.000	0.453
778.532	0.000	0.453
779.532	0.000	0.453
780.532	0.000	0.454
781.532	0.000	0.453
782.532	0.000	0.453
783.532	0.000	0.454
784.532	0.000	0.454
785.532	0.000	0.454
786.532	0.000	0.453
787.532	0.000	0.454
788.532	0.000	0.454
789.532	0.000	0.453
790.532	0.000	0.454
791.532	0.000	0.454
792.532	0.000	0.455
793.532	0.000	0.456
794.532	0.000	0.455
795.532	0.000	0.456
796.532	0.000	0.456
797.532	0.000	0.455
798.532	0.000	0.455
799.532	0.000	0.455
800.532	0.000	0.457
801.532	0.000	0.456
802.532	0.000	0.456
803.532	0.000	0.457
804.532	0.000	0.456
805.532	0.000	0.457
806.532	0.000	0.457
807.532	0.000	0.457
808.532	0.000	0.457
809.532	0.000	0.457
810.532	0.000	0.456
811.532	0.000	0.457
812.532	0.000	0.458
813.532	0.000	0.457
814.532	0.000	0.456
815.532	0.000	0.457
816.532	0.000	0.457
817.532	0.000	0.455
818.532	0.000	0.456
819.532	0.000	0.456
820.532	0.000	0.456
821.532	0.000	0.456
822.532	0.000	0.457
823.532	0.000	0.456
824.532	0.000	0.457
825.532	0.000	0.457
826.532	0.000	0.456
827.532	0.000	0.456
828.532	0.000	0.457
829.532	0.000	0.456
830.532	0.000	0.457
831.532	0.000	0.457
832.532	0.000	0.457
833.532	0.000	0.459
834.532	0.000	0.458
835.532	0.000	0.458
836.532	0.000	0.458
837.532	0.000	0.459
838.532	0.000	0.459
839.532	0.000	0.459
840.532	0.000	0.458
841.532	0.000	0.460
842.532	0.000	0.459
843.532	0.000	0.459
844.532	0.000	0.459
845.532	0.000	0.460
846.532	0.000	0.460
847.532	0.000	0.461
848.532	0.000	0.460
849.532	0.000	0.461
850.532	0.000	0.461
851.532	0.000	0.461
852.532	0.000	0.461
853.532	0.000	0.461
854.532	0.000	0.461
855.532	0.000	0.461
856.532	0.000	0.460
857.532	0.000	0.462
858.532	0.000	0.462
859.532	0.000	0.460
860.532	0.000	0.461
861.532	0.000	0.462
862.532	0.000	0.462
863.532	0.000	0.462
864.532	0.000	0.462
865.532	0.000	0.462
866.532	0.000	0.462
867.532	0.000	0.464
868.532	0.000	0.463
869.532	0.000	0.462
870.532	0.000	0.462
871.532	0.000	0.462
872.532	0.000	0.464
873.532	0.000	0.463
874.532	0.000	0.463
875.532	0.000	0.462
876.532	0.000	0.464
877.532	0.000	0.464
878.532	0.000	0.463
879.532	0.000	0.463
880.532	0.000	0.464
881.532	0.000	0.463
882.532	0.000	0.464
883.532	0.000	0.464
884.532	0.000	0.465
885.532	0.000	0.464
886.532	0.000	0.464
887.532	0.000	0.464
888.532	0.000	0.465
889.532	0.000	0.465
890.532	0.000	0.465
891.532	0.000	0.464
892.532	0.000	0.465
893.532	0.000	0.465
894.532	0.000	0.466
895.532	0.000	0.466
896.532	0.000	0.466
897.532	0.000	0.466
898.532	0.000	0.466
899.532	0.000	0.466
900.532	0.000	0.465
901.532	0.000	0.466
902.532	0.000	0.467
903.532	0.000	0.466
904.532	0.000	0.467
905.532	0.000	0.467
906.532	0.000	0.467
907.532	0.000	0.467
908.532	0.000	0.467
909.532	0.000	0.466
910.532	0.000	0.467
911.532	0.000	0.468
912.532	0.000	0.468
913.532	0.000	0.467
914.532	0.000	0.468
915.532	0.000	0.469
916.532	0.000	0.468
917.532	0.000	0.468
918.532	0.000	0.469
919.532	0.000	0.468
920.532	0.000	0.469
921.532	0.000	0.468
922.532	0.000	0.469
923.532	0.000	0.469
924.532	0.000	0.468
925.532	0.000	0.469
926.532	0.000	0.469
927.532	0.000	0.469
928.532	0.000	0.467
929.532	0.000	0.468
930.532	0.000	0.469
931.532	0.000	0.469
932.532	0.000	0.469
933.532	0.000	0.470
934.532	0.000	0.469
935.532	0.000	0.469
936.532	0.000	0.470
937.532	0.000	0.470
938.532	0.000	0.471
939.532	0.000	0.471
940.532	0.000	0.471
941.532	0.000	0.471
942.532	0.000	0.472
943.532	0.000	0.472
944.532	0.000	0.472
945.532	0.000	0.472
946.532	0.000	0.472
947.532	0.000	0.473
948.532	0.000	0.472
949.532	0.000	0.473
950.532	0.000	0.472
951.532	0.000	0.472
952.532	0.000	0.473
953.532	0.000	0.473
954.532	0.000	0.473
955.532	0.000	0.473
956.532	0.000	0.473
957.532	0.000	0.473
958.532	0.000	0.473
959.532	0.000	0.474
960.532	0.000	0.473
961.532	0.000	0.474
962.532	0.000	0.475
963.532	0.000	0.474
964.532	0.000	0.475
965.532	0.000	0.475
966.532	0.000	0.475
967.532	0.000	0.474
968.532	0.000	0.474
969.532	0.000	0.474
970.532	0.000	0.475
971.532	0.000	0.474
972.532	0.000	0.475
973.532	0.000	0.476
974.532	0.000	0.475
975.532	0.000	0.475
976.532	0.000	0.475
977.532	0.000	0.475
978.532	0.000	0.475
979.532	0.000	0.476
980.532	0.000	0.476
981.532	0.000	0.476
982.532	0.000	0.476
983.532	0.000	0.476
984.532	0.000	0.475
985.532	0.000	0.477
986.532	0.000	0.476
987.532	0.000	0.475
988.532	0.000	0.476
989.532	0.000	0.477
990.532	0.000	0.477
991.532	0.000	0.478
992.532	0.000	0.478
993.532	0.000	0.476
994.532	0.000	0.478
995.532	0.000	0.479
996.532	0.000	0.477
997.532	0.000	0.477
998.532	0.000	0.477
999.532	0.000	0.478
1000.532	0.000	0.477
1001.532	0.000	0.477
1002.532	0.000	0.477
1003.532	0.000	0.478
1004.532	0.000	0.478
1005.532	0.000	0.478
1006.532	0.000	0.479
1007.532	0.000	0.478
1008.532	0.000	0.478
1009.532	0.000	0.479
1010.532	0.000	0.478
1011.532	0.000	0.479
1012.532	0.000	0.479
1013.532	0.000	0.478
1014.532	0.000	0.479
1015.532	0.000	0.479
1016.532	0.000	0.479
1017.532	0.000	0.479
1018.532	0.000	0.479
1019.532	0.000	0.478
1020.532	0.000	0.479
1021.532	0.000	0.479
1022.532	0.000	0.479
1023.532	0.000	0.479
1024.532	0.000	0.479
1025.532	0.000	0.480
1026.532	0.000	0.480
1027.532	0.000	0.479
1028.532	0.000	0.480
1029.532	0.000	0.479
1030.532	0.000	0.479
1031.532	0.000	0.480
1032.532	0.000	0.480
1033.532	0.000	0.480
1034.532	0.000	0.480
1035.532	0.000	0.480
1036.532	0.000	0.479
1037.532	0.000	0.480
1038.532	0.000	0.480
1039.532	0.000	0.481
1040.532	0.000	0.480
1041.532	0.000	0.480
1042.532	0.000	0.481
1043.532	0.000	0.481
1044.532	0.000	0.481
1045.532	0.000	0.481
1046.532	0.000	0.481
1047.532	0.000	0.482
1048.532	0.000	0.481
1049.532	0.000	0.481
1050.532	0.000	0.481
1051.532	0.000	0.481
1052.532	0.000	0.481
1053.532	0.000	0.481
1054.532	0.000	0.483
1055.532	0.000	0.482
1056.532	0.000	0.481
1057.532	0.000	0.481
1058.532	0.000	0.482
1059.532	0.000	0.482
1060.532	0.000	0.482
1061.532	0.000	0.483
1062.532	0.000	0.482
1063.532	0.000	0.482
1064.532	0.000	0.482
1065.532	0.000	0.483
1066.532	0.000	0.483
1067.532	0.000	0.483
1068.532	0.000	0.483
1069.532	0.000	0.482
1070.532	0.000	0.482
1071.532	0.000	0.481
1072.532	0.000	0.481
1073.532	0.000	0.482
1074.532	0.000	0.482
1075.532	0.000	0.482
1076.532	0.000	0.484
1077.532	0.000	0.483
1078.532	0.000	0.484
1079.532	0.000	0.482
1080.532	0.000	0.483
1081.532	0.000	0.482
1082.532	0.000	0.483
1083.532	0.000	0.484
1084.532	0.000	0.482
1085.532	0.000	0.482
1086.532	0.000	0.484
1087.532	0.000	0.484
1088.532	0.000	0.483
1089.532	0.000	0.483
1090.532	0.000	0.482
1091.532	0.000	0.483
1092.532	0.000	0.484
1093.532	0.000	0.483
1094.532	0.000	0.484
1095.532	0.000	0.484
1096.532	0.000	0.484
1097.532	0.000	0.484
1098.532	0.000	0.484
1099.532	0.000	0.483
1100.532	0.000	0.485
1101.532	0.000	0.485
1102.532	0.000	0.484
1103.532	0.000	0.484
1104.532	0.000	0.484
1105.532	0.000	0.484
1106.532	0.000	0.484
1107.532	0.000	0.484
1108.532	0.000	0.485
1109.532	0.000	0.484
1110.532	0.000	0.484
1111.532	0.000	0.485
1112.532	0.000	0.484
1113.532	0.000	0.484
1114.532	0.000	0.485
1115.532	0.000	0.484
1116.532	0.000	0.485
1117.532	0.000	0.486
1118.532	0.000	0.484
1119.532	0.000	0.484
1120.532	0.000	0.485
1121.532	0.000	0.485
1122.532	0.000	0.485
1123.532	0.000	0.485
1124.532	0.000	0.485
1125.532	0.000	0.486
1126.532	0.000	0.485
1127.532	0.000	0.486
1128.532	0.000	0.485
1129.532	0.000	0.486
1130.532	0.000	0.486
1131.532	0.000	0.485
1132.532	0.000	0.486
1133.532	0.000	0.486
1134.532	0.000	0.486
1135.532	0.000	0.486
1136.532	0.000	0.486
1137.532	0.000	0.486
1138.532	0.000	0.487
1139.532	0.000	0.486
1140.532	0.000	0.486
1141.532	0.000	0.487
1142.532	0.000	0.486
1143.532	0.000	0.487
1144.532	0.000	0.487
1145.532	0.000	0.487
1146.532	0.000	0.487
1147.532	0.000	0.487
1148.532	0.000	0.487
1149.532	0.000	0.487
1150.532	0.000	0.487
1151.532	0.000	0.487
1152.532	0.000	0.488
1153.532	0.000	0.487
1154.532	0.000	0.487
1155.532	0.000	0.487
1156.532	0.000	0.487
1157.532	0.000	0.488
1158.532	0.000	0.487
1159.532	0.000	0.488
1160.532	0.000	0.488
1161.532	0.000	0.488
1162.532	0.000	0.486
1163.532	0.000	0.487
1164.532	0.000	0.487
1165.532	0.000	0.489
1166.532	0.000	0.489
1167.532	0.000	0.489
1168.532	0.000	0.488
1169.532	0.000	0.488
1170.532	0.000	0.488
1171.532	0.000	0.488
1172.532	0.000	0.488
1173.532	0.000	0.488
1174.532	0.000	0.487
1175.532	0.000	0.488
1176.532	0.000	0.488
1177.532	0.000	0.487
1178.532	0.000	0.488
1179.532	0.000	0.487
1180.532	0.000	0.488
1181.532	0.000	0.488
1182.532	0.000	0.488
1183.532	0.000	0.489
1184.532	0.000	0.489
1185.532	0.000	0.488
1186.532	0.000	0.489
1187.532	0.000	0.489
1188.532	0.000	0.489
1189.532	0.000	0.490
1190.532	0.000	0.488
1191.532	0.000	0.489
1192.532	0.000	0.489
1193.532	0.000	0.490
1194.532	0.000	0.489
1195.532	0.000	0.488
1196.532	0.000	0.488
1197.532	0.000	0.489
1198.532	0.000	0.488
1199.532	0.000	0.489
1200.532	0.000	0.488
1201.532	0.000	0.489
1202.532	0.000	0.488
1203.532	0.000	0.489
1204.532	0.000	0.489
1205.532	0.000	0.489
1206.532	0.000	0.489
1207.532	0.000	0.489
1208.532	0.000	0.488
1209.532	0.000	0.490
1210.532	0.000	0.489
1211.532	0.000	0.488
1212.532	0.000	0.489
1213.532	0.000	0.490
1214.532	0.000	0.489
1215.532	0.000	0.489
1216.532	0.000	0.490
1217.532	0.000	0.489
1218.532	0.000	0.489
1219.532	0.000	0.489
1220.532	0.000	0.489
1221.532	0.000	0.489
1222.532	0.000	0.489
1223.532	0.000	0.491
1224.532	0.000	0.490
1225.532	0.000	0.490
1226.532	0.000	0.490
1227.532	0.000	0.490
1228.532	0.000	0.490
1229.532	0.000	0.490
1230.532	0.000	0.490
1231.532	0.000	0.489
1232.532	0.000	0.489
1233.532	0.000	0.491
1234.532	0.000	0.491
1235.532	0.000	0.490
1236.532	0.000	0.491
1237.532	0.000	0.489
1238.532	0.000	0.491
1239.532	0.000	0.490
1240.532	0.000	0.490
1241.532	0.000	0.490
1242.532	0.000	0.490
1243.532	0.000	0.490
1244.532	0.000	0.492
1245.532	0.000	0.490
1246.532	0.000	0.490
1247.532	0.000	0.491
1248.532	0.000	0.490
1249.532	0.000	0.491
1250.532	0.000	0.491
1251.532	0.000	0.491
1252.532	0.000	0.491
1253.532	0.000	0.491
1254.532	0.000	0.492
1255.532	0.000	0.491
1256.532	0.000	0.491
1257.532	0.000	0.491
1258.532	0.000	0.492
1259.532	0.000	0.491
1260.532	0.000	0.491
1261.532	0.000	0.492
1262.532	0.000	0.492
1263.532	0.000	0.491
1264.532	0.000	0.490
1265.532	0.000	0.492
1266.532	0.000	0.492
1267.532	0.000	0.492
1268.532	0.000	0.491
1269.532	0.000	0.491
1270.532	0.000	0.492
1271.532	0.000	0.491
1272.532	0.000	0.491
1273.532	0.000	0.491
1274.532	0.000	0.491
1275.532	0.000	0.491
1276.532	0.000	0.492
1277.532	0.000	0.492
1278.532	0.000	0.492
1279.532	0.000	0.492
1280.532	0.000	0.492
1281.532	0.000	0.492
1282.532	0.000	0.491
1283.532	0.000	0.491
1284.532	0.000	0.493
1285.532	0.000	0.493
1286.532	0.000	0.492
1287.532	0.000	0.492
1288.532	0.000	0.492
1289.532	0.000	0.491
1290.532	0.000	0.493
1291.532	0.000	0.492
1292.532	0.000	0.493
1293.532	0.000	0.493
1294.532	0.000	0.492
1295.532	0.000	0.492
1296.532	0.000	0.492
1297.532	0.000	0.492
1298.532	0.000	0.493
1299.532	0.000	0.493
1300.532	0.000	0.492
1301.532	0.000	0.492
1302.532	0.000	0.492
1303.532	0.000	0.492
1304.532	0.000	0.492
1305.532	0.000	0.493
1306.532	0.000	0.492
1307.532	0.000	0.492
1308.532	0.000	0.493
1309.532	0.000	0.493
1310.532	0.000	0.492
1311.532	0.000	0.493
1312.532	0.000	0.494
1313.532	0.000	0.494
1314.532	0.000	0.494
1315.532	0.000	0.493
1316.532	0.000	0.491
1317.532	0.000	0.492
1318.532	0.000	0.492
1319.532	0.000	0.491
1320.532	0.000	0.490
1321.532	0.000	0.490
1322.532	0.000	0.492
1323.532	0.000	0.491
1324.532	0.000	0.491
1325.532	0.000	0.492
1326.532	0.000	0.491
1327.532	0.000	0.492
1328.532	0.000	0.491
1329.532	0.000	0.493
1330.532	0.000	0.492
1331.532	0.000	0.491
1332.532	0.000	0.493
1333.532	0.000	0.491
1334.532	0.000	0.492
1335.532	0.000	0.493
1336.532	0.000	0.493
1337.532	0.000	0.492
1338.532	0.000	0.491
1339.532	0.000	0.491
1340.532	0.000	0.492
1341.532	0.000	0.491
1342.532	0.000	0.492
1343.532	0.000	0.492
1344.532	0.000	0.492
1345.532	0.000	0.491
1346.532	0.000	0.492
1347.532	0.000	0.492
1348.532	0.000	0.492
1349.532	0.000	0.492
1350.532	0.000	0.492
1351.532	0.000	0.492
1352.532	0.000	0.492
1353.532	0.000	0.492
1354.532	0.000	0.492
1355.532	0.000	0.492
1356.532	0.000	0.492
1357.532	0.000	0.492
1358.532	0.000	0.493
1359.532	0.000	0.492
1360.532	0.000	0.492
1361.532	0.000	0.491
1362.532	0.000	0.493
1363.532	0.000	0.492
1364.532	0.000	0.492
1365.532	0.000	0.492
1366.532	0.000	0.493
1367.532	0.000	0.492
1368.532	0.000	0.492
1369.532	0.000	0.493
1370.532	0.000	0.493
1371.532	0.000	0.492
1372.532	0.000	0.492
1373.532	0.000	0.492
1374.532	0.000	0.492
1375.532	0.000	0.492
1376.532	0.000	0.493
1377.532	0.000	0.493
1378.532	0.000	0.492
1379.532	0.000	0.492
1380.532	0.000	0.492
1381.532	0.000	0.493
1382.532	0.000	0.492
1383.532	0.000	0.492
1384.532	0.000	0.494
1385.532	0.000	0.493
1386.532	0.000	0.494
1387.532	0.000	0.492
1388.532	0.000	0.493
1389.532	0.000	0.493
1390.532	0.000	0.493
1391.532	0.000	0.493
1392.532	0.000	0.493
1393.532	0.000	0.493
1394.532	0.000	0.494
1395.532	0.000	0.493
1396.532	0.000	0.494
1397.532	0.000	0.493
1398.532	0.000	0.492
1399.532	0.000	0.492
1400.532	0.000	0.493
1401.532	0.000	0.493
1402.532	0.000	0.493
1403.532	0.000	0.494
1404.532	0.000	0.493
1405.532	0.000	0.493
1406.532	0.000	0.494
1407.532	0.000	0.494
1408.532	0.000	0.493
1409.532	0.000	0.493
1410.532	0.000	0.494
1411.532	0.000	0.493
1412.532	0.000	0.492
1413.532	0.000	0.493
1414.532	0.000	0.494
1415.532	0.000	0.493
1416.532	0.000	0.493
1417.532	0.000	0.493
1418.532	0.000	0.493
1419.532	0.000	0.494
1420.532	0.000	0.494
1421.532	0.000	0.493
1422.532	0.000	0.494
1423.532	0.000	0.493
1424.532	0.000	0.494
1425.532	0.000	0.493
1426.532	0.000	0.494
1427.532	0.000	0.494
1428.532	0.000	0.493
1429.532	0.000	0.493
1430.532	0.000	0.494
1431.532	0.000	0.493
1432.532	0.000	0.494
1433.532	0.000	0.494
1434.532	0.000	0.494
1435.532	0.000	0.493
1436.532	0.000	0.493
1437.532	0.000	0.494
1438.532	0.000	0.493
1439.532	0.000	0.493
1440.532	0.000	0.494
1441.532	0.000	0.494
1442.532	0.000	0.494
1443.532	0.000	0.494
1444.532	0.000	0.494
1445.532	0.000	0.494
1446.532	0.000	0.494
1447.532	0.000	0.493
1448.532	0.000	0.494
1449.532	0.000	0.494
1450.532	0.000	0.493
1451.532	0.000	0.494
1452.532	0.000	0.494
1453.532	0.000	0.494
1454.532	0.000	0.495
1455.532	0.000	0.494
1456.532	0.000	0.494
1457.532	0.000	0.494
1458.532	0.000	0.494
1459.532	0.000	0.494
1460.532	0.000	0.494
1461.532	0.000	0.494
1462.532	0.000	0.494
1463.532	0.000	0.494
1464.532	0.000	0.493
1465.532	0.000	0.494
1466.532	0.000	0.494
1467.532	0.000	0.495
1468.532	0.000	0.495
1469.532	0.000	0.494
1470.532	0.000	0.494
1471.532	0.000	0.495
1472.532	0.000	0.493
1473.532	0.000	0.494
1474.532	0.000	0.494
1475.532	0.000	0.494
1476.532	0.000	0.495
1477.532	0.000	0.495
1478.532	0.000	0.494
1479.532	0.000	0.493
1480.532	0.000	0.494
1481.532	0.000	0.495
1482.532	0.000	0.495
1483.532	0.000	0.495
1484.532	0.000	0.494
1485.532	0.000	0.495
1486.532	0.000	0.495
1487.532	0.000	0.495
1488.532	0.000	0.495
1489.532	0.000	0.494
1490.532	0.000	0.494
1491.532	0.000	0.496
1492.532	0.000	0.495
1493.532	0.000	0.494
1494.532	0.000	0.494
1495.532	0.000	0.495
1496.532	0.000	0.495
1497.532	0.000	0.495
1498.532	0.000	0.494
1499.532	0.000	0.495
1500.532	0.000	0.489
1501.532	0.000	0.489
1502.532	0.000	0.489
1503.532	0.000	0.489
1504.532	0.000	0.487
1505.532	0.000	0.489
1506.532	0.000	0.488
1507.532	0.000	0.488
1508.532	0.000	0.488
1509.532	0.000	0.488
1510.532	0.000	0.489
1511.532	0.000	0.490
1512.532	0.000	0.488
1513.532	0.000	0.489
1514.532	0.000	0.489
1515.532	0.000	0.489
1516.532	0.000	0.488
1517.532	0.000	0.490
1518.532	0.000	0.489
1519.532	0.000	0.488
1520.532	0.000	0.489
1521.532	0.000	0.489
1522.532	0.000	0.489
1523.532	0.000	0.489
1524.532	0.000	0.489
1525.532	0.000	0.488
1526.532	0.000	0.489
1527.532	0.000	0.489
1528.532	0.000	0.489
1529.532	0.000	0.490
1530.532	0.000	0.489
1531.532	0.000	0.489
1532.532	0.000	0.488
1533.532	0.000	0.489
1534.532	0.000	0.489
1535.532	0.000	0.490
1536.532	0.000	0.489
1537.532	0.000	0.489
1538.532	0.000	0.490
1539.532	0.000	0.491
1540.532	0.000	0.490
1541.532	0.000	0.490
1542.532	0.000	0.489
1543.532	0.000	0.489
1544.532	0.000	0.489
1545.532	0.000	0.490
1546.532	0.000	0.489
1547.532	0.000	0.490
1548.532	0.000	0.490
1549.532	0.000	0.490
1550.532	0.000	0.489
1551.532	0.000	0.489
1552.532	0.000	0.489
1553.532	0.000	0.489
1554.532	0.000	0.490
1555.532	0.000	0.489
1556.532	0.000	0.489
1557.532	0.000	0.489
1558.532	0.000	0.489
1559.532	0.000	0.489
1560.532	0.000	0.490
1561.532	0.000	0.490
1562.532	0.000	0.490
1563.532	0.000	0.489
1564.532	0.000	0.489
1565.532	0.000	0.489
1566.532	0.000	0.490
1567.532	0.000	0.490
1568.532	0.000	0.491
1569.532	0.000	0.489
1570.532	0.000	0.490
1571.532	0.000	0.490
1572.532	0.000	0.490
1573.532	0.000	0.490
1574.532	0.000	0.489
1575.532	0.000	0.490
1576.532	0.000	0.490
1577.532	0.000	0.490
1578.532	0.000	0.489
1579.532	0.000	0.490
1580.532	0.000	0.489
1581.532	0.000	0.489
1582.532	0.000	0.489
1583.532	0.000	0.490
1584.532	0.000	0.490
1585.532	0.000	0.489
1586.532	0.000	0.490
1587.532	0.000	0.490
1588.532	0.000	0.491
1589.532	0.000	0.489
1590.532	0.000	0.490
1591.532	0.000	0.491
1592.532	0.000	0.490
1593.532	0.000	0.490
1594.532	0.000	0.489
1595.532	0.000	0.489
1596.532	0.000	0.490
1597.532	0.000	0.491
1598.532	0.000	0.490
1599.532	0.000	0.490
1600.532	0.000	0.491
1601.532	0.000	0.489
1602.532	0.000	0.491
1603.532	0.000	0.491
1604.532	0.000	0.490
1605.532	0.000	0.490
1606.532	0.000	0.490
1607.532	0.000	0.489
1608.532	0.000	0.490
1609.532	0.000	0.491
1610.532	0.000	0.489
1611.532	0.000	0.489
1612.532	0.000	0.489
1613.532	0.000	0.491
1614.532	0.000	0.490
1615.532	0.000	0.489
1616.532	0.000	0.490
1617.532	0.000	0.490
1618.532	0.000	0.491
1619.532	0.000	0.490
1620.532	0.000	0.491
1621.532	0.000	0.491
1622.532	0.000	0.492
1623.532	0.000	0.489
1624.532	0.000	0.490
1625.532	0.000	0.490
1626.532	0.000	0.490
1627.532	0.000	0.491
1628.532	0.000	0.491
1629.532	0.000	0.490
1630.532	0.000	0.491
1631.532	0.000	0.488
1632.532	0.000	0.491
1633.532	0.000	0.491
1634.532	0.000	0.490
1635.532	0.000	0.491
1636.532	0.000	0.491
1637.532	0.000	0.491
1638.532	0.000	0.490
1639.532	0.000	0.490
1640.532	0.000	0.490
1641.532	0.000	0.491
1642.532	0.000	0.491
1643.532	0.000	0.490
1644.532	0.000	0.490
1645.532	0.000	0.491
1646.532	0.000	0.491
1647.532	0.000	0.491
1648.532	0.000	0.491
1649.532	0.000	0.489
1650.532	0.000	0.491
1651.532	0.000	0.490
1652.532	0.000	0.491
1653.532	0.000	0.490
1654.532	0.000	0.491
1655.532	0.000	0.491
1656.532	0.000	0.491
1657.532	0.000	0.491
1658.532	0.000	0.490
1659.532	0.000	0.491
1660.532	0.000	0.491
1661.532	0.000	0.490
1662.532	0.000	0.490
1663.532	0.000	0.491
1664.532	0.000	0.491
1665.532	0.000	0.491
1666.532	0.000	0.491
1667.532	0.000	0.490
1668.532	0.000	0.490
1669.532	0.000	0.491
1670.532	0.000	0.491
1671.532	0.000	0.492
1672.532	0.000	0.491
1673.532	0.000	0.491
1674.532	0.000	0.490
1675.532	0.000	0.490
1676.532	0.000	0.490
1677.532	0.000	0.490
1678.533	0.000	0.492
1679.532	0.000	0.490
1680.532	0.000	0.491
1681.532	0.000	0.491
1682.532	0.000	0.490
1683.532	0.000	0.491
1684.532	0.000	0.491
1685.532	0.000	0.491
1686.532	0.000	0.492
1687.532	0.000	0.491
1688.532	0.000	0.490
1689.532	0.000	0.491
1690.532	0.000	0.491
1691.532	0.000	0.491
1692.532	0.000	0.491
1693.532	0.000	0.491
1694.532	0.000	0.491
1695.532	0.000	0.492
1696.532	0.000	0.491
1697.532	0.000	0.491
1698.532	0.000	0.491
1699.532	0.000	0.491
1700.532	0.000	0.491
1701.532	0.000	0.490
1702.532	0.000	0.491
1703.532	0.000	0.491
1704.532	0.000	0.492
1705.532	0.000	0.492
1706.532	0.000	0.492
1707.532	0.000	0.491
1708.532	0.000	0.491
1709.532	0.000	0.491
1710.532	0.000	0.492
1711.532	0.000	0.492
1712.532	0.000	0.491
1713.532	0.000	0.492
1714.532	0.000	0.492
1715.532	0.000	0.492
1716.532	0.000	0.491
1717.532	0.000	0.491
1718.532	0.000	0.490
1719.532	0.000	0.491
1720.532	0.000	0.491
1721.532	0.000	0.492
1722.532	0.000	0.491
1723.532	0.000	0.491
1724.532	0.000	0.492
1725.532	0.000	0.491
1726.532	0.000	0.491
1727.532	0.000	0.492
1728.532	0.000	0.492
1729.532	0.000	0.491
1730.532	0.000	0.491
1731.532	0.000	0.492
1732.532	0.000	0.490
1733.532	0.000	0.491
1734.532	0.000	0.491
1735.532	0.000	0.491
1736.532	0.000	0.492
1737.532	0.000	0.490
1738.532	0.000	0.492
1739.532	0.000	0.492
1740.532	0.000	0.492
1741.532	0.000	0.491
1742.532	0.000	0.491
1743.532	0.000	0.491
1744.532	0.000	0.492
1745.532	0.000	0.491
1746.532	0.000	0.491
1747.532	0.000	0.491
1748.532	0.000	0.491
1749.532	0.000	0.491
1750.532	0.000	0.492
1751.532	0.000	0.492
1752.532	0.000	0.490
1753.532	0.000	0.491
1754.532	0.000	0.491
1755.532	0.000	0.492
1756.532	0.000	0.491
1757.532	0.000	0.492
1758.532	0.000	0.491
1759.532	0.000	0.492
1760.532	0.000	0.491
1761.532	0.000	0.492
1762.532	0.000	0.491
1763.532	0.000	0.492
1764.532	0.000	0.492
1765.532	0.000	0.492
1766.532	0.000	0.492
1767.532	0.000	0.492
1768.532	0.000	0.491
1769.532	0.000	0.492
1770.532	0.000	0.491
1771.532	0.000	0.491
1772.532	0.000	0.491
1773.532	0.000	0.491
1774.532	0.000	0.492
1775.532	0.000	0.492
1776.532	0.000	0.492
1777.532	0.000	0.492
1778.532	0.000	0.492
1779.532	0.000	0.492
1780.532	0.000	0.491
1781.532	0.000	0.491
1782.532	0.000	0.492
1783.532	0.000	0.492
1784.532	0.000	0.491
1785.532	0.000	0.493
1786.532	0.000	0.490
1787.532	0.000	0.493
1788.532	0.000	0.492
1789.532	0.000	0.492
1790.532	0.000	0.492
1791.532	0.000	0.492
1792.532	0.000	0.492
1793.532	0.000	0.492
1794.532	0.000	0.491
1795.532	0.000	0.492
1796.532	0.000	0.492
1797.532	0.000	0.492
1798.532	0.000	0.492
1799.532	0.000	0.491
1800.532	0.000	0.492
1801.532	0.000	0.492
1802.532	0.000	0.492
1803.532	0.000	0.493
1804.532	0.000	0.493
1805.532	0.000	0.492
1806.532	0.000	0.492
1807.532	0.000	0.492
1808.532	0.000	0.492
1809.532	0.000	0.491
1810.532	0.000	0.492
1811.532	0.000	0.493
1812.532	0.000	0.493
1813.532	0.000	0.491
1814.532	0.000	0.492
1815.532	0.000	0.492
1816.532	0.000	0.492
1817.532	0.000	0.492
1818.532	0.000	0.493
1819.532	0.000	0.493
1820.532	0.000	0.492
1821.532	0.000	0.493
1822.532	0.000	0.492
1823.532	0.000	0.492
1824.532	0.000	0.493
1825.532	0.000	0.493
1826.532	0.000	0.492
1827.532	0.000	0.492
1828.532	0.000	0.492
1829.532	0.000	0.492
1830.532	0.000	0.494
1831.532	0.000	0.492
1832.532	0.000	0.492
1833.532	0.000	0.493
1834.532	0.000	0.494
1835.532	0.000	0.492
1836.532	0.000	0.493
1837.532	0.000	0.493
1838.532	0.000	0.493
1839.532	0.000	0.494
1840.532	0.000	0.493
1841.532	0.000	0.493
1842.532	0.000	0.493
1843.532	0.000	0.492
1844.532	0.000	0.492
1845.532	0.000	0.492
1846.532	0.000	0.492
1847.532	0.000	0.492
1848.532	0.000	0.492
1849.532	0.000	0.492
1850.532	0.000	0.493
1851.532	0.000	0.492
1852.532	0.000	0.493
1853.532	0.000	0.491
1854.532	0.000	0.492
1855.532	0.000	0.494
1856.532	0.000	0.493
1857.532	0.000	0.492
1858.532	0.000	0.493
1859.532	0.000	0.492
1860.532	0.000	0.492
1861.532	0.000	0.493
1862.532	0.000	0.492
1863.532	0.000	0.493
1864.532	0.000	0.493
1865.532	0.000	0.493
1866.532	0.000	0.493
1867.532	0.000	0.492
1868.532	0.000	0.494
1869.532	0.000	0.492
1870.532	0.000	0.492
1871.532	0.000	0.493
1872.532	0.000	0.493
1873.532	0.000	0.493
1874.532	0.000	0.493
1875.532	0.000	0.493
1876.532	0.000	0.493
1877.532	0.000	0.492
1878.532	0.000	0.493
1879.532	0.000	0.493
1880.532	0.000	0.492
1881.532	0.000	0.492
1882.532	0.000	0.491
1883.532	0.000	0.493
1884.532	0.000	0.493
1885.532	0.000	0.492
1886.532	0.000	0.492
1887.532	0.000	0.493
1888.532	0.000	0.493
1889.532	0.000	0.493
1890.532	0.000	0.493
1891.532	0.000	0.493
1892.532	0.000	0.493
1893.532	0.000	0.493
1894.532	0.000	0.493
1895.532	0.000	0.492
1896.532	0.000	0.493
1897.532	0.000	0.493
1898.532	0.000	0.493
1899.532	0.000	0.492
1900.532	0.000	0.492
1901.532	0.000	0.493
1902.532	0.000	0.494
1903.532	0.000	0.494
1904.532	0.000	0.494
1905.532	0.000	0.494
1906.532	0.000	0.494
1907.532	0.000	0.492
1908.532	0.000	0.492
1909.532	0.000	0.494
1910.532	0.000	0.493
1911.532	0.000	0.494
1912.532	0.000	0.493
1913.532	0.000	0.493
1914.532	0.000	0.493
1915.532	0.000	0.493
1916.532	0.000	0.492
1917.532	0.000	0.494
1918.532	0.000	0.493
1919.532	0.000	0.493
1920.532	0.000	0.493
1921.532	0.000	0.494
1922.532	0.000	0.494
1923.532	0.000	0.493
1924.532	0.000	0.493
1925.532	0.000	0.492
1926.532	0.000	0.494
1927.532	0.000	0.493
1928.532	0.000	0.494
1929.532	0.000	0.492
1930.532	0.000	0.492
1931.532	0.000	0.493
1932.532	0.000	0.493
1933.532	0.000	0.493
1934.532	0.000	0.493
1935.532	0.000	0.493
1936.532	0.000	0.492
1937.532	0.000	0.494
1938.532	0.000	0.493
1939.532	0.000	0.494
1940.532	0.000	0.493
1941.532	0.000	0.494
1942.532	0.000	0.493
1943.532	0.000	0.493
1944.532	0.000	0.493
1945.532	0.000	0.493
1946.532	0.000	0.494
1947.532	0.000	0.493
1948.532	0.000	0.492
1949.532	0.000	0.493
1950.532	0.000	0.494
1951.532	0.000	0.493
1952.532	0.000	0.494
1953.532	0.000	0.493
1954.532	0.000	0.493
1955.532	0.000	0.493
1956.532	0.000	0.493
1957.532	0.000	0.493
1958.532	0.000	0.494
1959.532	0.000	0.492
1960.532	0.000	0.493
1961.532	0.000	0.492
1962.532	0.000	0.493
1963.532	0.000	0.492
1964.532	0.000	0.492
1965.532	0.000	0.493
1966.532	0.000	0.493
1967.532	0.000	0.493
1968.532	0.000	0.492
1969.532	0.000	0.494
1970.532	0.000	0.493
1971.532	0.000	0.493
1972.532	0.000	0.493
1973.532	0.000	0.492
1974.532	0.000	0.494
1975.532	0.000	0.493
1976.532	0.000	0.493
1977.532	0.000	0.493
1978.532	0.000	0.494
1979.532	0.000	0.493
1980.532	0.000	0.493
1981.532	0.000	0.493
1982.532	0.000	0.493
1983.532	0.000	0.494
1984.532	0.000	0.493
1985.532	0.000	0.493
1986.532	0.000	0.493
1987.532	0.000	0.492
1988.532	0.000	0.493
1989.532	0.000	0.492
1990.532	0.000	0.494
1991.532	0.000	0.492
1992.532	0.000	0.493
1993.532	0.000	0.493
1994.532	0.000	0.493
1995.532	0.000	0.493
1996.532	0.000	0.494
1997.532	0.000	0.493
1998.532	0.000	0.493
1999.532	0.000	0.494
2000.532	0.000	0.492
2001.532	0.000	0.494
2002.532	0.000	-996.000
2003.532	0.000	0.000
2004.532	0.000	0.000
2005.532	0.000	0.000
2006.532	0.000	0.000
2007.532	0.000	1.700
2008.532	0.000	0.500
2009.532	0.000	0.500
2010.532	0.000	0.500
2011.532	0.000	0.500
2012.532	0.000	1.660
2013.532	0.000	0.490
2014.532	0.000	0.490
2015.532	0.000	0.490
2016.532	0.000	0.490
2017.532	0.000	1.648
2018.532	0.000	0.493
2019.532	0.000	0.493
2020.532	0.000	0.494
2021.532	0.000	0.493
2022.532	0.000	0.001
2023.532	0.000	-0.000
2024.532	0.000	-0.000
2025.532	0.000	-0.000
2026.532	0.000	-0.000
2027.532	0.000	0.002
2028.532	0.000	-0.001
2029.532	0.000	-0.000
2030.532	0.000	-0.000
2031.532	0.000	-0.000
2032.532	0.000	0.000
2033.532	0.000	0.000
2034.532	0.000	0.000
2035.532	0.000	0.000
2036.532	0.000	-0.000
2037.532	0.000	0.000
2038.532	0.000	0.000
2039.532	0.000	0.000
2040.532	0.000	0.000
2041.532	0.000	0.000
2042.532	0.000	0.000
2043.532	0.000	0.000
2044.532	0.000	0.000
2045.532	0.000	-0.000
2046.532	0.000	0.000
2047.532	0.000	0.001
2048.532	0.000	0.000
2049.532	0.000	0.000
2050.532	0.000	0.000
2051.532	0.000	0.000
2052.532	0.000	-0.000
2053.532	0.000	-0.000
2054.532	0.000	0.000
2055.532	0.000	-0.000
2056.532	0.000	0.000
2057.532	0.000	0.000
2058.532	0.000	0.000
2059.532	0.000	0.000
2060.532	0.000	-0.000
2061.532	0.000	0.000
2062.532	0.000	-0.000
2063.532	0.000	0.001
2064.532	0.000	0.000
2065.532	0.000	0.000
2066.532	0.000	0.000
2067.532	0.000	-0.000
2068.532	0.000	0.000
2069.532	0.000	0.000
2070.532	0.000	0.000
2071.532	0.000	0.002
2072.532	0.000	0.001
2073.532	0.000	-0.000
2074.532	0.000	0.000
2075.532	0.000	0.000
2076.532	0.000	0.001
2077.532	0.000	0.000
2078.532	0.000	0.000
2079.532	0.000	0.000
2080.532	0.000	0.001
2081.532	0.000	0.000
2082.532	0.000	0.001
2083.532	0.000	-0.000
2084.532	0.000	0.001
2085.532	0.000	0.001
2086.532	0.000	0.000
2087.532	0.000	-0.000
2088.532	0.000	-0.000
2089.532	0.000	-0.000
2090.532	0.000	0.000
2091.532	0.000	0.000
2092.532	0.000	0.000
2093.532	0.000	0.000
2094.532	0.000	0.000
2095.532	0.000	0.000
2096.532	0.000	0.000
2097.532	0.000	0.000
2098.532	0.000	0.000
2099.532	0.000	0.000
2100.532	0.000	0.001
2101.532	0.000	0.000
2102.532	0.000	0.000
2103.532	0.000	0.000
2104.532	0.000	0.000
2105.532	0.000	0.000
2106.532	0.000	0.000
2107.532	0.000	0.002
2108.532	0.000	0.001
2109.532	0.000	0.000
2110.532	0.000	-0.000
2111.532	0.000	0.000
2112.532	0.000	0.001
2113.532	0.000	0.000
2114.532	0.000	0.001
2115.532	0.000	0.000
2116.532	0.000	0.000
2117.532	0.000	0.000
2118.532	0.000	0.000
2119.532	0.000	0.001
2120.532	0.000	0.000
2121.532	0.000	-0.000
2122.532	0.000	-0.000
2123.532	0.000	0.000
2124.532	0.000	0.000
2125.532	0.000	0.001
2126.532	0.000	0.000
2127.532	0.000	-0.000
2128.532	0.000	0.000
2129.532	0.000	0.000
2130.532	0.000	-0.000
2131.532	0.000	0.001
2132.532	0.000	0.000
2133.532	0.000	-0.001
2134.532	0.000	-0.000
2135.532	0.000	0.001
2136.532	0.000	-0.000
2137.532	0.000	0.000
2138.532	0.000	0.000
2139.532	0.000	0.000
2140.532	0.000	0.000
2141.532	0.000	0.000
2142.532	0.000	0.000
2143.532	0.000	-0.000
2144.532	0.000	0.000
2145.532	0.000	0.000
2146.532	0.000	0.000
2147.532	0.000	-0.000
2148.532	0.000	0.001
2149.532	0.000	0.000
2150.532	0.000	0.000
2151.532	0.000	0.000
2152.532	0.000	-0.000
2153.532	0.000	0.000
2154.532	0.000	-0.000
2155.532	0.000	0.000
2156.532	0.000	0.000
2157.532	0.000	0.000
2158.532	0.000	-0.000
2159.532	0.000	0.000
2160.532	0.000	0.000
2161.532	0.000	0.001
2162.532	0.000	0.000
2163.532	0.000	-0.000
2164.532	0.000	0.001
2165.532	0.000	0.001
2166.532	0.000	0.000
2167.532	0.000	-0.000
2168.532	0.000	-0.000
2169.532	0.000	-0.000
2170.532	0.000	-0.000
2171.532	0.000	-0.002
2172.532	0.000	-0.001
2173.532	0.000	-0.000
2174.532	0.000	0.000
2175.532	0.000	0.000
2176.532	0.000	-0.000
2177.532	0.000	-0.000
2178.532	0.000	0.001
2179.532	0.000	0.000
2180.532	0.000	0.001
2181.532	0.000	0.000
2182.532	0.000	-0.000
2183.532	0.000	-0.000
2184.532	0.000	-0.000
2185.532	0.000	0.000
2186.532	0.000	0.000
2187.532	0.000	0.001
2188.532	0.000	-0.000
2189.532	0.000	0.000
2190.532	0.000	-0.000
2191.532	0.000	0.000
2192.532	0.000	0.000
2193.532	0.000	0.000
2194.532	0.000	0.000
2195.532	0.000	0.000
2196.532	0.000	-0.000
2197.532	0.000	0.001
2198.532	0.000	-0.000
2199.532	0.000	-0.000
2200.532	0.000	0.000
2201.532	0.000	-0.000
2202.532	0.000	0.000
2203.532	0.000	0.000
2204.532	0.000	0.000
2205.532	0.000	0.000
2206.532	0.000	0.001
2207.532	0.000	-0.000
2208.532	0.000	0.000
2209.532	0.000	0.000
2210.532	0.000	0.000
2211.532	0.000	-0.000
2212.532	0.000	0.002
2213.532	0.000	0.002
2214.532	0.000	0.001
2215.532	0.000	0.000
2216.532	0.000	-0.000
2217.532	0.000	0.000
2218.532	0.000	-0.000
2219.532	0.000	0.000
2220.532	0.000	-0.000
2221.532	0.000	0.000
2222.532	0.000	-0.000
2223.532	0.000	0.000
2224.532	0.000	-0.000
2225.532	0.000	0.001
2226.532	0.000	0.000
2227.532	0.000	-0.000
2228.532	0.000	0.001
2229.532	0.000	0.000
2230.532	0.000	-0.000
2231.532	0.000	0.000
2232.532	0.000	-0.000
2233.532	0.000	0.000
2234.532	0.000	-0.000
2235.532	0.000	0.000
2236.532	0.000	0.000
2237.532	0.000	0.002
2238.532	0.000	0.001
2239.532	0.000	0.000
2240.532	0.000	0.000
2241.532	0.000	0.000
2242.532	0.000	0.000
2243.532	0.000	-0.000
2244.532	0.000	0.000
2245.532	0.000	0.000
2246.532	0.000	0.000
2247.532	0.000	-0.000
2248.532	0.000	-0.000
2249.532	0.000	-0.000
2250.532	0.000	-0.000
2251.532	0.000	0.002
2252.532	0.000	0.002
2253.532	0.000	0.002
2254.532	0.000	0.000
2255.532	0.000	0.000
2256.532	0.000	0.001
2257.532	0.000	-0.000
2258.532	0.000	0.000
2259.532	0.000	0.000
2260.532	0.000	0.000
2261.532	0.000	0.000
2262.532	0.000	0.000
2263.532	0.000	0.001
2264.532	0.000	0.002
2265.532	0.000	0.000
2266.532	0.000	0.001
2267.532	0.000	0.000
2268.532	0.000	0.000
2269.532	0.000	0.001
2270.532	0.000	0.000
2271.532	0.000	0.000
2272.532	0.000	0.000
2273.532	0.000	0.000
2274.532	0.000	0.000
2275.532	0.000	0.001
2276.532	0.000	0.000
2277.532	0.000	0.002
2278.532	0.000	0.000
2279.532	0.000	0.000
2280.532	0.000	0.002
2281.532	0.000	0.000
2282.532	0.000	0.000
2283.532	0.000	0.000
2284.532	0.000	0.000
2285.532	0.000	0.000
2286.532	0.000	0.000
2287.532	0.000	0.002
2288.532	0.000	0.000
2289.532	0.000	0.001
2290.532	0.000	-0.000
2291.532	0.000	0.000
2292.532	0.000	0.000
2293.532	0.000	0.000
2294.532	0.000	0.001
2295.532	0.000	0.002
2296.532	0.000	0.001
2297.532	0.000	-0.000
2298.532	0.000	0.001
2299.532	0.000	0.002
2300.532	0.000	0.000
2301.532	0.000	0.000
2302.532	0.000	0.000
2303.532	0.000	-0.000
2304.532	0.000	0.001
2305.532	0.000	0.001
2306.532	0.000	0.000
2307.532	0.000	0.000
2308.532	0.000	0.000
2309.532	0.000	-0.000
2310.532	0.000	0.000
2311.532	0.000	0.000
2312.532	0.000	0.000
2313.532	0.000	0.000
2314.532	0.000	0.000
2315.532	0.000	0.000
2316.532	0.000	0.001
2317.532	0.000	0.001
2318.532	0.000	0.000
2319.532	0.000	0.002
2320.532	0.000	0.000
2321.532	0.000	0.000
2322.532	0.000	0.000
2323.532	0.000	0.000
2324.532	0.000	0.002
2325.532	0.000	0.000
2326.532	0.000	0.000
2327.532	0.000	0.000
2328.532	0.000	0.001
2329.532	0.000	0.002
2330.532	0.000	0.000
2331.532	0.000	0.001
2332.532	0.000	0.001
2333.532	0.000	0.000
2334.532	0.000	0.000
2335.532	0.000	0.000
2336.532	0.000	0.001
2337.532	0.000	0.000
2338.532	0.000	0.000
2339.532	0.000	0.000
2340.532	0.000	0.000
2341.532	0.000	0.001
2342.532	0.000	0.001
2343.532	0.000	0.000
2344.532	0.000	-0.000
2345.532	0.000	0.000
2346.532	0.000	0.000
2347.532	0.000	0.000
2348.532	0.000	0.001
2349.532	0.000	-0.000
2350.532	0.000	0.000
2351.532	0.000	0.000
2352.532	0.000	0.000
2353.532	0.000	0.002
2354.532	0.000	0.000
2355.532	0.000	0.001
2356.532	0.000	0.000
2357.532	0.000	0.000
2358.532	0.000	0.000
2359.532	0.000	0.001
2360.532	0.000	0.000
2361.532	0.000	0.000
2362.532	0.000	0.000
2363.532	0.000	0.000
2364.532	0.000	-0.000
2365.532	0.000	0.001
2366.532	0.000	0.000
2367.532	0.000	0.001
2368.532	0.000	0.001
2369.532	0.000	0.001
2370.532	0.000	0.000
2371.532	0.000	0.000
2372.532	0.000	0.000
2373.532	0.000	0.001
2374.532	0.000	-0.000
2375.532	0.000	0.000
2376.532	0.000	0.002
2377.532	0.000	0.001
2378.532	0.000	0.002
2379.532	0.000	0.001
2380.532	0.000	0.000
2381.532	0.000	0.002
2382.532	0.000	0.001
2383.532	0.000	0.000
2384.532	0.000	0.000
2385.532	0.000	0.000
2386.532	0.000	0.001
2387.532	0.000	0.000
2388.532	0.000	0.001
2389.532	0.000	0.000
2390.532	0.000	0.002
2391.532	0.000	0.000
2392.532	0.000	0.000
2393.532	0.000	0.001
2394.532	0.000	0.000
2395.532	0.000	0.000
2396.532	0.000	0.000
2397.532	0.000	0.001
2398.532	0.000	0.002
2399.532	0.000	0.000
2400.532	0.000	0.001
2401.532	0.000	0.000
2402.532	0.000	0.001
2403.532	0.000	0.001
2404.532	0.000	0.001
2405.532	0.000	0.000
2406.532	0.000	0.000
2407.532	0.000	0.001
2408.532	0.000	0.002
2409.532	0.000	0.001
2410.532	0.000	0.000
2411.532	0.000	0.002
2412.532	0.000	0.001
2413.532	0.000	0.000
2414.532	0.000	0.000
2415.532	0.000	0.000
2416.532	0.000	0.002
2417.532	0.000	0.002
2418.532	0.000	0.000
2419.532	0.000	0.000
2420.532	0.000	0.002
2421.532	0.000	0.001
2422.532	0.000	0.002
2423.532	0.000	0.000
2424.532	0.000	0.002
2425.532	0.000	0.001
2426.532	0.000	0.000
2427.532	0.000	0.000
2428.532	0.000	0.001
2429.532	0.000	0.000
2430.532	0.000	0.001
2431.532	0.000	0.001
2432.532	0.000	0.000
2433.532	0.000	0.000
2434.532	0.000	0.001
2435.532	0.000	0.001
2436.532	0.000	0.000
2437.532	0.000	0.000
2438.532	0.000	0.000
2439.532	0.000	0.000
2440.532	0.000	-0.000
2441.532	0.000	0.001
2442.532	0.000	0.000
2443.532	0.000	0.001
2444.532	0.000	0.001
2445.532	0.000	0.001
2446.532	0.000	0.002
2447.532	0.000	0.000
2448.532	0.000	0.002
2449.532	0.000	0.000
2450.532	0.000	0.000
2451.532	0.000	0.000
2452.532	0.000	0.002
2453.532	0.000	0.000
2454.532	0.000	0.002
2455.532	0.000	0.002
2456.532	0.000	0.000
2457.532	0.000	0.000
2458.532	0.000	0.000
2459.532	0.000	0.001
2460.532	0.000	0.001
2461.532	0.000	0.000
2462.532	0.000	0.000
2463.532	0.000	0.000
2464.532	0.000	0.000
2465.532	0.000	0.001
2466.532	0.000	0.001
2467.532	0.000	0.001
2468.532	0.000	0.001
2469.532	0.000	-0.000
2470.532	0.000	0.001
2471.532	0.000	0.001
2472.532	0.000	0.002
2473.532	0.000	0.001
2474.532	0.000	0.000
2475.532	0.000	0.000
2476.532	0.000	0.002
2477.532	0.000	0.001
2478.532	0.000	0.000
2479.532	0.000	0.002
2480.532	0.000	0.002
2481.532	0.000	0.002
2482.532	0.000	0.001
2483.532	0.000	0.000
2484.532	0.000	0.000
2485.532	0.000	0.000
2486.532	0.000	0.001
2487.532	0.000	0.000
2488.532	0.000	0.000
2489.532	0.000	0.000
2490.532	0.000	0.000
2491.532	0.000	0.002
2492.532	0.000	0.001
2493.532	0.000	0.000
2494.532	0.000	0.001
2495.532	0.000	0.002
2496.532	0.000	0.001
2497.532	0.000	0.002
2498.532	0.000	0.001
2499.532	0.000	0.000
2500.532	0.000	0.000
2501.532	0.000	0.000
2502.532	0.000	0.001
2503.532	0.000	0.000
2504.532	0.000	0.000
2505.532	0.000	0.001
2506.532	0.000	0.000
2507.532	0.000	0.000
2508.532	0.000	0.002
2509.532	0.000	0.002
2510.532	0.000	0.000
2511.532	0.000	0.000
2512.532	0.000	0.001
2513.532	0.000	0.000
2514.532	0.000	0.002
2515.532	0.000	0.001
2516.532	0.000	0.000
2517.532	0.000	0.000
2518.532	0.000	0.000
2519.532	0.000	0.002
2520.532	0.000	0.001
2521.532	0.000	0.002
2522.532	0.000	0.001
2523.532	0.000	0.001
2524.532	0.000	0.001
2525.532	0.000	0.001
2526.532	0.000	0.000
2527.532	0.000	0.001
2528.532	0.000	0.002
2529.532	0.000	0.001
2530.532	0.000	0.001
2531.532	0.000	0.000
2532.532	0.000	0.001
2533.532	0.000	0.002
2534.532	0.000	0.002
2535.532	0.000	0.000
2536.532	0.000	0.000
2537.532	0.000	0.000
2538.532	0.000	0.000
2539.532	0.000	0.000
2540.532	0.000	0.003
2541.532	0.000	0.002
2542.532	0.000	0.001
2543.532	0.000	0.000
2544.532	0.000	0.000
2545.532	0.000	0.001
2546.532	0.000	0.000
2547.532	0.000	0.000
2548.532	0.000	0.000
2549.532	0.000	0.002
2550.532	0.000	0.002
2551.532	0.000	0.000
2552.532	0.000	0.002
2553.532	0.000	0.002
2554.532	0.000	0.001
2555.532	0.000	0.000
2556.532	0.000	0.002
2557.532	0.000	0.002
2558.532	0.000	0.002
2559.532	0.000	0.002
2560.532	0.000	0.000
2561.532	0.000	0.000
2562.532	0.000	0.001
2563.532	0.000	0.002
2564.532	0.000	0.001
2565.532	0.000	0.000
2566.532	0.000	0.001
2567.532	0.000	0.001
2568.532	0.000	0.000
2569.532	0.000	0.001
2570.532	0.000	0.000
2571.532	0.000	0.002
2572.532	0.000	0.001
2573.532	0.000	0.000
2574.532	0.000	0.001
2575.532	0.000	0.001
2576.532	0.000	0.002
2577.532	0.000	0.000
2578.532	0.000	0.000
2579.532	0.000	0.000
2580.532	0.000	0.000
2581.532	0.000	0.001
2582.532	0.000	0.001
2583.532	0.000	0.001
2584.532	0.000	0.000
2585.532	0.000	0.000
2586.532	0.000	0.000
2587.532	0.000	0.002
2588.532	0.000	0.000
2589.532	0.000	0.002
2590.532	0.000	0.000
2591.532	0.000	0.000
2592.532	0.000	0.001
2593.532	0.000	0.002
2594.532	0.000	0.000
2595.532	0.000	0.002
2596.532	0.000	0.002
2597.532	0.000	0.000
2598.532	0.000	0.001
2599.532	0.000	0.000
2600.532	0.000	0.002
2601.532	0.000	0.002
2602.532	0.000	0.002
2603.532	0.000	0.001
2604.532	0.000	0.002
2605.532	0.000	0.000
2606.532	0.000	0.001
2607.532	0.000	0.000
2608.532	0.000	0.002
2609.532	0.000	0.001
2610.532	0.000	0.001
2611.532	0.000	0.001
2612.532	0.000	0.000
2613.532	0.000	0.001
2614.532	0.000	0.002
2615.532	0.000	0.000
2616.532	0.000	-0.000
2617.532	0.000	0.000
2618.532	0.000	0.001
2619.532	0.000	0.001
2620.532	0.000	0.002
2621.532	0.000	0.002
2622.532	0.000	0.001
2623.532	0.000	0.001
2624.532	0.000	0.003
2625.532	0.000	0.002
2626.532	0.000	0.002
