0.179	5429.127	0.002
0.679	5262.242	0.012
1.179	4834.258	0.095
1.679	4412.628	0.771
2.179	3753.538	2.530
2.679	2975.194	6.713
3.179	2533.944	12.240
3.679	1896.830	15.896
4.179	1612.489	20.981
4.679	1446.799	23.643
5.179	1057.408	25.227
5.679	825.421	28.223
6.179	588.227	30.035
6.679	264.678	33.340
7.179	32.258	35.270
7.679	32.265	37.880
8.179	32.292	38.230
8.679	-407.745	38.400
9.179	-436.075	38.520
9.679	-487.213	38.610
10.179	-1.694	38.680
10.679	-45.383	38.740
11.179	-24.597	38.790
11.679	-11.798	38.840
12.179	-5.234	38.870
12.679	-2.152	38.910
13.179	-0.847	38.940
13.679	-0.318	38.970
14.179	-0.114	38.990
14.679	-0.039	39.020
15.179	-0.013	39.040
15.679	-0.005	39.070
16.179	-0.001	39.090
16.679	0.001	39.100
17.179	0.001	39.120
17.679	0.001	39.140
18.179	0.001	39.150
18.679	0.001	39.170
19.179	0.002	39.180
19.679	0.002	39.200
20.179	0.002	39.210
20.679	0.002	39.220
21.179	0.002	39.240
21.679	0.002	39.250
22.179	0.002	39.260
22.679	0.002	39.270
23.179	0.002	39.280
23.679	0.002	39.290
24.179	0.003	39.300
24.679	0.002	39.310
25.179	0.002	39.320
25.679	0.002	39.330
26.179	0.002	39.340
26.679	0.002	39.350
27.179	0.002	39.350
27.679	0.002	39.360
28.179	0.002	39.370
28.679	0.002	39.380
29.179	0.002	39.390
29.679	0.002	39.400
30.179	0.001	39.400
30.679	0.002	39.410
31.179	0.001	39.420
31.679	0.002	39.420
32.179	0.001	39.430
32.679	0.002	39.440
33.179	0.002	39.440
33.679	0.001	39.450
34.179	0.001	39.450
34.679	0.001	39.460
35.179	0.001	39.470
35.679	0.002	39.470
36.179	0.001	39.480
36.679	0.001	39.480
37.179	0.001	39.490
37.679	0.001	39.490
38.179	0.001	39.500
38.679	0.000	39.500
39.179	0.000	39.510
39.679	-0.000	39.520
40.179	0.000	39.520
40.679	-0.001	39.530
41.179	-0.000	39.530
41.679	-0.001	39.530
42.179	-0.000	39.540
42.679	-0.001	39.540
43.179	-0.001	39.550
43.679	-0.001	39.550
44.179	-0.001	39.560
44.679	-0.001	39.560
45.179	-0.001	39.560
45.679	-0.001	39.570
46.179	-0.001	39.570
46.679	-0.001	39.580
47.179	-0.001	39.580
47.679	-0.001	39.590
48.179	-0.001	39.590
48.679	-0.001	39.590
49.179	-0.001	39.600
49.679	-0.002	39.600
50.179	-0.001	39.600
50.679	-0.001	39.610
51.179	-0.002	39.610
51.679	-0.001	39.610
52.179	-0.001	39.620
52.679	-0.001	39.620
53.179	-0.001	39.630
53.679	-0.001	39.630
54.179	-0.002	39.630
54.679	-0.002	39.640
55.179	-0.001	39.640
55.679	-0.002	39.640
56.179	-0.001	39.650
56.679	-0.002	39.650
57.179	-0.001	39.650
57.679	-0.003	39.650
58.179	-0.002	39.660
58.679	-0.002	39.660
59.179	-0.002	39.660
59.679	-0.003	39.670
60.179	-0.002	39.670
60.679	-0.003	39.670
61.179	-0.003	39.680
61.679	-0.002	39.680
62.179	-0.003	39.680
62.679	-0.003	39.680
63.179	-0.002	39.690
63.679	-0.003	39.690
64.179	-0.003	39.690
64.679	-0.003	39.700
65.179	-0.003	39.700
65.679	-0.003	39.700
66.179	-0.003	39.700
66.679	-0.003	39.710
67.179	-0.003	39.710
67.679	-0.003	39.710
68.179	-0.003	39.710
68.679	-0.003	39.720
69.179	-0.004	39.720
69.679	-0.002	39.720
70.179	-0.004	39.720
70.679	-0.003	39.720
71.179	-0.003	39.730
71.679	-0.003	39.730
72.179	-0.002	39.730
72.679	-0.003	39.730
73.179	-0.003	39.740
73.679	-0.003	39.740
74.179	-0.003	39.740
74.679	-0.003	39.740
75.179	-0.003	39.740
75.679	-0.003	39.750
76.179	-0.003	39.750
76.679	-0.003	39.750
77.179	-0.003	39.750
77.679	-0.003	39.760
78.179	-0.002	39.760
78.679	-0.004	39.760
79.179	-0.003	39.760
79.679	-0.003	39.760
80.179	-0.003	39.770
80.679	-0.002	39.770
81.179	-0.003	39.770
81.679	-0.003	39.770
82.179	-0.002	39.770
82.679	-0.003	39.780
83.179	-0.002	39.780
83.679	-0.003	39.780
84.179	-0.003	39.780
84.679	-0.002	39.780
85.179	-0.002	39.790
85.679	-0.003	39.790
86.179	-0.002	39.790
86.679	-0.003	39.790
87.179	-0.002	39.790
87.679	-0.003	39.800
88.179	-0.003	39.800
88.679	-0.002	39.800
89.179	-0.003	39.800
89.679	-0.003	39.800
90.179	-0.003	39.800
90.679	-0.003	39.810
91.179	-0.003	39.810
91.679	-0.002	39.810
92.179	-0.004	39.810
92.679	-0.002	39.810
93.179	-0.003	39.820
93.679	-0.003	39.820
94.179	-0.003	39.820
94.679	-0.003	39.820
95.179	-0.003	39.820
95.679	-0.002	39.830
96.179	-0.003	39.830
96.679	-0.002	39.830
97.179	-0.004	39.830
97.679	-0.004	39.830
98.179	-0.003	39.830
98.679	-0.002	39.830
99.179	-0.004	39.840
99.679	-0.002	39.840
100.179	-0.002	39.840
100.679	-0.004	39.840
101.179	-0.001	39.840
101.679	-0.003	39.840
102.179	-0.003	39.850
102.679	-0.002	39.850
103.179	-0.003	39.850
103.679	-0.003	39.850
104.179	-0.002	39.850
104.679	-0.003	39.850
105.179	-0.002	39.850
105.679	-0.003	39.860
106.179	-0.002	39.860
106.679	-0.003	39.860
107.179	-0.003	39.860
107.679	-0.003	39.860
108.179	-0.003	39.860
108.679	-0.002	39.860
109.179	-0.003	39.870
109.679	-0.004	39.870
110.179	-0.003	39.870
110.679	-0.002	39.870
111.179	-0.002	39.870
111.679	-0.003	39.870
112.179	-0.004	39.880
112.679	-0.002	39.880
113.179	-0.002	39.880
113.679	-0.004	39.880
114.179	-0.003	39.880
114.679	-0.004	39.880
115.179	-0.003	39.880
115.679	-0.002	39.880
116.179	-0.004	39.890
116.679	-0.004	39.890
117.179	-0.003	39.890
117.679	-0.004	39.890
118.179	-0.003	39.890
118.679	-0.004	39.890
119.179	-0.002	39.890
119.679	-0.004	39.890
120.179	-0.003	39.900
120.679	-0.004	39.900
121.179	-0.004	39.900
121.679	-0.002	39.900
122.179	-0.004	39.900
122.679	-0.004	39.900
123.179	-0.002	39.900
123.679	-0.003	39.900
124.179	-0.004	39.910
124.679	-0.002	39.910
125.179	-0.002	39.910
125.679	-0.003	39.910
126.179	-0.005	39.910
126.679	-0.004	39.910
127.179	-0.002	39.910
127.679	-0.003	39.910
128.179	-0.004	39.910
128.679	-0.003	39.920
129.179	-0.004	39.920
129.679	-0.003	39.920
130.179	-0.002	39.920
130.679	-0.003	39.920
131.179	-0.003	39.920
131.679	-0.004	39.920
132.179	-0.005	39.920
132.679	-0.005	39.930
133.179	-0.004	39.930
133.679	-0.002	39.930
134.179	-0.003	39.930
134.679	-0.004	39.930
135.179	-0.005	39.930
135.679	-0.002	39.930
136.179	-0.004	39.930
136.679	-0.003	39.940
137.179	-0.004	39.940
137.679	-0.003	39.940
138.179	-0.004	39.940
138.679	-0.002	39.940
139.179	-0.003	39.940
139.679	-0.004	39.940
140.179	-0.003	39.940
140.679	-0.002	39.950
141.179	-0.003	39.950
141.679	-0.003	39.950
142.179	-0.005	39.950
142.679	-0.003	39.950
143.179	-0.002	39.950
143.679	-0.004	39.950
144.179	-0.003	39.950
144.679	-0.003	39.950
145.179	-0.004	39.950
145.679	-0.003	39.960
146.179	-0.002	39.960
146.679	-0.003	39.960
147.179	-0.005	39.960
147.679	-0.003	39.960
148.179	-0.002	39.960
148.679	-0.003	39.960
149.179	-0.004	39.960
149.679	-0.003	39.960
150.179	-0.004	39.960
150.679	-0.003	39.960
151.179	-0.003	39.970
151.679	-0.002	39.970
152.179	-0.004	39.970
152.679	-0.005	39.970
153.179	-0.002	39.970
153.679	-0.003	39.970
154.179	-0.004	39.970
154.679	-0.005	39.970
155.179	-0.004	39.970
155.679	-0.003	39.980
156.179	-0.004	39.980
156.679	-0.004	39.980
157.179	-0.004	39.980
157.679	-0.003	39.980
158.179	-0.004	39.980
158.679	-0.002	39.980
159.179	-0.003	39.980
159.679	-0.003	39.990
160.179	-0.004	39.990
160.679	-0.004	39.990
161.179	-0.002	39.990
161.679	-0.002	39.990
162.179	-0.003	39.990
162.679	-0.004	39.990
163.179	-0.003	39.990
163.679	-0.002	39.990
164.179	-0.002	39.990
164.679	-0.002	39.990
165.179	-0.002	39.990
165.679	-0.001	39.990
166.179	-0.002	40.000
166.679	-0.003	40.000
167.179	-0.005	40.000
167.679	-0.004	40.000
168.179	-0.003	40.000
168.679	-0.004	40.000
169.179	-0.005	40.000
169.679	-0.005	40.000
170.179	-0.003	40.000
170.679	-0.005	40.000
171.179	-0.002	40.000
171.679	-0.004	40.010
172.179	-0.005	40.010
172.679	-0.005	40.010
173.179	-0.002	40.010
173.679	-0.002	40.010
174.179	-0.002	40.010
174.679	-0.002	40.010
175.179	-0.002	40.010
175.679	-0.003	40.010
176.179	-0.004	40.010
176.679	-0.005	40.010
177.179	-0.005	40.010
177.679	-0.003	40.010
178.179	-0.004	40.020
178.679	-0.004	40.020
179.179	-0.002	40.020
179.679	-0.003	40.020
180.179	-0.005	40.020
180.679	-0.003	40.020
181.179	-0.003	40.020
181.679	-0.004	40.020
182.179	-0.005	40.020
182.679	-0.005	40.020
183.179	-0.004	40.030
183.679	-0.003	40.030
184.179	-0.002	40.020
184.679	-0.005	40.030
185.179	-0.005	40.030
185.679	-0.003	40.030
186.179	-0.002	40.030
186.679	-0.004	40.030
187.179	-0.005	40.030
187.679	-0.005	40.030
188.179	-0.003	40.030
188.679	-0.002	40.030
189.179	-0.003	40.040
189.679	-0.004	40.040
190.179	-0.004	40.040
190.679	-0.003	40.040
191.179	-0.002	40.040
191.679	-0.003	40.040
192.179	-0.004	40.040
192.679	-0.004	40.040
193.179	-0.004	40.040
193.679	-0.005	40.040
194.179	-0.005	40.040
194.679	-0.005	40.040
195.179	-0.004	40.040
195.679	-0.003	40.040
196.179	-0.002	40.040
196.679	-0.002	40.050
197.179	-0.002	40.050
197.679	-0.004	40.050
198.179	-0.006	40.050
198.679	-0.005	40.050
199.179	-0.002	40.050
199.679	-0.002	40.050
200.179	-0.001	40.050
200.679	-0.002	40.050
201.179	-0.003	40.050
201.679	-0.002	40.050
202.179	-0.003	40.050
202.679	-0.001	40.050
203.179	-0.001	40.060
203.679	-0.003	40.060
204.179	-0.005	40.060
204.679	-0.005	40.060
205.179	-0.004	40.060
205.679	-0.002	40.060
206.179	-0.002	40.060
206.679	-0.002	40.060
207.179	-0.002	40.060
207.679	-0.002	40.060
208.179	-0.004	40.060
208.679	-0.005	40.060
209.179	-0.005	40.060
209.679	-0.005	40.070
210.179	-0.003	40.070
210.679	-0.002	40.070
211.179	-0.004	40.070
211.679	-0.005	40.070
212.179	-0.005	40.070
212.679	-0.005	40.070
213.179	-0.005	40.070
213.679	-0.005	40.070
214.179	-0.004	40.070
214.679	-0.004	40.070
215.179	-0.005	40.070
215.679	-0.005	40.070
216.179	-0.005	40.070
216.679	-0.005	40.080
217.179	-0.005	40.080
217.679	-0.005	40.080
218.179	-0.004	40.080
218.679	-0.005	40.080
219.179	-0.005	40.080
219.679	-0.006	40.080
220.179	-0.005	40.080
220.679	-0.003	40.080
221.179	-0.002	40.080
221.679	-0.002	40.080
222.179	-0.002	40.080
222.679	-0.002	40.080
223.179	-0.002	40.080
223.679	-0.002	40.080
224.179	-0.002	40.080
224.679	-0.003	40.080
225.179	-0.005	40.090
225.679	-0.005	40.090
226.179	-0.005	40.090
226.679	-0.005	40.090
227.179	-0.005	40.090
227.679	-0.006	40.090
228.179	-0.005	40.090
228.679	-0.005	40.090
229.179	-0.005	40.090
229.679	-0.005	40.090
230.179	-0.006	40.090
230.679	-0.005	40.090
231.179	-0.005	40.090
231.679	-0.004	40.090
232.179	-0.002	40.100
232.679	-0.002	40.100
233.179	-0.005	40.100
233.679	-0.006	40.100
234.179	-0.005	40.100
234.679	-0.005	40.100
235.179	-0.005	40.100
235.679	-0.005	40.100
236.179	-0.004	40.100
236.679	-0.005	40.100
237.179	-0.005	40.100
237.679	-0.004	40.100
238.179	-0.004	40.100
238.679	-0.003	40.100
239.179	-0.002	40.100
239.679	-0.002	40.100
240.179	-0.004	40.100
240.679	-0.005	40.110
241.179	-0.004	40.110
241.679	-0.002	40.110
242.179	-0.002	40.110
242.679	-0.003	40.110
243.179	-0.004	40.110
243.679	-0.004	40.110
244.179	-0.004	40.110
244.679	-0.005	40.110
245.179	-0.006	40.110
245.679	-0.006	40.110
246.179	-0.003	40.110
246.679	-0.002	40.110
247.179	-0.003	40.110
247.679	-0.006	40.110
248.179	-0.004	40.110
248.679	-0.003	40.120
249.179	-0.002	40.120
249.679	-0.001	40.120
250.179	-0.003	40.120
250.679	-0.003	40.120
251.179	-0.002	40.120
251.679	-0.002	40.120
252.179	-0.003	40.120
252.679	-0.004	40.120
253.179	-0.005	40.120
253.679	-0.005	40.120
254.179	-0.006	40.120
254.679	-0.006	40.120
255.179	-0.003	40.120
255.679	-0.002	40.120
256.179	-0.002	40.120
256.679	-0.003	40.120
257.179	-0.004	40.120
257.679	-0.004	40.130
258.179	-0.006	40.130
258.679	-0.005	40.130
259.179	-0.005	40.130
259.679	-0.003	40.130
260.179	-0.004	40.130
260.679	-0.004	40.130
261.179	-0.006	40.130
261.679	-0.005	40.130
262.179	-0.003	40.130
262.679	-0.002	40.130
263.179	-0.003	40.130
263.679	-0.005	40.130
264.179	-0.003	40.130
264.679	-0.002	40.130
265.179	-0.002	40.130
265.679	-0.005	40.130
266.179	-0.006	40.130
266.679	-0.005	40.140
267.179	-0.005	40.140
267.679	-0.004	40.130
268.179	-0.003	40.140
268.679	-0.002	40.140
269.179	-0.005	40.140
269.679	-0.006	40.140
270.179	-0.005	40.140
270.679	-0.005	40.140
271.179	-0.006	40.140
271.679	-0.005	40.140
272.179	-0.004	40.140
272.679	-0.005	40.140
273.179	-0.006	40.150
273.679	-0.004	40.150
274.179	-0.004	40.150
274.679	-0.004	40.150
275.179	-0.004	40.150
275.679	-0.002	40.150
276.179	-0.004	40.150
276.679	-0.004	40.150
277.179	-0.005	40.150
277.679	-0.006	40.150
278.179	-0.004	40.150
278.679	-0.003	40.150
279.179	-0.003	40.150
279.679	-0.005	40.150
280.179	-0.005	40.150
280.679	-0.006	40.150
281.179	-0.006	40.150
281.679	-0.004	40.150
282.179	-0.003	40.150
282.679	-0.003	40.150
283.179	-0.005	40.150
283.679	-0.004	40.150
284.179	-0.003	40.160
284.679	-0.003	40.160
285.179	-0.003	40.160
285.679	-0.002	40.160
286.179	-0.003	40.160
286.679	-0.003	40.160
287.179	-0.004	40.160
287.679	-0.006	40.160
288.179	-0.005	40.160
288.679	-0.005	40.160
289.179	-0.005	40.160
289.679	-0.003	40.160
290.179	-0.002	40.160
290.679	-0.001	40.160
291.179	-0.002	40.160
291.679	-0.002	40.160
292.179	-0.002	40.160
292.679	-0.002	40.170
293.179	-0.002	40.170
293.679	-0.002	40.170
294.179	-0.003	40.170
294.679	-0.003	40.170
295.179	-0.002	40.170
295.679	-0.002	40.170
296.179	-0.002	40.170
296.679	-0.001	40.170
297.179	-0.002	40.170
297.679	-0.003	40.170
298.179	-0.004	40.170
298.679	-0.005	40.170
299.179	-0.005	40.170
299.679	-0.005	40.170
300.179	-0.005	40.170
