0.181	9.870	-0.002
1.181	9.867	-0.001
2.181	9.867	-0.001
3.181	9.868	0.000
4.181	9.867	-0.002
5.181	9.866	-0.002
6.181	9.866	-0.002
7.181	9.865	-0.001
8.181	9.864	-0.002
9.181	9.862	-0.001
10.181	9.862	-0.003
11.181	9.861	-0.002
12.181	9.860	-0.002
13.181	9.861	-0.003
14.181	9.858	-0.000
15.181	9.858	-0.002
16.181	9.857	-0.002
17.181	9.857	-0.003
18.181	9.855	-0.002
19.181	9.855	-0.002
20.181	9.853	-0.002
21.181	9.853	-0.002
22.181	9.868	-0.001
23.181	9.860	-0.452
24.181	9.857	-0.621
25.181	9.857	-0.630
26.181	9.856	-0.632
27.181	9.855	-0.631
28.181	9.855	-0.634
29.181	9.854	-0.635
30.181	9.853	-0.635
31.181	9.852	-0.635
32.181	9.851	-0.632
33.181	9.851	-0.634
34.181	9.850	-0.636
35.181	9.849	-0.634
36.181	9.849	-0.635
37.181	9.848	-0.635
38.181	9.847	-0.635
39.181	9.848	-0.635
40.181	9.848	-0.634
41.181	9.859	-0.637
42.181	9.862	-0.810
43.181	9.859	-1.046
44.181	9.859	-1.102
45.181	9.862	-1.105
46.181	9.865	-1.106
47.181	9.862	-1.106
48.181	9.863	-1.107
49.181	9.856	-1.107
50.181	9.858	-1.106
51.181	9.858	-1.107
52.181	9.860	-1.106
53.181	9.861	-1.107
54.181	9.858	-1.106
55.181	9.859	-1.108
56.181	9.858	-1.107
57.181	9.858	-1.108
58.181	9.860	-1.107
59.181	9.860	-1.107
60.181	9.858	-1.108
61.181	9.881	-1.184
62.181	9.881	-1.453
63.181	9.883	-1.475
64.181	9.885	-1.477
65.181	9.882	-1.480
66.181	9.878	-1.482
67.181	9.877	-1.483
68.181	9.876	-1.483
69.181	9.876	-1.482
70.181	9.877	-1.483
71.181	9.878	-1.482
72.181	9.881	-1.484
73.181	9.881	-1.485
74.181	9.883	-1.484
75.181	9.883	-1.484
76.181	9.886	-1.483
77.181	9.890	-1.484
78.181	9.885	-1.483
79.181	9.885	-1.484
80.181	9.886	-1.485
81.181	9.918	-1.489
82.181	9.919	-1.875
83.181	9.921	-1.972
84.181	9.926	-1.976
85.181	9.927	-1.979
86.181	9.929	-1.979
87.181	9.940	-1.978
88.181	9.941	-1.981
89.181	9.938	-1.982
90.181	9.936	-1.982
91.181	9.924	-1.982
92.181	9.921	-1.981
93.181	9.919	-1.982
94.181	9.917	-1.982
95.181	9.916	-1.981
96.181	9.923	-1.983
97.181	9.924	-1.983
98.181	9.923	-1.983
99.181	9.925	-1.983
100.181	9.918	-1.984
101.181	9.954	-2.078
102.181	9.956	-2.452
103.181	9.955	-2.515
104.181	9.955	-2.521
105.181	9.949	-2.521
106.181	9.949	-2.523
107.181	9.950	-2.523
108.181	9.953	-2.524
109.181	9.955	-2.526
110.181	9.952	-2.525
111.181	9.954	-2.526
112.181	9.955	-2.525
113.181	9.961	-2.526
114.181	9.960	-2.526
115.181	9.964	-2.528
116.181	9.968	-2.527
117.181	9.966	-2.527
118.181	9.965	-2.527
119.181	9.960	-2.528
120.181	9.953	-2.528
121.181	9.953	-2.528
122.181	9.954	-2.530
123.181	9.954	-2.530
124.181	9.957	-2.528
125.181	9.953	-2.529
126.181	9.954	-2.529
127.181	9.949	-2.530
128.181	9.950	-2.529
129.181	9.951	-2.530
130.181	9.944	-2.531
131.181	9.941	-2.529
132.181	9.939	-2.531
133.181	9.940	-2.531
134.181	9.937	-2.530
135.181	9.935	-2.530
136.181	9.934	-2.532
137.181	9.936	-2.532
138.181	9.933	-2.533
139.181	9.937	-2.532
140.181	9.938	-2.532
141.181	9.942	-2.532
142.181	9.940	-2.533
143.181	9.940	-2.532
144.181	9.942	-2.532
145.181	9.939	-2.532
146.181	9.939	-2.531
147.181	9.935	-2.530
148.181	9.928	-2.533
149.181	9.929	-2.532
150.181	9.927	-2.532
151.181	9.928	-2.532
152.181	9.930	-2.533
153.181	9.934	-2.531
154.181	9.933	-2.531
155.181	9.935	-2.532
156.181	9.939	-2.531
157.181	9.935	-2.531
158.181	9.938	-2.534
159.181	9.935	-2.531
160.181	9.929	-2.532
161.181	9.966	-2.533
162.181	9.964	-2.897
163.181	9.964	-2.986
164.181	9.963	-2.992
165.181	9.965	-2.993
166.181	9.968	-2.995
167.181	9.968	-2.995
168.181	9.969	-2.997
169.181	9.972	-2.998
170.181	9.971	-2.998
171.181	9.970	-2.999
172.181	9.972	-2.997
173.181	9.975	-2.999
174.181	9.974	-2.999
175.181	9.973	-3.000
176.181	9.973	-3.001
177.181	9.976	-3.000
178.181	9.977	-3.000
179.181	9.975	-3.001
180.181	9.976	-3.001
181.181	9.995	-3.104
182.181	10.000	-3.324
183.181	9.999	-3.338
184.181	10.002	-3.340
185.181	9.998	-3.341
186.181	9.998	-3.344
187.181	9.993	-3.345
188.181	9.996	-3.346
189.181	9.992	-3.345
190.181	9.994	-3.346
191.181	9.995	-3.345
192.181	9.995	-3.347
193.181	9.995	-3.346
194.181	9.995	-3.346
195.181	9.996	-3.348
196.181	9.997	-3.348
197.181	9.995	-3.350
198.181	9.997	-3.349
199.181	10.001	-3.349
200.181	9.997	-3.349
201.181	10.037	-3.442
202.181	10.029	-3.754
203.181	10.031	-3.807
204.181	10.034	-3.813
205.181	10.030	-3.815
206.181	10.029	-3.816
207.181	10.029	-3.819
208.181	10.030	-3.819
209.181	10.029	-3.819
210.181	10.030	-3.821
211.181	10.027	-3.820
212.181	10.030	-3.820
213.181	10.030	-3.822
214.181	10.028	-3.823
215.181	10.033	-3.822
216.181	10.029	-3.822
217.181	10.032	-3.820
218.181	10.033	-3.823
219.181	10.031	-3.822
220.181	10.032	-3.822
221.181	10.055	-3.841
222.181	10.063	-4.139
223.181	10.064	-4.295
224.181	10.062	-4.305
225.181	10.062	-4.310
226.181	10.061	-4.312
227.181	10.054	-4.313
228.181	10.053	-4.314
229.181	10.058	-4.314
230.181	10.058	-4.314
231.181	10.056	-4.316
232.181	10.057	-4.315
233.181	10.053	-4.317
234.181	10.049	-4.318
235.181	10.053	-4.317
236.181	10.054	-4.316
237.181	10.052	-4.317
238.181	10.056	-4.317
239.181	10.071	-4.319
240.181	10.069	-4.318
241.181	10.096	-4.321
242.181	10.094	-4.638
243.181	10.092	-4.753
244.181	10.093	-4.760
245.181	10.091	-4.762
246.181	10.092	-4.764
247.181	10.090	-4.765
248.181	10.083	-4.766
249.181	10.083	-4.765
250.181	10.089	-4.766
251.181	10.091	-4.766
252.181	10.092	-4.768
253.181	10.091	-4.769
254.181	10.088	-4.768
255.181	10.087	-4.770
256.181	10.090	-4.769
257.181	10.086	-4.771
258.181	10.087	-4.769
259.181	10.091	-4.769
260.181	10.093	-4.771
261.181	10.114	-4.771
262.181	10.138	-5.056
263.181	10.136	-5.259
264.181	10.139	-5.273
265.181	10.137	-5.276
266.181	10.139	-5.277
267.181	10.137	-5.279
268.181	10.138	-5.281
269.181	10.135	-5.282
270.181	10.132	-5.281
271.181	10.133	-5.283
272.181	10.135	-5.284
273.181	10.130	-5.283
274.181	10.133	-5.283
275.181	10.131	-5.284
276.181	10.129	-5.284
277.181	10.132	-5.285
278.181	10.130	-5.284
279.181	10.125	-5.285
280.181	10.130	-5.284
281.181	10.178	-5.288
282.181	10.166	-5.647
283.181	10.167	-5.770
284.181	10.169	-5.775
285.181	10.170	-5.779
286.181	10.165	-5.781
287.181	10.169	-5.782
288.181	10.171	-5.783
289.181	10.169	-5.782
290.181	10.171	-5.783
291.181	10.170	-5.785
292.181	10.172	-5.785
293.181	10.175	-5.786
294.181	10.176	-5.787
295.181	10.168	-5.787
296.181	10.171	-5.787
297.181	10.173	-5.788
298.181	10.166	-5.788
299.181	10.167	-5.789
300.181	10.211	-5.788
301.181	10.213	-6.118
302.181	10.214	-6.334
303.181	10.214	-6.347
304.181	10.216	-6.352
305.181	10.218	-6.353
306.181	10.213	-6.354
307.181	10.217	-6.356
308.181	10.221	-6.356
309.181	10.223	-6.359
310.181	10.221	-6.358
311.181	10.221	-6.358
312.181	10.217	-6.359
313.181	10.213	-6.359
314.181	10.221	-6.360
315.181	10.229	-6.361
316.181	10.229	-6.361
317.181	10.227	-6.361
318.181	10.227	-6.362
319.181	10.222	-6.362
320.181	10.206	-6.363
321.181	10.232	-6.467
322.181	10.227	-6.727
323.181	10.223	-6.748
324.181	10.224	-6.751
325.181	10.226	-6.755
326.181	10.227	-6.755
327.181	10.227	-6.755
328.181	10.229	-6.757
329.181	10.231	-6.755
330.181	10.226	-6.756
331.181	10.226	-6.755
332.181	10.228	-6.755
333.181	10.219	-6.756
334.181	10.204	-6.757
335.181	10.203	-6.759
336.181	10.206	-6.758
337.181	10.204	-6.758
338.181	10.198	-6.759
339.181	10.195	-6.759
340.181	10.195	-6.758
341.181	10.238	-6.758
342.181	10.258	-6.978
343.181	10.258	-7.302
344.181	10.260	-7.375
345.181	10.260	-7.382
346.181	10.260	-7.384
347.181	10.263	-7.386
348.181	10.267	-7.387
349.181	10.262	-7.388
350.181	10.266	-7.390
351.181	10.266	-7.389
352.181	10.266	-7.390
353.181	10.262	-7.390
354.181	10.261	-7.390
355.181	10.264	-7.392
356.181	10.267	-7.392
357.181	10.269	-7.392
358.181	10.268	-7.393
359.181	10.265	-7.393
360.181	10.266	-7.392
361.181	10.268	-7.392
362.181	10.268	-7.393
363.181	10.332	-7.394
364.181	10.305	-7.683
365.181	10.307	-7.791
366.181	10.304	-7.801
367.181	10.315	-7.803
368.181	10.311	-7.805
369.181	10.308	-7.808
370.181	10.307	-7.806
371.181	10.307	-7.808
372.181	10.301	-7.809
373.181	10.301	-7.811
374.181	10.302	-7.811
375.181	10.303	-7.810
376.181	10.306	-7.813
377.181	10.309	-7.813
378.181	10.308	-7.812
379.181	10.315	-7.812
380.181	10.327	-7.813
381.181	10.348	-7.943
382.181	10.354	-8.267
383.181	10.350	-8.339
384.181	10.351	-8.346
385.181	10.350	-8.349
386.181	10.349	-8.351
387.181	10.349	-8.352
388.181	10.349	-8.354
389.181	10.355	-8.355
390.181	10.354	-8.353
391.181	10.358	-8.355
392.181	10.360	-8.357
393.181	10.360	-8.358
394.181	10.364	-8.357
395.181	10.360	-8.358
396.181	10.360	-8.359
397.181	10.358	-8.359
398.181	10.356	-8.358
399.181	10.359	-8.361
400.181	10.378	-8.359
401.181	10.408	-8.521
402.181	10.418	-8.827
403.181	10.409	-8.875
404.181	10.408	-8.880
405.181	10.405	-8.884
406.181	10.407	-8.884
407.181	10.397	-8.886
408.181	10.393	-8.886
409.181	10.397	-8.888
410.181	10.394	-8.888
411.181	10.392	-8.888
412.181	10.392	-8.889
413.181	10.391	-8.890
414.181	10.394	-8.891
415.181	10.403	-8.892
416.181	10.411	-8.892
417.181	10.408	-8.893
418.181	10.410	-8.893
419.181	10.411	-8.893
420.181	10.407	-8.894
421.181	10.465	-9.044
422.181	10.458	-9.383
423.181	10.454	-9.416
424.181	10.453	-9.420
425.181	10.454	-9.422
426.181	10.452	-9.423
427.181	10.449	-9.424
428.181	10.450	-9.425
429.181	10.450	-9.427
430.181	10.449	-9.428
431.181	10.444	-9.429
432.181	10.442	-9.429
433.181	10.444	-9.429
434.181	10.443	-9.431
435.181	10.444	-9.431
436.181	10.444	-9.432
437.181	10.442	-9.431
438.181	10.441	-9.431
439.181	10.437	-9.432
440.181	10.435	-9.434
441.181	10.519	-9.447
442.181	10.539	-10.072
443.181	10.532	-10.380
444.181	10.532	-10.402
445.181	10.527	-10.405
446.181	10.531	-10.408
447.181	10.529	-10.410
448.181	10.536	-10.410
449.181	10.530	-10.412
450.181	10.528	-10.414
451.181	10.531	-10.415
452.181	10.534	-10.414
453.181	10.534	-10.413
454.181	10.543	-10.415
455.181	10.559	-10.414
456.181	10.556	-10.417
457.181	10.557	-10.416
458.181	10.556	-10.417
459.181	10.554	-10.418
460.181	10.551	-10.418
461.181	10.548	-10.418
462.181	10.547	-10.419
463.181	10.539	-10.420
464.181	10.543	-10.420
465.181	10.547	-10.421
466.181	10.545	-10.422
467.181	10.549	-10.420
468.181	10.554	-10.421
469.181	10.562	-10.421
470.181	10.570	-10.422
471.181	10.579	-10.421
472.181	10.582	-10.422
473.181	10.582	-10.419
474.181	10.583	-10.422
475.181	10.587	-10.422
476.181	10.581	-10.422
477.181	10.586	-10.423
478.181	10.599	-10.423
479.181	10.599	-10.424
480.181	10.595	-10.424
481.181	10.727	-10.424
482.181	10.739	-11.005
483.181	10.752	-11.474
484.181	10.768	-11.504
485.181	10.770	-11.508
486.181	10.771	-11.512
487.181	10.762	-11.514
488.181	10.760	-11.514
489.181	10.753	-11.516
490.181	10.751	-11.516
491.181	10.763	-11.519
492.181	10.772	-11.519
493.181	10.770	-11.520
494.181	10.767	-11.519
495.181	10.783	-11.521
496.181	10.788	-11.521
497.181	10.817	-11.522
498.181	10.808	-11.522
499.181	10.806	-11.520
500.181	10.874	-11.522
501.181	10.917	-11.745
502.181	10.954	-12.247
503.181	10.960	-12.512
504.181	10.967	-12.531
505.181	10.962	-12.536
506.181	10.962	-12.538
507.181	10.962	-12.541
508.181	10.969	-12.542
509.181	10.972	-12.543
510.181	10.973	-12.543
511.181	10.983	-12.544
512.181	10.987	-12.544
513.181	10.986	-12.546
514.181	10.984	-12.546
515.181	11.029	-12.546
516.181	11.024	-12.548
517.181	11.024	-12.547
518.181	10.980	-12.548
519.181	10.962	-12.548
520.181	10.962	-12.549
521.181	11.178	-12.550
522.181	11.233	-12.962
523.181	11.234	-13.511
524.181	11.261	-13.801
525.181	11.270	-13.824
526.181	11.257	-13.826
527.181	11.261	-13.830
528.181	11.239	-13.832
529.181	11.245	-13.832
530.181	11.243	-13.835
531.181	11.253	-13.835
532.181	11.243	-13.835
533.181	11.247	-13.837
534.181	11.253	-13.836
535.181	11.266	-13.838
536.181	11.273	-13.837
537.181	11.288	-13.840
538.181	11.270	-13.839
539.181	11.258	-13.841
540.181	11.604	-13.840
541.181	11.514	-14.221
542.181	11.541	-14.602
543.181	11.563	-14.629
544.181	11.567	-14.632
545.181	11.559	-14.636
546.181	11.570	-14.638
547.181	11.580	-14.639
548.181	11.562	-14.630
549.181	11.574	-14.643
550.181	11.568	-14.642
551.181	11.543	-14.641
552.181	11.557	-14.644
553.181	11.579	-14.646
554.181	11.574	-14.645
555.181	11.593	-14.647
556.181	11.608	-14.646
557.181	11.627	-14.644
558.181	11.658	-14.646
559.181	11.655	-14.645
560.181	12.133	-14.666
561.181	12.440	-15.212
562.181	12.312	-15.648
563.181	12.349	-15.747
564.181	12.330	-15.755
565.181	12.347	-15.758
566.181	12.366	-15.761
567.181	12.353	-15.762
568.181	12.314	-15.765
569.181	12.319	-15.765
570.181	12.329	-15.766
571.181	12.476	-15.766
572.181	12.432	-15.767
573.181	12.395	-15.767
574.181	12.400	-15.769
575.181	12.401	-15.769
576.181	12.377	-15.771
577.181	12.234	-15.770
578.181	12.273	-15.769
579.181	12.304	-15.771
580.181	13.187	-15.771
581.181	12.950	-16.298
582.181	12.926	-16.604
583.181	12.944	-16.626
584.181	12.985	-16.631
585.181	12.977	-16.634
586.181	12.980	-16.633
587.181	12.977	-16.636
588.181	13.006	-16.636
589.181	13.050	-16.638
590.181	13.082	-16.640
591.181	13.071	-16.639
592.181	13.036	-16.641
593.181	13.048	-16.641
594.181	13.045	-16.640
595.181	13.078	-16.642
596.181	13.010	-16.642
597.181	12.995	-16.643
598.181	13.006	-16.643
599.181	12.979	-16.643
600.181	13.654	-16.646
601.181	13.921	-17.151
602.181	13.923	-17.678
603.181	13.941	-17.769
604.181	14.168	-17.776
605.181	14.163	-17.779
606.181	14.105	-17.783
607.181	14.058	-17.784
608.181	13.894	-17.785
609.181	13.997	-17.786
610.181	14.018	-17.786
611.181	13.989	-17.790
612.181	13.991	-17.789
613.181	13.949	-17.791
614.181	13.936	-17.789
615.181	13.934	-17.790
616.181	13.944	-17.789
617.181	13.978	-17.791
618.181	13.961	-17.792
619.181	13.938	-17.790
620.181	13.911	-17.793
621.181	14.538	-17.798
622.181	14.786	-18.361
623.181	14.698	-18.752
624.181	14.679	-18.805
625.181	14.685	-18.811
626.181	14.700	-18.814
627.181	14.678	-18.816
628.181	14.674	-18.817
629.181	14.681	-18.818
630.181	14.674	-18.819
631.181	14.664	-18.822
632.181	14.680	-18.822
633.181	14.683	-18.822
634.181	14.670	-18.822
635.181	14.681	-18.824
636.181	14.681	-18.824
637.181	14.677	-18.825
638.181	14.687	-18.825
639.181	14.579	-18.826
640.181	14.611	-18.826
641.181	14.910	-18.832
642.181	15.264	-19.199
643.181	15.228	-19.511
644.181	15.271	-19.603
645.181	15.390	-19.675
646.181	15.509	-19.857
647.181	15.593	-19.872
648.181	15.709	-19.873
649.181	15.697	-19.877
650.181	15.693	-19.879
651.181	15.737	-19.878
652.181	15.712	-19.880
653.181	15.718	-19.882
654.181	15.576	-19.884
655.181	15.601	-19.884
656.181	15.589	-19.883
657.181	15.596	-19.885
658.181	15.547	-19.885
659.181	15.569	-19.886
660.181	15.575	-19.884
661.181	16.589	-19.938
662.181	17.370	-20.967
663.181	17.632	-21.894
664.181	17.563	-22.357
665.181	17.553	-22.443
666.181	17.544	-22.452
667.181	17.522	-22.457
668.181	17.516	-22.458
669.181	17.519	-22.461
670.181	17.481	-22.462
671.181	17.537	-22.463
672.181	17.477	-22.464
673.181	17.501	-22.465
674.181	17.475	-22.466
675.181	17.461	-22.467
676.181	17.476	-22.467
677.181	17.479	-22.467
678.181	17.477	-22.469
679.181	17.408	-22.469
680.181	17.445	-22.470
681.181	18.658	-22.525
682.181	18.974	-23.591
683.181	19.711	-24.560
684.181	19.648	-25.023
685.181	19.814	-25.236
686.181	19.820	-25.251
687.181	19.841	-25.256
688.181	19.815	-25.256
689.181	19.829	-25.259
690.181	19.831	-25.262
691.181	19.834	-25.263
692.181	19.662	-25.262
693.181	19.637	-25.263
694.181	19.597	-25.264
695.181	19.627	-25.264
696.181	19.610	-25.265
697.181	19.650	-25.265
698.181	19.713	-25.267
699.181	19.718	-25.268
700.181	19.730	-25.267
701.181	20.721	-25.473
702.181	21.309	-26.236
703.181	21.758	-26.922
704.181	21.497	-27.488
705.181	21.572	-27.712
706.181	21.591	-27.728
707.181	21.620	-27.733
708.181	21.624	-27.735
709.181	21.537	-27.737
710.181	21.514	-27.739
711.181	21.463	-27.735
712.181	21.470	-27.738
713.181	21.504	-27.739
714.181	21.447	-27.742
715.181	21.468	-27.741
716.181	21.484	-27.743
717.181	21.481	-27.742
718.181	21.479	-27.743
719.181	21.489	-27.743
720.181	21.455	-27.743
721.181	22.351	-27.766
722.181	22.794	-28.707
723.181	23.623	-29.384
724.181	23.932	-30.023
725.181	23.822	-30.520
726.181	23.770	-30.560
727.181	23.768	-30.560
728.181	23.781	-30.560
729.181	23.784	-30.560
730.181	23.780	-30.560
731.181	23.788	-30.560
732.181	23.724	-30.560
733.181	23.583	-30.560
734.181	23.579	-30.570
735.181	23.589	-30.570
736.181	23.552	-30.570
737.181	23.582	-30.570
738.181	23.586	-30.570
739.181	23.592	-30.570
740.181	23.793	-30.570
741.181	25.180	-31.180
742.181	25.481	-32.070
743.181	25.604	-32.550
744.181	25.579	-32.890
745.181	25.632	-32.910
746.181	25.755	-32.920
747.181	25.787	-33.050
748.181	25.859	-33.130
749.181	25.824	-33.140
750.181	25.839	-33.140
751.181	25.820	-33.140
752.181	25.812	-33.150
753.181	25.691	-33.140
754.181	25.631	-33.150
755.181	25.615	-33.150
756.181	25.622	-33.150
757.181	25.575	-33.150
758.181	25.597	-33.150
759.181	25.582	-33.150
760.181	25.571	-33.150
761.181	27.119	-33.180
762.181	27.465	-34.510
763.181	27.663	-35.360
764.181	27.712	-35.660
765.181	27.706	-35.680
766.181	27.703	-35.690
767.181	27.660	-35.690
768.181	27.684	-35.690
769.181	27.660	-35.690
770.181	27.731	-35.690
771.181	27.694	-35.700
772.181	27.726	-35.690
773.181	27.714	-35.700
774.181	27.672	-35.700
775.181	27.832	-35.700
776.181	27.822	-35.700
777.181	27.791	-35.700
778.181	27.819	-35.700
779.181	27.818	-35.700
780.181	28.181	-35.700
781.181	29.240	-36.160
782.181	30.011	-37.230
783.181	30.135	-37.950
784.181	30.117	-38.320
785.181	30.126	-38.350
786.181	30.072	-38.360
787.181	30.063	-38.360
788.181	29.874	-38.370
789.181	29.881	-38.370
790.181	29.909	-38.370
791.181	29.926	-38.370
792.181	29.916	-38.370
793.181	29.933	-38.370
794.181	29.911	-38.380
795.181	29.942	-38.370
796.181	29.932	-38.370
797.181	29.934	-38.370
798.181	29.948	-38.380
799.181	29.948	-38.380
800.181	30.652	-38.380
801.181	31.840	-39.110
802.181	31.904	-40.270
803.181	32.005	-40.850
804.181	32.028	-40.880
805.181	32.030	-40.880
806.181	32.042	-40.890
807.181	32.008	-40.890
808.181	32.075	-40.890
809.181	32.043	-40.890
810.181	32.007	-40.890
811.181	32.061	-40.900
812.181	32.087	-40.900
813.181	32.068	-40.900
814.181	32.047	-40.900
815.181	32.059	-40.900
816.181	32.056	-40.900
817.181	32.000	-40.900
818.181	31.944	-40.900
819.181	31.894	-40.900
820.181	31.959	-40.900
821.181	33.351	-41.150
822.181	33.914	-42.220
823.181	34.305	-43.130
824.181	34.205	-43.660
825.181	34.225	-43.700
826.181	34.195	-43.700
827.181	34.163	-43.710
828.181	34.140	-43.710
829.181	34.163	-43.710
830.181	34.172	-43.710
831.181	34.174	-43.710
832.181	34.199	-43.710
833.181	34.199	-43.720
834.181	34.253	-43.720
835.181	34.272	-43.720
836.181	34.253	-43.720
837.181	34.270	-43.720
838.181	34.231	-43.720
839.181	34.196	-43.720
840.181	34.221	-43.720
841.181	35.205	-43.720
842.181	35.655	-44.360
843.181	36.235	-45.350
844.181	36.482	-46.080
845.181	36.371	-46.440
846.181	36.414	-46.470
847.181	36.491	-46.480
848.181	36.437	-46.480
849.181	36.357	-46.490
850.181	36.388	-46.490
851.181	36.403	-46.480
852.181	36.370	-46.490
853.181	36.377	-46.490
854.181	36.377	-46.490
855.181	36.368	-46.490
856.181	36.349	-46.490
857.181	36.385	-46.490
858.181	36.372	-46.490
859.181	36.343	-46.490
860.181	36.312	-46.500
861.181	37.322	-46.500
862.181	37.784	-47.390
863.181	38.466	-48.200
864.181	38.235	-48.920
865.181	38.257	-48.990
866.181	38.243	-49.000
867.181	38.230	-49.000
868.181	38.301	-49.000
869.181	38.280	-49.000
870.181	38.296	-49.000
871.181	38.308	-49.010
872.181	38.335	-49.010
873.181	38.325	-49.010
874.181	38.336	-49.010
875.181	38.300	-49.010
876.181	38.237	-49.010
877.181	38.240	-49.010
878.181	38.290	-49.010
879.181	38.311	-49.010
880.181	38.285	-49.010
881.181	39.278	-49.030
882.181	40.195	-49.890
883.181	40.278	-50.940
884.181	40.298	-51.410
885.181	40.241	-51.650
886.181	40.302	-51.660
887.181	40.295	-51.670
888.181	40.256	-51.670
889.181	40.270	-51.680
890.181	40.303	-51.680
891.181	40.277	-51.680
892.181	40.294	-51.680
893.181	40.250	-51.680
894.181	40.215	-51.680
895.181	40.235	-51.680
896.181	40.262	-51.680
897.181	40.239	-51.680
898.181	40.220	-51.690
899.181	40.197	-51.690
900.181	41.243	-51.690
901.181	42.523	-52.560
902.181	42.508	-54.060
903.181	42.513	-54.440
904.181	42.545	-54.450
905.181	42.562	-54.460
906.181	42.570	-54.460
907.181	42.577	-54.470
908.181	42.602	-54.470
909.181	42.552	-54.470
910.181	42.550	-54.470
911.181	42.543	-54.470
912.181	42.535	-54.470
913.181	42.555	-54.470
914.181	42.526	-54.480
915.181	42.508	-54.480
916.181	42.491	-54.480
917.181	42.481	-54.480
918.181	42.529	-54.480
919.181	42.532	-54.480
920.181	42.438	-54.480
921.181	42.634	-54.480
922.181	43.669	-54.830
923.181	44.194	-55.770
924.181	44.488	-56.420
925.181	44.413	-56.870
926.181	44.313	-56.920
927.181	44.313	-56.930
928.181	44.397	-56.930
929.181	44.353	-56.940
930.181	44.355	-56.940
931.181	44.386	-56.940
932.181	44.407	-56.940
933.181	44.356	-56.940
934.181	44.354	-56.940
935.181	44.318	-56.950
936.181	44.297	-56.950
937.181	44.309	-56.950
938.181	44.340	-56.950
939.181	44.372	-56.950
940.181	44.352	-56.950
941.181	45.945	-57.020
942.181	46.489	-58.210
943.181	46.583	-59.200
944.181	46.551	-59.520
945.181	46.606	-59.540
946.181	46.907	-59.560
947.181	46.761	-59.740
948.181	46.826	-59.760
949.181	46.819	-59.770
950.181	46.814	-59.770
951.181	46.801	-59.770
952.181	46.730	-59.780
953.181	46.769	-59.780
954.181	46.752	-59.780
955.181	46.747	-59.780
956.181	46.718	-59.780
957.181	46.761	-59.780
958.181	46.731	-59.780
959.181	46.757	-59.780
960.181	46.770	-59.780
961.181	47.877	-59.910
962.181	48.848	-60.940
963.181	48.792	-62.000
964.181	48.813	-62.290
965.181	48.806	-62.310
966.181	48.791	-62.310
967.181	48.806	-62.320
968.181	48.826	-62.320
969.181	48.873	-62.320
970.181	48.897	-62.320
971.181	48.881	-62.330
972.181	48.836	-62.320
973.181	48.864	-62.330
974.181	48.826	-62.330
975.181	48.762	-62.330
976.181	48.760	-62.330
977.181	48.769	-62.330
978.181	48.799	-62.330
979.181	48.858	-62.330
980.181	48.913	-62.330
981.181	50.028	-62.430
982.181	50.970	-63.380
983.181	51.328	-64.460
984.181	51.304	-65.030
985.181	51.242	-65.130
986.181	51.253	-65.150
987.181	51.238	-65.150
988.181	51.246	-65.150
989.181	51.228	-65.150
990.181	51.178	-65.150
991.181	51.226	-65.150
992.181	51.231	-65.160
993.181	51.216	-65.160
994.181	51.218	-65.160
995.181	51.171	-65.160
996.181	51.174	-65.160
997.181	51.151	-65.160
998.181	51.132	-65.160
999.181	51.126	-65.160
1000.181	51.526	-65.160
1001.181	52.504	-65.550
1002.181	53.020	-66.610
1003.181	53.157	-67.270
1004.181	53.111	-67.570
1005.181	53.085	-67.610
1006.181	53.077	-67.610
1007.181	53.040	-67.610
1008.181	53.059	-67.620
1009.181	53.058	-67.620
1010.181	53.151	-67.620
1011.181	53.157	-67.620
1012.181	53.172	-67.620
1013.181	53.195	-67.630
1014.181	53.122	-67.630
1015.181	53.149	-67.630
1016.181	53.059	-67.620
1017.181	53.067	-67.630
1018.181	53.001	-67.630
1019.181	53.017	-67.630
1020.181	53.048	-67.630
1022.181	55.331	-68.990
1023.181	55.223	-70.110
1024.181	55.278	-70.360
1025.181	55.262	-70.380
1027.181	55.348	-70.390
1028.181	55.389	-70.390
1029.181	55.405	-70.390
1030.181	55.422	-70.390
1031.181	55.464	-70.400
1032.181	55.434	-70.390
1033.181	55.443	-70.390
1034.181	55.405	-70.390
1035.181	55.409	-70.400
1036.181	55.434	-70.400
1037.181	55.449	-70.400
1038.181	55.429	-70.400
1039.181	55.426	-70.400
1040.181	55.429	-70.400
1041.181	55.802	-70.400
1042.181	56.394	-70.750
1043.181	57.178	-71.520
1044.181	57.617	-72.350
1045.181	57.586	-72.960
1046.181	57.609	-73.070
1047.181	57.602	-73.080
1048.181	57.534	-73.090
1049.181	57.555	-73.090
1050.181	57.523	-73.090
1051.181	57.565	-73.090
1052.181	57.591	-73.090
1053.181	57.577	-73.090
1054.181	57.508	-73.100
1055.181	57.481	-73.100
1056.181	57.542	-73.100
1057.181	57.556	-73.090
1058.181	57.564	-73.100
1059.181	57.587	-73.100
1060.181	57.471	-73.100
1061.181	57.508	-73.100
1062.181	58.482	-73.190
1063.181	59.411	-74.050
1064.181	59.712	-75.070
1065.181	59.637	-75.730
1066.181	59.649	-75.780
1067.181	59.636	-75.790
1068.181	59.610	-75.800
1069.181	59.591	-75.800
1070.181	59.603	-75.800
1071.181	59.592	-75.800
1072.181	59.539	-75.800
1073.181	59.512	-75.810
1074.181	59.503	-75.800
1075.181	59.459	-75.810
1076.181	59.447	-75.810
1077.181	59.429	-75.810
1078.181	59.443	-75.810
1079.181	59.461	-75.810
1080.181	59.316	-75.810
1081.181	60.285	-75.840
1082.181	60.854	-76.700
1083.181	61.408	-77.610
1084.181	61.286	-78.230
1085.181	61.300	-78.290
1086.181	61.277	-78.300
1087.181	61.301	-78.300
1088.181	61.280	-78.300
1089.181	61.307	-78.310
1090.181	61.282	-78.310
1091.181	61.331	-78.310
1092.181	61.252	-78.310
1093.181	61.300	-78.310
1094.181	61.310	-78.320
1095.181	61.303	-78.320
1096.181	61.279	-78.320
1097.181	61.230	-78.320
1098.181	61.327	-78.320
1099.181	61.298	-78.320
1100.181	61.248	-78.320
1101.181	62.096	-78.320
1102.181	62.605	-78.790
1103.181	63.304	-79.600
1104.181	63.596	-80.360
1105.181	63.542	-80.890
1106.181	63.537	-80.940
1107.181	63.558	-80.950
1108.181	63.550	-80.950
1109.181	63.557	-80.960
1110.181	63.520	-80.960
1111.181	63.540	-80.960
1112.181	63.542	-80.960
1113.181	63.583	-80.960
1114.181	63.541	-80.960
1115.181	63.548	-80.960
1116.181	63.522	-80.960
1117.181	63.544	-80.970
1118.181	63.577	-80.970
1119.181	63.568	-80.960
1120.181	63.523	-80.970
1121.181	63.509	-80.970
1122.181	63.872	-80.970
1123.181	64.861	-81.300
1124.181	65.660	-82.270
1125.181	65.702	-83.180
1126.181	65.848	-83.510
1127.181	65.826	-83.680
1128.181	65.847	-83.690
1129.181	65.852	-83.700
1130.181	65.903	-83.700
1131.181	65.960	-83.700
1132.181	65.996	-83.710
1133.181	65.929	-83.710
1134.181	65.997	-83.710
1135.181	65.980	-83.710
1136.181	65.941	-83.720
1137.181	65.997	-83.720
1138.181	65.981	-83.720
1139.181	65.946	-83.720
1140.181	65.929	-83.720
1141.181	66.193	-83.720
1142.181	67.081	-84.000
1143.181	68.269	-84.900
1144.181	68.311	-85.980
1145.181	68.214	-86.390
1146.181	68.193	-86.430
1147.181	68.196	-86.440
1148.181	68.241	-86.430
1149.181	68.255	-86.450
1150.181	68.218	-86.440
1151.181	68.241	-86.440
1152.181	68.278	-86.450
1153.181	68.251	-86.450
1154.181	68.104	-86.450
1155.181	68.116	-86.450
1156.181	68.106	-86.450
1157.181	68.123	-86.450
1158.181	68.128	-86.450
1159.181	68.110	-86.450
1160.181	68.089	-86.460
1161.181	68.968	-86.520
1162.181	69.766	-87.200
1163.181	70.069	-88.180
1164.181	70.428	-88.780
1165.181	70.283	-89.100
1166.181	70.201	-89.140
1167.181	70.201	-89.140
1168.181	70.197	-89.150
1169.181	70.191	-89.150
1170.181	70.205	-89.160
1171.181	70.208	-89.160
1172.181	70.178	-89.160
1173.181	70.222	-89.160
1174.181	70.244	-89.150
1175.181	70.256	-89.160
1177.181	70.280	-89.160
1179.181	70.274	-89.160
1180.181	70.283	-89.150
1181.181	70.935	-89.160
1182.181	72.130	-89.680
1183.181	72.553	-90.800
1184.181	72.602	-91.700
1185.181	72.545	-91.800
1186.181	72.559	-91.820
1187.181	72.533	-91.830
1188.181	72.600	-91.830
1189.181	72.579	-91.830
1190.181	72.511	-91.820
1191.181	72.540	-91.830
1192.181	72.522	-91.830
1194.181	72.537	-91.840
1195.181	72.502	-91.840
1196.181	72.492	-91.830
1198.181	72.530	-91.830
1199.181	72.561	-91.840
1200.181	73.961	-92.020
1201.181	74.228	-93.120
1202.181	74.488	-93.890
1203.181	74.617	-94.260
1204.181	74.623	-94.310
1205.181	74.660	-94.310
1206.181	74.639	-94.310
1207.181	74.611	-94.320
1208.181	74.767	-94.330
1209.181	74.769	-94.330
1210.181	74.712	-94.330
1211.181	74.586	-94.330
1212.181	74.578	-94.330
1213.181	74.559	-94.330
1214.181	74.539	-94.330
1215.181	74.597	-94.330
1216.181	74.623	-94.330
1217.181	74.574	-94.330
1218.181	74.600	-94.330
1219.181	74.578	-94.330
1220.181	74.800	-94.330
1221.181	75.805	-94.680
1222.181	76.889	-95.680
1223.181	77.088	-96.690
1224.181	76.981	-97.220
1225.181	76.978	-97.270
1226.181	77.008	-97.280
1227.181	76.994	-97.290
1228.181	76.959	-97.290
1229.181	76.953	-97.290
1230.181	76.975	-97.290
1231.181	76.999	-97.290
1232.181	77.041	-97.290
1233.181	77.109	-97.290
1234.181	77.115	-97.290
1235.181	77.057	-97.290
1236.181	77.071	-97.290
1237.181	77.032	-97.290
1238.181	77.058	-97.290
1239.181	77.088	-97.300
1240.181	77.058	-97.300
1241.181	77.907	-97.300
1242.181	78.780	-98.050
1243.181	79.027	-99.040
1244.181	79.024	-99.610
1245.181	79.052	-99.720
1246.181	79.023	-99.740
1247.181	78.998	-99.730
1248.181	79.014	-99.740
1249.181	78.962	-99.740
1250.181	78.960	-99.740
1251.181	78.969	-99.740
1252.181	78.950	-99.740
1253.181	78.960	-99.740
1254.181	78.928	-99.740
1255.181	78.990	-99.740
1256.181	78.927	-99.740
1257.181	78.879	-99.740
1258.181	78.911	-99.740
1259.181	78.929	-99.740
1260.181	79.838	-99.750
1261.181	80.888	-100.390
1262.181	80.976	-101.620
1263.181	81.284	-102.180
1264.181	81.389	-102.600
1265.181	81.383	-102.630
1266.181	81.331	-102.630
1267.181	81.343	-102.650
1268.181	81.272	-102.640
1269.181	81.327	-102.640
1270.181	81.397	-102.640
1271.181	81.399	-102.650
1272.181	81.408	-102.650
1273.181	81.436	-102.640
1274.181	81.429	-102.640
1275.181	81.440	-102.650
1276.181	81.422	-102.650
1277.181	81.396	-102.650
1278.181	81.389	-102.640
1279.181	81.371	-102.650
1280.181	81.376	-102.640
1281.181	82.927	-102.780
1282.181	83.372	-104.150
1283.181	83.425	-104.890
1284.181	83.450	-105.070
1285.181	83.477	-105.090
1286.181	83.539	-105.090
1287.181	83.528	-105.100
1288.181	83.488	-105.100
1289.181	83.496	-105.100
1290.181	83.483	-105.100
1291.181	83.437	-105.100
1292.181	83.392	-105.100
1293.181	83.377	-105.100
1294.181	83.412	-105.110
1295.181	83.438	-105.110
1296.181	83.427	-105.100
1297.181	83.468	-105.100
1298.181	83.424	-105.100
1299.181	83.425	-105.100
1300.181	83.448	-105.100
1301.181	84.130	-105.150
1302.181	84.253	-106.010
1303.181	84.272	-106.070
1304.181	84.266	-106.070
1305.181	84.186	-106.070
1306.181	84.140	-106.080
1307.181	84.108	-106.080
1308.181	84.082	-106.090
1309.181	84.035	-106.090
1310.181	84.015	-106.090
1311.181	84.053	-106.090
1312.181	84.059	-106.090
1313.181	84.046	-106.080
1314.181	84.084	-106.090
1315.181	84.098	-106.090
1316.181	84.165	-106.100
1317.181	84.030	-106.100
1318.181	84.030	-106.090
1319.181	84.002	-106.100
1320.181	83.983	-106.100
1321.181	84.039	-106.090
1322.181	84.049	-106.100
1323.181	84.067	-106.090
1324.181	84.077	-106.100
1325.181	84.125	-106.090
1326.181	84.080	-106.100
