0.179	0.003	0.000
1.179	0.004	0.001
2.179	0.004	0.001
3.179	0.004	-0.000
4.179	0.004	0.000
5.179	0.004	0.000
6.179	0.004	0.000
7.179	0.004	0.000
8.179	0.004	-0.000
9.179	0.004	-0.000
10.179	0.004	-0.002
11.179	0.004	0.000
12.179	0.004	0.001
13.179	0.004	0.000
14.179	0.004	0.000
15.179	0.004	0.000
16.179	0.004	0.001
17.179	0.004	0.000
18.179	0.004	0.000
19.179	0.004	0.000
20.179	0.004	0.000
21.179	0.004	0.000
22.179	0.004	-0.000
23.179	0.004	0.000
24.179	0.004	0.001
25.179	0.004	0.000
26.179	0.004	0.002
27.179	0.004	0.000
28.179	0.004	-0.000
29.179	0.004	-0.000
30.179	0.004	0.000
31.179	0.004	0.000
32.179	0.004	0.000
33.179	0.004	0.001
34.179	0.004	-0.000
35.179	0.004	0.000
36.179	0.004	0.000
37.179	0.004	-0.000
38.179	0.004	-0.000
39.179	0.004	0.000
40.179	0.004	0.000
41.179	0.004	0.000
42.179	0.004	0.000
43.179	0.004	0.001
44.179	0.003	0.000
45.179	0.004	0.000
46.179	0.004	-0.000
47.179	0.004	-0.000
48.179	0.004	0.000
49.179	0.004	0.000
50.179	0.004	0.000
51.179	0.004	-0.000
52.179	0.004	-0.000
53.179	0.004	0.000
54.179	0.004	0.000
55.179	0.004	0.000
56.179	0.003	0.000
57.179	0.004	0.000
58.179	0.004	-0.000
59.179	0.004	0.000
60.179	0.004	0.001
61.179	0.004	0.002
62.179	0.004	0.000
63.179	0.004	0.000
64.179	0.004	-0.000
65.179	0.004	0.000
66.179	0.004	0.001
67.179	0.004	0.000
68.179	0.004	0.000
69.179	0.004	0.000
70.179	0.004	-0.000
71.179	0.004	0.002
72.179	0.004	0.000
73.179	0.004	0.001
74.179	0.004	0.000
75.179	0.003	-0.000
76.179	0.003	-0.001
77.179	0.003	0.000
78.179	0.003	0.000
79.179	0.003	0.002
80.179	0.004	0.000
81.179	0.003	-0.000
82.179	0.003	0.000
83.179	0.003	0.000
84.179	0.003	0.000
85.179	0.003	0.000
86.179	0.003	0.002
87.179	0.003	0.000
88.179	0.003	0.000
89.179	0.003	0.001
90.179	0.003	0.000
91.179	0.003	0.000
92.179	0.003	0.000
93.179	0.003	0.000
94.179	0.003	0.000
95.179	0.003	0.001
96.179	0.003	0.002
97.179	0.003	0.001
98.179	0.003	0.001
99.179	0.003	0.000
100.179	0.003	0.000
101.179	0.003	0.000
102.179	0.003	0.000
103.179	0.003	0.001
104.179	0.003	0.000
105.179	0.003	0.000
106.179	0.003	0.000
107.179	0.003	-0.000
108.179	0.003	0.000
109.179	0.003	0.002
110.179	0.003	0.000
111.179	0.003	0.000
112.179	0.003	-0.000
113.179	0.003	0.000
114.179	0.003	0.002
115.179	0.003	0.000
116.179	0.003	0.001
117.179	0.003	0.000
118.179	0.003	-0.000
119.179	0.003	-0.000
120.179	0.003	0.000
121.179	0.003	0.002
122.179	0.003	0.000
123.179	0.003	0.000
124.179	0.003	0.001
125.179	0.003	0.001
126.179	0.003	0.001
127.179	0.003	0.000
128.179	0.003	0.000
129.179	0.003	0.000
130.179	0.003	-0.000
131.179	0.003	-0.000
132.179	0.003	0.002
133.179	0.003	0.001
134.179	0.003	0.000
135.179	0.003	0.000
136.179	0.003	0.000
137.179	0.003	-0.000
138.179	0.003	0.000
139.179	0.003	0.000
140.179	0.003	0.002
141.179	0.003	-0.000
142.179	0.003	0.000
143.179	0.003	0.000
144.179	0.003	-0.000
145.179	0.003	0.001
146.179	0.003	0.002
147.179	0.003	0.000
148.179	0.003	0.000
149.179	0.003	0.000
150.179	0.003	0.002
151.179	0.003	0.000
152.179	0.003	0.000
153.179	0.003	0.000
154.179	0.003	0.000
155.179	0.003	0.000
156.179	0.003	0.001
157.179	0.003	0.002
158.179	0.003	0.001
159.179	0.003	-0.000
160.179	0.003	-0.000
161.179	0.003	0.000
162.179	0.003	0.000
163.179	0.003	0.000
164.179	0.003	0.000
165.179	0.003	0.000
166.179	0.002	0.000
167.179	0.003	0.000
168.179	0.003	0.000
169.179	0.003	0.000
170.179	0.003	0.000
171.179	0.003	0.000
172.179	0.003	0.001
173.179	0.003	0.000
174.179	0.003	0.000
175.179	0.003	0.001
176.179	0.003	0.001
177.179	0.003	0.000
178.179	0.003	0.000
179.179	0.003	0.000
180.179	0.002	-0.000
181.179	0.003	0.000
182.179	0.002	0.001
183.179	0.002	0.002
184.179	0.002	0.000
185.179	0.002	0.000
186.179	0.002	0.000
187.179	0.002	0.000
188.179	0.002	0.002
189.179	0.002	0.003
190.179	0.002	0.000
191.179	0.002	-0.000
192.179	0.002	0.000
193.179	0.002	0.001
194.179	0.002	0.001
195.179	0.002	0.002
196.179	0.002	0.000
197.179	0.002	-0.000
198.179	0.002	-0.000
199.179	0.002	0.001
200.179	0.002	0.001
201.179	0.002	0.002
202.179	0.002	0.001
203.179	0.002	-0.000
204.179	0.002	0.000
205.179	0.002	0.002
206.179	0.002	0.000
207.179	0.002	0.001
208.179	0.002	0.000
209.179	0.002	0.000
210.179	0.002	0.000
211.179	0.002	0.000
212.179	0.002	0.000
213.179	0.002	0.002
214.179	0.002	0.001
215.179	0.002	0.000
216.179	0.002	-0.000
217.179	0.002	0.000
218.179	0.002	0.001
219.179	0.002	0.002
220.179	0.002	0.000
221.179	0.002	-0.000
222.179	0.002	-0.001
223.179	0.002	0.000
224.179	0.002	0.000
225.179	0.002	0.000
226.179	0.002	0.001
227.179	0.002	0.000
228.179	0.002	-0.000
229.179	0.002	0.001
230.179	0.002	0.000
231.179	0.002	0.002
232.179	0.002	0.001
233.179	0.002	0.001
234.179	0.002	0.000
235.179	0.002	0.001
236.179	0.002	0.001
237.179	0.002	0.001
238.179	0.001	0.000
239.179	0.002	0.000
240.179	0.002	0.000
241.179	0.001	0.002
242.179	0.002	0.000
243.179	0.002	0.001
244.179	0.001	-0.000
245.179	0.001	0.000
246.179	0.002	0.000
247.179	0.001	0.001
248.179	0.001	0.000
249.179	0.001	0.001
250.179	0.001	0.000
251.179	0.001	0.000
252.179	0.001	0.001
253.179	0.001	0.000
254.179	0.002	0.001
255.179	0.002	0.001
256.179	0.001	-0.000
257.179	0.001	0.000
258.179	0.002	0.000
259.179	0.001	0.000
260.179	0.002	0.001
261.179	0.002	0.002
262.179	0.001	0.001
263.179	0.001	0.000
264.179	0.001	0.000
265.179	0.001	0.002
266.179	0.001	0.002
267.179	0.001	0.002
268.179	0.002	0.001
269.179	0.002	0.002
270.179	0.002	0.001
271.179	0.001	0.000
272.179	0.001	0.002
273.179	0.002	0.002
274.179	0.002	0.000
275.179	0.001	0.000
276.179	0.002	0.000
277.179	0.001	0.000
278.179	0.002	0.000
279.179	0.002	0.002
280.179	0.002	0.000
281.179	0.002	0.000
282.179	0.001	0.000
283.179	0.002	0.001
284.179	0.002	0.002
285.179	0.002	0.002
286.179	0.002	0.000
287.179	0.002	0.002
288.179	0.002	0.001
289.179	0.002	0.000
290.179	0.002	0.000
291.179	0.002	0.003
292.179	0.002	0.000
293.179	0.002	0.000
294.179	0.002	0.000
295.179	0.002	0.000
296.179	0.002	0.003
297.179	0.001	0.001
298.179	0.001	0.000
299.179	0.002	0.001
300.179	0.001	0.000
301.179	0.002	0.000
302.179	0.002	0.000
303.179	0.002	0.002
