0.179	24.984	-351.000
1.179	24.984	-351.000
2.179	24.985	-351.000
3.179	25.305	-351.000
4.179	25.314	-351.000
5.179	25.443	-351.000
6.179	25.869	-351.000
7.179	25.894	-351.000
8.179	26.635	-352.000
9.179	26.636	-354.000
10.179	26.635	-356.000
11.179	26.635	-357.000
12.179	26.633	-358.000
13.179	26.633	-359.000
14.179	26.633	-360.000
15.179	26.633	-361.000
16.179	26.633	-362.000
17.179	26.634	-362.000
18.179	26.634	-363.000
19.179	26.634	-363.000
20.179	26.634	-364.000
21.179	26.634	-364.000
22.179	26.634	-365.000
23.179	26.634	-365.000
24.179	26.634	-366.000
25.179	26.634	-366.000
26.179	26.634	-366.000
27.179	26.634	-367.000
28.179	26.634	-367.000
29.179	26.634	-367.000
30.179	26.635	-368.000
31.179	26.636	-368.000
32.179	26.637	-368.000
33.179	26.637	-368.000
34.179	26.637	-369.000
35.179	26.637	-369.000
36.179	26.637	-369.000
37.179	26.637	-369.000
38.179	26.637	-369.000
39.179	26.637	-370.000
40.179	26.637	-370.000
41.179	26.637	-370.000
42.179	26.637	-370.000
43.179	26.637	-370.000
44.179	26.637	-371.000
45.179	26.637	-371.000
46.179	26.637	-371.000
47.179	26.638	-371.000
48.179	26.638	-371.000
49.179	26.638	-371.000
50.179	26.638	-372.000
51.179	26.638	-372.000
52.179	26.638	-372.000
53.179	26.638	-372.000
54.179	26.638	-372.000
55.179	26.638	-372.000
56.179	26.638	-372.000
57.179	26.638	-373.000
58.179	26.638	-373.000
59.179	26.638	-373.000
60.179	26.638	-373.000
61.179	26.638	-373.000
62.179	26.638	-373.000
63.179	26.639	-373.000
64.179	26.639	-373.000
65.179	26.638	-373.000
66.179	26.638	-374.000
67.179	26.638	-374.000
68.179	26.638	-374.000
69.179	26.638	-374.000
70.179	26.638	-374.000
71.179	26.638	-374.000
72.179	26.638	-374.000
73.179	26.638	-374.000
74.179	26.638	-374.000
75.179	26.638	-375.000
76.179	26.638	-375.000
77.179	26.638	-375.000
78.179	26.638	-375.000
79.179	26.638	-375.000
80.179	26.638	-375.000
81.179	26.638	-375.000
82.179	26.638	-375.000
83.179	26.638	-375.000
84.179	26.638	-375.000
85.179	26.638	-376.000
86.179	26.638	-376.000
87.179	26.638	-376.000
88.179	26.638	-376.000
89.179	26.638	-376.000
90.179	26.638	-376.000
91.179	26.638	-376.000
92.179	26.638	-376.000
93.179	26.638	-376.000
94.179	26.638	-376.000
95.179	26.638	-376.000
96.179	26.638	-376.000
97.179	26.638	-377.000
98.179	26.638	-377.000
99.179	26.638	-377.000
100.179	26.638	-377.000
101.179	26.638	-377.000
102.179	26.638	-377.000
103.179	26.638	-377.000
104.179	26.638	-377.000
105.179	26.638	-377.000
106.179	26.638	-377.000
107.179	26.639	-377.000
108.179	26.640	-377.000
109.179	26.640	-377.000
110.179	26.640	-377.000
111.179	26.640	-377.000
112.179	26.640	-377.000
113.179	26.640	-378.000
114.179	26.640	-378.000
115.179	26.639	-378.000
116.179	26.639	-378.000
117.179	26.639	-378.000
118.179	26.639	-378.000
119.179	26.638	-378.000
120.179	26.637	-378.000
121.179	26.637	-378.000
122.179	26.637	-378.000
123.179	26.637	-378.000
124.179	26.637	-378.000
125.179	26.637	-378.000
126.179	26.637	-378.000
127.179	26.637	-378.000
128.179	26.637	-378.000
129.179	26.637	-378.000
130.179	26.637	-378.000
131.179	26.637	-378.000
132.179	26.637	-379.000
133.179	26.637	-379.000
134.179	26.637	-379.000
135.179	26.637	-379.000
136.179	26.637	-379.000
137.179	26.637	-379.000
138.179	26.637	-379.000
139.179	26.637	-379.000
140.179	26.637	-379.000
141.179	26.637	-379.000
142.179	26.637	-379.000
143.179	26.637	-379.000
144.179	26.637	-379.000
145.179	26.637	-379.000
146.179	26.637	-379.000
147.179	26.637	-379.000
148.179	26.637	-379.000
149.179	26.637	-379.000
150.179	26.637	-379.000
151.179	26.637	-379.000
152.179	26.637	-379.000
153.179	26.637	-379.000
154.179	26.637	-380.000
155.179	26.637	-380.000
156.179	26.637	-380.000
157.179	26.637	-380.000
158.179	26.637	-380.000
159.179	26.637	-380.000
160.179	26.637	-380.000
161.179	26.637	-380.000
162.179	26.637	-380.000
163.179	26.637	-380.000
164.179	26.637	-380.000
165.179	26.637	-380.000
166.179	26.637	-380.000
167.179	26.637	-380.000
168.179	26.637	-380.000
169.179	26.637	-380.000
170.179	26.637	-380.000
171.179	26.637	-380.000
172.179	26.637	-380.000
173.179	26.637	-380.000
174.179	26.637	-380.000
175.179	26.637	-380.000
176.179	26.637	-380.000
177.179	26.637	-380.000
178.179	26.637	-380.000
179.179	26.637	-380.000
180.179	26.638	-380.000
181.179	26.638	-380.000
182.179	26.637	-381.000
183.179	26.638	-380.000
184.179	26.638	-381.000
185.179	26.638	-381.000
186.179	26.638	-381.000
187.179	26.638	-381.000
188.179	26.637	-381.000
189.179	26.637	-381.000
190.179	26.637	-381.000
191.179	26.638	-381.000
192.179	26.638	-381.000
193.179	26.637	-381.000
194.179	26.637	-381.000
195.179	26.638	-381.000
196.179	26.638	-381.000
197.179	26.638	-381.000
198.179	26.638	-381.000
199.179	26.638	-381.000
200.179	26.638	-381.000
201.179	26.638	-381.000
202.179	26.638	-381.000
203.179	26.638	-381.000
204.179	26.638	-381.000
205.179	26.638	-381.000
206.179	26.638	-381.000
207.179	26.638	-381.000
208.179	26.638	-381.000
209.179	26.638	-381.000
210.179	26.637	-381.000
211.179	26.637	-381.000
212.179	26.637	-381.000
213.179	26.637	-381.000
214.179	26.638	-382.000
215.179	26.638	-382.000
216.179	26.638	-382.000
217.179	26.638	-382.000
218.179	26.638	-382.000
219.179	26.637	-382.000
220.179	26.637	-382.000
221.179	26.637	-382.000
222.179	26.637	-382.000
223.179	26.637	-382.000
224.179	26.637	-382.000
225.179	26.637	-382.000
226.179	26.638	-382.000
227.179	26.637	-382.000
228.179	26.638	-382.000
229.179	26.638	-382.000
230.179	26.638	-382.000
231.179	26.638	-382.000
232.179	26.638	-382.000
233.179	26.638	-382.000
234.179	26.638	-382.000
235.179	26.638	-382.000
236.179	26.638	-382.000
237.179	26.638	-382.000
238.179	26.638	-382.000
239.179	26.639	-382.000
240.179	26.639	-382.000
241.179	26.639	-382.000
242.179	26.639	-382.000
243.179	26.639	-382.000
244.179	26.638	-383.000
245.179	26.638	-382.000
246.179	26.638	-383.000
247.179	26.638	-383.000
248.179	26.638	-383.000
249.179	26.638	-383.000
250.179	26.638	-383.000
251.179	26.638	-383.000
252.179	26.638	-383.000
253.179	26.639	-383.000
254.179	26.639	-383.000
255.179	26.638	-383.000
256.179	26.639	-383.000
257.179	26.639	-383.000
258.179	26.639	-383.000
259.179	26.639	-383.000
260.179	26.639	-383.000
261.179	26.638	-383.000
262.179	26.638	-383.000
263.179	26.639	-383.000
264.179	26.638	-383.000
265.179	26.638	-383.000
266.179	26.638	-383.000
267.179	26.638	-383.000
268.179	26.639	-383.000
269.179	26.639	-383.000
270.179	26.639	-383.000
271.179	26.639	-383.000
272.179	26.639	-383.000
273.179	26.639	-383.000
274.179	26.639	-383.000
275.179	26.639	-383.000
276.179	26.639	-383.000
277.179	26.638	-383.000
278.179	26.638	-383.000
279.179	26.638	-383.000
280.179	26.639	-383.000
281.179	26.639	-383.000
282.179	26.639	-383.000
283.179	26.639	-383.000
284.179	26.639	-383.000
285.179	26.639	-383.000
286.179	26.639	-383.000
287.179	26.639	-383.000
288.179	26.639	-383.000
289.179	26.639	-383.000
290.179	26.639	-383.000
291.179	26.639	-383.000
292.179	26.638	-383.000
293.179	26.639	-383.000
294.179	26.638	-383.000
295.179	26.639	-383.000
296.179	26.639	-383.000
297.179	26.639	-383.000
298.179	26.639	-383.000
299.179	26.639	-384.000
300.179	26.639	-383.000
301.179	26.639	-384.000
302.179	26.639	-384.000
303.179	26.639	-384.000
304.179	26.639	-384.000
305.179	26.639	-384.000
306.179	26.639	-384.000
307.179	26.639	-384.000
308.179	26.639	-384.000
309.179	26.639	-384.000
310.179	26.639	-384.000
311.179	26.639	-384.000
312.179	26.639	-384.000
313.179	26.639	-384.000
314.179	26.639	-384.000
315.179	26.639	-384.000
316.179	26.639	-384.000
317.179	26.639	-384.000
318.179	26.639	-384.000
319.179	26.639	-384.000
320.179	26.639	-384.000
321.179	26.639	-384.000
322.179	26.639	-384.000
323.179	26.639	-384.000
324.179	26.639	-384.000
325.179	26.640	-384.000
326.179	26.640	-384.000
327.179	26.640	-384.000
328.179	26.639	-384.000
329.179	26.640	-384.000
330.179	26.639	-384.000
331.179	26.639	-384.000
332.179	26.639	-384.000
333.179	26.639	-384.000
334.179	26.639	-384.000
335.179	26.639	-384.000
336.179	26.639	-384.000
337.179	26.639	-384.000
338.179	26.639	-384.000
339.179	26.639	-384.000
340.179	26.639	-384.000
341.179	26.639	-384.000
342.179	26.639	-384.000
343.179	26.639	-384.000
344.179	26.639	-384.000
345.179	26.639	-384.000
346.179	26.639	-384.000
347.179	26.639	-384.000
348.179	26.639	-384.000
349.179	26.639	-384.000
350.179	26.639	-384.000
351.179	26.639	-384.000
352.179	26.639	-384.000
353.179	26.639	-385.000
354.179	26.639	-385.000
355.179	26.639	-385.000
356.179	26.639	-385.000
357.179	26.639	-385.000
358.179	26.638	-385.000
359.179	26.638	-385.000
360.179	26.639	-385.000
361.179	26.639	-385.000
362.179	26.639	-385.000
363.179	26.639	-385.000
364.179	26.639	-385.000
365.179	26.639	-385.000
366.179	26.639	-385.000
367.179	26.639	-385.000
368.179	26.638	-385.000
369.179	26.638	-385.000
370.179	26.638	-385.000
371.179	26.638	-385.000
372.179	26.638	-385.000
373.179	26.638	-385.000
374.179	26.638	-385.000
375.179	26.639	-385.000
376.179	26.639	-385.000
377.179	26.638	-385.000
378.179	26.638	-385.000
379.179	26.638	-385.000
380.179	26.638	-385.000
381.179	26.638	-385.000
382.179	26.638	-385.000
383.179	26.638	-385.000
384.179	26.638	-385.000
385.179	26.638	-385.000
386.179	26.638	-385.000
387.179	26.638	-385.000
388.179	26.638	-385.000
389.179	26.638	-385.000
390.179	26.638	-385.000
391.179	26.638	-385.000
392.179	26.638	-385.000
393.179	26.638	-385.000
394.179	26.638	-385.000
395.179	26.638	-385.000
396.179	26.638	-385.000
397.179	26.638	-385.000
398.179	26.639	-385.000
399.179	26.639	-385.000
400.179	26.638	-385.000
401.179	26.638	-385.000
402.179	26.638	-385.000
403.179	26.638	-385.000
404.179	26.638	-385.000
405.179	26.638	-385.000
406.179	26.638	-385.000
407.179	26.639	-385.000
408.179	26.639	-385.000
409.179	26.639	-385.000
410.179	26.638	-385.000
411.179	26.638	-385.000
412.179	26.638	-385.000
413.179	26.638	-385.000
414.179	26.638	-385.000
415.179	26.638	-385.000
416.179	26.639	-385.000
417.179	26.639	-385.000
418.179	26.638	-385.000
419.179	26.639	-385.000
420.179	26.638	-386.000
421.179	26.639	-386.000
422.179	26.639	-386.000
423.179	26.639	-386.000
424.179	26.639	-386.000
425.179	26.638	-386.000
426.179	26.638	-386.000
427.179	26.638	-386.000
428.179	26.638	-386.000
429.179	26.638	-386.000
430.179	26.638	-386.000
431.179	26.638	-386.000
432.179	26.638	-386.000
433.179	26.638	-386.000
434.179	26.638	-386.000
435.179	26.638	-386.000
436.179	26.638	-386.000
437.179	26.638	-386.000
438.179	26.638	-386.000
439.179	26.638	-386.000
440.179	26.638	-386.000
441.179	26.638	-386.000
442.179	26.638	-386.000
443.179	26.638	-386.000
444.179	26.638	-386.000
445.179	26.638	-386.000
446.179	26.638	-386.000
447.179	26.638	-386.000
448.179	26.638	-386.000
449.179	26.638	-386.000
450.179	26.638	-386.000
451.179	26.638	-386.000
452.179	26.638	-386.000
453.179	26.638	-386.000
454.179	26.638	-386.000
455.179	26.638	-386.000
456.179	26.638	-386.000
457.179	26.638	-386.000
458.179	26.638	-386.000
459.179	26.638	-386.000
460.179	26.639	-386.000
461.179	26.638	-386.000
462.179	26.638	-386.000
463.179	26.638	-386.000
464.179	26.638	-386.000
465.179	26.638	-386.000
466.179	26.638	-386.000
467.179	26.638	-386.000
468.179	26.638	-386.000
469.179	26.638	-386.000
470.179	26.638	-386.000
471.179	26.638	-386.000
472.179	26.639	-386.000
473.179	26.639	-386.000
474.179	26.639	-386.000
475.179	26.638	-386.000
476.179	26.638	-386.000
477.179	26.638	-386.000
478.179	26.638	-386.000
479.179	26.638	-386.000
480.179	26.638	-387.000
481.179	26.638	-386.000
482.179	26.638	-387.000
483.179	26.638	-387.000
484.179	26.638	-387.000
485.179	26.638	-387.000
486.179	26.638	-387.000
487.179	26.638	-387.000
488.179	26.638	-387.000
489.179	26.638	-387.000
490.179	26.638	-387.000
491.179	26.638	-387.000
492.179	26.638	-387.000
493.179	26.639	-387.000
494.179	26.639	-387.000
495.179	26.639	-387.000
496.179	26.639	-387.000
497.179	26.639	-387.000
498.179	26.639	-387.000
499.179	26.639	-387.000
500.179	26.639	-387.000
501.179	26.638	-387.000
502.179	26.638	-387.000
503.179	26.638	-387.000
504.179	26.639	-387.000
505.179	26.639	-387.000
506.179	26.638	-387.000
507.179	26.638	-387.000
508.179	26.639	-387.000
509.179	26.639	-387.000
510.179	26.639	-387.000
511.179	26.639	-387.000
512.179	26.639	-387.000
513.179	26.639	-387.000
514.179	26.638	-387.000
515.179	26.638	-387.000
516.179	26.638	-387.000
517.179	26.638	-387.000
518.179	26.638	-387.000
519.179	26.638	-387.000
520.179	26.639	-387.000
521.179	26.639	-387.000
522.179	26.639	-387.000
523.179	26.639	-387.000
524.179	26.639	-387.000
525.179	26.639	-387.000
526.179	26.639	-387.000
527.179	26.639	-387.000
528.179	26.639	-387.000
529.179	26.639	-387.000
530.179	26.639	-387.000
531.179	26.639	-387.000
532.179	26.639	-387.000
533.179	26.639	-387.000
534.179	26.639	-387.000
535.179	26.639	-387.000
536.179	26.639	-387.000
537.179	26.639	-387.000
538.179	26.639	-387.000
539.179	26.639	-387.000
540.179	26.639	-387.000
541.179	26.639	-387.000
542.179	26.639	-387.000
543.179	26.639	-387.000
544.179	26.639	-387.000
545.179	26.639	-387.000
546.179	26.639	-387.000
547.179	26.639	-387.000
548.179	26.639	-387.000
549.179	26.639	-387.000
550.179	26.639	-387.000
551.179	26.639	-387.000
552.179	26.639	-387.000
553.179	26.639	-387.000
554.179	26.639	-387.000
555.179	26.639	-387.000
556.179	26.639	-387.000
557.179	26.639	-387.000
558.179	26.639	-387.000
559.179	26.639	-387.000
560.179	26.639	-387.000
561.179	26.639	-387.000
562.179	26.639	-387.000
563.179	26.639	-387.000
564.179	26.639	-387.000
565.179	26.639	-387.000
566.179	26.639	-387.000
567.179	26.639	-387.000
568.179	26.639	-387.000
569.179	26.640	-387.000
570.179	26.639	-387.000
571.179	26.639	-387.000
572.179	26.639	-388.000
573.179	26.639	-387.000
574.179	26.639	-388.000
575.179	26.639	-388.000
576.179	26.639	-388.000
577.179	26.639	-388.000
578.179	26.639	-388.000
579.179	26.640	-388.000
580.179	26.640	-388.000
581.179	26.640	-388.000
582.179	26.639	-388.000
583.179	26.639	-388.000
584.179	26.639	-388.000
585.179	26.639	-388.000
586.179	26.639	-388.000
587.179	26.639	-388.000
588.179	26.638	-388.000
589.179	26.638	-388.000
590.179	26.639	-388.000
591.179	26.639	-388.000
592.179	26.639	-388.000
593.179	26.639	-388.000
594.179	26.638	-388.000
595.179	26.638	-388.000
596.179	26.638	-388.000
597.179	26.638	-388.000
598.179	26.638	-388.000
599.179	26.638	-388.000
600.179	26.638	-388.000
601.179	26.638	-388.000
602.179	26.638	-388.000
603.179	26.638	-388.000
604.179	26.639	-388.000
605.179	26.639	-388.000
606.179	26.639	-388.000
607.179	26.639	-388.000
608.179	26.639	-388.000
609.179	26.638	-388.000
610.179	26.638	-388.000
611.179	26.638	-388.000
612.179	26.638	-388.000
613.179	26.638	-388.000
614.179	26.638	-388.000
615.179	26.638	-388.000
616.179	26.638	-388.000
617.179	26.638	-388.000
618.179	26.638	-388.000
619.179	26.638	-388.000
620.179	26.639	-388.000
621.179	26.638	-388.000
622.179	26.638	-388.000
623.179	26.638	-388.000
624.179	26.638	-388.000
625.179	26.638	-388.000
626.179	26.638	-388.000
627.179	26.638	-388.000
628.179	26.638	-388.000
629.179	26.638	-388.000
630.179	26.638	-388.000
631.179	26.638	-388.000
632.179	26.638	-388.000
633.179	26.638	-388.000
634.179	26.638	-388.000
635.179	26.638	-388.000
636.179	26.638	-388.000
637.179	26.639	-388.000
638.179	26.639	-388.000
639.179	26.638	-388.000
640.179	26.638	-388.000
641.179	26.638	-388.000
642.179	26.638	-388.000
643.179	26.638	-388.000
644.179	26.638	-388.000
645.179	26.638	-388.000
646.179	26.638	-388.000
647.179	26.639	-388.000
648.179	26.638	-388.000
649.179	26.638	-388.000
650.179	26.638	-388.000
651.179	26.638	-388.000
652.179	26.638	-388.000
653.179	26.638	-388.000
654.179	26.638	-388.000
655.179	26.638	-388.000
656.179	26.638	-388.000
657.179	26.638	-388.000
658.179	26.638	-388.000
659.179	26.638	-388.000
660.179	26.638	-388.000
661.179	26.638	-388.000
662.179	26.638	-388.000
663.179	26.638	-388.000
664.179	26.638	-388.000
665.179	26.638	-388.000
666.179	26.639	-388.000
667.179	26.639	-388.000
668.179	26.639	-388.000
669.179	26.639	-388.000
670.179	26.638	-388.000
671.179	26.638	-388.000
672.179	26.638	-388.000
673.179	26.638	-388.000
674.179	26.638	-388.000
675.179	26.638	-388.000
676.179	26.638	-388.000
677.179	26.638	-388.000
678.179	26.638	-388.000
679.179	26.638	-388.000
680.179	26.638	-388.000
681.179	26.638	-389.000
682.179	26.639	-388.000
683.179	26.639	-388.000
684.179	26.639	-388.000
685.179	26.639	-388.000
686.179	26.639	-388.000
687.179	26.638	-388.000
688.179	26.638	-388.000
689.179	26.638	-388.000
690.179	26.638	-388.000
691.179	26.638	-389.000
692.179	26.639	-388.000
693.179	26.639	-389.000
694.179	26.639	-389.000
695.179	26.639	-389.000
696.179	26.639	-388.000
697.179	26.639	-388.000
698.179	26.638	-388.000
699.179	26.638	-388.000
700.179	26.638	-388.000
701.179	26.638	-388.000
702.179	26.638	-388.000
703.179	26.639	-389.000
704.179	26.638	-389.000
705.179	26.638	-389.000
706.179	26.638	-389.000
707.179	26.638	-389.000
708.179	26.639	-389.000
709.179	26.638	-389.000
710.179	26.638	-389.000
711.179	26.638	-389.000
712.179	26.638	-389.000
713.179	26.639	-389.000
714.179	26.639	-389.000
715.179	26.639	-389.000
716.179	26.639	-389.000
717.179	26.639	-389.000
718.179	26.639	-389.000
719.179	26.639	-389.000
720.179	26.639	-389.000
721.179	26.639	-389.000
722.179	26.639	-389.000
723.179	26.639	-389.000
724.179	26.639	-389.000
725.179	26.639	-389.000
726.179	26.639	-389.000
727.179	26.639	-389.000
728.179	26.640	-389.000
729.179	26.640	-389.000
730.179	26.640	-389.000
731.179	26.640	-389.000
732.179	26.640	-389.000
733.179	26.639	-389.000
734.179	26.640	-389.000
735.179	26.639	-389.000
736.179	26.639	-389.000
737.179	26.640	-389.000
738.179	26.640	-389.000
739.179	26.640	-389.000
740.179	26.640	-389.000
741.179	26.640	-389.000
742.179	26.640	-389.000
743.179	26.639	-389.000
744.179	26.640	-389.000
745.179	26.640	-389.000
746.179	26.640	-389.000
747.179	26.640	-389.000
748.179	26.639	-389.000
749.179	26.639	-389.000
750.179	26.639	-389.000
751.179	26.639	-389.000
752.179	26.639	-389.000
753.179	26.639	-389.000
754.179	26.639	-389.000
755.179	26.640	-389.000
756.179	26.640	-389.000
757.179	26.640	-389.000
758.179	26.640	-389.000
759.179	26.640	-389.000
760.179	26.640	-389.000
761.179	26.640	-389.000
762.179	26.640	-389.000
763.179	26.640	-389.000
764.179	26.640	-389.000
765.179	26.640	-389.000
766.179	26.640	-389.000
767.179	26.640	-389.000
768.179	26.640	-389.000
769.179	26.640	-389.000
770.179	26.640	-389.000
771.179	26.640	-389.000
772.179	26.640	-389.000
773.179	26.640	-389.000
774.179	26.640	-389.000
775.179	26.641	-389.000
776.179	26.641	-389.000
777.179	26.641	-389.000
778.179	26.641	-389.000
779.179	26.641	-389.000
780.179	26.641	-389.000
781.179	26.641	-389.000
782.179	26.640	-389.000
783.179	26.640	-389.000
784.179	26.640	-389.000
