0.594	-0.001	-0.000
1.594	-0.001	0.000
2.594	-0.001	-0.000
3.594	-0.001	-0.000
4.594	-0.001	-0.000
5.594	-0.001	-0.000
6.594	-0.001	0.000
7.594	-0.001	-0.000
8.594	-0.001	-0.001
9.594	-0.001	-0.000
10.594	-0.001	0.000
11.594	-0.001	-0.001
12.594	-0.001	-0.002
13.594	-0.001	-0.000
14.594	-0.001	-0.002
15.594	-0.001	-0.000
16.594	-0.001	0.000
17.594	-0.001	-0.001
18.594	-0.001	-0.000
19.594	-0.001	-0.000
20.594	-0.001	0.000
21.594	-0.001	-0.000
22.594	-0.001	0.000
23.594	-0.001	-0.001
24.594	-0.001	-0.000
25.594	-0.001	-0.001
26.594	-0.001	-0.000
27.594	-0.001	0.000
28.594	-0.001	-0.000
29.594	-0.001	-0.000
30.594	-0.001	-0.000
31.594	-0.001	-0.000
32.594	-0.001	-0.000
33.594	-0.001	0.000
34.594	-0.001	0.000
35.594	-0.001	-0.001
36.594	-0.001	-0.000
37.594	-0.001	-0.000
38.594	-0.001	0.000
39.594	-0.001	-0.000
40.594	-0.001	0.000
41.594	-0.001	-0.000
42.594	-0.001	-0.000
43.594	-0.001	-0.000
44.594	-0.001	0.000
45.594	-0.001	0.000
46.594	-0.001	-0.000
47.594	-0.001	-0.000
48.594	-0.001	-0.000
49.594	-0.001	-0.000
50.594	-0.001	-0.000
51.594	-0.001	-0.000
52.594	-0.001	-0.000
53.594	-0.002	0.000
54.594	-0.002	-0.001
55.594	-0.001	-0.000
56.594	-0.001	-0.000
57.594	-0.001	-0.000
58.594	-0.001	-0.000
59.594	-0.001	-0.000
60.594	-0.001	-0.000
61.594	-0.001	-0.000
62.594	-0.001	0.000
63.594	-0.001	0.000
64.594	-0.001	-0.000
65.594	-0.001	-0.000
66.594	-0.001	-0.001
67.594	-0.001	-0.000
68.594	-0.001	-0.001
69.594	-0.001	-0.000
70.594	-0.002	-0.000
71.594	-0.001	-0.000
72.594	-0.001	-0.002
73.594	-0.001	-0.000
74.594	-0.002	-0.000
75.594	-0.001	-0.000
76.594	-0.001	-0.000
77.594	-0.002	-0.000
78.594	-0.001	0.000
79.594	-0.001	-0.000
80.594	-0.001	0.000
81.594	-0.001	-0.002
82.594	-0.001	-0.000
83.594	-0.001	-0.000
84.594	-0.001	-0.000
85.594	-0.001	-0.000
86.594	-0.001	-0.000
87.594	-0.001	-0.000
88.594	-0.001	-0.000
89.594	-0.001	-0.000
90.594	-0.001	-0.000
91.594	-0.001	-0.000
92.594	-0.001	0.000
93.594	-0.001	-0.000
94.594	-0.001	-0.000
95.594	-0.001	-0.000
96.594	-0.001	-0.000
97.594	-0.001	-0.001
98.594	-0.001	-0.000
99.594	-0.001	0.000
100.594	-0.001	0.000
101.594	-0.001	-0.000
102.594	-0.001	0.000
103.594	-0.001	0.000
104.594	-0.001	-0.000
105.594	-0.001	-0.000
106.594	-0.001	-0.000
107.594	-0.001	-0.001
108.594	-0.001	0.000
109.594	-0.001	-0.000
110.594	-0.001	0.000
111.594	-0.001	-0.001
112.594	-0.001	-0.001
113.594	-0.001	0.000
114.594	-0.001	-0.000
115.594	-0.001	-0.000
116.594	-0.001	-0.000
117.594	-0.001	-0.000
118.594	-0.001	0.000
119.594	-0.001	0.000
120.594	-0.001	0.000
121.594	-0.001	-0.000
122.594	-0.001	-0.000
123.594	-0.001	-0.000
124.594	-0.001	-0.000
125.594	-0.001	-0.000
126.594	-0.001	-0.000
127.594	-0.001	-0.000
128.594	-0.001	0.000
129.594	-0.001	-0.000
130.594	-0.001	-0.000
131.594	-0.001	-0.000
132.594	-0.001	-0.002
133.594	-0.001	-0.000
134.594	-0.001	-0.000
135.594	-0.001	-0.000
136.594	-0.001	0.000
137.594	-0.001	-0.001
138.594	-0.001	0.000
139.594	-0.001	-0.000
140.594	-0.001	0.000
141.594	-0.001	-0.000
142.594	-0.001	-0.001
143.594	-0.001	-0.000
144.594	-0.001	-0.000
145.594	-0.001	-0.000
146.594	-0.001	-0.001
147.594	-0.001	0.000
148.594	-0.001	0.000
149.594	-0.001	-0.000
150.594	-0.001	-0.002
151.594	-0.001	-0.001
152.594	-0.001	-0.000
153.594	-0.001	-0.000
154.594	-0.001	-0.000
155.594	-0.001	-0.000
156.594	-0.001	0.000
157.594	-0.001	-0.001
158.594	-0.001	-0.000
159.594	-0.001	-0.000
160.594	-0.001	-0.001
161.594	-0.001	-0.000
162.594	-0.001	0.000
163.594	-0.001	-0.000
164.594	-0.001	-0.000
165.594	-0.001	0.000
166.594	-0.001	-0.000
167.594	-0.001	-0.001
168.594	-0.001	-0.000
169.594	-0.001	-0.001
170.594	-0.001	0.000
171.594	-0.001	-0.000
172.594	-0.001	0.000
173.594	-0.001	-0.000
174.594	-0.001	-0.000
175.594	-0.001	-0.000
176.594	-0.001	0.000
177.594	-0.001	-0.000
178.594	-0.001	-0.000
179.594	-0.001	-0.000
180.594	-0.001	-0.000
181.594	-0.001	0.000
182.594	-0.001	0.000
183.594	-0.001	-0.000
184.594	-0.001	0.000
185.594	-0.001	-0.000
186.594	-0.001	-0.000
187.594	-0.001	-0.000
188.594	-0.001	-0.000
189.594	-0.001	-0.000
190.594	-0.001	-0.001
191.594	-0.001	-0.000
192.594	-0.001	-0.002
193.594	-0.001	-0.000
194.594	-0.001	0.000
195.594	-0.001	0.000
196.594	-0.001	0.000
197.594	-0.000	-0.000
198.594	-0.000	-0.000
199.594	-0.000	-0.000
200.594	-0.000	-0.000
201.594	0.000	-0.000
202.594	0.000	-0.001
203.594	0.000	-0.000
204.594	0.001	-0.000
205.594	0.001	-0.000
206.594	0.001	-0.000
207.594	0.001	0.000
208.594	0.001	-0.002
209.594	0.001	-0.005
210.594	0.001	-0.000
211.594	0.001	-0.000
212.594	0.001	-0.001
213.594	0.001	0.000
214.594	0.001	-0.002
215.594	0.002	-0.000
216.594	0.002	-0.000
217.594	0.002	-0.001
218.594	0.002	-0.000
219.594	0.002	-0.000
220.594	0.002	-0.002
221.594	0.002	0.000
222.594	0.002	-0.001
223.594	0.002	-0.000
224.594	0.002	-0.000
225.594	0.002	-0.000
226.594	0.002	-0.000
227.594	0.003	-0.000
228.594	0.003	0.000
229.594	0.003	-0.000
230.594	0.003	-0.000
231.594	0.003	0.000
232.594	0.003	-0.000
233.594	0.003	-0.000
234.594	0.003	0.000
235.594	0.003	-0.000
236.594	0.003	0.000
237.594	0.003	-0.000
238.594	0.003	-0.000
239.594	0.003	0.000
240.594	0.003	-0.001
241.594	0.003	-0.000
242.594	0.003	-0.001
243.594	0.003	0.000
244.594	0.003	-0.001
245.594	0.003	-0.000
246.594	0.003	0.000
247.594	0.003	-0.001
248.594	0.003	0.000
249.594	0.003	0.000
250.594	0.003	0.001
251.594	0.003	-0.000
252.594	0.003	-0.000
253.594	0.003	-0.000
254.594	0.003	-0.000
255.594	0.003	-0.000
256.594	0.003	-0.000
257.594	0.003	-0.000
258.594	0.003	-0.000
259.594	0.003	-0.000
260.594	0.003	0.000
261.594	0.003	-0.000
262.594	0.003	-0.001
263.594	0.003	-0.001
264.594	0.003	-0.001
265.594	0.003	-0.001
266.594	0.003	-0.000
267.594	0.003	-0.000
268.594	0.003	0.000
269.594	0.003	-0.001
270.594	0.003	0.000
271.594	0.003	-0.000
272.594	0.003	-0.000
273.594	0.003	-0.000
274.594	0.003	-0.000
275.594	0.003	-0.000
276.594	0.003	-0.002
277.594	0.002	-0.000
278.594	0.002	-0.000
279.594	0.002	-0.000
280.594	0.002	-0.000
281.594	0.002	0.000
282.594	0.002	0.000
283.594	0.002	0.001
284.594	0.002	0.000
285.594	0.002	-0.000
286.594	0.002	0.000
287.594	0.002	-0.001
288.594	0.002	-0.000
289.594	0.002	-0.000
290.594	0.002	-0.000
291.594	0.001	0.000
292.594	0.002	-0.000
293.594	0.002	0.000
294.594	0.002	0.000
295.594	0.001	-0.000
296.594	0.001	-0.000
297.594	0.001	0.000
298.594	0.002	-0.000
299.594	0.001	0.000
300.594	0.002	0.000
301.594	0.001	-0.001
302.594	0.002	-0.001
303.594	0.002	-0.000
304.594	0.001	-0.000
305.594	0.002	-0.000
306.594	0.002	-0.000
307.594	0.001	-0.000
308.594	0.001	-0.000
309.594	0.001	-0.000
310.594	0.001	-0.000
311.594	0.001	-0.000
312.594	0.001	-0.000
313.594	0.001	0.000
314.594	0.001	0.000
315.594	0.001	-0.000
316.594	0.001	-0.000
317.594	0.001	-0.000
318.594	0.001	-0.000
319.594	0.001	-0.000
320.594	0.001	-0.000
321.594	0.001	-0.000
322.594	0.001	-0.000
323.594	0.001	-0.000
324.594	0.001	0.000
325.594	0.001	-0.000
326.594	0.001	-0.000
327.594	0.001	-0.001
328.594	0.001	-0.000
329.594	0.001	-0.000
330.594	0.001	-0.000
331.594	0.001	-0.000
332.594	0.001	-0.000
333.594	0.001	0.000
334.594	0.001	-0.000
335.594	0.001	-0.002
336.594	0.001	0.000
337.594	0.001	-0.000
338.594	0.001	-0.000
339.594	0.001	-0.000
340.594	0.001	-0.000
341.594	0.001	-0.001
342.594	0.001	-0.001
343.594	0.001	0.000
344.594	0.001	0.000
345.594	0.001	-0.000
346.594	0.001	-0.000
347.594	0.001	-0.002
348.594	0.001	-0.000
349.594	0.001	-0.000
350.594	0.001	-0.000
351.594	0.001	-0.000
352.594	0.001	-0.001
353.594	0.001	-0.002
354.594	0.001	-0.000
355.594	0.001	-0.000
356.594	0.001	0.000
357.594	0.001	0.000
358.594	0.000	-0.002
359.594	0.001	0.000
360.594	0.001	-0.000
361.594	0.001	-0.000
362.594	0.001	-0.000
363.594	0.001	0.000
364.594	0.001	-0.000
365.594	0.001	-0.000
366.594	0.001	-0.000
367.594	0.001	-0.000
368.594	0.001	-0.000
369.594	0.001	0.000
370.594	0.001	0.000
371.594	0.001	-0.001
372.594	0.001	0.000
373.594	0.001	0.000
374.594	0.001	0.000
375.594	0.001	-0.000
376.594	0.001	0.000
377.594	0.001	-0.000
378.594	0.001	-0.000
379.594	0.001	-0.000
380.594	0.000	-0.001
381.594	0.000	-0.000
382.594	0.000	-0.000
383.594	0.000	-0.000
384.594	0.000	-0.000
385.594	0.000	0.000
386.594	0.000	-0.000
387.594	0.000	-0.000
388.594	0.000	-0.000
389.594	0.000	-0.000
390.594	0.000	-0.000
391.594	0.000	0.000
392.594	0.000	0.000
393.594	0.000	-0.000
394.594	0.000	-0.001
395.594	0.000	-0.000
396.594	-0.000	-0.001
397.594	-0.000	0.000
398.594	-0.000	-0.000
399.594	-0.000	-0.000
400.594	-0.000	0.000
401.594	-0.000	-0.000
402.594	0.000	-0.002
403.594	0.000	-0.000
404.594	0.000	0.000
405.594	0.000	-0.000
406.594	0.000	0.000
407.594	0.000	-0.000
408.594	0.000	-0.002
409.594	0.000	0.000
410.594	0.000	-0.000
411.594	0.000	-0.000
412.594	0.000	0.000
413.594	0.000	-0.000
414.594	0.000	-0.001
415.594	0.000	-0.000
416.594	0.000	0.000
417.594	0.000	-0.000
418.594	0.042	-0.000
419.594	1.446	-0.002
420.594	2.532	-0.000
421.594	3.608	-0.000
422.594	6.962	0.000
423.594	11.109	-0.000
424.594	15.082	-0.000
425.594	17.913	-0.000
426.594	19.886	-0.001
427.594	21.362	-0.000
428.594	23.444	-0.000
429.594	25.962	-0.000
430.594	27.195	-0.000
431.594	27.438	-0.000
432.594	28.556	-0.000
433.594	29.085	0.000
434.594	30.569	-0.001
435.594	32.142	0.000
436.594	32.956	-0.001
437.594	33.830	-0.000
438.594	35.661	-0.001
439.594	36.598	0.000
440.594	38.398	-0.000
441.594	39.595	-0.000
442.594	40.555	-0.001
443.594	41.710	-0.000
444.594	43.268	-0.000
445.594	45.049	-0.000
446.594	46.330	-0.000
447.594	47.644	-0.001
448.594	49.362	-0.002
449.594	50.423	-0.001
450.594	50.401	-0.000
451.594	50.328	-0.000
452.594	50.325	-0.000
453.594	50.322	-0.001
454.594	50.319	-0.000
455.594	50.316	-0.000
456.594	50.313	-0.000
457.594	50.310	-0.000
458.594	50.307	-0.000
459.594	50.304	-0.000
460.594	50.301	-0.002
461.594	50.298	-0.000
462.594	50.295	0.000
463.594	50.293	-0.000
464.594	50.290	0.000
465.594	50.287	0.000
466.594	50.284	0.002
467.594	50.281	-0.001
468.594	50.279	0.014
469.594	50.276	0.056
470.594	50.273	-0.021
471.594	50.271	-0.279
472.594	50.268	-0.470
473.594	50.265	-0.870
474.594	50.262	-1.082
475.594	50.260	-1.026
476.594	50.257	-0.796
477.594	50.255	-0.543
478.594	50.252	0.645
479.594	50.249	0.565
480.594	50.247	0.643
481.594	50.244	1.691
482.594	50.242	2.656
483.594	50.239	3.149
484.594	50.237	1.840
485.594	50.234	-6.476
486.594	50.232	-21.460
487.594	50.230	-37.810
488.594	50.227	-38.610
489.594	50.225	-38.600
490.594	50.222	-38.600
491.594	50.220	-38.600
492.594	50.217	-38.600
493.594	50.215	-38.600
494.594	50.213	-38.620
495.594	50.210	-38.620
496.594	50.208	-38.620
497.594	50.206	-38.620
498.594	50.204	-38.610
499.594	50.201	-38.610
500.594	50.199	-38.720
501.594	50.197	-38.940
502.594	50.195	-38.970
503.594	50.193	-38.900
504.594	50.191	-38.880
505.594	50.189	-38.830
506.594	50.187	-38.810
507.594	50.184	-38.790
508.594	50.182	-38.770
509.594	50.180	-38.770
510.594	50.178	-38.910
511.594	50.176	-38.950
512.594	50.174	-38.940
513.594	50.172	-38.930
514.594	50.169	-38.930
515.594	50.167	-38.920
516.594	50.165	-38.920
517.594	50.163	-38.920
518.594	50.161	-38.920
519.594	50.159	-38.910
520.594	50.157	-38.910
521.594	50.155	-38.910
522.594	50.153	-38.910
523.594	50.151	-38.910
524.594	50.149	-38.900
525.594	50.147	-38.900
526.594	50.145	-38.900
527.594	50.143	-38.900
528.594	50.141	-38.900
529.594	50.139	-38.900
530.594	50.137	-38.890
531.594	50.135	-38.890
532.594	50.133	-38.890
533.594	50.132	-38.890
534.594	50.130	-38.890
535.594	50.128	-38.890
536.594	50.126	-38.890
537.594	50.124	-38.880
538.594	50.122	-38.880
539.594	50.120	-38.880
540.594	50.118	-38.880
541.594	50.116	-38.880
542.594	50.114	-38.880
543.594	50.112	-38.870
544.594	50.111	-38.870
545.594	50.109	-38.870
546.594	50.107	-38.870
547.594	50.105	-38.870
548.594	50.103	-38.870
549.594	50.101	-38.870
550.594	50.099	-38.860
551.594	50.098	-38.860
552.594	50.096	-38.860
553.594	50.094	-38.860
554.594	50.092	-38.860
555.594	50.091	-38.860
556.594	50.089	-38.860
557.594	50.087	-38.850
558.594	50.085	-38.850
559.594	50.083	-38.850
560.594	50.081	-38.850
561.594	50.080	-38.850
562.594	50.078	-38.850
563.594	50.076	-38.850
564.594	50.074	-38.840
565.594	50.072	-38.840
566.594	50.070	-38.840
567.594	50.069	-38.840
568.594	50.067	-38.840
569.594	50.066	-38.840
570.594	50.064	-38.840
571.594	50.062	-38.830
572.594	50.061	-38.830
573.594	50.059	-38.830
574.594	50.057	-38.830
575.594	50.056	-38.830
576.594	50.054	-38.830
577.594	50.052	-38.830
578.594	50.051	-38.820
579.594	50.049	-38.820
580.594	50.048	-38.820
581.594	50.046	-38.820
582.594	50.045	-38.820
583.594	50.043	-38.820
584.594	50.041	-38.820
585.594	50.040	-38.810
586.594	50.038	-38.810
587.594	50.037	-38.810
588.594	50.035	-38.810
589.594	50.033	-38.810
590.594	50.032	-38.810
591.594	50.030	-38.810
592.594	50.029	-38.800
593.594	50.027	-38.810
594.594	50.026	-38.800
595.594	50.024	-38.800
596.594	50.023	-38.800
597.594	50.021	-38.800
598.594	50.019	-38.800
599.594	50.018	-38.800
600.594	50.017	-38.800
601.594	50.015	-38.790
602.594	50.014	-38.790
603.594	50.012	-38.790
604.594	50.011	-38.790
605.594	50.009	-38.790
606.594	50.008	-38.790
607.594	50.006	-38.790
608.594	50.005	-38.790
609.594	50.003	-38.780
610.594	50.002	-38.780
611.594	50.001	-38.780
612.594	49.999	-38.780
613.594	49.998	-38.780
614.594	49.996	-38.780
615.594	49.995	-38.780
616.594	49.993	-38.780
617.594	49.992	-38.780
618.594	49.991	-38.770
619.594	49.989	-38.770
620.594	49.988	-38.770
621.594	49.986	-38.770
622.594	49.985	-38.770
623.594	49.984	-38.770
624.594	49.982	-38.770
625.594	49.981	-38.770
626.594	49.979	-38.770
627.594	49.978	-38.760
628.594	49.977	-38.760
629.594	49.975	-38.760
630.594	49.974	-38.760
631.594	49.973	-38.760
632.594	49.971	-38.760
633.594	49.970	-38.760
634.594	49.969	-38.760
635.594	49.967	-38.760
636.594	49.966	-38.750
637.594	49.964	-38.750
638.594	49.963	-38.750
639.594	49.962	-38.750
640.594	49.961	-38.750
641.594	49.959	-38.750
642.594	49.958	-38.750
643.594	49.957	-38.750
644.594	49.955	-38.740
645.594	49.954	-38.740
646.594	49.953	-38.740
647.594	49.951	-38.740
648.594	49.950	-38.740
649.594	49.949	-38.740
650.594	49.947	-38.740
651.594	49.946	-38.740
652.594	49.944	-38.740
653.594	49.943	-38.740
654.594	49.942	-38.730
655.594	49.940	-38.730
656.594	49.939	-38.730
657.594	49.938	-38.730
658.594	49.936	-38.730
659.594	49.935	-38.730
660.594	49.934	-38.730
661.594	49.932	-38.730
662.594	49.931	-38.720
663.594	49.930	-38.730
664.594	49.929	-38.720
665.594	49.927	-38.720
666.594	49.926	-38.720
667.594	49.925	-38.720
668.594	49.923	-38.720
669.594	49.922	-38.720
670.594	49.921	-38.720
671.594	49.920	-38.720
672.594	49.919	-38.720
673.594	49.917	-38.710
674.594	49.916	-38.710
675.594	49.915	-38.710
676.594	49.913	-38.710
677.594	49.912	-38.710
678.594	49.911	-38.710
679.594	49.910	-38.710
680.594	49.909	-38.710
681.594	49.907	-38.710
682.594	49.906	-38.710
683.594	49.905	-38.700
684.594	49.904	-38.700
685.594	49.903	-38.700
686.594	49.902	-38.700
687.594	49.900	-38.700
688.594	49.899	-38.700
689.594	49.898	-38.700
690.594	49.897	-38.700
691.594	49.896	-38.700
692.594	49.894	-38.700
693.594	49.893	-38.690
694.594	49.892	-38.690
695.594	49.891	-38.690
696.594	49.890	-38.690
697.594	49.889	-38.690
698.594	49.888	-38.690
699.594	49.887	-38.690
700.594	49.886	-38.690
701.594	49.884	-38.690
702.594	49.883	-38.690
703.594	49.882	-38.690
704.594	49.881	-38.690
705.594	49.880	-38.680
706.594	49.879	-38.680
707.594	49.878	-38.680
708.594	49.877	-38.680
709.594	49.876	-38.680
710.594	49.875	-38.680
711.594	49.874	-38.680
712.594	49.873	-38.680
713.594	49.872	-38.680
714.594	49.871	-38.680
715.594	49.870	-38.670
716.594	49.869	-38.670
717.594	49.868	-38.670
718.594	49.867	-38.670
719.594	49.866	-38.670
720.594	49.865	-38.670
721.594	49.864	-38.670
722.594	49.862	-38.670
723.594	49.861	-38.670
724.594	49.860	-38.670
725.594	49.859	-38.670
726.594	49.858	-38.660
727.594	49.857	-38.670
728.594	49.857	-38.660
729.594	49.856	-38.660
730.594	49.854	-38.660
731.594	49.854	-38.660
732.594	49.853	-38.660
733.594	49.851	-38.660
734.594	49.851	-38.660
735.594	49.849	-38.660
736.594	49.849	-38.660
737.594	49.847	-38.650
738.594	49.846	-38.650
739.594	49.846	-38.650
740.594	49.845	-38.650
741.594	49.844	-38.650
742.594	49.843	-38.650
743.594	49.842	-38.650
744.594	49.841	-38.650
745.594	49.840	-38.650
746.594	49.839	-38.650
747.594	49.838	-38.650
748.594	49.837	-38.650
749.594	49.836	-38.650
750.594	49.835	-38.640
751.594	49.834	-38.640
752.594	49.833	-38.640
753.594	49.832	-38.640
754.594	49.831	-38.640
755.594	49.830	-38.640
756.594	49.829	-38.640
757.594	49.829	-38.640
758.594	49.828	-38.640
759.594	49.827	-38.640
760.594	49.826	-38.640
761.594	49.825	-38.640
762.594	49.824	-38.640
763.594	49.823	-38.630
764.594	49.822	-38.630
765.594	49.821	-38.630
766.594	49.821	-38.630
767.594	49.820	-38.630
768.594	49.819	-38.630
769.594	49.818	-38.630
770.594	49.817	-38.630
771.594	49.816	-38.630
772.594	49.815	-38.630
773.594	49.814	-38.630
774.594	49.813	-38.630
775.594	49.812	-38.630
776.594	49.811	-38.620
777.594	49.810	-38.620
778.594	49.809	-38.620
779.594	49.809	-38.620
780.594	49.808	-38.620
781.594	49.807	-38.620
782.594	49.806	-38.620
783.594	49.805	-38.620
784.594	49.805	-38.620
785.594	49.804	-38.620
786.594	49.803	-38.620
787.594	49.802	-38.620
788.594	49.801	-38.620
789.594	49.801	-38.610
790.594	49.800	-38.620
791.594	49.799	-38.610
792.594	49.798	-38.610
793.594	49.797	-38.610
794.594	49.797	-38.610
795.594	49.796	-38.610
796.594	49.795	-38.610
797.594	49.794	-38.610
798.594	49.793	-38.610
799.594	49.793	-38.610
800.594	49.792	-38.610
801.594	49.791	-38.610
802.594	49.790	-38.610
803.594	49.789	-38.610
804.594	49.789	-38.610
805.594	49.788	-38.610
806.594	49.787	-38.600
807.594	49.786	-38.600
808.594	49.785	-38.600
809.594	49.784	-38.600
810.594	49.784	-38.600
811.594	49.783	-38.600
812.594	49.782	-38.600
813.594	49.781	-38.600
814.594	49.781	-38.600
815.594	49.780	-38.600
816.594	49.779	-38.600
817.594	49.778	-38.600
818.594	49.778	-38.600
819.594	49.777	-38.600
820.594	49.776	-38.600
821.594	49.775	-38.590
822.594	49.775	-38.590
823.594	49.774	-38.590
824.594	49.773	-38.590
825.594	49.772	-38.590
826.594	49.772	-38.590
827.594	49.771	-38.590
828.594	49.770	-38.590
829.594	49.770	-38.590
830.594	49.769	-38.590
831.594	49.768	-38.590
832.594	49.767	-38.590
833.594	49.766	-38.590
834.594	49.766	-38.590
835.594	49.765	-38.590
836.594	49.764	-38.580
837.594	49.764	-38.580
838.594	49.763	-38.580
839.594	49.762	-38.580
840.594	49.761	-38.580
841.594	49.761	-38.580
842.594	49.760	-38.580
843.594	49.759	-38.580
844.594	49.759	-38.580
845.594	49.758	-38.580
846.594	49.757	-38.580
847.594	49.757	-38.580
848.594	49.756	-38.580
849.594	49.756	-38.580
850.594	49.755	-38.580
851.594	49.754	-38.580
852.594	49.753	-38.570
853.594	49.753	-38.570
854.594	49.752	-38.570
855.594	49.751	-38.570
856.594	49.750	-38.570
857.594	49.750	-38.570
858.594	49.749	-38.570
859.594	49.748	-38.570
860.594	49.748	-38.570
861.594	49.748	-38.570
862.594	49.747	-38.570
863.594	49.746	-38.570
864.594	49.745	-38.570
865.594	49.745	-38.570
866.594	49.744	-38.570
867.594	49.743	-38.570
868.594	49.743	-38.570
869.594	49.742	-38.570
870.594	49.742	-38.570
871.594	49.741	-38.560
872.594	49.740	-38.560
873.594	49.740	-38.560
874.594	49.739	-38.560
875.594	49.738	-38.560
876.594	49.738	-38.560
877.594	49.737	-38.560
878.594	49.736	-38.560
879.594	49.736	-38.560
880.594	49.735	-38.560
881.594	49.734	-38.560
882.594	49.734	-38.560
883.594	49.733	-38.560
884.594	49.733	-38.560
885.594	49.732	-38.560
886.594	49.731	-38.560
887.594	49.730	-38.560
888.594	49.730	-38.560
889.594	49.729	-38.550
890.594	49.729	-38.550
891.594	49.728	-38.550
892.594	49.728	-38.550
893.594	49.727	-38.550
894.594	49.726	-38.550
895.594	49.726	-38.550
896.594	49.725	-38.550
897.594	49.724	-38.550
898.594	49.724	-38.550
899.594	49.723	-38.550
900.594	49.723	-38.550
901.594	49.722	-38.550
902.594	49.722	-38.550
903.594	49.721	-38.550
904.594	49.720	-38.550
905.594	49.720	-38.550
906.594	49.719	-38.550
907.594	49.719	-38.550
908.594	49.718	-38.540
909.594	49.718	-38.550
910.594	49.717	-38.540
911.594	49.717	-38.540
912.594	49.716	-38.540
913.594	49.715	-38.540
914.594	49.715	-38.540
915.594	49.714	-38.540
916.594	49.713	-38.540
917.594	49.713	-38.540
918.594	49.712	-38.540
919.594	49.712	-38.540
920.594	49.711	-38.540
921.594	49.711	-38.540
922.594	49.710	-38.540
923.594	49.710	-38.540
924.594	49.709	-38.540
925.594	49.709	-38.540
926.594	49.709	-38.540
927.594	49.708	-38.540
928.594	49.708	-38.540
929.594	49.707	-38.540
930.594	49.707	-38.530
931.594	49.706	-38.530
932.594	49.706	-38.530
933.594	49.705	-38.530
934.594	49.704	-38.530
935.594	49.704	-38.530
936.594	49.703	-38.530
937.594	49.703	-38.530
938.594	49.702	-38.530
939.594	49.702	-38.530
940.594	49.702	-38.530
941.594	49.701	-38.530
942.594	49.701	-38.530
943.594	49.700	-38.530
944.594	49.699	-38.530
945.594	49.699	-38.530
946.594	49.699	-38.530
947.594	49.698	-38.530
948.594	49.698	-38.530
949.594	49.697	-38.530
950.594	49.697	-38.530
951.594	49.696	-38.530
952.594	49.696	-38.520
953.594	49.695	-38.520
954.594	49.695	-38.530
955.594	49.694	-38.520
956.594	49.694	-38.520
957.594	49.693	-38.520
958.594	49.693	-38.520
959.594	49.692	-38.520
960.594	49.692	-38.520
961.594	49.691	-38.520
962.594	49.691	-38.520
963.594	49.690	-38.520
964.594	49.690	-38.520
965.594	49.689	-38.520
966.594	49.689	-38.520
967.594	49.689	-38.520
968.594	49.688	-38.520
969.594	49.688	-38.520
970.594	49.687	-38.520
971.594	49.687	-38.520
972.594	49.686	-38.520
973.594	49.686	-38.520
974.594	49.685	-38.520
975.594	49.685	-38.520
976.594	49.684	-38.520
977.594	49.684	-38.520
978.594	49.683	-38.510
979.594	49.683	-38.510
980.594	49.682	-38.510
981.594	49.682	-38.510
982.594	49.681	-38.510
983.594	49.681	-38.510
984.594	49.681	-38.510
985.594	49.680	-38.510
986.594	49.680	-38.510
987.594	49.679	-38.510
988.594	49.679	-38.510
989.594	49.678	-38.510
990.594	49.678	-38.510
991.594	49.677	-38.510
992.594	49.677	-38.510
993.594	49.677	-38.510
994.594	49.676	-38.510
995.594	49.676	-38.510
996.594	49.675	-38.510
997.594	49.675	-38.510
998.594	49.675	-38.510
999.594	49.674	-38.510
1000.594	49.673	-38.510
1001.594	49.673	-38.500
1002.594	49.673	-38.500
1003.594	49.672	-38.500
1004.594	49.672	-38.500
1005.594	49.671	-38.500
1006.594	49.671	-38.500
1007.594	49.670	-38.500
1008.594	49.670	-38.500
1009.594	49.670	-38.500
1010.594	49.669	-38.500
1011.594	49.669	-38.500
1012.594	49.668	-38.500
1013.594	49.668	-38.500
1014.594	49.667	-38.500
1015.594	49.667	-38.500
1016.594	49.667	-38.500
1017.594	49.666	-38.500
1018.594	49.666	-38.500
1019.594	49.665	-38.500
1020.594	49.665	-38.500
1021.594	49.665	-38.500
1022.594	49.665	-38.500
1023.594	49.664	-38.500
1024.594	49.664	-38.500
1025.594	49.663	-38.500
1026.594	49.663	-38.500
1027.594	49.663	-38.500
1028.594	49.662	-38.500
1029.594	49.662	-38.500
1030.594	49.661	-38.490
1031.594	49.661	-38.490
1032.594	49.661	-38.490
1033.594	49.660	-38.490
1034.594	49.660	-38.490
1035.594	49.659	-38.490
1036.594	49.659	-38.490
1037.594	49.659	-38.490
1038.594	49.658	-38.490
1039.594	49.658	-38.490
1040.594	49.657	-38.490
1041.594	49.657	-38.490
1042.594	49.657	-38.490
1043.594	49.657	-38.490
1044.594	49.656	-38.490
1045.594	49.656	-38.490
1046.594	49.656	-38.490
1047.594	49.655	-38.490
1048.594	49.655	-38.490
1049.594	49.655	-38.490
1050.594	49.654	-38.490
1051.594	49.654	-38.490
1052.594	49.654	-38.490
1053.594	49.653	-38.490
1054.594	49.653	-38.490
1055.594	49.652	-38.490
1056.594	49.652	-38.490
1057.594	49.652	-38.490
1058.594	49.651	-38.490
1059.594	49.651	-38.490
1060.594	49.651	-38.490
1061.594	49.650	-38.480
1062.594	49.650	-38.480
1063.594	49.650	-38.480
1064.594	49.649	-38.480
1065.594	49.649	-38.480
1066.594	49.649	-38.480
1067.594	49.649	-38.480
1068.594	49.648	-38.480
1069.594	49.648	-38.480
1070.594	49.648	-38.480
1071.594	49.647	-38.480
1072.594	49.647	-38.480
1073.594	49.647	-38.480
1074.594	49.646	-38.480
1075.594	49.646	-38.480
1076.594	49.646	-38.480
1077.594	49.645	-38.480
1078.594	49.645	-38.480
1079.594	49.645	-38.480
1080.594	49.645	-38.480
1081.594	49.644	-38.480
1082.594	49.644	-38.480
1083.594	49.644	-38.480
1084.594	49.643	-38.480
1085.594	49.643	-38.480
1086.594	49.643	-38.480
1087.594	49.642	-38.480
1088.594	49.642	-38.480
1089.594	49.641	-38.480
1090.594	49.641	-38.480
1091.594	49.641	-38.480
1092.594	49.640	-38.480
1093.594	49.640	-38.480
1094.594	49.640	-38.480
1095.594	49.640	-38.480
1096.594	49.639	-38.480
1097.594	49.639	-38.480
1098.594	49.639	-38.470
1099.594	49.638	-38.480
1100.594	49.638	-38.470
1101.594	49.638	-38.470
1102.594	49.637	-38.470
1103.594	49.637	-38.470
1104.594	49.636	-38.470
1105.594	49.636	-38.470
1106.594	49.636	-38.470
1107.594	49.636	-38.470
1108.594	49.636	-38.470
1109.594	49.635	-38.470
1110.594	49.635	-38.470
1111.594	49.635	-38.470
1112.594	49.635	-38.470
1113.594	49.634	-38.470
1114.594	49.634	-38.470
1115.594	49.634	-38.470
1116.594	49.633	-38.470
1117.594	49.633	-38.470
1118.594	49.633	-38.470
1119.594	49.633	-38.470
1120.594	49.632	-38.470
1121.594	49.632	-38.470
1122.594	49.632	-38.470
1123.594	49.631	-38.470
1124.594	49.631	-38.470
1125.594	49.631	-38.470
1126.594	49.631	-38.470
1127.594	49.630	-38.470
1128.594	49.630	-38.470
1129.594	49.630	-38.470
1130.594	49.629	-38.470
1131.594	49.629	-38.470
1132.594	49.629	-38.470
1133.594	49.628	-38.470
1134.594	49.628	-38.460
1135.594	49.628	-38.460
1136.594	49.628	-38.460
1137.594	49.627	-38.460
1138.594	49.627	-38.470
1139.594	49.627	-38.460
1140.594	49.627	-38.460
1141.594	49.627	-38.460
1142.594	49.626	-38.460
1143.594	49.626	-38.460
1144.594	49.626	-38.460
1145.594	49.626	-38.460
1146.594	49.625	-38.460
1147.594	49.625	-38.460
1148.594	49.625	-38.460
1149.594	49.625	-38.460
1150.594	49.624	-38.460
1151.594	49.624	-38.460
1152.594	49.624	-38.460
1153.594	49.624	-38.460
1154.594	49.623	-38.460
1155.594	49.623	-38.460
1156.594	49.622	-38.460
1157.594	49.622	-38.460
1158.594	49.622	-38.460
1159.594	49.622	-38.460
1160.594	49.622	-38.460
1161.594	49.622	-38.460
1162.594	49.621	-38.460
1163.594	49.621	-38.460
1164.594	49.621	-38.460
1165.594	49.620	-38.460
1166.594	49.620	-38.460
1167.594	49.620	-38.460
1168.594	49.620	-38.460
1169.594	49.619	-38.460
1170.594	49.619	-38.460
1171.594	49.619	-38.460
1172.594	49.618	-38.460
1173.594	49.618	-38.460
1174.594	49.618	-38.460
1175.594	49.618	-38.460
1176.594	49.617	-38.460
1177.594	49.617	-38.450
1178.594	49.617	-38.450
1179.594	49.617	-38.450
1180.594	49.616	-38.450
1181.594	49.616	-38.450
1182.594	49.616	-38.450
1183.594	49.616	-38.450
1184.594	49.616	-38.450
1185.594	49.616	-38.450
1186.594	49.615	-38.450
1187.594	49.615	-38.450
1188.594	49.615	-38.450
1189.594	49.615	-38.450
1190.594	49.614	-38.450
1191.594	49.614	-38.450
1192.594	49.614	-38.450
1193.594	49.614	-38.450
1194.594	49.614	-38.450
1195.594	49.614	-38.450
1196.594	49.613	-38.450
1197.594	49.613	-38.450
1198.594	49.613	-38.450
1199.594	49.613	-38.450
1200.594	49.612	-38.450
1201.594	49.612	-38.450
1202.594	49.611	-38.450
1203.594	49.611	-38.450
1204.594	49.611	-38.450
1205.594	49.611	-38.450
1206.594	49.611	-38.450
1207.594	49.610	-38.450
1208.594	49.610	-38.450
1209.594	49.610	-38.450
1210.594	49.609	-38.450
1211.594	49.609	-38.450
1212.594	49.609	-38.450
1213.594	49.609	-38.450
1214.594	49.608	-38.450
1215.594	49.608	-38.450
1216.594	49.608	-38.450
1217.594	49.608	-38.440
1218.594	49.608	-38.450
1219.594	49.608	-38.450
1220.594	49.608	-38.450
1221.594	49.607	-38.450
1222.594	49.607	-38.450
1223.594	49.607	-38.440
1224.594	49.607	-38.440
1225.594	49.606	-38.440
1226.594	49.606	-38.440
1227.594	49.606	-38.440
1228.594	49.605	-38.440
1229.594	49.605	-38.440
1230.594	49.605	-38.440
1231.594	49.605	-38.440
1232.594	49.604	-38.440
1233.594	49.604	-38.440
1234.594	49.604	-38.440
1235.594	49.604	-38.440
1236.594	49.603	-38.440
1237.594	49.603	-38.440
1238.594	49.603	-38.440
1239.594	49.603	-38.440
1240.594	49.602	-38.440
1241.594	49.602	-38.440
1242.594	49.602	-38.440
1243.594	49.602	-38.440
1244.594	49.602	-38.440
1245.594	49.602	-38.440
1246.594	49.602	-38.440
1247.594	49.601	-38.440
1248.594	49.601	-38.440
1249.594	49.601	-38.440
1250.594	49.600	-38.440
1251.594	49.600	-38.440
1252.594	49.600	-38.440
1253.594	49.600	-38.440
1254.594	49.600	-38.440
1255.594	49.599	-38.440
1256.594	49.599	-38.440
1257.594	49.599	-38.440
1258.594	49.599	-38.440
1259.594	49.598	-38.440
1260.594	49.598	-38.440
1261.594	49.598	-38.440
1262.594	49.598	-38.440
1263.594	49.598	-38.440
1264.594	49.597	-38.440
1265.594	49.597	-38.440
1266.594	49.597	-38.440
1267.594	49.596	-38.440
1268.594	49.597	-38.440
1269.594	49.596	-38.440
1270.594	49.596	-38.440
1271.594	49.596	-38.440
1272.594	49.596	-38.440
1273.594	49.595	-38.440
1274.594	49.595	-38.440
1275.594	49.595	-38.440
1276.594	49.595	-38.430
1277.594	49.595	-38.430
1278.594	49.595	-38.430
1279.594	49.594	-38.430
1280.594	49.594	-38.430
1281.594	49.594	-38.430
1282.594	49.594	-38.430
1283.594	49.594	-38.430
1284.594	49.594	-38.430
1285.594	49.593	-38.430
1286.594	49.593	-38.430
1287.594	49.593	-38.430
1288.594	49.593	-38.430
1289.594	49.592	-38.430
1290.594	49.592	-38.430
1291.594	49.592	-38.430
1292.594	49.592	-38.430
1293.594	49.592	-38.430
1294.594	49.591	-38.430
1295.594	49.591	-38.430
1296.594	49.591	-38.430
1297.594	49.591	-38.430
1298.594	49.590	-38.430
1299.594	49.590	-38.430
1300.594	49.590	-38.430
1301.594	49.590	-38.430
1302.594	49.590	-38.430
1303.594	49.590	-38.430
1304.594	49.590	-38.430
1305.594	49.590	-38.430
1306.594	49.590	-38.430
1307.594	49.589	-38.430
1308.594	49.589	-38.430
1309.594	49.589	-38.430
1310.594	49.589	-38.430
1311.594	49.589	-38.430
1312.594	49.589	-38.430
1313.594	49.588	-38.430
1314.594	49.588	-38.430
1315.594	49.588	-38.430
1316.594	49.588	-38.430
1317.594	49.588	-38.430
1318.594	49.588	-38.430
1319.594	49.587	-38.430
1320.594	49.587	-38.430
1321.594	49.587	-38.430
1322.594	49.587	-38.430
1323.594	49.587	-38.430
1324.594	49.586	-38.430
1325.594	49.586	-38.430
1326.594	49.586	-38.430
1327.594	49.586	-38.430
1328.594	49.586	-38.430
1329.594	49.586	-38.430
1330.594	49.585	-38.430
1331.594	49.585	-38.430
1332.594	49.585	-38.430
1333.594	49.585	-38.430
1334.594	49.585	-38.430
1335.594	49.585	-38.420
1336.594	49.585	-38.420
1337.594	49.584	-38.430
1338.594	49.584	-38.430
1339.594	49.584	-38.420
1340.594	49.584	-38.420
1341.594	49.584	-38.420
1342.594	49.584	-38.420
1343.594	49.584	-38.420
1344.594	49.583	-38.420
1345.594	49.583	-38.420
1346.594	49.583	-38.420
1347.594	49.583	-38.420
1348.594	49.583	-38.420
1349.594	49.583	-38.420
1350.594	49.583	-38.420
1351.594	49.582	-38.420
1352.594	49.582	-38.420
1353.594	49.582	-38.420
1354.594	49.582	-38.420
1355.594	49.582	-38.420
1356.594	49.582	-38.420
1357.594	49.582	-38.420
1358.594	49.581	-38.420
1359.594	49.581	-38.420
1360.594	49.581	-38.420
1361.594	49.581	-38.420
1362.594	49.581	-38.420
1363.594	49.581	-38.420
1364.594	49.581	-38.420
1365.594	49.581	-38.420
1366.594	49.581	-38.420
1367.594	49.580	-38.420
1368.594	49.580	-38.420
1369.594	49.580	-38.420
1370.594	49.580	-38.420
1371.594	49.579	-38.420
1372.594	49.579	-38.420
1373.594	49.579	-38.420
1374.594	49.579	-38.420
1375.594	49.579	-38.420
1376.594	49.579	-38.420
1377.594	49.578	-38.420
1378.594	49.578	-38.420
1379.594	49.578	-38.420
1380.594	49.578	-38.420
1381.594	49.578	-38.420
1382.594	49.578	-38.420
1383.594	49.578	-38.420
1384.594	49.578	-38.420
1385.594	49.578	-38.420
1386.594	49.577	-38.420
1387.594	49.577	-38.420
1388.594	49.577	-38.420
1389.594	49.577	-38.420
1390.594	49.577	-38.420
1391.594	49.577	-38.420
1392.594	49.577	-38.420
1393.594	49.577	-38.420
1394.594	49.577	-38.420
1395.594	49.576	-38.420
1396.594	49.576	-38.420
1397.594	49.576	-38.420
1398.594	49.576	-38.420
1399.594	49.576	-38.420
1400.594	49.576	-38.420
1401.594	49.576	-38.420
1402.594	49.576	-38.420
1403.594	49.576	-38.420
1404.594	49.576	-38.420
1405.594	49.576	-38.410
1406.594	49.575	-38.420
1407.594	49.575	-38.420
1408.594	49.575	-38.420
1409.594	49.575	-38.420
1410.594	49.575	-38.410
1411.594	49.575	-38.410
1412.594	49.574	-38.420
1413.594	49.574	-38.410
1414.594	49.575	-38.410
1415.594	49.574	-38.410
1416.594	49.574	-38.410
1417.594	49.574	-38.410
1418.594	49.574	-38.410
1419.594	49.574	-38.410
1420.594	49.574	-38.410
1421.594	49.573	-38.410
1422.594	49.573	-38.410
1423.594	49.573	-38.410
1424.594	49.573	-38.410
1425.594	49.573	-38.410
1426.594	49.573	-38.410
1427.594	49.573	-38.410
1428.594	49.572	-38.410
1429.594	49.572	-38.410
1430.594	49.572	-38.410
1431.594	49.572	-38.410
1432.594	49.572	-38.410
1433.594	49.572	-38.410
1434.594	49.572	-38.410
1435.594	49.571	-38.410
1436.594	49.572	-38.410
1437.594	49.571	-38.410
1438.594	49.571	-38.410
1439.594	49.571	-38.410
1440.594	49.571	-38.410
1441.594	49.571	-38.410
1442.594	49.571	-38.410
1443.594	49.571	-38.410
1444.594	49.570	-38.410
1445.594	49.570	-38.410
1446.594	49.570	-38.410
1447.594	49.570	-38.410
1448.594	49.570	-38.410
1449.594	49.570	-38.410
1450.594	49.570	-38.410
1451.594	49.570	-38.410
1452.594	49.570	-38.410
1453.594	49.570	-38.410
1454.594	49.569	-38.410
1455.594	49.569	-38.410
1456.594	49.569	-38.410
1457.594	49.569	-38.410
1458.594	49.569	-38.410
1459.594	49.569	-38.410
1460.594	49.569	-38.410
1461.594	49.569	-38.410
1462.594	49.568	-38.410
1463.594	49.568	-38.410
1464.594	49.568	-38.410
1465.594	49.568	-38.410
1466.594	49.568	-38.410
1467.594	49.569	-38.410
1468.594	49.568	-38.410
1469.594	49.568	-38.410
1470.594	49.568	-38.410
1471.594	49.568	-38.410
1472.594	49.568	-38.410
1473.594	49.568	-38.410
1474.594	49.568	-38.410
1475.594	49.567	-38.410
1476.594	49.567	-38.410
1477.594	49.567	-38.410
1478.594	49.567	-38.410
1479.594	49.567	-38.410
1480.594	49.567	-38.410
1481.594	49.567	-38.410
1482.594	49.567	-38.410
1483.594	49.567	-38.410
1484.594	49.567	-38.410
1485.594	49.567	-38.410
1486.594	49.566	-38.410
1487.594	49.567	-38.410
1488.594	49.567	-38.410
1489.594	49.566	-38.410
1490.594	49.566	-38.410
1491.594	49.566	-38.410
1492.594	49.566	-38.410
1493.594	49.566	-38.410
1494.594	49.566	-38.400
1495.594	49.565	-38.410
1496.594	49.565	-38.410
1497.594	49.565	-38.410
1498.594	49.574	-38.410
1499.594	49.655	-38.460
1500.594	49.760	-38.500
1501.594	49.810	-38.590
1502.594	49.822	-38.600
1503.594	49.920	-38.640
1504.594	50.023	-38.720
1505.594	50.050	-38.770
1506.594	50.116	-38.790
1507.594	50.144	-38.850
1508.594	50.160	-38.860
1509.594	50.204	-38.890
1510.594	50.209	-38.920
1511.594	50.214	-38.910
1512.594	50.266	-38.940
1513.594	50.280	-38.960
1514.594	50.288	-38.970
1515.594	50.385	-38.980
1516.594	50.387	-39.040
1517.594	50.386	-39.040
1518.594	50.386	-39.040
1519.594	50.385	-39.040
1520.594	50.385	-39.040
1521.594	50.385	-39.040
1522.594	50.384	-39.040
1523.594	50.384	-39.040
1524.594	50.383	-39.040
1525.594	50.383	-39.040
1526.594	50.382	-39.040
1527.594	50.382	-39.040
1528.594	50.381	-39.040
1529.594	50.381	-39.040
1530.594	50.380	-39.040
1531.594	50.380	-39.040
1532.594	50.379	-39.040
1533.594	50.379	-39.040
1534.594	50.379	-39.040
1535.594	50.379	-39.040
1536.594	50.378	-39.040
1537.594	50.378	-39.040
1538.594	50.378	-39.040
1539.594	50.378	-39.040
1540.594	50.377	-39.040
1541.594	50.377	-39.030
1542.594	50.377	-39.040
1543.594	50.376	-39.030
1544.594	50.376	-39.030
1545.594	50.376	-39.030
1546.594	50.375	-39.030
1547.594	50.375	-39.030
1548.594	50.375	-39.030
1549.594	50.374	-39.030
1550.594	50.374	-39.030
1551.594	50.374	-39.030
1552.594	50.374	-39.030
1553.594	50.373	-39.030
1554.594	50.373	-39.030
1555.594	50.373	-39.030
1556.594	50.372	-39.030
1557.594	50.372	-39.030
1558.594	50.372	-39.030
1559.594	50.372	-39.030
1560.594	50.371	-39.030
1561.594	50.371	-39.030
1562.594	50.371	-39.030
1563.594	50.371	-39.030
1564.594	50.370	-39.030
1565.594	50.370	-39.030
1566.594	50.370	-39.030
1567.594	50.370	-39.030
1568.594	50.370	-39.030
1569.594	50.369	-39.030
1570.594	50.369	-39.030
1571.594	50.369	-39.030
1572.594	50.368	-39.030
1573.594	50.368	-39.030
1574.594	50.368	-39.030
1575.594	50.368	-39.030
1576.594	50.367	-39.030
1577.594	50.367	-39.030
1578.594	50.367	-39.030
1579.594	50.367	-39.030
1580.594	50.367	-39.030
1581.594	50.366	-39.030
1582.594	50.366	-39.030
1583.594	50.366	-39.030
1584.594	50.366	-39.030
1585.594	50.365	-39.030
1586.594	50.365	-39.030
1587.594	50.365	-39.030
1588.594	50.365	-39.030
1589.594	50.365	-39.030
1590.594	50.364	-39.030
1591.594	50.364	-39.030
1592.594	50.364	-39.020
1593.594	50.363	-39.020
1594.594	50.363	-39.020
1595.594	50.363	-39.020
1596.594	50.363	-39.020
1597.594	50.363	-39.020
1598.594	50.363	-39.020
1599.594	50.362	-39.020
1600.594	50.362	-39.020
1601.594	50.362	-39.020
1602.594	50.362	-39.020
1603.594	50.361	-39.020
1604.594	50.361	-39.020
1605.594	50.361	-39.020
1606.594	50.361	-39.020
1607.594	50.361	-39.020
1608.594	50.360	-39.020
1609.594	50.360	-39.020
1610.594	50.360	-39.020
1611.594	50.360	-39.020
1612.594	50.360	-39.020
1613.594	50.359	-39.020
1614.594	50.359	-39.020
1615.594	50.359	-39.020
1616.594	50.359	-39.020
1617.594	50.359	-39.020
1618.594	50.358	-39.020
1619.594	50.358	-39.020
1620.594	50.358	-39.020
1621.594	50.358	-39.020
1622.594	50.357	-39.020
1623.594	50.357	-39.020
1624.594	50.357	-39.020
1625.594	50.356	-39.020
1626.594	50.356	-39.020
1627.594	50.356	-39.020
1628.594	50.356	-39.020
1629.594	50.356	-39.020
1630.594	50.356	-39.020
1631.594	50.355	-39.020
1632.594	50.355	-39.020
1633.594	50.355	-39.020
1634.594	50.355	-39.020
1635.594	50.355	-39.020
1636.594	50.355	-39.020
1637.594	50.355	-39.020
1638.594	50.355	-39.020
1639.594	50.355	-39.020
1640.594	50.354	-39.020
1641.594	50.354	-39.020
1642.594	50.354	-39.020
1643.594	50.354	-39.010
1644.594	50.353	-39.020
1645.594	50.353	-39.020
1646.594	50.353	-39.020
1647.594	50.353	-39.010
1648.594	50.353	-39.010
1649.594	50.353	-39.010
1650.594	50.353	-39.010
1651.594	50.352	-39.020
1652.594	50.352	-39.010
1653.594	50.352	-39.010
1654.594	50.352	-39.010
1655.594	50.352	-39.010
1656.594	50.351	-39.010
1657.594	50.351	-39.010
1658.594	50.351	-39.010
1659.594	50.351	-39.010
1660.594	50.350	-39.010
1661.594	50.350	-39.010
1662.594	50.350	-39.010
1663.594	50.350	-39.010
1664.594	50.349	-39.010
1665.594	50.349	-39.010
1666.594	50.349	-39.010
1667.594	50.349	-39.010
1668.594	50.349	-39.010
1669.594	50.349	-39.010
1670.594	50.348	-39.010
1671.594	50.348	-39.010
1672.594	50.348	-39.010
1673.594	50.348	-39.010
1674.594	50.348	-39.010
1675.594	50.348	-39.010
1676.594	50.348	-39.010
1677.594	50.348	-39.010
1678.594	50.347	-39.010
1679.594	50.347	-39.010
1680.594	50.347	-39.010
1681.594	50.347	-39.010
1682.594	50.347	-39.010
1683.594	50.347	-39.010
1684.594	50.346	-39.010
1685.594	50.346	-39.010
1686.594	50.346	-39.010
1687.594	50.346	-39.010
1688.594	50.346	-39.010
1689.594	50.346	-39.010
1690.594	50.345	-39.010
1691.594	50.345	-39.010
1692.594	50.345	-39.010
1693.594	50.345	-39.010
1694.594	50.345	-39.010
1695.594	50.345	-39.010
1696.594	50.345	-39.010
1697.594	50.345	-39.010
1698.594	50.345	-39.010
1699.594	50.344	-39.010
1700.594	50.344	-39.010
1701.594	50.344	-39.010
1702.594	50.344	-39.010
1703.594	50.344	-39.010
1704.594	50.344	-39.010
1705.594	50.343	-39.010
1706.594	50.343	-39.010
1707.594	50.343	-39.010
1708.594	50.343	-39.010
1709.594	50.343	-39.010
1710.594	50.343	-39.010
1711.594	50.342	-39.010
1712.594	50.342	-39.010
1713.594	50.342	-39.010
1714.594	50.342	-39.000
1715.594	50.342	-39.010
1716.594	50.342	-39.000
1717.594	50.342	-39.010
1718.594	50.341	-39.010
1719.594	50.341	-39.000
1720.594	50.341	-39.000
1721.594	50.341	-39.010
1722.594	50.341	-39.000
1723.594	50.341	-39.000
1724.594	50.341	-39.010
1725.594	50.340	-39.000
1726.594	50.340	-39.000
1727.594	50.340	-39.000
1728.594	50.340	-39.000
1729.594	50.340	-39.000
1730.594	50.339	-39.000
1731.594	50.339	-39.000
1732.594	50.339	-39.000
1733.594	50.339	-39.000
1734.594	50.339	-39.000
1735.594	50.340	-39.000
1736.594	50.339	-39.000
1737.594	50.339	-39.000
1738.594	50.339	-39.000
1739.594	50.339	-39.000
1740.594	50.338	-39.000
1741.594	50.338	-39.000
1742.594	50.338	-39.000
1743.594	50.338	-39.000
1744.594	50.337	-39.000
1745.594	50.337	-39.000
1746.594	50.336	-39.000
1747.594	50.336	-39.000
1748.594	50.336	-39.000
1749.594	50.336	-39.000
1750.594	50.336	-39.000
1751.594	50.336	-39.000
1752.594	50.335	-39.000
1753.594	50.335	-39.000
1754.594	50.335	-39.000
1755.594	50.335	-39.000
1756.594	50.335	-39.000
1757.594	50.335	-39.000
1758.594	50.334	-39.000
1759.594	50.334	-39.000
1760.594	50.334	-39.000
1761.594	50.334	-39.000
1762.594	50.334	-39.000
1763.594	50.333	-39.000
1764.594	50.333	-39.000
1765.594	50.333	-39.000
1766.594	50.333	-39.000
1767.594	50.333	-39.000
1768.594	50.332	-39.000
1769.594	50.332	-39.000
1770.594	50.332	-39.000
1771.594	50.332	-39.000
1772.594	50.332	-39.000
1773.594	50.332	-39.000
1774.594	50.332	-39.000
1775.594	50.331	-39.000
1776.594	50.332	-39.000
1777.594	50.332	-39.000
1778.594	50.331	-39.000
1779.594	50.331	-39.000
1780.594	50.331	-39.000
1781.594	50.331	-39.000
1782.594	50.331	-39.000
1783.594	50.331	-39.000
1784.594	50.331	-39.000
1785.594	50.330	-39.000
1786.594	50.330	-39.000
1787.594	50.330	-39.000
1788.594	50.330	-38.990
1789.594	50.330	-39.000
1790.594	50.330	-38.990
1791.594	50.330	-38.990
1792.594	50.329	-39.000
1793.594	50.329	-38.990
1794.594	50.329	-38.990
1795.594	50.329	-38.990
1796.594	50.329	-38.990
1797.594	50.329	-38.990
1798.594	50.329	-39.000
1799.594	50.329	-38.990
1800.594	50.329	-38.990
1801.594	50.328	-38.990
1802.594	50.329	-38.990
1803.594	50.328	-38.990
1804.594	50.328	-38.990
1805.594	50.328	-38.990
1806.594	50.328	-38.990
1807.594	50.328	-38.990
1808.594	50.328	-38.990
1809.594	50.327	-38.990
1810.594	50.328	-38.990
1811.594	50.328	-38.990
1812.594	50.327	-38.990
1813.594	50.327	-38.990
1814.594	50.327	-38.990
1815.594	50.327	-38.990
1816.594	50.327	-38.990
1817.594	50.327	-38.990
1818.594	50.326	-38.990
1819.594	50.326	-38.990
1820.594	50.326	-38.990
1821.594	50.326	-38.990
1822.594	50.326	-38.990
1823.594	50.326	-38.990
1824.594	50.326	-38.990
1825.594	50.326	-38.990
1826.594	50.326	-38.990
1827.594	50.326	-38.990
1828.594	50.326	-38.990
1829.594	50.326	-38.990
1830.594	50.325	-38.990
1831.594	50.325	-38.990
1832.594	50.325	-38.990
1833.594	50.325	-38.990
1834.594	50.325	-38.990
1835.594	50.325	-38.990
1836.594	50.325	-38.990
1837.594	50.325	-38.990
1838.594	50.324	-38.990
1839.594	50.324	-38.990
1840.594	50.324	-38.990
1841.594	50.324	-38.990
1842.594	50.324	-38.990
1843.594	50.324	-38.990
1844.594	50.324	-38.990
1845.594	50.324	-38.990
1846.594	50.324	-38.990
1847.594	50.324	-38.990
1848.594	50.323	-38.990
1849.594	50.323	-38.990
1850.594	50.323	-38.990
1851.594	50.323	-38.990
1852.594	50.323	-38.990
1853.594	50.323	-38.990
1854.594	50.323	-38.990
1855.594	50.323	-38.990
1856.594	50.323	-38.990
1857.594	50.322	-38.990
1858.594	50.322	-38.990
1859.594	50.322	-38.990
1860.594	50.323	-38.990
1861.594	50.322	-38.990
1862.594	50.322	-38.990
1863.594	50.322	-38.990
1864.594	50.322	-38.990
1865.594	50.322	-38.990
1866.594	50.322	-38.990
1867.594	50.322	-38.990
1868.594	50.322	-38.990
1869.594	50.322	-38.990
1870.594	50.322	-38.990
1871.594	50.322	-38.990
1872.594	50.321	-38.990
1873.594	50.321	-38.990
1874.594	50.321	-38.990
1875.594	50.321	-38.990
1876.594	50.321	-38.990
1877.594	50.321	-38.990
1878.594	50.321	-38.990
1879.594	50.321	-38.990
1880.594	50.321	-38.990
1881.594	50.321	-38.990
1882.594	50.321	-38.990
1883.594	50.321	-38.990
1884.594	50.321	-38.990
1885.594	50.321	-38.990
1886.594	50.320	-38.990
1887.594	50.320	-38.990
1888.594	50.320	-38.990
1889.594	50.321	-38.990
1890.594	50.320	-38.990
1891.594	50.320	-38.990
1892.594	50.320	-38.990
1893.594	50.320	-38.990
1894.594	50.320	-38.990
1895.594	50.320	-38.990
1896.594	50.320	-38.990
1897.594	50.320	-38.990
1898.594	50.319	-38.990
1899.594	50.320	-38.990
1900.594	50.320	-38.990
1901.594	50.320	-38.990
1902.594	50.320	-38.990
1903.594	50.320	-38.990
1904.594	50.320	-38.990
1905.594	50.319	-38.990
1906.594	50.319	-38.980
1907.594	50.319	-38.980
1908.594	50.319	-38.980
1909.594	50.319	-38.990
1910.594	50.319	-38.990
1911.594	50.319	-38.980
1912.594	50.319	-38.990
1913.594	50.319	-38.980
1914.594	50.319	-38.980
1915.594	50.319	-38.990
1916.594	50.319	-38.990
1917.594	50.319	-38.980
1918.594	50.319	-38.990
1919.594	50.319	-38.980
1920.594	50.319	-38.990
1921.594	50.319	-38.980
1922.594	50.318	-38.980
1923.594	50.318	-38.980
1924.594	50.318	-38.990
1925.594	50.318	-38.980
1926.594	50.319	-38.990
1927.594	50.319	-38.990
1928.594	50.319	-38.980
1929.594	50.319	-38.980
1930.594	50.318	-38.980
1931.594	50.319	-38.980
1932.594	50.319	-38.980
1933.594	50.319	-38.980
1934.594	50.319	-38.980
1935.594	50.318	-38.980
1936.594	50.318	-38.980
1937.594	50.318	-38.980
1938.594	50.318	-38.980
1939.594	50.318	-38.980
1940.594	50.318	-38.980
1941.594	50.318	-38.980
1942.594	50.318	-38.980
1943.594	50.318	-38.980
1944.594	50.318	-38.980
1945.594	50.318	-38.980
1946.594	50.318	-38.980
1947.594	50.318	-38.980
1948.594	50.318	-38.980
1949.594	50.318	-38.980
1950.594	50.318	-38.980
1951.594	50.318	-38.980
1952.594	50.318	-38.980
1953.594	50.317	-38.980
1954.594	50.317	-38.980
1955.594	50.317	-38.980
1956.594	50.317	-38.980
1957.594	50.317	-38.980
1958.594	50.317	-38.980
1959.594	50.317	-38.980
1960.594	50.317	-38.980
1961.594	50.317	-38.980
1962.594	50.317	-38.980
1963.594	50.317	-38.980
1964.594	50.317	-38.980
1965.594	50.317	-38.980
1966.594	50.317	-38.980
1967.594	50.317	-38.980
1968.594	50.317	-38.980
1969.594	50.317	-38.980
1970.594	50.317	-38.980
1971.594	50.317	-38.980
1972.594	50.317	-38.980
1973.594	50.317	-38.980
1974.594	50.317	-38.980
1975.594	50.317	-38.980
1976.594	50.317	-38.980
1977.594	50.317	-38.980
1978.594	50.317	-38.980
1979.594	50.317	-38.980
1980.594	50.317	-38.980
1981.594	50.316	-38.980
1982.594	50.316	-38.980
1983.594	50.317	-38.980
1984.594	50.316	-38.980
1985.594	50.316	-38.980
1986.594	50.316	-38.980
1987.594	50.316	-38.980
1988.594	50.316	-38.980
1989.594	50.316	-38.980
1990.594	50.316	-38.980
1991.594	50.316	-38.980
1992.594	50.316	-38.980
1993.594	50.316	-38.980
1994.594	50.316	-38.980
1995.594	50.316	-38.980
1996.594	50.316	-38.980
1997.594	50.316	-38.980
1998.594	50.316	-38.980
1999.594	50.316	-38.980
2000.594	50.316	-38.980
2001.594	50.316	-38.980
2002.594	50.315	-38.980
2003.594	50.316	-38.980
2004.594	50.315	-38.980
2005.594	50.315	-38.980
2006.594	50.316	-38.980
2007.594	50.316	-38.980
2008.594	50.316	-38.980
2009.594	50.316	-38.980
2010.594	50.316	-38.980
2011.594	50.316	-38.980
2012.594	50.316	-38.980
2013.594	50.316	-38.980
2014.594	50.316	-38.980
2015.594	50.315	-38.980
2016.594	50.315	-38.980
2017.594	50.315	-38.980
2018.594	50.316	-38.980
2019.594	50.315	-38.980
2020.594	50.316	-38.980
2021.594	50.316	-38.980
2022.594	50.316	-38.980
2023.594	50.316	-38.980
2024.594	50.316	-38.980
2025.594	50.316	-38.980
2026.594	50.316	-38.980
2027.594	50.316	-38.980
2028.594	50.316	-38.980
2029.594	50.316	-38.980
2030.594	50.315	-38.980
2031.594	50.315	-38.980
2032.594	50.316	-38.980
2033.594	50.316	-38.980
2034.594	50.315	-38.980
2035.594	50.316	-38.980
2036.594	50.315	-38.980
2037.594	50.315	-38.980
2038.594	50.315	-38.980
2039.594	50.315	-38.980
2040.594	50.315	-38.980
2041.594	50.315	-38.980
2042.594	50.315	-38.980
2043.594	50.315	-38.980
2044.594	50.315	-38.980
2045.594	50.315	-38.980
2046.594	50.315	-38.980
2047.594	50.315	-38.980
2048.594	50.315	-38.980
2049.594	50.315	-38.980
2050.594	50.315	-38.980
2051.594	50.315	-38.980
2052.594	50.315	-38.980
2053.594	50.315	-38.980
2054.594	50.315	-38.980
2055.594	50.315	-38.980
2056.594	50.315	-38.980
2057.594	50.315	-38.980
2058.594	50.315	-38.980
2059.594	50.315	-38.980
2060.594	50.315	-38.980
2061.594	50.315	-38.980
2062.594	50.315	-38.980
2063.594	50.315	-38.980
2064.594	50.315	-38.980
2065.594	50.315	-38.980
2066.594	50.315	-38.980
2067.594	50.315	-38.980
2068.594	50.315	-38.980
2069.594	50.315	-38.980
2070.594	50.315	-38.980
2071.594	50.314	-38.980
2072.594	50.314	-38.980
2073.594	50.314	-38.980
2074.594	50.314	-38.980
2075.594	50.314	-38.980
2076.594	50.314	-38.980
2077.594	50.314	-38.980
2078.594	50.314	-38.980
2079.594	50.314	-38.980
2080.594	50.314	-38.980
2081.594	50.314	-38.980
2082.594	50.314	-38.980
2083.594	50.314	-38.980
2084.594	50.314	-38.980
2085.594	50.314	-38.980
2086.594	50.314	-38.980
2087.594	50.314	-38.980
2088.594	50.314	-38.980
2089.594	50.314	-38.980
2090.594	50.313	-38.980
2091.594	50.313	-38.970
2092.594	50.314	-38.980
2093.594	50.313	-38.980
2094.594	50.313	-38.980
2095.594	50.313	-38.980
2096.594	50.313	-38.980
2097.594	50.313	-38.980
2098.594	50.313	-38.980
2099.594	50.313	-38.980
2100.594	50.313	-38.980
2101.594	50.313	-38.980
2102.594	50.313	-38.980
2103.594	50.313	-38.980
2104.594	50.313	-38.980
2105.594	50.313	-38.980
2106.594	50.313	-38.980
2107.594	50.313	-38.980
2108.594	50.313	-38.980
2109.594	50.313	-38.980
2110.594	50.313	-38.980
2111.594	50.313	-38.980
2112.594	50.313	-38.980
2113.594	50.313	-38.980
2114.594	50.313	-38.980
2115.594	50.313	-38.980
2116.594	50.313	-38.980
2117.594	50.313	-38.980
2118.594	50.313	-38.980
2119.594	50.314	-38.980
2120.594	50.313	-38.980
2121.594	50.313	-38.980
2122.594	50.314	-38.980
2123.594	50.313	-38.980
2124.594	50.313	-38.980
2125.594	50.314	-38.980
2126.594	50.313	-38.980
2127.594	50.313	-38.980
2128.594	50.313	-38.980
2129.594	50.314	-38.980
2130.594	50.314	-38.980
2131.594	50.314	-38.980
2132.594	50.313	-38.980
2133.594	50.313	-38.980
2134.594	50.314	-38.980
2135.594	50.314	-38.980
2136.594	50.313	-38.980
2137.594	50.314	-38.980
2138.594	50.313	-38.980
2139.594	50.313	-38.980
2140.594	50.313	-38.980
2141.594	50.313	-38.980
2142.594	50.313	-38.980
2143.594	50.313	-38.980
2144.594	50.313	-38.980
2145.594	50.313	-38.980
2146.594	50.313	-38.980
2147.594	50.313	-38.980
2148.594	50.313	-38.980
2149.594	50.313	-38.980
2150.594	50.313	-38.980
2151.594	50.313	-38.980
2152.594	50.313	-38.980
2153.594	50.313	-38.980
2154.594	50.313	-38.980
2155.594	50.313	-38.980
2156.594	50.313	-38.980
2157.594	50.313	-38.980
2158.594	50.313	-38.980
2159.594	50.314	-38.980
2160.594	50.313	-38.980
2161.594	50.313	-38.980
2162.594	50.313	-38.980
2163.594	50.313	-38.980
2164.594	50.314	-38.980
2165.594	50.314	-38.980
2166.594	50.314	-38.970
2167.594	50.313	-38.970
2168.594	50.313	-38.960
2169.594	50.313	-38.960
2170.594	50.313	-38.960
2171.594	50.313	-38.960
2172.594	50.313	-38.970
2173.594	50.313	-23.100
2174.594	50.313	2.903
2175.594	50.313	2.886
2176.594	50.313	2.881
2177.594	50.313	2.886
2178.594	50.313	2.933
2179.594	50.313	-19.488
2180.594	50.312	-38.980
2181.594	50.312	-38.990
2182.594	50.312	-38.990
2183.594	50.312	-38.990
2184.594	50.312	-38.990
2185.594	50.313	-38.980
2186.594	50.312	-38.980
2187.594	50.312	-38.970
2188.594	50.312	-38.940
2189.594	50.312	-38.460
2190.594	50.312	-37.800
2191.594	50.312	-38.240
2192.594	50.312	-38.280
2193.594	50.312	-38.280
2194.594	50.311	-38.280
2195.594	50.311	-38.280
2196.594	50.311	-38.280
2197.594	50.311	-38.280
2198.594	50.311	-38.280
2199.594	50.311	-38.380
2200.594	50.311	-38.150
2201.594	50.311	-37.860
2202.594	50.311	-37.740
2203.594	50.310	-37.740
2204.594	50.310	-37.900
2205.594	50.310	-37.860
2206.594	50.310	-37.780
2207.594	50.310	-37.780
2208.594	50.310	-37.780
2209.594	50.310	-37.780
2210.594	50.310	-37.780
2211.594	50.309	-37.780
2212.594	50.310	-37.780
2213.594	50.309	-37.780
2214.594	50.309	-37.780
2215.594	50.309	-37.780
2216.594	50.310	-37.860
2217.594	50.310	-37.890
2218.594	50.309	-38.700
2219.594	50.310	-38.950
2220.594	50.310	-38.910
2221.594	50.310	-38.660
2222.594	50.310	-38.290
2223.594	50.310	-37.980
2224.594	50.310	-37.850
2225.594	50.310	-37.820
2226.594	50.311	-37.800
2227.594	50.311	-37.800
2228.594	50.310	-38.050
2229.594	50.310	-38.050
2230.594	50.310	-37.850
2231.594	50.309	-37.980
2232.594	50.309	-38.080
2233.594	50.309	-38.130
2234.594	50.309	-38.230
2235.594	50.309	-38.220
2236.594	50.309	-38.230
2237.594	50.309	-38.230
2238.594	50.309	-38.220
2239.594	50.309	-38.220
2240.594	50.309	-38.220
2241.594	50.309	-38.220
2242.594	50.308	-38.220
2243.594	50.308	-38.230
2244.594	50.309	-38.220
2245.594	50.309	-38.220
2246.594	50.309	-38.220
2247.594	50.309	-38.220
2248.594	50.309	-38.220
2249.594	50.309	-38.220
2250.594	50.309	-38.220
2251.594	50.309	-38.220
2252.594	50.309	-38.220
2253.594	50.309	-38.220
2254.594	50.309	-38.220
2255.594	50.309	-38.220
2256.594	50.309	-38.220
2257.594	50.309	-38.220
2258.594	50.309	-38.220
2259.594	50.308	-38.220
2260.594	50.308	-38.220
2261.594	50.308	-38.220
2262.594	50.308	-38.220
2263.594	50.308	-38.220
2264.594	50.308	-38.220
2265.594	50.308	-38.220
2266.594	50.308	-38.220
2267.594	50.308	-38.220
2268.594	50.308	-38.220
2269.594	50.308	-38.220
2270.594	50.308	-38.240
2271.594	50.308	-38.170
2272.594	50.308	-38.250
2273.594	50.308	-38.390
2274.594	50.308	-31.710
2275.594	50.308	3.378
2276.594	50.308	2.663
2277.594	50.308	1.802
2278.594	50.307	0.453
2279.594	50.307	0.270
2280.594	50.308	0.208
2281.594	50.307	0.189
2282.594	50.307	0.186
2283.594	50.307	0.183
2284.594	50.308	0.183
2285.594	50.307	0.194
2286.594	50.308	0.174
2287.594	50.307	0.176
2288.594	50.308	0.181
2289.594	50.308	0.191
2290.594	50.308	0.161
2291.594	50.308	0.155
2292.594	50.308	0.241
2293.594	50.308	1.052
2294.594	50.308	1.435
2295.594	50.308	1.351
2296.594	50.308	1.233
2297.594	50.308	1.286
2298.594	50.308	0.607
2299.594	50.308	1.169
2300.594	50.308	2.280
2301.594	50.308	2.449
2302.594	50.308	2.617
2303.594	50.308	2.752
2304.594	50.308	3.624
2305.594	50.308	3.422
2306.594	50.309	3.292
2307.594	50.308	3.270
2308.594	50.308	3.287
2309.594	50.308	3.294
2310.594	50.308	3.294
2311.594	50.308	3.295
2312.594	50.308	3.294
2313.594	50.308	3.294
2314.594	50.308	3.293
2315.594	50.308	3.293
2316.594	50.308	3.294
2317.594	50.308	3.293
2318.594	50.308	3.295
2319.594	50.309	3.293
2320.594	50.309	3.293
2321.594	50.309	3.292
2322.594	50.309	3.291
2323.594	50.309	3.292
2324.594	50.309	3.291
2325.594	50.309	3.294
2326.594	50.309	3.292
2327.594	50.308	3.293
2328.594	50.308	3.292
2329.594	50.308	3.293
2330.594	50.308	3.293
2331.594	50.308	3.294
2332.594	50.308	3.290
2333.594	50.308	3.291
2334.594	50.308	3.292
2335.594	50.309	3.292
2336.594	50.308	3.292
2337.594	50.308	3.292
2338.594	50.309	3.292
2339.594	50.308	3.290
2340.594	50.309	3.291
2341.594	50.309	3.292
2342.594	50.309	3.292
2343.594	50.309	3.293
2344.594	50.309	3.291
2345.594	50.309	3.291
2346.594	50.309	3.291
2347.594	50.309	3.292
2348.594	50.309	3.292
2349.594	50.309	3.291
2350.594	50.309	3.291
2351.594	50.309	3.290
2352.594	50.309	3.291
2353.594	50.309	3.293
2354.594	50.308	3.291
2355.594	50.308	3.292
2356.594	50.308	3.292
2357.594	50.308	3.292
2358.594	50.308	3.292
2359.594	50.308	3.291
2360.594	50.308	3.293
2361.594	50.308	3.292
2362.594	50.308	3.291
2363.594	50.308	3.290
2364.594	50.308	3.293
2365.594	50.308	3.312
2366.594	50.308	3.549
2367.594	50.308	3.427
2368.594	50.308	1.806
2369.594	50.308	0.399
2370.594	50.308	0.353
2371.594	50.308	0.178
2372.594	50.308	0.060
2373.594	50.308	0.015
2374.594	50.308	-0.005
2375.594	50.308	-0.009
2376.594	50.308	-0.000
2377.594	50.309	-0.002
2378.594	50.308	-0.003
2379.594	50.308	-0.004
2380.594	50.308	-0.003
2381.594	50.308	-0.003
2382.594	50.307	-0.004
2383.594	50.307	-0.003
2384.594	50.307	-0.003
2385.594	50.307	-0.003
2386.594	50.307	-0.003
2387.594	50.307	-0.003
2388.594	50.306	-0.003
2389.594	50.306	-0.002
2390.594	50.306	-0.003
2391.594	50.306	-0.002
2392.594	50.305	-0.004
2393.594	50.305	-0.002
2394.594	50.305	-0.003
2395.594	50.305	-0.002
2396.594	50.305	-0.001
2397.594	50.305	-0.003
2398.594	50.305	-0.004
2399.594	50.305	-0.003
2400.594	50.305	-0.003
2401.594	50.305	-0.003
2402.594	50.305	-0.003
2403.594	50.306	-0.003
2404.594	50.306	-0.003
2405.594	50.306	-0.003
