0.182	0.010	0.970
1.182	0.009	0.980
2.182	0.010	0.970
3.182	0.010	0.970
4.182	0.010	0.980
5.182	0.010	0.980
6.182	0.010	0.970
7.182	0.010	0.980
8.182	0.010	0.970
9.182	0.010	0.990
10.182	0.010	0.990
11.182	0.010	0.970
12.182	0.010	0.970
13.182	0.010	1.000
14.182	0.010	0.990
15.182	0.010	0.980
16.182	0.010	0.970
17.182	0.010	0.990
18.182	0.010	1.000
19.182	0.010	0.980
20.182	0.010	0.980
21.182	0.010	1.000
22.182	0.010	1.000
23.182	0.010	0.970
24.182	0.010	0.960
25.182	0.010	0.990
26.182	0.010	0.990
27.182	0.010	0.980
28.182	0.010	0.980
29.182	0.010	0.990
30.182	0.010	0.990
31.182	0.010	0.990
32.182	0.010	0.980
33.182	0.010	0.990
34.182	0.010	0.990
35.182	0.010	0.980
36.182	0.010	0.990
37.182	0.010	0.980
38.182	0.010	0.980
39.182	0.010	0.990
40.182	0.010	0.990
41.182	0.010	0.990
42.182	0.010	0.980
43.182	0.010	0.990
44.182	0.010	0.990
45.182	0.010	0.990
46.182	0.010	0.980
47.182	0.010	0.990
48.182	0.010	0.990
49.182	0.010	0.990
50.182	0.010	0.970
51.182	0.010	0.970
52.182	0.010	0.990
53.182	0.010	1.000
54.182	0.010	0.960
55.182	0.010	0.970
56.182	0.010	1.000
57.182	0.010	0.990
58.182	0.010	0.980
59.182	0.010	0.980
60.182	0.010	1.000
61.182	0.010	1.000
62.182	0.010	0.970
63.182	0.010	0.970
64.182	0.010	1.010
65.182	0.010	1.000
66.182	0.010	0.980
67.182	0.010	0.980
68.182	0.010	1.000
69.182	0.010	0.990
70.182	0.010	0.990
71.182	0.010	0.980
72.182	0.010	0.990
73.182	0.010	1.000
74.182	0.010	1.000
75.182	0.010	0.990
76.182	0.009	0.990
77.182	0.009	0.990
78.182	0.010	0.980
79.182	0.010	0.980
80.182	0.010	0.990
81.182	0.010	0.970
82.182	0.010	0.980
83.182	0.010	0.990
84.182	0.010	0.990
85.182	0.010	0.980
86.182	0.010	0.990
87.182	0.010	1.000
88.182	0.010	0.980
89.182	0.010	0.980
90.182	0.010	0.990
91.182	0.010	1.000
92.182	0.010	1.000
93.182	0.010	0.970
94.182	0.010	0.970
95.182	0.010	1.000
96.182	0.010	0.990
97.182	0.009	0.990
98.182	0.009	0.980
99.182	0.009	0.990
100.182	0.009	1.000
101.182	0.009	0.980
102.182	0.009	0.980
103.182	-0.343	-0.680
104.182	1.281	10.230
105.182	1.325	10.320
106.182	1.327	10.210
107.182	1.326	10.390
108.182	1.325	10.190
109.182	1.325	10.390
110.182	1.324	10.240
111.182	1.323	10.220
112.182	1.323	10.370
113.182	1.322	10.290
114.182	1.322	10.230
115.182	1.322	10.360
116.182	1.321	10.290
117.182	1.321	10.280
118.182	1.321	10.230
119.182	1.321	10.400
120.182	1.320	10.260
121.182	1.320	10.310
122.182	1.320	10.230
123.182	1.320	10.290
124.182	1.319	10.260
125.182	1.319	10.200
126.182	1.319	10.330
127.182	1.319	10.250
128.182	1.319	10.280
129.182	1.319	10.130
130.182	1.318	10.350
131.182	1.318	10.200
132.182	1.318	10.290
133.182	1.318	10.250
134.182	1.318	10.280
135.182	1.318	10.230
136.182	1.317	10.250
137.182	1.317	10.220
138.182	1.317	10.290
139.182	1.317	10.210
140.182	1.317	10.260
141.182	1.317	10.140
142.182	1.317	10.250
143.182	1.316	10.340
144.182	1.316	10.250
145.182	1.316	10.190
146.182	1.316	10.170
147.182	1.316	10.250
148.182	1.316	10.330
149.182	1.316	10.340
150.182	1.316	10.260
151.182	1.316	10.220
152.182	1.316	10.200
153.182	1.316	10.170
154.182	1.316	10.250
155.182	1.316	10.320
156.182	1.316	10.280
157.182	1.316	10.200
158.182	1.316	10.170
159.182	1.316	10.240
160.182	1.316	10.360
161.182	1.316	10.190
162.182	1.316	10.220
163.182	1.315	10.240
164.182	1.315	10.340
165.182	1.315	10.340
166.182	1.315	10.340
167.182	1.315	10.330
168.182	1.316	10.320
169.182	1.315	10.280
170.182	1.315	10.190
171.182	1.315	10.190
172.182	1.315	10.330
173.182	1.315	10.230
174.182	1.315	10.290
175.182	1.315	10.170
176.182	1.315	10.260
177.182	1.315	10.340
178.182	1.315	10.220
179.182	1.315	10.160
180.182	1.315	10.270
181.182	1.315	10.330
182.182	1.315	10.240
183.182	1.315	10.160
184.182	1.315	10.200
185.182	1.315	10.330
186.182	1.315	10.260
187.182	1.315	10.160
188.182	1.314	10.200
189.182	1.315	10.350
190.182	1.315	10.240
191.182	1.315	10.160
192.182	1.314	10.270
193.182	1.314	10.330
194.182	1.314	10.220
195.182	1.315	10.200
196.182	1.314	10.190
197.182	1.314	10.260
198.182	1.314	10.340
199.182	1.314	10.330
200.182	1.314	10.300
201.182	1.314	10.240
202.182	1.314	10.160
203.182	1.314	10.270
204.182	1.314	10.330
205.182	1.314	10.300
206.182	1.314	10.210
207.182	1.314	10.190
208.182	1.314	10.340
209.182	1.638	12.120
210.182	1.632	12.700
211.182	1.632	12.430
212.182	1.632	12.480
213.182	1.633	12.500
214.182	1.633	12.440
215.182	1.632	12.480
216.182	1.632	12.550
217.182	1.632	12.430
218.182	1.632	12.500
219.182	1.632	12.470
220.182	1.632	12.430
221.182	1.632	12.510
222.182	1.632	12.530
223.182	1.632	12.440
224.182	1.632	12.420
225.182	1.632	12.490
226.182	1.632	12.550
227.182	1.632	12.450
228.182	1.632	12.420
229.182	1.632	12.480
230.182	1.632	12.430
231.182	1.632	12.420
232.182	1.632	12.510
233.182	1.632	12.470
234.182	1.632	12.470
235.182	1.632	12.430
236.182	1.632	12.450
237.182	1.632	12.480
238.182	1.632	12.430
239.182	1.632	12.550
240.182	1.632	12.470
241.182	1.632	12.490
242.182	1.632	12.410
243.182	1.632	12.470
244.182	1.632	12.460
245.182	1.631	12.430
246.182	1.632	12.480
247.182	1.631	12.550
248.182	1.632	12.460
249.182	1.631	12.480
250.182	1.632	12.470
251.182	1.632	12.450
252.182	1.631	12.440
253.182	1.631	12.450
254.182	1.631	12.420
255.182	1.631	12.460
256.182	1.631	12.420
257.182	1.631	12.440
258.182	1.631	12.450
259.182	1.631	12.460
260.182	1.631	12.470
261.182	1.631	12.480
262.182	1.631	12.460
263.182	1.631	12.470
264.182	1.631	12.480
265.182	1.631	12.490
266.182	1.631	12.460
267.182	1.631	12.480
268.182	1.631	12.460
269.182	1.631	12.450
270.182	1.631	12.440
271.182	1.631	12.480
272.182	1.631	12.470
273.182	1.631	12.450
274.182	1.631	12.430
275.182	1.631	12.520
276.182	1.631	12.470
277.182	1.630	12.470
278.182	1.631	12.410
279.182	1.630	12.470
280.182	1.630	12.450
281.182	1.630	12.430
282.182	1.630	12.440
283.182	1.630	12.450
284.182	1.630	12.430
285.182	1.630	12.440
286.182	1.630	12.480
287.182	1.630	12.400
288.182	1.630	12.460
289.182	1.630	12.520
290.182	1.630	12.460
291.182	1.630	12.480
292.182	1.630	12.420
293.182	1.630	12.470
294.182	1.630	12.450
295.182	1.630	12.540
296.182	1.643	12.480
297.182	1.669	12.690
298.182	1.724	13.060
299.182	1.734	13.270
300.182	2.112	13.240
301.182	2.414	18.080
302.182	2.438	18.350
303.182	2.438	18.320
304.182	2.438	18.290
305.182	2.438	18.220
306.182	2.438	18.200
307.182	2.438	18.210
308.182	2.438	18.210
309.182	2.438	18.300
310.182	2.438	18.370
311.182	2.438	18.210
312.182	2.438	18.220
313.182	2.438	18.310
314.182	2.438	18.300
315.182	2.438	18.240
316.182	2.438	18.240
317.182	2.438	18.240
318.182	2.438	18.310
319.182	2.438	18.230
320.182	2.438	18.200
321.182	2.438	18.290
322.182	2.438	18.340
323.182	2.438	18.350
324.182	2.438	18.330
325.182	2.438	18.210
326.182	2.438	18.190
327.182	2.438	18.330
328.182	2.438	18.230
329.182	2.438	18.230
330.182	2.438	18.350
331.182	2.438	18.170
332.182	2.438	18.310
333.182	2.438	18.210
334.182	2.438	18.340
335.182	2.438	18.180
336.182	2.438	18.330
337.182	2.438	18.200
338.182	2.438	18.340
339.182	2.438	18.210
340.182	2.438	18.170
341.182	2.438	18.300
342.182	2.438	18.360
343.182	2.438	18.330
344.182	2.438	18.240
345.182	2.438	18.250
346.182	2.438	18.310
347.182	2.437	18.300
348.182	2.438	18.220
349.182	2.437	18.220
350.182	2.437	18.210
351.182	2.437	18.220
352.182	2.437	18.200
353.182	2.437	18.270
354.182	2.437	18.360
355.182	2.437	18.330
356.182	2.438	18.230
357.182	2.437	18.210
358.182	2.437	18.220
359.182	2.437	18.320
360.182	2.437	18.320
361.182	2.437	18.240
362.182	2.437	18.180
363.182	2.437	18.370
364.182	2.437	18.220
365.182	2.437	18.160
366.182	2.437	18.230
367.182	2.437	18.290
368.182	2.437	18.350
369.182	2.437	18.370
370.182	2.437	18.310
371.182	2.437	18.360
372.182	2.437	18.360
373.182	2.437	18.360
374.182	2.437	18.350
375.182	2.437	18.340
376.182	2.437	18.340
377.182	2.437	18.300
378.182	2.441	18.240
379.182	2.437	18.200
380.182	2.437	18.220
381.182	2.438	18.340
382.182	2.438	18.350
383.182	2.438	18.280
384.182	2.437	18.250
385.182	2.438	18.230
386.182	2.438	18.220
387.182	2.438	18.260
388.182	2.437	18.240
389.182	2.766	18.270
390.182	3.198	21.010
391.182	3.218	23.960
392.182	3.218	24.000
393.182	3.218	24.040
394.182	3.218	24.020
395.182	3.218	24.010
396.182	3.217	24.030
397.182	3.217	24.030
398.182	3.217	24.010
399.182	3.217	23.920
400.182	3.217	23.990
401.182	3.217	24.040
402.182	3.217	24.010
403.182	3.217	23.960
404.182	3.217	24.030
405.182	3.217	24.000
406.182	3.217	23.960
407.182	3.217	23.950
408.182	3.217	23.870
409.182	3.217	23.870
410.182	3.217	23.920
411.182	3.217	23.930
412.182	3.217	23.900
413.182	3.217	23.920
414.182	3.217	23.940
415.182	3.217	23.900
416.182	3.217	23.940
417.182	3.217	23.960
418.182	3.217	23.910
419.182	3.218	23.990
420.182	3.218	23.930
421.182	3.218	23.920
422.182	3.218	23.930
423.182	3.218	23.960
424.182	3.218	23.950
425.182	3.218	23.920
426.182	3.218	23.930
427.182	3.218	24.040
428.182	3.218	23.950
429.182	3.218	23.910
430.182	3.218	23.910
431.182	3.218	23.930
432.182	3.218	23.940
433.182	3.218	23.920
434.182	3.219	23.950
435.182	3.219	23.950
436.182	3.219	23.900
437.182	3.219	23.920
438.182	3.219	23.900
439.182	3.219	23.960
440.182	3.219	24.040
441.182	3.219	23.910
442.182	3.219	23.960
443.182	3.219	23.940
444.182	3.219	23.930
445.182	3.219	23.960
446.182	3.219	23.880
447.182	3.219	23.950
448.182	3.220	23.970
449.182	3.219	23.910
450.182	3.220	23.940
451.182	3.220	23.970
452.182	3.219	23.920
453.182	3.220	23.960
454.182	3.220	23.960
455.182	3.219	23.920
456.182	3.220	24.040
457.182	3.220	23.910
458.182	3.220	23.960
459.182	3.220	23.970
460.182	3.219	23.910
461.182	3.219	23.940
462.182	3.220	23.970
463.182	3.220	23.900
464.182	3.220	23.970
465.182	3.220	23.940
466.182	3.220	23.950
467.182	3.220	23.960
468.182	3.219	23.970
469.182	3.219	23.970
470.182	3.220	23.940
471.182	3.219	23.950
472.182	3.219	23.850
473.182	3.219	23.950
474.182	3.219	23.980
475.182	3.219	23.940
476.182	3.219	23.970
477.182	3.219	23.930
478.182	3.219	23.980
479.182	3.220	23.930
480.182	3.380	25.020
481.182	3.509	25.950
482.182	3.538	26.190
483.182	3.538	26.230
484.182	3.538	26.240
485.182	3.538	26.270
486.182	3.537	26.360
487.182	3.537	26.340
488.182	3.538	26.300
489.182	3.537	26.250
490.182	3.537	26.310
491.182	3.537	26.310
492.182	3.537	26.290
493.182	3.537	26.270
494.182	3.537	26.340
495.182	3.537	26.300
496.182	3.537	26.230
497.182	3.537	26.290
498.182	3.537	26.370
499.182	3.537	26.250
500.182	3.537	26.290
501.182	3.537	26.350
502.182	3.537	26.300
503.182	3.537	26.270
504.182	3.537	26.370
505.182	3.537	26.320
506.182	3.537	26.270
507.182	3.537	26.350
508.182	3.537	26.280
509.182	3.537	26.290
510.182	3.537	26.340
511.182	3.537	26.250
512.182	3.537	26.300
513.182	3.537	26.330
514.182	3.537	26.250
515.182	3.537	26.350
516.182	3.537	26.240
517.182	3.537	26.370
518.182	3.537	26.250
519.182	3.537	26.330
520.182	3.537	26.230
521.182	3.537	26.330
522.182	3.537	26.280
523.182	3.537	26.240
524.182	3.537	26.330
525.182	3.537	26.270
526.182	3.537	26.310
527.182	3.537	26.290
528.182	3.537	26.280
529.182	3.537	26.340
530.182	3.537	26.300
531.182	3.537	26.320
532.182	3.537	26.280
533.182	3.537	26.330
534.182	3.537	26.340
535.182	3.537	26.280
536.182	3.537	26.330
537.182	3.537	26.340
538.182	3.537	26.270
539.182	3.537	26.360
540.182	3.537	26.300
541.182	3.537	26.320
542.182	3.537	26.270
543.182	3.537	26.390
544.182	3.537	26.280
545.182	3.537	26.380
546.182	3.537	26.250
547.182	3.537	26.370
548.182	3.537	26.310
549.182	3.537	26.290
550.182	3.537	26.310
551.182	3.537	26.310
552.182	3.537	26.340
553.182	3.537	26.290
554.182	3.537	26.310
555.182	3.537	26.310
556.182	3.537	26.290
557.182	3.537	26.320
558.182	3.537	26.320
559.182	3.537	26.280
560.182	3.537	26.320
561.182	3.537	26.340
562.182	3.537	26.290
563.182	3.537	26.320
564.182	3.537	26.300
565.182	3.537	26.380
566.182	3.537	26.260
567.182	3.537	26.310
568.182	3.537	26.260
569.182	3.537	26.380
570.182	3.537	26.330
571.182	3.537	26.310
572.182	3.537	26.240
573.182	3.537	26.320
574.182	3.538	26.360
575.182	3.558	26.310
576.182	3.609	26.980
577.182	3.729	27.650
578.182	3.797	27.700
579.182	3.947	29.210
580.182	4.155	30.030
581.182	4.155	30.900
582.182	4.155	30.900
583.182	4.155	31.000
584.182	4.155	30.900
585.182	4.155	30.900
586.182	4.155	31.000
587.182	4.155	30.900
588.182	4.154	30.900
589.182	4.155	31.000
590.182	4.155	31.100
591.182	4.155	31.000
592.182	4.155	31.000
593.182	4.155	31.000
594.182	4.155	31.000
595.182	4.155	31.000
596.182	4.155	31.000
597.182	4.155	31.000
598.182	4.155	31.000
599.182	4.155	31.000
600.182	4.155	31.000
601.182	4.155	31.000
602.182	4.155	31.000
603.182	4.155	31.000
604.182	4.155	31.000
605.182	4.155	31.000
606.182	4.155	31.000
607.182	4.155	31.000
608.182	4.154	31.000
609.182	4.154	31.000
610.182	4.154	30.900
611.182	4.155	30.900
612.182	4.155	31.000
613.182	4.155	31.000
614.182	4.155	31.000
615.182	4.155	31.000
616.182	4.155	31.000
617.182	4.155	31.000
618.182	4.155	31.000
619.182	4.155	31.000
620.182	4.155	31.000
621.182	4.155	31.000
622.182	4.155	31.000
623.182	4.155	31.000
624.182	4.156	31.000
625.182	4.156	31.000
626.182	4.156	31.000
627.182	4.156	31.000
628.182	4.156	31.000
629.182	4.156	31.000
630.182	4.156	31.000
631.182	4.156	31.000
632.182	4.156	31.000
633.182	4.156	31.000
634.182	4.156	31.000
635.182	4.156	31.000
636.182	4.156	31.000
637.182	4.156	31.000
638.182	4.156	31.000
639.182	4.156	31.000
640.182	4.156	31.000
641.182	4.156	31.000
642.182	4.156	31.000
643.182	4.156	31.000
644.182	4.156	31.000
645.182	4.156	31.000
646.182	4.156	31.000
647.182	4.157	31.000
648.182	4.156	31.000
649.182	4.156	31.000
650.182	4.156	31.000
651.182	4.156	31.000
652.182	4.156	31.000
653.182	4.156	30.900
654.182	4.156	31.100
655.182	4.156	31.000
656.182	4.156	31.000
657.182	4.156	31.000
658.182	4.156	31.000
659.182	4.156	31.100
660.182	4.157	31.000
661.182	4.156	31.000
662.182	4.156	31.000
663.182	4.157	31.000
664.182	4.156	31.000
665.182	4.157	31.000
666.182	4.157	30.900
667.182	4.157	31.000
668.182	4.157	31.000
669.182	4.340	32.300
670.182	4.394	32.500
671.182	4.551	33.300
672.182	4.548	34.000
673.182	4.548	33.900
674.182	4.548	33.900
675.182	4.547	34.100
676.182	4.547	34.000
677.182	4.547	34.000
678.182	4.547	34.000
679.182	4.547	34.000
680.182	4.547	33.900
681.182	4.547	33.900
682.182	4.547	33.900
683.182	4.547	34.000
684.182	4.547	34.000
685.182	4.547	34.000
686.182	4.546	34.000
687.182	4.547	33.900
688.182	4.547	33.900
689.182	4.546	34.000
690.182	4.546	34.000
691.182	4.546	34.000
692.182	4.546	33.900
693.182	4.546	34.000
694.182	4.546	34.000
695.182	4.546	34.000
696.182	4.546	34.000
697.182	4.546	34.000
698.182	4.546	34.000
699.182	4.546	33.900
700.182	4.546	33.900
701.182	4.546	33.900
702.182	4.546	33.900
703.182	4.546	34.000
704.182	4.546	34.000
705.182	4.546	33.900
706.182	4.546	33.900
707.182	4.546	33.900
708.182	4.546	33.900
709.182	4.546	33.900
710.182	4.546	33.900
711.182	4.546	33.900
712.182	4.546	33.900
713.182	4.546	34.000
714.182	4.547	34.000
715.182	4.546	34.100
716.182	4.546	33.900
717.182	4.547	33.900
718.182	4.547	34.000
719.182	4.547	33.900
720.182	4.546	34.000
721.182	4.546	34.000
722.182	4.546	33.900
723.182	4.546	33.900
724.182	4.546	34.100
725.182	4.546	34.000
726.182	4.546	33.900
727.182	4.546	34.000
728.182	4.546	34.000
729.182	4.546	33.900
730.182	4.546	33.800
731.182	4.547	33.900
732.182	4.546	33.800
733.182	4.546	33.900
734.182	4.547	33.800
735.182	4.546	34.000
736.182	4.546	33.900
737.182	4.546	34.000
738.182	4.546	34.100
739.182	4.546	33.900
740.182	4.546	34.100
741.182	4.547	33.900
742.182	4.547	33.900
743.182	4.546	34.200
744.182	4.546	34.000
745.182	4.546	33.900
746.182	4.546	33.900
747.182	4.546	33.800
748.182	4.546	34.000
749.182	4.546	34.100
750.182	4.546	34.000
751.182	4.546	33.900
752.182	4.546	33.900
753.182	4.546	33.900
754.182	4.546	34.100
755.182	4.546	34.000
756.182	4.546	34.000
757.182	4.546	33.900
758.182	4.546	33.900
759.182	4.546	33.900
760.182	4.546	34.100
761.182	4.546	34.100
762.182	4.546	34.000
763.182	4.585	34.000
764.182	4.718	35.000
765.182	4.744	35.400
766.182	4.873	35.500
767.182	4.926	36.400
768.182	4.954	36.900
769.182	5.033	37.600
770.182	5.033	37.700
771.182	5.033	37.700
772.182	5.033	37.700
773.182	5.033	37.700
774.182	5.033	37.700
775.182	5.033	37.700
776.182	5.033	37.700
777.182	5.033	37.700
778.182	5.033	37.700
779.182	5.033	37.700
780.182	5.033	37.700
781.182	5.033	37.600
782.182	5.033	37.700
783.182	5.033	37.800
784.182	5.033	37.600
785.182	5.033	37.600
786.182	5.033	37.700
787.182	5.033	37.600
788.182	5.033	37.700
789.182	5.033	37.700
790.182	5.033	37.700
791.182	5.033	37.700
792.182	5.033	37.700
793.182	5.033	37.600
794.182	5.033	37.700
795.182	5.032	37.700
796.182	5.033	37.700
797.182	5.033	37.600
798.182	5.033	37.700
799.182	5.033	37.600
800.182	5.033	37.700
801.182	5.033	37.700
802.182	5.033	37.700
803.182	5.033	37.700
804.182	5.033	37.700
805.182	5.033	37.700
806.182	5.034	37.600
807.182	5.034	37.600
808.182	5.034	37.700
809.182	5.034	37.700
810.182	5.034	37.600
811.182	5.034	37.600
812.182	5.034	37.700
813.182	5.034	37.700
814.182	5.034	37.700
815.182	5.034	37.700
816.182	5.034	37.700
817.182	5.035	37.600
818.182	5.034	37.700
819.182	5.034	37.700
820.182	5.034	37.600
821.182	5.034	37.600
822.182	5.035	37.700
823.182	5.035	37.700
824.182	5.035	37.700
825.182	5.035	37.600
826.182	5.035	37.700
827.182	5.035	37.600
828.182	5.035	37.700
829.182	5.035	37.700
830.182	5.035	37.700
831.182	5.035	37.700
832.182	5.035	37.600
833.182	5.035	37.700
834.182	5.035	37.700
835.182	5.035	37.700
836.182	5.035	37.700
837.182	5.035	37.700
838.182	5.035	37.700
839.182	5.035	37.700
840.182	5.035	37.700
841.182	5.035	37.600
842.182	5.035	37.700
843.182	5.035	37.700
844.182	5.035	37.700
845.182	5.035	37.700
846.182	5.035	37.700
847.182	5.035	37.700
848.182	5.035	37.700
849.182	5.035	37.700
850.182	5.035	37.700
851.182	5.035	37.700
852.182	5.035	37.700
853.182	5.035	37.600
854.182	5.242	39.100
855.182	5.327	39.700
856.182	5.528	40.400
857.182	5.521	41.400
858.182	5.521	41.400
859.182	5.521	41.400
860.182	5.521	41.500
861.182	5.521	41.400
862.184	5.521	41.300
863.182	5.521	41.300
864.182	5.521	41.400
865.182	5.520	41.500
866.182	5.520	41.500
867.182	5.520	41.400
868.182	5.520	41.300
869.182	5.520	41.500
870.182	5.520	41.400
871.182	5.520	41.400
872.182	5.520	41.500
873.182	5.520	41.400
874.182	5.520	41.500
875.182	5.520	41.400
876.182	5.520	41.400
877.182	5.520	41.500
878.182	5.520	41.400
879.182	5.520	41.500
880.182	5.520	41.500
881.182	5.520	41.400
882.182	5.520	41.500
883.182	5.520	41.400
884.182	5.520	41.400
885.182	5.520	41.300
886.182	5.520	41.400
887.182	5.519	41.400
888.182	5.519	41.300
889.182	5.519	41.400
890.182	5.519	41.500
891.182	5.519	41.500
892.182	5.519	41.500
893.182	5.519	41.400
894.182	5.520	41.400
895.182	5.519	41.500
896.182	5.519	41.600
897.182	5.520	41.400
898.182	5.520	41.400
899.182	5.519	41.400
900.182	5.519	41.400
901.182	5.519	41.500
902.182	5.519	41.500
903.182	5.519	41.500
904.182	5.519	41.500
905.182	5.520	41.400
906.182	5.520	41.500
907.182	5.519	41.500
908.182	5.519	41.500
909.182	5.519	41.500
910.182	5.519	41.500
911.182	5.519	41.500
912.182	5.519	41.400
913.182	5.519	41.500
914.182	5.519	41.500
915.182	5.519	41.500
916.182	5.518	41.500
917.182	5.518	41.400
918.182	5.518	41.500
919.182	5.518	41.400
920.182	5.518	41.500
921.182	5.518	41.400
922.182	5.518	41.400
923.182	5.518	41.400
924.182	5.518	41.500
925.182	5.518	41.500
926.182	5.518	41.400
927.182	5.517	41.400
928.182	5.517	41.400
929.182	5.517	41.400
930.182	5.517	41.500
931.182	5.517	41.600
932.182	5.518	41.500
933.182	5.518	41.500
934.182	5.517	41.500
935.182	5.518	41.500
936.182	5.518	41.500
937.182	5.518	41.400
938.182	5.518	41.400
939.182	5.518	41.400
940.182	5.518	41.400
941.182	5.518	41.400
942.182	5.519	41.500
943.182	5.519	41.500
944.182	5.519	41.600
945.182	5.519	41.500
946.182	5.694	42.400
947.182	5.716	42.900
948.182	5.716	42.900
949.182	5.716	43.000
950.182	5.715	43.000
951.182	5.715	42.900
952.182	5.715	43.000
953.182	5.790	43.000
954.182	5.910	44.300
955.182	5.977	44.900
956.182	5.976	44.900
957.182	5.975	44.900
958.182	6.072	45.700
959.182	6.072	45.700
960.182	6.072	45.700
961.182	6.072	45.700
962.182	6.072	45.700
963.182	6.072	45.800
964.182	6.072	45.700
965.182	6.072	45.700
966.182	6.072	45.700
967.182	6.072	45.600
968.182	6.072	45.700
969.182	6.072	45.700
970.182	6.072	45.700
971.182	6.072	45.700
972.182	6.072	45.700
973.182	6.072	45.700
974.182	6.072	45.700
975.182	6.072	45.800
976.182	6.072	45.800
977.182	6.072	45.800
978.182	6.072	45.800
979.182	6.072	45.700
980.182	6.072	45.800
981.182	6.072	45.700
982.182	6.072	45.600
983.182	6.072	45.600
984.182	6.072	45.700
985.182	6.072	45.700
986.182	6.072	45.700
987.182	6.072	45.600
988.182	6.072	45.800
989.182	6.072	45.700
990.182	6.072	45.700
991.182	6.072	45.600
992.182	6.072	45.600
993.182	6.072	45.700
994.182	6.072	45.700
995.182	6.072	45.600
996.182	6.072	45.700
997.182	6.072	45.600
998.182	6.073	45.600
999.182	6.073	45.700
1000.182	6.073	45.700
1001.182	6.073	45.700
1002.182	6.073	45.600
1003.182	6.073	45.700
1004.182	6.073	45.600
1005.182	6.073	45.600
1006.182	6.073	45.600
1007.182	6.073	45.700
1008.182	6.073	45.600
1009.182	6.073	45.700
1010.182	6.073	45.600
1011.182	6.073	45.600
1012.182	6.073	45.600
1013.182	6.073	45.700
1014.182	6.073	45.800
1015.182	6.073	45.600
1016.182	6.073	45.700
1017.182	6.073	45.700
1018.182	6.073	45.700
1019.182	6.073	45.700
1020.182	6.073	45.600
1021.182	6.073	45.700
1022.182	6.073	45.700
1023.182	6.073	45.600
1024.182	6.073	45.700
1025.182	6.073	45.600
1026.182	6.073	45.700
1027.182	6.073	45.700
1028.182	6.073	45.700
1029.182	6.072	45.700
1030.182	6.072	45.700
1031.182	6.072	45.700
1032.182	6.072	45.700
1033.182	6.072	45.700
1034.182	6.072	45.700
1035.182	6.255	46.600
1036.182	6.385	47.500
1037.182	6.500	48.100
1038.182	6.515	49.100
1039.182	6.526	49.100
1040.182	6.526	49.100
1041.182	6.526	49.100
1042.182	6.526	49.100
1043.182	6.526	49.300
1044.182	6.527	49.200
1045.182	6.527	49.100
1046.182	6.527	49.100
1047.182	6.527	49.300
1048.182	6.527	49.200
1049.182	6.527	49.100
1050.182	6.527	49.100
1051.182	6.527	49.200
1052.182	6.527	49.200
1053.182	6.527	49.100
1054.182	6.527	49.100
1055.182	6.527	49.100
1056.182	6.527	49.100
1057.182	6.527	49.100
1058.182	6.527	49.100
1059.182	6.527	49.100
1060.182	6.527	49.200
1061.182	6.527	49.200
1062.182	6.527	49.200
1063.182	6.527	49.100
1064.182	6.527	49.100
1065.182	6.527	49.100
1066.182	6.527	49.200
1067.182	6.527	49.200
1068.182	6.527	49.100
1069.182	6.527	49.100
1070.182	6.527	49.200
1071.182	6.527	49.200
1072.182	6.527	49.100
1073.182	6.527	49.300
1074.182	6.527	49.200
1075.182	6.527	49.200
1076.182	6.527	49.200
1077.182	6.527	49.200
1078.182	6.527	49.300
1079.182	6.527	49.100
1080.182	6.527	49.100
1081.182	6.527	49.300
1082.182	6.527	49.100
1083.182	6.527	49.100
1084.182	6.527	49.200
1085.182	6.527	49.200
1086.182	6.527	49.100
1087.182	6.527	49.100
1088.182	6.527	49.200
1089.182	6.527	49.200
1090.182	6.527	49.100
1091.182	6.527	49.300
1092.182	6.527	49.100
1093.182	6.527	49.200
1094.182	6.527	49.300
1095.182	6.527	49.100
1096.182	6.527	49.200
1097.182	6.527	49.100
1098.182	6.527	49.200
1099.182	6.527	49.200
1100.182	6.527	49.100
1101.182	6.527	49.100
1102.182	6.527	49.200
1103.182	6.527	49.300
1104.182	6.527	49.200
1105.182	6.527	49.200
1106.182	6.527	49.100
1107.182	6.527	49.100
1108.182	6.527	49.100
1109.182	6.527	49.100
1110.182	6.527	49.100
1111.182	6.528	49.100
1112.182	6.528	49.200
1113.182	6.528	49.100
1114.182	6.528	49.200
1115.182	6.528	49.200
1116.182	6.528	49.300
1117.182	6.528	49.200
1118.182	6.528	49.100
1119.182	6.528	49.100
1120.182	6.528	49.200
1121.182	6.528	49.200
1122.182	6.528	49.100
1123.182	6.658	49.900
1124.182	6.821	51.500
1125.182	6.921	51.700
1126.182	6.919	52.200
1127.182	7.016	52.800
1128.182	7.016	52.900
1129.182	7.016	52.900
1130.182	7.016	52.900
1131.182	7.016	52.900
1132.182	7.016	52.900
1133.182	7.016	52.900
1134.182	7.016	53.000
1135.182	7.016	53.000
1136.182	7.016	52.900
1137.182	7.016	52.900
1138.182	7.016	52.900
1139.182	7.016	52.900
1140.182	7.016	52.900
1141.182	7.016	52.900
1142.182	7.016	53.000
1143.182	7.016	53.000
1144.182	7.016	53.000
1145.182	7.016	53.000
1146.182	7.016	53.000
1147.182	7.016	53.000
1148.182	7.016	52.900
1149.182	7.016	52.900
1150.182	7.016	52.900
1151.182	7.016	53.000
1152.182	7.016	53.000
1153.182	7.016	52.900
1154.182	7.016	52.900
1155.182	7.016	52.900
1156.182	7.016	52.900
1157.182	7.016	52.900
1158.182	7.016	52.900
1159.182	7.016	52.900
1160.182	7.016	52.900
1161.182	7.016	53.000
1162.182	7.016	53.000
1163.182	7.015	52.900
1164.182	7.015	52.900
1165.182	7.015	52.900
1166.182	7.015	52.900
1167.182	7.015	53.000
1168.182	7.016	53.000
1169.182	7.016	52.900
1170.182	7.015	53.000
1171.182	7.015	52.900
1172.182	7.015	53.000
1173.182	7.015	52.900
1174.182	7.015	52.900
1175.182	7.015	53.000
1176.182	7.015	52.900
1177.182	7.015	52.900
1178.182	7.015	52.900
1179.182	7.015	52.900
1180.182	7.015	53.000
1181.182	7.015	52.900
1182.182	7.015	52.900
1183.182	7.015	53.000
1184.182	7.015	52.900
1185.182	7.015	52.900
1186.182	7.015	53.000
1187.182	7.015	52.900
1188.182	7.015	53.000
1189.182	7.015	52.900
1190.182	7.015	52.900
1191.182	7.016	53.000
1192.182	7.016	52.900
1193.182	7.016	53.000
1194.182	7.016	52.900
1195.182	7.016	52.800
1196.182	7.016	52.900
1197.182	7.016	52.900
1198.182	7.016	53.000
1199.182	7.016	53.000
1200.182	7.016	53.000
1201.182	7.016	53.100
1202.182	7.016	53.000
1203.182	7.016	52.900
1204.182	7.016	52.900
1205.182	7.016	52.900
1206.182	7.016	53.000
1207.182	7.016	53.000
1208.182	7.016	52.900
1209.182	7.016	52.900
1210.182	7.016	52.900
1211.182	7.016	52.900
1212.182	7.016	52.900
1213.182	7.016	52.900
1214.182	7.016	52.900
1215.182	7.016	52.900
1216.182	7.016	52.900
1217.182	7.072	52.900
1218.182	7.347	55.300
1219.182	7.441	55.400
1220.182	7.503	56.600
1221.182	7.537	56.800
1222.182	7.537	56.900
1223.182	7.537	56.800
1224.182	7.537	56.900
1225.182	7.536	56.900
1226.182	7.536	57.000
1227.182	7.536	57.000
1228.182	7.536	57.000
1229.182	7.536	57.000
1230.182	7.536	57.000
1231.182	7.536	56.900
1232.182	7.536	56.900
1233.182	7.536	56.900
1234.182	7.535	56.800
1235.182	7.535	56.800
1236.182	7.535	56.900
1237.182	7.535	56.900
1238.182	7.535	56.800
1239.182	7.535	56.800
1240.182	7.535	56.900
1241.182	7.535	57.000
1242.182	7.535	56.900
1243.182	7.535	56.800
1244.182	7.535	56.900
1245.182	7.535	57.000
1246.182	7.536	57.000
1247.182	7.536	56.700
1248.182	7.535	57.000
1249.182	7.535	56.800
1250.182	7.536	56.800
1251.182	7.536	56.800
1252.182	7.536	56.900
1253.182	7.536	57.000
1254.182	7.536	57.000
1255.182	7.536	56.900
1256.182	7.536	56.900
1257.182	7.536	56.800
1258.182	7.536	56.900
1259.182	7.536	56.900
1260.182	7.536	56.900
1261.182	7.536	56.800
1262.182	7.536	56.800
1263.182	7.536	56.900
1264.182	7.536	56.900
1265.182	7.536	57.000
1266.182	7.536	56.800
1267.182	7.536	57.100
1268.182	7.536	56.900
1269.182	7.536	56.900
1270.182	7.536	56.900
1271.182	7.537	56.900
1272.182	7.537	57.000
1273.182	7.537	56.800
1274.182	7.537	56.900
1275.182	7.537	56.900
1276.182	7.537	56.900
1277.182	7.537	56.800
1278.182	7.537	56.900
1279.182	7.537	56.900
1280.182	7.537	56.900
1281.182	7.537	56.900
1282.182	7.537	56.800
1283.182	7.537	56.900
1284.182	7.537	57.000
1285.182	7.537	57.000
1286.182	7.537	57.000
1287.182	7.537	56.800
1288.182	7.538	56.800
1289.182	7.538	57.000
1290.182	7.538	57.000
1291.182	7.538	56.900
1292.182	7.538	57.000
1293.182	7.538	56.800
1294.182	7.538	57.000
1295.182	7.538	56.800
1296.182	7.538	57.100
1297.182	7.538	56.800
1298.182	7.537	57.000
1299.182	7.537	56.900
1300.182	7.537	57.000
1301.182	7.537	57.000
1302.182	7.537	56.900
1303.182	7.537	56.900
1304.182	7.537	57.000
1305.182	7.537	56.900
1306.182	7.537	57.100
1307.182	7.537	56.900
1308.182	7.537	57.000
1309.182	7.538	56.900
1310.182	7.538	56.900
1311.182	7.543	57.000
1312.182	7.893	59.200
1313.182	7.940	59.700
1314.182	7.957	60.100
1315.182	8.022	60.500
1316.182	8.022	60.700
1317.182	8.021	60.600
1318.182	8.022	60.500
1319.182	8.022	60.700
1320.182	8.022	60.700
1321.182	8.022	60.600
1322.182	8.021	60.700
1323.182	8.021	60.700
1324.182	8.021	60.500
1325.182	8.021	60.700
1326.182	8.021	60.700
1327.182	8.021	60.700
1328.182	8.021	60.700
1329.182	8.021	60.700
1330.182	8.021	60.700
1331.182	8.021	60.700
1332.182	8.021	60.700
1333.182	8.021	60.700
1334.182	8.021	60.700
1335.182	8.021	60.600
1336.182	8.021	60.600
1337.182	8.021	60.600
1338.182	8.021	60.600
1339.182	8.021	60.600
1340.182	8.020	60.700
1341.182	8.020	60.600
1342.182	8.020	60.500
1343.182	8.020	60.600
1344.182	8.020	60.600
1345.182	8.020	60.700
1346.182	8.020	60.700
1347.182	8.020	60.600
1348.182	8.020	60.600
1349.182	8.020	60.700
1350.182	8.020	60.600
1351.182	8.020	60.600
1352.182	8.020	60.600
1353.182	8.020	60.700
1354.182	8.020	60.800
1355.182	8.020	60.600
1356.182	8.020	60.600
1357.182	8.020	60.600
1358.182	8.020	60.600
1359.182	8.020	60.700
1360.182	8.020	60.600
1361.182	8.020	60.600
1362.182	8.020	60.600
1363.182	8.020	60.800
1364.182	8.020	60.600
1365.182	8.020	60.600
1366.182	8.020	60.700
1367.182	8.020	60.700
1368.182	8.020	60.600
1369.182	8.020	60.700
1370.182	8.020	60.700
1371.182	8.020	60.700
1372.182	8.021	60.600
1373.182	8.021	60.700
1374.182	8.021	60.600
1375.182	8.021	60.800
1376.182	8.021	60.800
1377.182	8.021	60.600
1378.182	8.021	60.700
1379.182	8.021	60.700
1380.182	8.021	60.700
1381.182	8.021	60.700
1382.182	8.021	60.700
1383.182	8.021	60.700
1384.182	8.021	60.600
1385.182	8.021	60.700
1386.182	8.021	60.600
1387.182	8.021	60.700
1388.182	8.021	60.700
1389.182	8.021	60.600
1390.182	8.022	60.800
1391.182	8.022	60.700
1392.182	8.021	60.700
1393.182	8.022	60.700
1394.182	8.022	60.700
1395.182	8.021	60.600
1396.182	8.021	60.700
1397.182	8.021	60.700
1398.182	8.022	60.700
1399.182	8.022	60.800
1400.182	8.021	60.600
1401.182	8.021	60.600
1402.182	8.274	61.700
1403.182	8.398	62.700
1404.182	8.443	63.700
1405.182	8.604	65.100
1406.182	8.604	65.200
1407.182	8.604	65.200
1408.182	8.604	65.100
1409.182	8.604	65.300
1410.182	8.604	65.100
1411.182	8.604	65.200
1412.182	8.604	65.100
1413.182	8.603	65.300
1414.182	8.603	65.200
1415.182	8.603	65.200
1416.182	8.603	65.200
1417.182	8.603	65.200
1418.182	8.603	65.100
1419.182	8.603	65.300
1420.182	8.603	65.100
1421.182	8.603	65.200
1422.182	8.603	65.200
1423.182	8.604	65.000
1424.182	8.603	65.000
1425.182	8.604	65.200
1426.182	8.604	65.100
1427.182	8.604	65.100
1428.182	8.604	65.200
1429.182	8.604	65.000
1430.182	8.604	65.100
1431.182	8.604	65.200
1432.182	8.604	65.000
1433.182	8.604	65.200
1434.182	8.604	65.000
1435.182	8.604	65.200
1436.182	8.604	65.000
1437.182	8.604	65.100
1438.182	8.603	65.000
1439.182	8.603	65.100
1440.182	8.603	65.100
1441.182	8.603	65.000
1442.182	8.604	65.200
1443.182	8.603	65.000
1444.182	8.603	65.200
1445.182	8.604	65.000
1446.182	8.604	65.200
1447.182	8.604	65.000
1448.182	8.603	65.100
1449.182	8.603	65.100
1450.182	8.603	65.000
1451.182	8.604	65.200
1452.182	8.604	65.000
1453.182	8.604	65.200
1454.182	8.604	65.100
1455.182	8.603	65.100
1456.182	8.604	65.200
1457.182	8.604	65.000
1458.182	8.604	65.200
1459.182	8.604	65.100
1460.182	8.604	65.100
1461.182	8.604	65.200
1462.182	8.604	65.000
1463.182	8.604	65.000
1464.182	8.604	65.000
1465.182	8.604	65.000
1466.182	8.604	65.100
1467.182	8.604	65.200
1468.182	8.604	65.100
1469.182	8.604	65.000
1470.182	8.604	65.200
1471.182	8.604	65.100
1472.182	8.604	65.000
1473.182	8.604	65.000
1474.182	8.604	65.200
1475.182	8.604	65.100
1476.182	8.604	65.000
1477.182	8.604	65.200
1478.182	8.604	65.000
1479.182	8.604	65.200
1480.182	8.603	65.000
1481.182	8.603	65.200
1482.182	8.603	65.000
1483.182	8.603	65.300
1484.182	8.603	65.000
1485.182	8.603	65.200
1486.182	8.603	65.100
1487.182	8.603	65.100
1488.185	8.603	65.100
1489.182	8.603	65.100
1490.182	8.603	65.200
1491.182	8.603	65.000
1492.182	8.603	65.200
1493.182	8.819	66.900
1494.182	9.037	66.800
1495.182	9.026	68.200
1496.182	9.026	68.300
1497.182	9.025	68.300
1498.182	9.025	68.300
1499.182	9.025	68.400
1500.182	9.025	68.200
1501.182	9.025	68.200
1502.182	9.025	68.400
1503.182	9.025	68.300
1504.182	9.025	68.300
1505.182	9.025	68.200
1506.182	9.025	68.400
1507.182	9.025	68.300
1508.182	9.025	68.300
1509.182	9.025	68.300
1510.182	9.025	68.300
1511.182	9.025	68.500
1512.182	9.025	68.500
1513.182	9.025	68.500
1514.182	9.025	68.500
1515.182	9.025	68.500
1516.182	9.025	68.400
1517.182	9.025	68.200
1518.182	9.025	68.400
1519.182	9.025	68.300
1520.182	9.024	68.400
1521.182	9.024	68.400
1522.182	9.024	68.400
1523.182	9.024	68.300
1524.182	9.024	68.300
1525.182	9.024	68.400
1526.182	9.025	68.500
1527.182	9.024	68.400
1528.182	9.024	68.200
1529.182	9.024	68.300
1530.182	9.024	68.400
1531.182	9.024	68.400
1532.182	9.024	68.500
1533.182	9.024	68.400
1534.182	9.024	68.300
1535.182	9.024	68.200
1536.182	9.024	68.400
1537.182	9.024	68.500
1538.182	9.024	68.500
1539.182	9.024	68.500
1540.182	9.024	68.300
1541.182	9.024	68.300
1542.182	9.024	68.400
1543.182	9.024	68.200
1544.182	9.024	68.400
1545.182	9.024	68.300
1546.182	9.024	68.400
1547.182	9.024	68.300
1548.182	9.024	68.400
1549.182	9.024	68.300
1550.182	9.024	68.400
1551.182	9.024	68.300
1552.182	9.024	68.400
1553.182	9.024	68.300
1554.182	9.024	68.400
1555.182	9.024	68.400
1556.182	9.024	68.300
1557.182	9.024	68.500
1558.182	9.024	68.400
1559.182	9.024	68.300
1560.182	9.024	68.400
1561.182	9.024	68.400
1562.182	9.024	68.300
1563.182	9.024	68.300
1564.182	9.024	68.400
1565.182	9.024	68.400
1566.182	9.024	68.300
1567.182	9.024	68.400
1568.182	9.024	68.500
1569.182	9.024	68.300
1570.182	9.024	68.300
1571.182	9.024	68.200
1572.182	9.024	68.400
1573.182	9.024	68.400
1574.182	9.024	68.400
1575.182	9.024	68.500
1576.182	9.024	68.500
1577.182	9.024	68.500
1578.182	9.024	68.300
1579.182	9.024	68.300
1580.182	9.024	68.400
1581.182	9.024	68.400
1582.182	9.024	68.200
1583.182	9.331	70.400
1584.182	9.318	70.700
1585.182	9.413	71.300
1586.182	9.507	71.300
1587.182	9.536	72.300
1588.182	9.534	72.200
1589.182	9.533	72.300
1590.182	9.532	72.200
1591.182	9.531	72.300
1592.182	9.531	72.200
1593.182	9.531	72.300
1594.182	9.530	72.200
1595.182	9.530	72.200
1596.182	9.530	72.200
1597.182	9.530	72.200
1598.182	9.530	72.100
1599.182	9.529	72.100
1600.182	9.529	72.100
1601.182	9.529	72.100
1602.182	9.529	72.100
1603.182	9.529	72.200
1604.182	9.529	72.300
1605.182	9.528	72.100
1606.182	9.528	72.100
1607.182	9.528	72.000
1608.182	9.528	72.200
1609.182	9.528	72.100
1610.182	9.528	72.100
1611.182	9.527	72.200
1612.182	9.527	72.200
1613.182	9.527	72.000
1614.182	9.527	72.200
1615.182	9.527	72.200
1616.182	9.527	72.200
1617.182	9.527	72.200
1618.182	9.527	72.100
1619.182	9.527	72.200
1620.182	9.527	72.200
1621.182	9.527	72.100
1622.182	9.527	72.200
1623.182	9.527	72.100
1624.182	9.527	72.200
1625.182	9.527	72.200
1626.182	9.527	72.200
1627.182	9.527	72.300
1628.182	9.527	72.100
1629.182	9.527	72.200
1630.182	9.527	72.200
1631.182	9.527	72.300
1632.182	9.527	72.100
1633.182	9.527	72.300
1634.182	9.527	72.100
1635.182	9.527	72.200
1636.182	9.527	72.200
1637.182	9.527	72.300
1638.182	9.527	72.200
1639.182	9.527	72.200
1640.182	9.527	72.100
1641.182	9.527	72.200
1642.182	9.527	72.200
1643.182	9.527	72.100
1644.182	9.527	72.100
1645.182	9.527	72.100
1646.182	9.527	72.200
1647.182	9.527	72.200
1648.182	9.527	72.200
1649.182	9.527	72.200
1650.182	9.528	72.200
1651.182	9.527	72.100
1652.182	9.528	72.200
1653.182	9.528	72.200
1654.182	9.527	72.100
1655.182	9.527	72.200
1656.182	9.527	72.100
1657.182	9.527	72.200
1658.182	9.527	72.100
1659.182	9.527	72.200
1660.182	9.527	72.200
1661.182	9.527	72.200
1662.182	9.527	72.200
1663.182	9.527	72.200
1664.182	9.527	72.200
1665.182	9.527	72.100
1666.182	9.527	72.200
1667.182	9.527	72.200
1668.182	9.527	72.200
1669.182	9.527	72.200
1670.182	9.527	72.200
1671.182	9.526	72.100
1672.182	9.526	72.200
1673.182	9.526	72.200
1674.182	9.526	72.200
1675.182	9.526	72.200
1676.182	9.572	72.100
1677.182	9.767	73.700
1678.182	9.863	73.700
1679.182	9.919	74.800
1680.182	9.999	75.200
1681.182	10.087	76.400
1682.182	10.087	76.300
1683.182	10.087	76.400
1684.182	10.087	76.400
1685.182	10.088	76.400
1686.182	10.088	76.400
1687.182	10.088	76.500
1688.182	10.088	76.500
1689.182	10.088	76.400
1690.182	10.088	76.500
1691.182	10.088	76.500
1692.182	10.087	76.400
1693.182	10.088	76.500
1694.182	10.088	76.400
1695.182	10.087	76.400
1696.182	10.087	76.400
1697.182	10.088	76.500
1698.182	10.088	76.400
1699.182	10.087	76.500
1700.182	10.088	76.500
1701.182	10.088	76.300
1702.182	10.087	76.400
1703.182	10.088	76.500
1704.182	10.088	76.400
1705.182	10.088	76.400
1706.182	10.087	76.500
1707.182	10.087	76.500
1708.182	10.088	76.300
1709.182	10.088	76.500
1710.182	10.088	76.500
1711.182	10.088	76.400
1712.182	10.088	76.400
1713.182	10.088	76.400
1714.182	10.088	76.500
1715.182	10.088	76.500
1716.182	10.088	76.600
1717.182	10.088	76.600
1718.182	10.088	76.600
1719.182	10.088	76.500
1720.182	10.088	76.500
1721.182	10.088	76.500
1722.182	10.088	76.600
1723.182	10.088	76.600
1724.182	10.088	76.600
1725.182	10.088	76.500
1726.182	10.088	76.500
1727.182	10.088	76.500
1728.182	10.088	76.500
1729.182	10.088	76.500
1730.182	10.088	76.400
1731.182	10.088	76.400
1732.182	10.088	76.600
1733.182	10.088	76.500
1734.182	10.088	76.500
1735.182	10.088	76.600
1736.182	10.089	76.600
1737.182	10.089	76.500
1738.182	10.089	76.600
1739.182	10.089	76.500
1740.182	10.089	76.400
1741.182	10.089	76.500
1742.182	10.089	76.600
1743.182	10.089	76.400
1744.182	10.089	76.600
1745.182	10.089	76.400
1746.182	10.089	76.600
1747.182	10.089	76.400
1748.182	10.089	76.500
1749.182	10.089	76.500
1750.182	10.089	76.400
1751.182	10.089	76.600
1752.182	10.089	76.600
1753.182	10.089	76.400
1754.182	10.089	76.400
1755.182	10.089	76.600
1756.182	10.089	76.600
1757.182	10.089	76.400
1758.182	10.089	76.600
1759.182	10.089	76.400
1760.182	10.089	76.600
1761.182	10.089	76.500
1762.182	10.089	76.500
1763.182	10.089	76.600
1764.182	10.089	76.400
1765.182	10.089	76.600
1766.182	10.086	76.500
1767.182	10.385	78.800
1768.182	10.507	79.400
1769.182	10.487	79.600
1770.182	10.487	79.700
1771.182	10.487	79.600
1772.182	10.487	79.600
1773.182	10.487	79.600
1774.182	10.486	79.600
1775.182	10.486	79.700
1776.182	10.486	79.600
1777.182	10.486	79.600
1778.182	10.486	79.700
1779.182	10.486	79.800
1780.182	10.486	79.700
1781.182	10.487	79.400
1782.182	10.487	79.400
1783.182	10.487	79.400
1784.182	10.487	79.400
1785.182	10.487	79.400
1786.182	10.487	79.400
1787.182	10.487	79.500
1788.182	10.487	79.400
1789.182	10.487	79.500
1790.182	10.487	79.600
1791.182	10.487	79.500
1792.182	10.487	79.400
1793.182	10.487	79.500
1794.182	10.487	79.400
1795.182	10.486	79.500
1796.182	10.487	79.500
1797.182	10.487	79.500
1798.182	10.487	79.600
1799.182	10.487	79.400
1800.182	10.487	79.600
1801.182	10.487	79.500
1802.182	10.487	79.400
1803.182	10.487	79.500
1804.182	10.487	79.400
1805.182	10.487	79.400
1806.182	10.487	79.600
1807.182	10.487	79.400
1808.182	10.487	79.500
1809.182	10.488	79.600
1810.182	10.487	79.500
1811.182	10.488	79.600
1812.182	10.488	79.500
1813.182	10.488	79.400
1814.182	10.488	79.600
1815.182	10.488	79.400
1816.182	10.488	79.500
1817.182	10.488	79.600
1818.182	10.488	79.500
1819.182	10.488	79.400
1820.182	10.488	79.500
1821.182	10.488	79.600
1822.182	10.488	79.500
1823.182	10.488	79.600
1824.182	10.488	79.600
1825.182	10.488	79.600
1826.182	10.488	79.600
1827.182	10.488	79.600
1828.182	10.488	79.600
1829.182	10.488	79.600
1830.182	10.488	79.600
1831.182	10.488	79.600
1832.182	10.488	79.600
1833.182	10.488	79.400
1834.182	10.488	79.400
1835.182	10.488	79.600
1836.182	10.488	79.500
1837.182	10.488	79.500
1838.182	10.488	79.600
1839.182	10.489	79.400
1840.182	10.489	79.600
1841.182	10.489	79.500
1842.182	10.489	79.400
1843.182	10.489	79.600
1844.182	10.489	79.600
1845.182	10.489	79.500
1846.182	10.489	79.400
1847.182	10.489	79.500
1848.182	10.489	79.500
1849.182	10.489	79.500
1850.182	10.489	79.500
1851.182	10.489	79.500
1852.182	10.489	79.500
1853.182	10.489	79.600
1854.182	10.489	79.400
1855.182	10.489	79.500
1856.182	10.489	79.400
1857.182	10.489	79.600
1858.182	10.489	79.400
1859.182	10.489	79.600
1860.182	10.489	79.600
1861.182	10.489	79.500
1862.182	10.489	79.400
1863.182	10.489	79.600
1864.182	10.489	79.600
1865.182	10.489	79.600
1866.182	10.489	79.500
1867.182	10.489	79.500
1868.182	10.489	79.500
1869.182	10.490	79.500
1870.182	10.676	80.900
1871.182	10.742	81.400
1872.182	10.906	82.100
1873.182	10.968	83.100
1874.182	10.968	83.000
1875.182	10.967	83.100
1876.182	10.967	83.100
1877.182	10.967	83.100
1878.182	10.967	83.100
1879.182	10.967	83.100
1880.182	10.967	83.100
1881.182	10.967	83.100
1882.182	10.967	83.100
1883.182	10.967	83.200
1884.182	10.967	83.100
1885.182	10.967	83.100
1886.182	10.967	83.100
1887.182	10.967	83.200
1888.182	10.967	83.200
1889.182	10.967	83.100
1890.182	10.967	83.100
1891.182	10.967	83.100
1892.182	10.967	83.200
1893.182	10.967	83.100
1894.182	10.967	83.000
1895.182	10.967	83.100
1896.182	10.967	83.200
1897.182	10.967	83.100
1898.182	10.967	83.100
1899.182	10.967	83.100
1900.182	10.967	83.100
1901.182	10.967	83.100
1902.182	10.967	83.200
1903.182	10.967	83.200
1904.182	10.967	83.100
1905.182	10.967	83.100
1906.182	10.967	83.200
1907.182	10.967	83.100
1908.182	10.967	83.200
1909.182	10.966	83.200
1910.182	10.966	83.100
1911.182	10.966	83.100
1912.182	10.966	83.200
1913.182	10.966	83.200
1914.182	10.966	83.200
1915.182	10.966	83.100
1916.182	10.966	83.200
1917.182	10.966	83.000
1918.182	10.967	83.100
1919.182	10.966	83.100
1920.182	10.967	83.000
1921.182	10.966	83.100
1922.182	10.966	83.100
1923.182	10.966	83.100
1924.182	10.966	83.100
1925.182	10.966	83.100
1926.182	10.966	83.200
1927.182	10.966	83.100
1928.182	10.966	83.200
1929.182	10.966	83.200
1930.182	10.967	83.100
1931.182	10.966	83.100
1932.182	10.966	83.200
1933.182	10.966	83.300
1934.182	10.966	83.200
1935.182	10.967	83.100
1936.182	10.967	83.100
1937.182	10.967	83.100
1938.182	10.967	83.100
1939.182	10.967	83.100
1940.182	10.967	83.200
1941.182	10.967	83.300
1942.182	10.967	83.200
1943.182	10.967	83.200
1944.182	10.967	83.200
1945.182	10.967	83.200
1946.182	10.967	83.200
1947.182	10.967	83.200
1948.182	10.967	83.100
1949.182	10.967	83.200
1950.182	10.967	83.200
1951.182	10.967	83.100
1952.182	10.967	83.200
1953.182	10.967	83.200
1954.182	10.967	83.200
1955.182	10.967	83.200
1956.182	10.966	83.300
1957.182	10.967	83.200
1958.182	11.281	84.900
1959.182	11.324	85.900
1960.182	11.324	85.900
1961.182	11.487	87.000
1962.182	11.486	87.100
1963.182	11.488	87.100
1964.182	11.613	88.200
1965.182	11.613	88.200
1966.182	11.613	88.200
1967.182	11.614	88.100
1968.182	11.614	88.100
1969.182	11.614	88.200
1970.182	11.614	88.100
1971.182	11.614	88.100
1972.182	11.614	88.200
1973.182	11.614	88.300
1974.182	11.614	88.200
1975.182	11.614	88.100
1976.182	11.614	88.100
1977.182	11.614	88.100
1978.182	11.614	88.100
1979.182	11.614	88.200
1980.182	11.614	88.300
1981.182	11.614	88.100
1982.182	11.614	87.900
1983.182	11.614	88.000
1984.182	11.614	88.100
1985.182	11.614	88.100
1986.182	11.614	88.100
1987.182	11.614	88.000
1988.182	11.614	88.000
1989.182	11.614	88.000
1990.182	11.614	87.900
1991.182	11.614	88.000
1992.182	11.615	88.100
1993.182	11.614	88.100
1994.182	11.614	88.200
1995.182	11.614	88.100
1996.182	11.614	88.200
1997.182	11.614	87.900
1998.182	11.614	88.000
1999.182	11.614	88.100
2000.182	11.615	88.200
2001.182	11.615	88.200
2002.182	11.615	88.100
2003.182	11.615	88.200
2004.182	11.615	88.000
2005.182	11.615	88.000
2006.182	11.615	88.100
2007.182	11.615	88.200
2008.182	11.615	88.200
2009.182	11.615	88.000
2010.182	11.615	88.000
2011.182	11.615	88.000
2012.182	11.615	88.100
2013.182	11.615	88.200
2014.182	11.614	88.200
2015.182	11.615	88.100
2016.182	11.614	88.000
2017.182	11.614	88.200
2018.182	11.614	88.300
2019.182	11.614	88.100
2020.182	11.614	88.100
2021.182	11.614	88.100
2022.182	11.614	88.200
2023.182	11.614	88.100
2024.182	11.614	88.100
2025.182	11.614	88.300
2026.182	11.614	88.000
2027.182	11.614	88.200
2028.182	11.614	88.300
2029.182	11.614	88.200
2030.182	11.614	88.300
2031.182	11.614	88.200
2032.182	11.614	88.200
2033.182	11.614	88.100
2034.182	11.615	88.100
2035.182	11.615	88.100
2036.182	11.615	88.100
2037.182	11.615	88.200
2038.182	11.615	88.300
2039.182	11.615	88.300
2040.182	11.615	88.000
2041.182	11.615	88.100
2042.182	11.615	88.200
2043.182	11.615	88.200
2044.182	11.615	88.100
2045.182	11.615	88.200
2046.182	11.615	88.200
2047.182	11.615	88.100
2048.182	11.615	88.200
2049.182	11.615	88.100
2050.182	11.615	88.100
2051.182	11.616	88.200
2052.182	11.616	88.200
2053.182	11.808	89.600
2054.182	11.943	90.000
2055.182	11.942	90.600
2056.182	12.066	91.600
2057.182	12.066	91.700
2058.182	12.066	91.700
2059.182	12.066	91.500
2060.182	12.066	91.400
2061.182	12.066	91.700
2062.182	12.065	91.600
2063.182	12.066	91.700
2064.182	12.066	91.600
2065.182	12.066	91.600
2066.182	12.065	91.600
2067.182	12.066	91.600
2068.182	12.065	91.500
2069.182	12.065	91.500
2070.182	12.065	91.600
2071.182	12.065	91.500
2072.182	12.065	91.500
2073.182	12.065	91.600
2074.182	12.065	91.500
2075.182	12.065	91.500
2076.182	12.065	91.400
2077.182	12.065	91.500
2078.182	12.065	91.500
2079.182	12.065	91.400
2080.182	12.065	91.500
2081.182	12.065	91.600
2082.182	12.065	91.500
2083.182	12.066	91.500
2084.182	12.066	91.600
2085.182	12.065	91.500
2086.182	12.065	91.500
2087.182	12.065	91.500
2088.182	12.065	91.400
2089.182	12.066	91.400
2090.182	12.065	91.500
2091.182	12.065	91.500
2092.182	12.065	91.500
2093.182	12.065	91.600
2094.182	12.066	91.500
2095.182	12.065	91.500
2096.182	12.065	91.600
2097.182	12.065	91.500
2098.182	12.065	91.500
2099.182	12.065	91.500
2100.182	12.065	91.600
2101.182	12.065	91.500
2102.182	12.065	91.500
2103.182	12.065	91.400
2104.182	12.065	91.600
2105.182	12.065	91.500
2106.182	12.065	91.400
2107.182	12.065	91.600
2108.182	12.065	91.400
2109.182	12.065	91.600
2110.182	12.065	91.500
2111.182	12.065	91.400
2112.182	12.065	91.600
2113.182	12.065	91.400
2114.182	12.065	91.600
2115.182	12.065	91.500
2116.182	12.065	91.500
2117.182	12.066	91.500
2118.182	12.065	91.400
2119.182	12.065	91.500
2120.182	12.066	91.500
2121.182	12.065	91.400
2122.182	12.065	91.600
2123.182	12.066	91.600
2124.182	12.066	91.500
2125.182	12.066	91.500
2126.182	12.066	91.600
2127.182	12.066	91.600
2128.182	12.066	91.600
2129.182	12.066	91.500
2130.182	12.066	91.500
2131.182	12.066	91.500
2132.182	12.066	91.500
2133.182	12.066	91.600
2134.182	12.066	91.600
2135.182	12.065	91.600
2136.182	12.066	91.600
2137.182	12.066	91.600
2138.182	12.066	91.500
2139.182	12.066	91.500
2140.182	12.066	91.600
2141.182	12.066	91.600
2142.182	12.066	91.600
2143.182	12.066	91.600
2144.182	12.066	91.600
2145.182	12.066	91.600
2146.182	12.066	91.500
2147.182	12.066	91.500
2148.182	12.065	91.500
2149.182	12.065	91.600
2150.182	12.065	91.600
2151.182	12.065	91.500
2152.182	12.065	91.500
2153.182	12.501	94.000
2154.182	12.616	95.700
2155.182	12.616	95.700
2156.182	12.616	95.600
2157.182	12.616	95.700
2158.182	12.616	95.800
2159.182	12.616	95.700
2160.182	12.616	95.700
2161.182	12.615	95.800
2162.182	12.616	95.700
2163.182	12.616	95.600
2164.182	12.615	95.700
2165.182	12.616	95.800
2166.182	12.616	95.700
2167.182	12.616	95.600
2168.182	12.616	95.700
2169.182	12.615	95.700
2170.182	12.615	95.600
2171.182	12.615	95.800
2172.182	12.615	95.700
2173.182	12.615	95.600
2174.182	12.615	95.600
2175.182	12.615	95.700
2176.182	12.615	95.600
2177.182	12.615	95.700
2178.182	12.615	95.700
2179.182	12.615	95.700
2180.182	12.615	95.500
2181.182	12.615	95.700
2182.182	12.616	95.600
2183.182	12.616	95.600
2184.182	12.616	95.600
2185.182	12.616	95.700
2186.182	12.616	95.500
2187.182	12.616	95.700
2188.182	12.616	95.600
2189.182	12.616	95.600
2190.182	12.616	95.700
2191.182	12.616	95.600
2192.182	12.616	95.600
2193.182	12.616	95.700
2194.182	12.616	95.700
2195.182	12.616	95.500
2196.182	12.616	95.600
2197.182	12.616	95.700
2198.182	12.616	95.700
2199.182	12.616	95.600
2200.182	12.616	95.600
2201.182	12.616	95.600
2202.182	12.617	95.500
2203.182	12.617	95.600
2204.182	12.617	95.600
2205.182	12.617	95.700
2206.182	12.617	95.500
2207.182	12.617	95.700
2208.182	12.618	95.500
2209.182	12.618	95.700
2210.182	12.617	95.500
2211.182	12.618	95.500
2212.182	12.618	95.600
2213.182	12.618	95.700
2214.182	12.618	95.600
2215.182	12.618	95.500
2216.182	12.618	95.700
2217.182	12.618	95.700
2218.182	12.618	95.600
2219.182	12.618	95.600
2220.182	12.618	95.700
2221.182	12.618	95.500
2222.182	12.618	95.700
2223.182	12.618	95.600
2224.182	12.618	95.500
2225.182	12.618	95.600
2226.182	12.618	95.700
2227.182	12.618	95.500
2228.182	12.618	95.500
2229.182	12.618	95.600
2230.182	12.617	95.600
2231.182	12.618	95.600
2232.182	12.617	95.700
2233.182	12.617	95.600
2234.182	12.617	95.600
2235.182	12.617	95.700
2236.182	12.617	95.700
2237.182	12.617	95.600
2238.182	12.617	95.700
2239.182	12.617	95.600
2240.182	12.617	95.600
2241.182	12.617	95.600
2242.182	12.618	95.600
2243.182	12.618	95.600
2244.182	12.618	95.600
2245.182	12.617	95.500
2246.182	12.617	95.600
2247.182	12.617	95.600
2248.182	12.915	96.800
2249.182	13.103	99.300
2250.182	13.103	99.400
2251.182	13.103	99.400
2252.182	13.103	99.300
2253.182	13.103	99.200
2254.182	13.103	99.300
2255.182	13.103	99.400
2256.182	13.103	99.400
2257.182	13.103	99.300
2258.182	13.103	99.300
2259.182	13.103	99.300
2260.182	13.103	99.300
2261.182	13.103	99.200
2262.182	13.102	99.300
2263.182	13.103	99.200
2264.182	13.103	99.400
2265.182	13.103	99.400
2266.182	13.103	99.400
2267.182	13.103	99.500
2268.182	13.103	99.300
2269.182	13.103	99.200
2270.182	13.103	99.500
2271.182	13.103	99.300
2272.182	13.103	99.400
2273.182	13.103	99.200
2274.182	13.103	99.300
2275.182	13.103	99.300
2276.182	13.103	99.200
2277.182	13.103	99.400
2278.182	13.103	99.300
2279.182	13.103	99.300
2280.182	13.103	99.400
2281.182	13.103	99.200
2282.182	13.103	99.400
2283.182	13.103	99.300
2284.182	13.103	99.500
2285.182	13.103	99.300
2286.182	13.103	99.400
2287.182	13.103	99.300
2288.182	13.103	99.400
2289.182	13.102	99.200
2290.182	13.103	99.500
2291.182	13.103	99.300
2292.182	13.103	99.400
2293.182	13.103	99.300
2294.182	13.103	99.400
2295.182	13.103	99.400
2296.182	13.103	99.200
2297.182	13.103	99.500
2298.182	13.103	99.200
2299.182	13.103	99.400
2300.182	13.103	99.300
2301.182	13.102	99.400
2302.182	13.102	99.300
2303.182	13.103	99.500
2304.182	13.103	99.300
2305.182	13.102	99.300
2306.182	13.102	99.400
2307.182	13.102	99.300
2308.182	13.102	99.300
2309.182	13.102	99.400
2310.182	13.102	99.400
2311.182	13.102	99.300
2312.182	13.103	99.400
2313.182	13.103	99.300
2314.182	13.103	99.400
2315.182	13.103	99.300
2316.182	13.103	99.400
2317.182	13.103	99.400
2318.182	13.103	99.400
2319.182	13.103	99.400
2320.182	13.103	99.300
2321.182	13.103	99.200
2322.182	13.103	99.300
2323.182	13.103	99.300
2324.182	13.103	99.300
2325.182	13.103	99.300
2326.182	13.103	99.400
2327.182	13.103	99.400
2328.182	13.103	99.300
2329.182	13.103	99.300
2330.182	13.103	99.400
2331.182	13.103	99.200
2332.182	13.103	99.400
2333.182	13.104	99.300
2334.182	13.103	99.400
2335.182	13.103	99.300
2336.182	13.103	99.400
2337.182	13.103	99.300
2338.182	13.103	99.400
2339.182	13.104	99.300
2340.182	13.104	99.400
2341.182	13.104	99.300
2342.182	13.104	99.400
2343.182	13.104	99.300
2344.182	13.395	101.500
2345.182	13.524	101.600
2346.182	13.525	102.500
2347.182	13.525	102.500
2348.182	13.525	102.500
2349.182	13.525	102.500
2350.182	13.525	102.600
2351.182	13.525	102.500
2352.182	13.525	102.500
2353.182	13.525	102.600
2354.182	13.525	102.500
2355.182	13.525	102.500
2356.182	13.525	102.600
2357.182	13.526	102.500
2358.182	13.526	102.500
2359.182	13.526	102.500
2360.182	13.526	102.600
2361.182	13.526	102.500
2362.182	13.526	102.600
2363.182	13.526	102.600
2364.182	13.526	102.500
2365.182	13.526	102.500
2366.182	13.526	102.600
2367.182	13.526	102.600
2368.182	13.526	102.400
2369.182	13.526	102.500
2370.182	13.525	102.500
2371.182	13.525	102.600
2372.182	13.525	102.500
2373.182	13.525	102.500
2374.182	13.525	102.600
2375.182	13.526	102.600
2376.182	13.526	102.600
2377.182	13.526	102.700
2378.182	13.526	102.500
2379.182	13.526	102.600
2380.182	13.526	102.600
2381.182	13.526	102.600
2382.182	13.526	102.600
2383.182	13.526	102.600
2384.182	13.526	102.500
2385.182	13.525	102.600
2386.182	13.526	102.600
2387.182	13.526	102.600
2388.182	13.525	102.700
2389.182	13.526	102.500
2390.182	13.526	102.600
2391.182	13.526	102.500
2392.182	13.527	102.500
2393.182	13.526	102.400
2394.182	13.526	102.500
2395.182	13.526	102.500
2396.182	13.527	102.500
2397.182	13.527	102.400
2398.182	13.526	102.500
2399.182	13.526	102.500
2400.182	13.526	102.500
2401.182	13.526	102.500
2402.182	13.526	102.500
2403.182	13.526	102.400
2404.182	13.526	102.500
2405.182	13.526	102.400
2406.182	13.526	102.600
2407.182	13.526	102.400
2408.182	13.526	102.500
2409.182	13.526	102.500
2410.182	13.526	102.500
2411.182	13.526	102.500
2412.182	13.526	102.400
2413.182	13.526	102.500
2414.182	13.526	102.400
2415.182	13.526	102.500
2416.182	13.526	102.400
2417.182	13.526	102.500
2418.182	13.526	102.600
2419.182	13.526	102.500
2420.182	13.526	102.500
2421.182	13.526	102.500
2422.182	13.526	102.400
2423.182	13.526	102.500
2424.182	13.526	102.500
2425.182	13.526	102.400
2426.182	13.526	102.500
2427.182	13.527	102.500
2428.182	13.526	102.400
2429.182	13.526	102.500
2430.182	13.526	102.500
2431.182	13.527	102.500
2432.182	13.526	102.500
2433.182	13.525	102.500
2434.182	13.526	102.500
2435.182	13.527	102.500
2436.182	13.527	102.400
2437.182	13.527	102.500
2438.182	13.527	102.500
2439.182	13.527	102.500
2440.182	13.527	102.400
2441.182	13.527	102.400
2442.182	13.527	102.600
2443.182	13.526	102.400
2444.182	13.527	102.500
2445.182	13.527	102.500
2446.182	13.527	102.500
2447.182	13.527	102.500
2448.182	13.527	102.500
2449.182	13.527	102.500
2450.182	13.527	102.500
2451.182	13.527	102.500
2452.182	13.527	102.400
2453.182	13.527	102.500
2454.182	13.527	102.500
2455.182	13.527	102.500
2456.182	13.527	102.500
2457.182	13.527	102.500
2458.182	13.527	102.500
2459.182	13.527	102.500
2460.182	13.948	105.600
2461.182	13.948	105.600
2462.182	14.045	106.400
2463.182	14.046	106.500
2464.182	14.046	106.500
2465.182	14.046	106.400
2466.182	14.045	106.400
2467.182	14.045	106.500
2468.182	14.046	106.500
2469.182	14.046	106.600
2470.182	14.045	106.500
2471.182	14.045	106.500
2472.182	14.045	106.300
2473.182	14.045	106.500
2474.182	14.045	106.400
2475.182	14.045	106.400
2476.182	14.045	106.600
2477.182	14.045	106.400
2478.182	14.045	106.500
2479.182	14.045	106.300
2480.182	14.045	106.400
2481.182	14.045	106.400
2482.182	14.045	106.500
2483.182	14.045	106.300
2484.182	14.045	106.400
2485.182	14.045	106.500
2486.182	14.045	106.500
2487.182	14.045	106.400
2488.182	14.045	106.500
2489.182	14.045	106.300
2490.182	14.045	106.400
2491.182	14.045	106.400
2492.182	14.045	106.500
2493.182	14.045	106.500
2494.182	14.045	106.500
2495.182	14.045	106.500
2496.182	14.045	106.500
2497.182	14.045	106.500
2498.182	14.045	106.500
2499.182	14.045	106.600
2500.182	14.045	106.500
2501.182	14.045	106.400
2502.182	14.045	106.300
2503.182	14.045	106.400
2504.182	14.044	106.400
2505.182	14.044	106.400
2506.182	14.045	106.400
2507.182	14.045	106.400
2508.182	14.045	106.400
2509.182	14.045	106.500
2510.182	14.045	106.400
2511.182	14.045	106.400
2512.182	14.045	106.400
2513.182	14.045	106.400
2514.182	14.045	106.500
2515.182	14.045	106.500
2516.182	14.045	106.300
2517.182	14.045	106.400
2518.182	14.045	106.300
2519.182	14.045	106.300
2520.182	14.045	106.400
2521.182	14.045	106.500
2522.182	14.045	106.400
2523.182	14.045	106.400
2524.182	14.045	106.500
2525.182	14.045	106.500
2526.182	14.045	106.400
2527.182	14.045	106.400
2528.182	14.045	106.500
2529.182	14.046	106.500
2530.182	14.046	106.500
2531.182	14.046	106.600
2532.182	14.046	106.500
2533.182	14.046	106.600
2534.182	14.046	106.500
2535.182	14.045	106.500
2536.182	14.046	106.500
2537.182	14.045	106.400
2538.182	14.046	106.400
2539.182	14.046	106.400
2540.182	14.045	106.400
2541.182	14.046	106.500
2542.182	14.046	106.400
2543.182	14.046	106.400
2544.182	14.046	106.400
2545.182	14.046	106.400
2546.182	14.046	106.500
2547.182	14.046	106.400
2548.182	14.046	106.400
2549.182	14.046	106.400
2550.182	14.046	106.600
2551.182	14.046	106.500
2552.182	14.046	106.400
2553.182	14.046	106.600
2554.182	14.046	106.600
2555.182	14.046	106.500
2556.182	14.046	106.500
2557.182	14.046	106.400
2558.182	14.402	108.700
2559.182	14.402	109.100
2560.182	14.497	109.200
2561.182	14.501	109.900
2562.182	14.496	109.900
2563.182	14.489	109.800
2564.182	14.487	109.900
2565.182	14.485	109.800
2566.182	14.485	109.700
2567.182	14.484	109.800
2568.182	14.484	109.700
2569.182	14.483	109.800
2570.182	14.483	109.900
2571.182	14.483	109.900
2572.182	14.482	109.900
2573.182	14.482	109.900
2574.182	14.482	109.800
2575.182	14.482	109.800
2576.182	14.482	109.700
2577.182	14.481	109.800
2578.182	14.481	109.500
2579.182	14.481	109.600
2580.182	14.481	109.600
2581.182	14.481	109.500
2582.182	14.481	109.700
2583.182	14.481	109.500
2584.182	14.481	109.700
2585.182	14.481	109.500
2586.182	14.480	109.500
2587.182	14.480	109.900
2588.182	14.480	109.700
2589.182	14.480	109.800
2590.182	14.480	109.600
2591.182	14.480	109.700
2592.182	14.480	109.500
2593.182	14.480	109.500
2594.182	14.480	109.700
2595.182	14.480	109.700
2596.182	14.480	109.700
2597.182	14.480	109.600
2598.182	14.480	109.600
2599.182	14.480	109.700
2600.182	14.480	109.700
2601.182	14.480	109.700
2602.182	14.481	109.600
2603.182	14.480	109.700
2604.182	14.481	109.600
2605.182	14.481	109.800
2606.182	14.481	109.600
2607.182	14.481	109.700
2608.182	14.481	109.700
2609.182	14.480	109.600
2610.182	14.480	109.700
2611.182	14.480	109.800
2612.182	14.480	109.600
2613.182	14.480	109.500
2614.182	14.480	109.600
2615.182	14.480	109.800
2616.182	14.480	109.700
2617.182	14.480	109.700
2618.182	14.480	109.700
2619.182	14.480	109.700
2620.182	14.480	109.600
2621.182	14.480	109.600
2622.182	14.480	109.600
2623.182	14.480	109.700
2624.182	14.480	109.700
2625.182	14.481	109.700
2626.182	14.481	109.700
2627.182	14.481	109.700
2628.182	14.481	109.600
2629.182	14.481	109.500
2630.182	14.481	109.700
2631.182	14.481	109.700
2632.182	14.481	109.700
2633.182	14.481	109.700
2634.182	14.481	109.500
2635.182	14.481	109.600
2636.182	14.481	109.700
2637.182	14.481	109.600
2638.182	14.481	109.600
2639.182	14.481	109.600
2640.182	14.481	109.500
2641.182	14.481	109.700
2642.182	14.481	109.500
2643.182	14.480	109.600
2644.182	14.480	109.600
2645.182	14.480	109.700
2646.182	14.480	109.600
2647.182	14.480	109.600
2648.182	14.480	109.700
2649.182	14.480	109.500
2650.182	14.481	109.600
2651.182	14.481	109.700
2652.182	14.481	109.500
2653.182	14.481	109.700
2654.182	14.475	109.600
2655.182	14.966	112.300
2656.182	14.986	113.300
2657.182	15.147	114.600
2658.182	15.147	114.700
2659.182	15.147	114.600
2660.182	15.147	114.600
2661.182	15.147	114.700
2662.182	15.147	114.600
2663.182	15.147	114.600
2664.182	15.147	114.600
2665.182	15.147	114.700
2666.182	15.147	114.600
2667.182	15.147	114.600
2668.182	15.147	114.700
2669.182	15.147	114.600
2670.182	15.147	114.600
2671.182	15.147	114.600
2672.182	15.147	114.600
2673.182	15.147	114.600
2674.182	15.147	114.600
2675.182	15.147	114.600
2676.182	15.147	114.500
2677.182	15.147	114.700
2678.182	15.147	114.700
2679.182	15.147	114.600
2680.182	15.147	114.500
2681.182	15.147	114.600
2682.182	15.148	114.500
2683.182	15.148	114.600
2684.182	15.148	114.500
2685.182	15.148	114.500
2686.182	15.148	114.600
2687.182	15.149	114.500
2688.182	15.149	114.600
2689.182	15.149	114.500
2690.182	15.149	114.600
2691.182	15.149	114.700
2692.182	15.149	114.500
2693.182	15.149	114.600
2694.182	15.149	114.600
2695.182	15.149	114.600
2696.182	15.149	114.600
2697.182	15.149	114.600
2698.182	15.149	114.500
2699.182	15.149	114.500
2700.182	15.149	114.600
2701.182	15.149	114.500
2702.182	15.149	114.500
2703.182	15.149	114.500
2704.182	15.149	114.600
2705.182	15.149	114.600
2706.182	15.149	114.600
2707.182	15.149	114.600
2708.182	15.148	114.600
2709.182	15.148	114.600
2710.182	15.148	114.600
2711.182	15.148	114.500
2712.182	15.148	114.600
2713.182	15.148	114.500
2714.182	15.148	114.700
2715.182	15.148	114.600
2716.182	15.148	114.600
2717.182	15.148	114.600
2718.182	15.148	114.700
2719.182	15.148	114.700
2720.182	15.148	114.600
2721.182	15.148	114.700
2722.182	15.147	114.700
2723.182	15.148	114.600
2724.182	15.148	114.600
2725.182	15.148	114.700
2726.182	15.148	114.700
2727.182	15.148	114.600
2728.182	15.148	114.600
2729.182	15.148	114.700
2730.182	15.148	114.600
2731.182	15.148	114.600
2732.182	15.148	114.700
2733.182	15.148	114.600
2734.182	15.148	114.600
2735.182	15.148	114.700
2736.182	15.148	114.600
2737.182	15.148	114.600
2738.182	15.148	114.500
2739.182	15.148	114.700
2740.182	15.148	114.600
2741.182	15.148	114.500
2742.182	15.148	114.500
2743.182	15.148	114.600
2744.182	15.148	114.600
2745.182	15.148	114.600
2746.182	15.148	114.500
2747.182	15.148	114.500
2748.182	15.148	114.600
2749.183	15.148	114.600
2750.182	15.148	114.600
2751.182	15.148	114.600
2752.182	15.148	114.500
2753.182	15.148	114.500
2754.182	15.430	114.600
2755.182	15.472	117.100
2756.182	15.634	118.200
2757.182	15.786	118.300
2758.182	16.000	120.300
2759.182	16.055	121.300
2760.182	16.056	121.400
2761.182	16.055	121.500
2762.182	16.055	121.400
2763.182	16.055	121.400
2764.182	16.055	121.500
2765.182	16.055	121.400
2766.182	16.055	121.500
2767.182	16.055	121.400
2768.182	16.055	121.500
2769.182	16.055	121.600
2770.182	16.055	121.400
2771.182	16.055	121.600
2772.182	16.055	121.400
2773.182	16.055	121.600
2774.182	16.055	121.700
2775.182	16.055	121.300
2776.182	16.055	121.500
2777.182	16.055	121.300
2778.182	16.055	121.400
2779.182	16.055	121.200
2780.182	16.055	121.500
2781.182	16.056	121.300
2782.182	16.056	121.400
2783.182	16.056	121.500
2784.182	16.056	121.400
2785.182	16.056	121.300
2786.182	16.056	121.200
2787.182	16.056	121.300
2788.182	16.056	121.300
2789.182	16.056	121.500
2790.182	16.056	121.400
2791.182	16.056	121.400
2792.182	16.056	121.500
2793.182	16.056	121.400
2794.182	16.056	121.500
2795.182	16.056	121.400
2796.182	16.056	121.400
2797.182	16.056	121.600
2798.182	16.057	121.400
2799.182	16.057	121.600
2800.182	16.057	121.600
2801.182	16.057	121.400
2802.182	16.057	121.600
2803.182	16.057	121.500
2804.182	16.057	121.500
2805.182	16.057	121.700
2806.182	16.057	121.500
2807.182	16.057	121.500
2808.182	16.057	121.200
2809.182	16.057	121.300
2810.182	16.057	121.400
2811.182	16.056	121.500
2812.182	16.056	121.400
2813.182	16.056	121.400
2814.182	16.056	121.400
2815.182	16.056	121.500
2816.182	16.056	121.300
2817.182	16.056	121.400
2818.182	16.057	121.400
2819.182	16.057	121.400
2820.182	16.057	121.400
2821.182	16.058	121.400
2822.182	16.057	121.200
2823.182	16.058	121.400
2824.182	16.057	121.400
2825.182	16.057	121.200
2826.182	16.057	121.200
2827.182	16.057	121.500
2828.182	16.057	121.300
2829.182	16.057	121.300
2830.182	16.057	121.500
2831.182	16.057	121.400
2832.182	16.057	121.500
2833.182	16.058	121.300
2834.182	16.058	121.300
2835.182	16.058	121.500
2836.182	16.057	121.400
2837.182	16.057	121.200
2838.182	16.057	121.200
2839.182	16.057	121.300
2840.182	16.058	121.300
2841.182	16.058	121.300
2842.182	16.057	121.400
2843.182	16.058	121.200
2844.182	16.058	121.300
2845.182	16.058	121.300
2846.182	16.058	121.300
2847.182	16.058	121.300
2848.182	16.058	121.200
2849.182	16.058	121.500
2850.182	16.058	121.300
2851.182	16.058	121.400
2852.182	16.058	121.400
2853.182	16.058	121.500
2854.182	16.058	121.500
2855.182	16.059	121.400
2856.182	16.058	121.400
2857.182	16.059	121.300
2858.182	16.059	121.500
2859.182	16.059	121.400
2860.182	16.059	121.400
2861.182	16.059	121.300
2862.182	16.059	121.300
2863.182	16.059	121.400
2864.182	16.059	121.300
2865.182	16.058	121.400
2866.182	16.058	121.400
2867.182	16.058	121.500
2868.182	16.058	121.200
2869.182	16.058	121.300
2870.182	16.642	124.400
2871.182	16.708	126.200
2872.182	16.707	126.300
2873.182	16.708	126.300
2874.182	16.708	126.200
2875.182	16.707	126.200
2876.182	16.707	126.100
2877.182	16.707	126.200
2878.182	16.707	126.200
2879.182	16.707	126.300
2880.182	16.707	126.200
2881.182	16.707	126.200
2882.182	16.707	126.400
2883.182	16.707	126.200
2884.182	16.707	126.000
2885.182	16.707	126.400
2886.182	16.707	126.000
2887.182	16.707	126.100
2888.182	16.707	126.200
2889.182	16.707	126.300
2890.182	16.707	126.100
2891.182	16.707	126.100
2892.182	16.707	126.200
2893.182	16.707	126.200
2894.182	16.707	126.200
2895.182	16.708	126.100
2896.182	16.708	126.100
2897.182	16.708	126.300
2898.182	16.708	126.200
2899.182	16.708	126.200
2900.182	16.708	126.200
2901.182	16.708	126.100
2902.182	16.708	126.100
2903.182	16.708	126.200
2904.182	16.708	126.200
2905.182	16.707	126.300
2906.182	16.708	126.300
2907.182	16.707	126.300
2908.182	16.707	126.100
2909.182	16.707	126.000
2910.182	16.707	126.100
2911.182	16.707	126.200
2912.182	16.708	126.300
2913.182	16.708	126.200
2914.182	16.708	126.100
2915.182	16.708	126.200
2916.182	16.708	126.300
2917.182	16.708	126.100
2918.182	16.708	126.200
2919.182	16.708	126.100
2920.182	16.708	126.200
2921.182	16.708	126.200
2922.182	16.708	126.200
2923.182	16.707	126.100
2924.182	16.707	126.200
2925.182	16.708	126.200
2926.182	16.707	126.100
2927.182	16.707	126.200
2928.182	16.707	126.300
2929.182	16.707	126.100
2930.182	16.707	126.200
2931.182	16.708	126.200
2932.182	16.708	126.100
2933.182	16.708	126.200
2934.182	16.708	126.200
2935.182	16.708	126.200
2936.182	16.708	126.200
2937.182	16.708	126.100
2938.182	16.708	126.100
2939.182	16.708	126.200
2940.182	16.708	126.200
2941.182	16.708	126.100
2942.182	16.708	126.200
2943.182	16.708	126.200
2944.182	16.708	126.100
2945.182	16.708	126.200
2946.182	16.708	126.100
2947.182	16.708	126.200
2948.182	16.709	126.200
2949.182	16.708	126.100
2950.182	16.709	126.100
2951.182	16.709	126.100
2952.182	16.709	126.100
2953.182	16.708	126.100
2954.182	16.708	126.100
2955.182	16.709	126.100
2956.182	16.709	126.100
2957.182	16.709	126.000
2958.182	16.709	126.100
2959.182	16.709	126.100
2960.182	16.709	126.100
2961.182	16.709	126.100
2962.182	16.709	126.000
2963.182	16.709	126.100
2964.182	16.709	126.000
2965.182	16.709	126.000
2966.182	16.709	126.000
2967.182	16.709	126.000
2968.182	16.709	126.200
2969.182	17.195	129.700
2970.182	17.195	129.900
2971.182	17.195	129.800
2972.182	17.195	129.700
2973.182	17.195	129.700
2974.182	17.195	129.800
2975.182	17.195	129.800
2976.182	17.195	129.900
2977.182	17.195	129.700
2978.182	17.195	129.800
2979.182	17.195	129.700
2980.182	17.195	129.600
2981.182	17.195	129.800
2982.182	17.195	129.700
2983.182	17.196	129.800
2984.182	17.195	129.900
2985.182	17.195	129.900
2986.182	17.196	129.800
2987.182	17.195	129.800
2988.182	17.195	129.800
2989.182	17.195	129.900
2990.182	17.196	129.900
2991.182	17.195	129.800
2992.182	17.195	129.800
2993.182	17.195	129.800
2994.182	17.195	129.800
2995.182	17.195	129.700
2996.182	17.195	129.700
2997.182	17.195	129.700
2998.182	17.195	129.700
2999.182	17.195	129.800
3000.182	17.195	129.900
3001.182	17.195	129.800
3002.182	17.196	129.700
3003.182	17.195	129.800
3004.182	17.195	129.600
3005.182	17.195	129.800
3006.182	17.196	129.700
3007.182	17.196	129.600
3008.182	17.196	129.800
3009.182	17.196	129.900
3010.182	17.196	129.900
3011.182	17.197	129.800
3012.182	17.197	129.800
3013.182	17.197	129.800
3014.182	17.197	130.000
3015.182	17.197	129.900
3016.182	17.197	129.800
3017.182	17.197	129.700
3018.182	17.197	129.700
3019.182	17.197	129.800
3020.182	17.197	129.700
3021.182	17.197	129.900
3022.182	17.197	129.900
3023.182	17.197	129.900
3024.182	17.197	130.000
3025.182	17.197	129.800
3026.182	17.197	129.800
3027.182	17.197	129.800
3028.182	17.197	129.900
3029.182	17.197	129.800
3030.182	17.198	130.100
3031.182	17.198	129.800
3032.182	17.198	130.100
3033.182	17.198	129.900
3034.182	17.198	130.000
3035.182	17.198	129.800
3036.182	17.198	130.100
3037.182	17.198	129.900
3038.182	17.198	130.000
3039.182	17.198	129.800
3040.182	17.198	129.800
3041.182	17.198	129.800
3042.182	17.198	130.000
3043.182	17.198	129.900
3044.182	17.197	129.700
3045.182	17.197	129.800
3046.182	17.198	129.900
3047.182	17.197	129.900
3048.182	17.197	129.900
3049.182	17.197	129.800
3050.182	17.198	129.700
3051.182	17.197	129.800
3052.182	17.198	130.000
3053.182	17.197	129.700
3054.182	17.198	129.900
3055.182	17.197	129.900
3056.182	17.197	129.900
3057.182	17.197	129.900
3058.182	17.197	129.900
3059.182	17.197	130.000
3060.182	17.197	129.900
3061.182	17.197	129.800
3062.182	17.198	129.900
3063.182	17.198	129.700
3064.182	17.198	129.800
3065.182	17.197	129.800
3066.182	17.198	129.800
3067.182	17.198	129.800
3068.182	17.198	129.800
3069.182	17.198	129.900
3070.182	17.461	131.700
3071.182	17.461	131.700
3072.182	17.626	132.900
3073.182	17.626	133.000
3074.182	17.626	132.900
3075.182	17.626	133.200
3076.182	17.626	133.000
3077.182	17.626	133.000
3078.182	17.626	132.800
3079.182	17.626	133.000
3080.182	17.626	132.900
3081.182	17.626	133.000
3082.182	17.626	132.800
3083.182	17.626	133.000
3084.182	17.626	133.000
3085.182	17.626	132.800
3086.182	17.626	132.900
3087.182	17.625	133.000
3088.182	17.626	132.900
3089.182	17.626	132.900
3090.182	17.626	132.900
3091.182	17.626	133.000
3092.182	17.626	132.900
3093.182	17.626	132.700
3094.182	17.626	132.700
3095.182	17.626	132.800
3096.182	17.625	132.800
3097.182	17.625	132.800
3098.182	17.625	132.900
3099.182	17.625	133.000
3100.182	17.626	133.000
3101.182	17.626	133.100
3102.182	17.626	133.000
3103.182	17.625	133.000
3104.182	17.626	133.000
3105.182	17.626	133.000
3106.182	17.626	133.000
3107.182	17.626	133.000
3108.182	17.626	132.900
3109.182	17.626	132.900
3110.182	17.626	132.900
3111.182	17.626	132.900
3112.182	17.626	133.000
3113.182	17.626	132.900
3114.182	17.626	132.800
3115.182	17.626	132.800
3116.182	17.626	132.900
3117.182	17.626	132.800
3118.182	17.625	133.000
3119.182	17.626	133.000
3120.182	17.625	132.800
3121.182	17.626	132.700
3122.182	17.625	132.900
3123.182	17.626	133.000
3124.182	17.625	132.900
3125.182	17.625	132.700
3126.182	17.626	132.700
3127.182	17.626	132.800
3128.182	17.625	132.800
3129.182	17.626	132.800
3130.182	17.626	132.800
3131.182	17.626	132.800
3132.182	17.626	132.700
3133.182	17.627	132.900
3134.182	17.626	132.900
3135.182	17.626	132.700
3136.182	17.627	132.800
3137.182	17.626	132.800
3138.182	17.626	132.700
3139.182	17.626	132.700
3140.182	17.626	132.800
3141.182	17.626	132.700
3142.182	17.626	132.800
3143.182	17.627	132.800
3144.182	17.626	132.600
3145.182	17.626	132.800
3146.182	17.626	132.700
3147.182	17.627	132.800
3148.182	17.627	132.800
3149.182	17.626	132.700
3150.182	17.626	132.900
3151.182	17.626	132.700
3152.182	17.854	132.900
3153.182	17.974	134.800
3154.182	18.009	135.400
3155.182	18.074	136.200
3156.182	18.073	136.000
3157.182	18.073	136.200
3158.182	18.072	136.000
3159.182	18.073	136.100
3160.182	18.072	136.100
3161.182	18.072	136.000
3162.182	18.071	136.200
3163.182	18.071	136.200
3164.182	18.071	136.100
3165.182	18.071	136.300
3166.182	18.071	136.100
3167.182	18.071	136.100
3168.182	18.072	136.200
3169.182	18.071	136.200
3170.182	18.071	136.200
3171.182	18.071	136.200
3172.182	18.071	136.300
3173.182	18.071	136.300
3174.182	18.071	136.200
3175.182	18.071	136.100
3176.182	18.072	136.200
3177.182	18.072	136.100
3178.182	18.071	136.100
3179.182	18.071	136.100
3180.182	18.071	136.100
3181.182	18.071	136.100
3182.182	18.071	136.200
3183.182	18.071	136.300
3184.182	18.071	136.300
3185.182	18.072	136.200
3186.182	18.071	136.100
3187.182	18.073	136.100
3188.182	18.071	136.200
3189.182	18.072	136.100
3190.182	18.072	136.200
3191.182	18.072	136.200
3192.182	18.072	136.300
3193.182	18.072	136.200
3194.182	18.072	136.300
3195.182	18.072	136.200
3196.182	18.072	136.200
3197.182	18.072	136.200
3198.182	18.071	136.200
3199.182	18.072	136.200
3200.182	18.072	136.200
3201.182	18.072	136.200
3202.182	18.072	136.200
3203.182	18.072	136.200
3204.182	18.071	136.100
3205.182	18.071	136.200
3206.182	18.072	136.000
3207.182	18.071	136.100
3208.182	18.070	136.100
3209.182	18.071	136.300
3210.182	18.071	136.300
3211.183	18.073	136.200
3212.182	18.071	136.300
3213.182	18.071	136.100
3214.182	18.070	136.300
3215.182	18.071	136.100
3216.182	18.071	136.200
3217.182	18.072	136.200
3218.182	18.072	136.000
3219.182	18.072	136.300
3220.182	18.072	136.200
3221.182	18.072	136.100
3222.182	18.072	136.200
3223.182	18.071	136.100
3224.182	18.071	136.100
3225.182	18.072	136.000
3226.182	18.072	136.200
3227.182	18.072	136.300
3228.182	18.072	136.300
3229.182	18.072	136.300
3230.182	18.072	136.300
3231.182	18.072	136.200
3232.182	18.072	136.200
3233.182	18.072	136.100
3234.182	18.074	136.000
3235.182	18.072	136.100
3236.182	18.072	136.300
3237.182	18.072	136.100
3238.182	18.072	136.100
3239.182	18.073	136.300
3240.182	18.072	136.300
3241.182	18.072	136.100
3242.182	18.073	136.200
3243.182	18.073	136.100
3244.182	18.073	136.100
3245.182	18.073	136.300
3246.182	18.073	136.000
3247.182	18.073	136.200
3248.182	18.073	136.200
3249.182	18.073	136.200
3250.182	18.073	136.200
3251.182	18.073	136.100
3252.182	18.073	136.000
3253.182	18.073	136.100
3254.182	18.073	136.200
3255.182	18.073	136.100
3256.182	18.073	136.000
3257.182	18.074	136.000
3258.182	18.073	136.100
3259.182	18.074	136.200
3260.182	18.073	136.100
3261.182	18.074	136.000
3262.182	18.074	136.000
3263.182	18.074	136.100
3264.182	18.074	136.000
3265.182	18.074	136.200
3266.182	18.073	136.100
3267.182	18.074	136.000
3268.182	18.074	136.200
