0.180	9.853	0.000
1.180	9.854	-0.000
2.180	9.856	-0.000
3.180	9.856	-0.000
4.180	9.855	-0.000
5.180	9.855	0.000
6.180	9.854	-0.000
7.180	9.853	0.000
8.180	9.852	0.000
9.180	9.851	0.000
10.180	9.850	-0.000
11.180	9.848	-0.000
12.180	9.847	-0.000
13.180	9.845	-0.000
14.180	9.844	0.000
15.180	9.844	-0.000
16.180	9.843	0.000
17.180	9.843	-0.000
18.180	9.842	-0.001
19.180	9.841	-0.001
20.180	9.841	-0.000
21.180	9.840	0.000
22.180	9.839	0.000
23.180	9.837	0.000
24.180	9.836	-0.000
25.180	9.835	-0.000
26.180	9.833	-0.000
27.180	9.832	-0.000
28.180	9.831	-0.000
29.180	9.829	-0.000
30.180	9.827	-0.000
31.180	9.826	-0.000
32.180	9.824	-0.000
33.180	9.823	0.000
34.180	9.821	0.000
35.180	9.820	0.000
36.180	9.818	-0.000
37.180	9.816	-0.000
38.180	9.815	-0.000
39.180	9.814	0.000
40.180	9.813	-0.000
41.180	9.812	-0.000
42.180	9.811	-0.001
43.180	9.809	-0.001
44.180	9.809	-0.000
45.180	9.808	0.000
46.180	9.806	-0.000
47.180	9.804	0.000
48.180	9.803	-0.000
49.180	9.803	-0.000
50.180	9.802	-0.000
51.180	9.802	-0.000
52.180	29.892	0.273
53.180	32.697	0.563
54.180	32.717	0.573
55.180	32.718	0.575
56.180	32.799	0.562
57.180	32.772	0.566
58.180	32.775	0.567
59.180	32.884	0.568
60.180	32.925	0.568
61.180	32.941	0.568
62.180	32.844	0.570
63.180	32.861	0.571
64.180	32.838	0.571
65.180	32.826	0.572
66.180	32.812	0.571
67.180	32.844	0.571
68.180	32.885	0.572
69.180	32.891	0.572
70.180	32.895	0.572
71.180	32.899	0.572
72.180	32.850	0.573
73.180	32.831	0.571
74.180	32.850	0.572
75.180	32.881	0.573
76.180	32.940	0.573
77.180	32.927	0.573
78.180	32.881	0.574
79.180	32.823	0.573
80.180	32.857	0.574
81.180	32.864	0.574
82.180	32.837	0.574
83.180	32.907	0.575
84.180	32.946	0.574
85.180	33.023	0.575
86.180	33.099	0.574
87.180	33.069	0.576
88.180	33.046	0.575
89.180	33.081	0.574
90.180	33.156	0.574
91.180	33.178	0.576
92.180	33.170	0.575
93.180	33.166	0.576
94.180	33.174	0.575
95.180	33.172	0.575
96.180	33.263	0.575
97.180	33.305	0.575
98.180	33.324	0.577
99.180	33.396	0.576
100.180	33.404	0.577
101.180	33.586	0.575
102.180	53.627	0.841
103.180	62.587	1.143
104.180	64.418	1.356
105.180	64.448	1.364
106.180	64.460	1.364
107.180	64.569	1.366
108.180	64.565	1.366
109.180	64.576	1.367
110.180	64.500	1.369
111.180	64.511	1.370
112.180	64.496	1.370
113.180	64.463	1.368
114.180	64.469	1.368
115.180	64.419	1.370
116.180	64.383	1.371
117.180	64.443	1.371
118.180	64.445	1.371
119.180	64.442	1.370
120.180	64.478	1.372
121.180	64.442	1.371
122.180	64.438	1.373
123.180	64.448	1.374
124.180	64.445	1.373
125.180	64.468	1.372
126.180	64.472	1.372
127.180	64.472	1.373
128.180	64.437	1.373
129.180	64.558	1.375
130.180	64.536	1.374
131.180	64.529	1.374
132.180	64.485	1.373
133.180	64.476	1.374
134.180	64.463	1.374
135.180	64.464	1.374
136.180	64.477	1.375
137.180	64.430	1.374
138.180	64.416	1.374
139.180	64.510	1.374
140.180	64.539	1.375
141.180	64.493	1.375
142.180	64.455	1.374
143.180	64.450	1.375
144.180	64.498	1.375
145.180	64.511	1.376
146.180	64.458	1.376
147.180	64.455	1.376
148.180	64.407	1.376
149.180	64.466	1.376
150.180	64.464	1.375
151.180	64.462	1.377
152.180	64.507	1.377
153.180	64.509	1.376
154.180	64.495	1.377
155.180	64.459	1.376
156.180	64.522	1.376
157.180	64.686	1.375
158.180	80.424	1.546
159.180	90.379	2.005
160.180	94.366	2.213
161.180	100.417	2.443
162.180	100.461	2.481
163.180	100.502	2.485
164.180	100.483	2.488
165.180	100.465	2.489
166.180	100.445	2.490
167.180	100.457	2.489
168.180	100.453	2.490
169.180	100.474	2.491
170.180	100.479	2.491
171.180	100.494	2.493
172.180	100.534	2.494
173.180	100.602	2.493
174.180	100.571	2.493
175.180	100.553	2.494
176.180	100.550	2.496
177.180	100.490	2.480
178.180	100.484	2.476
179.180	100.521	2.475
180.180	100.585	2.477
181.180	100.628	2.478
182.180	100.657	2.480
183.180	100.640	2.480
184.180	100.608	2.480
185.180	100.666	2.480
186.180	100.710	2.479
187.180	100.768	2.481
188.180	100.795	2.482
189.180	100.747	2.483
190.180	100.699	2.482
191.180	100.750	2.482
192.180	100.736	2.483
193.180	100.756	2.483
194.180	100.752	2.485
195.180	100.792	2.485
196.180	100.804	2.485
197.180	100.679	2.485
198.180	100.673	2.484
199.180	100.683	2.484
200.180	100.754	2.485
201.180	100.791	2.486
202.180	100.746	2.486
203.180	100.782	2.485
204.180	100.711	2.485
205.180	100.721	2.486
206.180	100.763	2.486
207.180	100.768	2.487
208.180	100.797	2.487
209.180	100.778	2.487
210.180	100.862	2.487
211.180	100.910	2.487
212.180	100.966	2.488
213.180	100.968	2.489
214.180	100.953	2.488
215.180	101.033	2.488
216.180	101.015	2.488
217.180	101.000	2.488
218.180	101.031	2.489
219.180	101.040	2.489
220.180	101.058	2.490
221.180	101.077	2.489
222.180	101.068	2.488
223.180	101.134	2.489
224.180	101.104	2.489
225.180	101.118	2.490
226.180	101.153	2.490
227.180	101.182	2.490
228.180	101.186	2.489
229.180	101.207	2.489
230.180	101.141	2.490
231.180	101.156	2.491
232.180	101.209	2.491
233.180	101.196	2.490
234.180	101.236	2.490
235.180	101.226	2.490
236.180	101.233	2.491
237.180	101.261	2.490
238.180	101.239	2.491
239.180	101.300	2.492
240.180	101.296	2.492
241.180	101.319	2.492
242.180	101.330	2.491
243.180	101.298	2.492
244.180	101.290	2.492
245.180	101.269	2.492
246.180	101.282	2.492
247.180	101.296	2.492
248.180	101.296	2.493
249.180	101.307	2.490
250.180	101.327	2.491
251.180	101.372	2.491
252.180	101.389	2.492
253.180	101.403	2.492
254.180	101.446	2.493
255.180	101.442	2.492
256.180	101.441	2.492
257.180	101.434	2.491
258.180	101.465	2.493
259.180	101.417	2.494
260.180	101.369	2.494
261.180	101.333	2.493
262.180	101.279	2.492
263.180	101.259	2.493
264.180	101.280	2.493
265.180	101.259	2.494
266.180	101.261	2.494
267.180	101.245	2.493
268.180	101.258	2.492
269.180	101.283	2.493
270.180	101.318	2.495
271.180	101.326	2.494
272.180	101.322	2.494
273.180	101.310	2.494
274.180	101.337	2.494
275.180	101.290	2.493
276.180	101.246	2.494
277.180	101.268	2.495
278.180	101.247	2.495
279.180	101.270	2.494
280.180	101.337	2.494
281.180	101.365	2.495
282.180	101.342	2.496
283.180	101.340	2.494
284.180	101.355	2.495
285.180	101.348	2.495
286.180	101.374	2.494
287.180	101.712	2.492
288.180	112.393	2.624
289.180	123.876	3.030
290.180	128.986	3.329
291.180	129.673	3.441
292.180	129.627	3.448
293.180	129.650	3.450
294.180	129.661	3.452
295.180	129.652	3.454
296.180	129.661	3.453
297.180	129.701	3.455
298.180	129.707	3.456
299.180	129.713	3.455
300.180	129.696	3.457
301.180	129.673	3.458
302.180	129.761	3.458
303.180	129.769	3.457
304.180	129.813	3.458
305.180	129.779	3.459
306.180	129.838	3.459
307.180	129.774	3.460
308.180	129.694	3.461
309.180	129.634	3.459
310.180	129.569	3.460
311.180	129.609	3.459
312.180	129.599	3.461
313.180	129.539	3.461
314.180	129.552	3.462
315.180	129.592	3.461
316.180	129.590	3.462
317.180	129.563	3.461
318.180	129.516	3.463
319.180	129.513	3.463
320.180	129.537	3.464
321.180	129.516	3.462
322.180	129.566	3.462
323.180	129.528	3.462
324.180	129.552	3.463
325.180	129.620	3.464
326.180	129.603	3.464
327.180	129.637	3.463
328.180	129.642	3.464
329.180	129.583	3.464
330.180	129.594	3.465
331.180	129.623	3.465
332.180	129.617	3.464
333.180	129.596	3.464
334.180	129.664	3.465
335.180	129.645	3.465
336.180	129.652	3.465
337.180	129.687	3.465
338.180	129.700	3.466
339.180	129.774	3.465
340.180	129.803	3.465
341.180	129.794	3.467
342.180	129.817	3.465
343.180	129.797	3.466
344.180	129.685	3.467
345.180	129.662	3.465
346.180	129.663	3.466
347.180	129.638	3.466
348.180	144.054	3.621
349.180	155.972	4.125
350.180	161.649	4.480
351.180	163.522	4.605
352.180	163.566	4.629
353.180	163.517	4.632
354.180	163.533	4.633
355.180	163.537	4.636
356.180	163.590	4.638
357.180	163.587	4.638
358.180	163.573	4.637
359.180	163.588	4.639
360.180	163.630	4.639
361.180	163.657	4.640
362.180	163.731	4.640
363.180	163.714	4.641
364.180	163.710	4.640
365.180	163.702	4.642
366.180	163.727	4.641
367.180	163.818	4.643
368.180	163.854	4.643
369.180	163.832	4.643
370.180	163.800	4.643
371.180	163.734	4.643
372.180	163.730	4.645
373.180	163.706	4.645
374.180	163.722	4.644
375.180	163.754	4.644
376.180	163.760	4.644
377.180	163.792	4.644
378.180	163.741	4.645
379.180	163.733	4.645
380.180	163.762	4.646
381.180	163.833	4.646
382.180	163.801	4.645
383.180	163.830	4.646
384.180	163.850	4.646
385.180	163.836	4.645
386.180	163.818	4.646
387.180	163.856	4.647
388.180	163.854	4.647
389.180	163.842	4.647
390.180	163.882	4.648
391.180	163.858	4.647
392.180	163.849	4.647
393.180	163.785	4.647
394.180	163.810	4.649
395.180	163.845	4.648
396.180	163.847	4.649
397.180	163.885	4.648
398.180	163.817	4.648
399.180	163.822	4.648
400.180	163.793	4.648
401.180	163.786	4.649
402.180	176.016	4.691
403.180	193.186	5.415
404.180	195.033	5.715
405.180	194.986	5.739
406.180	194.974	5.742
407.180	194.983	5.745
408.180	194.946	5.746
409.180	194.961	5.746
410.180	194.996	5.748
411.180	194.997	5.749
412.180	194.977	5.750
413.180	194.993	5.751
414.180	194.950	5.750
415.180	194.979	5.750
416.180	195.031	5.752
417.180	195.060	5.752
418.180	195.059	5.754
419.180	195.008	5.753
420.180	195.043	5.754
421.180	195.052	5.753
422.180	194.987	5.753
423.180	194.986	5.754
424.180	194.995	5.754
425.180	194.959	5.755
426.180	194.967	5.755
427.180	195.002	5.754
428.180	194.989	5.754
429.180	194.944	5.755
430.180	194.994	5.756
431.180	194.993	5.756
432.180	194.955	5.757
433.180	195.014	5.756
434.180	194.999	5.756
435.180	194.999	5.757
436.180	195.065	5.757
437.180	195.077	5.758
438.180	195.050	5.757
439.180	195.085	5.756
440.180	195.008	5.757
441.180	194.995	5.758
442.180	195.014	5.758
443.180	195.045	5.758
444.180	194.994	5.759
445.180	195.037	5.757
446.180	195.018	5.759
447.180	195.038	5.759
448.180	195.051	5.759
449.180	195.022	5.760
450.180	194.954	5.759
451.180	194.979	5.759
452.180	194.988	5.758
453.180	194.956	5.760
454.180	195.011	5.760
455.180	194.977	5.761
456.180	194.932	5.760
457.180	194.940	5.760
458.180	194.998	5.759
459.180	195.055	5.760
460.180	205.361	5.762
461.180	221.994	6.448
462.180	227.614	6.855
463.180	227.062	6.905
464.180	226.992	6.905
465.180	226.992	6.904
466.180	227.056	6.905
467.180	227.161	6.905
468.180	227.227	6.907
469.180	227.156	6.906
470.180	227.359	6.906
471.180	227.340	6.906
472.180	227.381	6.908
473.180	227.323	6.907
474.180	227.259	6.907
475.180	227.275	6.907
476.180	227.223	6.907
477.180	227.152	6.907
478.180	227.137	6.909
479.180	227.134	6.908
480.180	227.146	6.908
481.180	227.116	6.908
482.180	227.102	6.908
483.180	227.166	6.908
484.180	227.135	6.909
485.180	227.119	6.910
486.180	227.130	6.910
487.180	227.188	6.909
488.180	227.178	6.909
489.180	227.206	6.910
490.180	227.229	6.910
491.180	227.234	6.910
492.180	227.239	6.910
493.180	227.264	6.911
494.180	227.313	6.909
495.180	227.215	6.910
496.180	227.224	6.911
497.180	227.174	6.911
498.180	227.160	6.912
499.180	227.133	6.911
500.180	227.130	6.910
501.180	227.098	6.911
502.180	227.061	6.911
503.180	227.036	6.912
504.180	227.038	6.911
505.180	227.135	6.912
506.180	227.112	6.911
507.180	227.111	6.912
508.180	227.158	6.912
509.180	227.143	6.912
510.180	227.131	6.913
511.180	227.167	6.912
512.180	227.339	6.912
513.180	241.306	7.112
514.180	251.941	7.570
515.180	257.702	7.901
516.180	259.992	8.043
517.180	259.855	8.083
518.180	259.865	8.085
519.180	259.918	8.086
520.180	259.919	8.087
521.180	259.904	8.089
522.180	259.904	8.090
523.180	259.954	8.091
524.180	259.949	8.090
525.180	259.936	8.091
526.180	259.992	8.092
527.180	259.970	8.092
528.180	259.972	8.093
529.180	260.038	8.092
530.180	260.087	8.093
531.180	260.121	8.093
532.180	260.128	8.094
533.180	260.096	8.094
534.180	260.134	8.094
535.180	260.131	8.094
536.180	260.126	8.095
537.180	260.122	8.096
538.180	260.155	8.097
539.180	260.139	8.096
540.180	260.106	8.096
541.180	260.126	8.095
542.180	260.140	8.096
543.180	260.134	8.095
544.180	260.123	8.097
545.180	260.131	8.098
546.180	260.124	8.097
547.180	260.215	8.097
548.180	260.247	8.097
549.180	260.258	8.097
550.180	260.156	8.098
551.180	260.112	8.099
552.180	260.129	8.098
553.180	260.103	8.098
554.180	260.088	8.098
555.180	260.086	8.098
556.180	260.058	8.098
557.180	260.073	8.099
558.180	260.084	8.099
559.180	260.075	8.099
560.180	260.085	8.099
561.180	260.073	8.099
562.180	260.088	8.100
563.180	260.049	8.100
564.180	260.027	8.100
565.180	260.022	8.099
566.180	260.039	8.099
567.180	260.031	8.099
568.180	260.063	8.099
569.180	260.079	8.100
570.180	260.094	8.101
571.180	266.809	8.103
572.180	285.106	8.661
573.180	293.864	9.181
574.180	294.306	9.326
575.180	294.327	9.335
576.180	294.292	9.337
577.180	294.292	9.339
578.180	294.275	9.339
579.180	294.302	9.341
580.180	294.259	9.341
581.180	294.311	9.344
582.180	294.301	9.345
583.180	294.304	9.345
584.180	294.367	9.345
585.180	294.422	9.346
586.180	294.400	9.346
587.180	294.416	9.347
588.180	294.398	9.349
589.180	294.408	9.348
590.180	294.449	9.347
591.180	294.481	9.348
592.180	294.504	9.347
593.180	294.482	9.349
594.180	294.468	9.350
595.180	294.467	9.350
596.180	294.409	9.350
597.180	294.426	9.349
598.180	294.427	9.349
599.180	294.472	9.351
600.180	294.471	9.351
601.180	294.501	9.350
602.180	294.594	9.351
603.180	294.705	9.351
604.180	294.696	9.352
605.180	294.660	9.352
606.180	294.693	9.352
607.180	294.645	9.352
608.180	294.671	9.351
609.180	294.696	9.351
610.180	294.679	9.353
611.180	294.664	9.352
612.180	294.663	9.353
613.180	294.671	9.353
614.180	294.639	9.353
615.180	294.634	9.352
616.180	294.684	9.353
617.180	294.485	9.353
618.180	294.462	9.353
619.180	294.458	9.353
620.180	294.508	9.353
621.180	294.541	9.352
622.180	294.543	9.353
623.180	294.552	9.354
624.180	294.483	9.354
625.180	294.513	9.354
626.180	294.521	9.353
627.180	294.546	9.353
628.180	294.569	9.353
629.180	294.609	9.354
630.180	294.726	9.355
631.180	294.729	9.354
632.180	294.728	9.354
633.180	294.581	9.354
634.180	294.559	9.354
635.180	294.554	9.355
636.180	294.574	9.355
637.180	296.787	9.356
638.180	317.518	9.783
639.180	325.909	10.375
640.180	327.385	10.530
641.180	327.372	10.546
642.180	327.350	10.550
643.180	327.347	10.552
644.180	327.329	10.553
645.180	327.339	10.554
646.180	327.299	10.555
647.180	327.327	10.556
648.180	327.349	10.557
649.180	327.359	10.557
650.180	327.354	10.558
651.180	327.395	10.558
652.180	327.422	10.558
653.180	327.424	10.559
654.180	327.387	10.560
655.180	327.342	10.560
656.180	327.359	10.559
657.180	327.348	10.559
658.180	327.325	10.560
659.180	327.288	10.561
660.180	327.246	10.562
661.180	327.231	10.562
662.180	327.243	10.561
663.180	327.268	10.561
664.180	327.296	10.561
665.180	327.290	10.562
666.180	327.259	10.563
667.180	327.261	10.562
668.180	327.213	10.563
669.180	327.183	10.562
670.180	327.229	10.562
671.180	327.216	10.562
672.180	327.212	10.564
673.180	327.232	10.563
674.180	327.308	10.564
675.180	327.296	10.563
676.180	327.292	10.563
677.180	327.297	10.564
678.180	327.292	10.564
679.180	327.307	10.564
680.180	327.329	10.563
681.180	327.336	10.564
682.180	327.338	10.564
683.180	327.271	10.563
684.180	327.252	10.564
685.180	327.281	10.564
686.180	327.414	10.564
687.180	327.426	10.564
688.180	327.417	10.563
689.180	327.378	10.564
690.180	327.443	10.565
691.180	327.405	10.565
692.180	327.266	10.565
693.180	327.258	10.564
694.180	327.265	10.564
695.180	327.290	10.564
696.180	327.310	10.565
697.180	327.221	10.565
698.180	327.220	10.564
699.180	327.249	10.563
700.180	327.350	10.564
701.180	327.334	10.564
702.180	327.493	10.565
703.180	327.525	10.565
704.180	327.496	10.564
705.180	327.307	10.565
706.180	327.307	10.564
707.180	327.255	10.565
708.180	328.696	10.566
709.180	342.785	10.859
710.180	353.962	11.272
711.180	360.664	11.680
712.180	360.953	11.791
713.180	360.928	11.798
714.180	360.982	11.801
715.180	360.961	11.803
716.180	360.942	11.804
717.180	360.958	11.805
718.180	360.992	11.806
719.180	361.022	11.807
720.180	361.020	11.808
721.180	360.965	11.808
722.180	360.966	11.809
723.180	360.947	11.809
724.180	360.931	11.809
725.180	360.937	11.811
726.180	360.916	11.811
727.180	360.920	11.812
728.180	360.926	11.811
729.180	360.923	11.810
730.180	360.873	11.811
731.180	360.823	11.811
732.180	360.837	11.811
733.180	360.841	11.813
734.180	360.988	11.813
735.180	360.946	11.813
736.180	360.966	11.812
737.180	360.945	11.813
738.180	360.884	11.813
739.180	360.906	11.814
740.180	360.887	11.814
741.180	360.890	11.814
742.180	360.923	11.814
743.180	360.887	11.814
744.180	360.811	11.814
745.180	360.826	11.815
746.180	360.890	11.814
747.180	360.860	11.814
748.180	360.959	11.814
749.180	360.914	11.814
750.180	360.935	11.815
751.180	360.977	11.816
752.180	361.007	11.815
753.180	360.997	11.815
754.180	360.976	11.815
755.180	360.958	11.816
756.180	360.920	11.817
757.180	360.953	11.816
758.180	360.919	11.817
759.180	360.908	11.817
760.180	360.893	11.816
761.180	360.911	11.815
762.180	360.917	11.816
763.180	360.909	11.816
764.180	360.859	11.816
765.180	360.920	11.816
766.180	360.927	11.816
767.180	360.879	11.816
768.180	360.880	11.817
769.180	360.879	11.816
770.180	360.905	11.817
771.180	360.882	11.816
772.180	360.895	11.816
773.180	360.918	11.816
774.180	363.711	11.818
775.180	381.819	12.241
776.180	390.728	12.748
777.180	393.615	12.977
778.180	393.607	13.010
779.180	393.612	13.014
780.180	393.630	13.017
781.180	393.611	13.018
782.180	393.587	13.021
783.180	393.645	13.021
784.180	393.648	13.021
785.180	393.627	13.022
786.180	393.623	13.023
787.180	393.632	13.024
788.180	393.623	13.025
789.180	393.603	13.025
790.180	393.567	13.025
791.180	393.548	13.024
792.180	393.557	13.025
793.180	393.593	13.026
794.180	393.561	13.027
795.180	393.542	13.026
796.180	393.511	13.027
797.180	393.521	13.026
798.180	393.587	13.026
799.180	393.561	13.027
800.180	393.567	13.029
801.180	393.566	13.028
802.180	393.519	13.028
803.180	393.519	13.028
804.180	393.486	13.028
805.180	393.473	13.030
806.180	393.476	13.029
807.180	393.475	13.029
808.180	393.501	13.029
809.180	393.455	13.029
810.180	393.461	13.029
811.180	393.529	13.030
812.180	393.521	13.030
813.180	393.535	13.031
814.180	393.599	13.030
815.180	393.568	13.029
816.180	393.577	13.030
817.180	393.580	13.031
818.180	393.615	13.031
819.180	393.617	13.031
820.180	393.549	13.030
821.180	393.560	13.030
822.180	393.517	13.030
823.180	393.518	13.031
824.180	393.550	13.031
825.180	393.554	13.032
826.180	405.999	13.106
827.180	416.099	13.643
828.180	421.448	13.993
829.180	424.198	14.090
830.180	424.628	14.167
831.180	424.607	14.174
832.180	424.623	14.177
833.180	424.625	14.179
834.180	424.598	14.180
835.180	424.580	14.181
836.180	424.577	14.182
837.180	424.648	14.168
838.180	424.674	14.169
839.180	424.667	14.169
840.180	424.677	14.170
841.180	424.645	14.171
842.180	424.689	14.170
843.180	424.714	14.169
844.180	424.768	14.170
845.180	424.761	14.170
846.180	424.736	14.171
847.180	424.732	14.171
848.180	424.740	14.171
849.180	424.731	14.172
850.180	424.681	14.171
851.180	424.703	14.172
852.180	424.662	14.172
853.180	424.626	14.173
854.180	424.635	14.174
855.180	424.601	14.173
856.180	424.608	14.173
857.180	424.604	14.172
858.180	424.603	14.173
859.180	424.566	14.174
860.180	424.518	14.174
861.180	424.472	14.174
862.180	424.505	14.173
863.180	424.520	14.172
864.180	424.562	14.173
865.180	424.603	14.174
866.180	424.621	14.174
867.180	424.631	14.174
868.180	424.606	14.174
869.180	424.601	14.175
870.180	424.647	14.173
871.180	424.504	14.176
872.180	424.482	14.175
873.180	424.514	14.175
874.180	424.478	14.174
875.180	424.465	14.175
876.180	424.531	14.176
877.180	424.495	14.176
878.180	424.518	14.176
879.180	424.451	14.176
880.180	424.479	14.176
881.180	424.480	14.175
882.180	439.836	14.286
883.180	455.717	15.054
884.180	455.808	15.337
885.180	460.197	15.349
886.180	461.507	15.528
887.180	461.487	15.537
888.180	461.491	15.541
889.180	461.533	15.543
890.180	461.578	15.544
891.180	461.572	15.546
892.180	461.553	15.547
893.180	461.554	15.547
894.180	461.518	15.547
895.180	461.518	15.550
896.180	461.504	15.549
897.180	461.492	15.550
898.180	461.502	15.550
899.180	461.479	15.550
900.180	461.510	15.551
901.180	461.503	15.551
902.180	461.439	15.552
903.180	461.499	15.552
904.180	461.500	15.552
905.180	461.461	15.552
906.180	461.441	15.553
907.180	461.449	15.552
908.180	461.464	15.553
909.180	461.444	15.553
910.180	461.424	15.552
911.180	461.382	15.552
912.180	461.372	15.553
913.180	461.347	15.555
914.180	461.321	15.554
915.180	461.346	15.554
916.180	461.385	15.554
917.180	461.404	15.554
918.180	461.383	15.554
919.180	461.366	15.555
920.180	461.341	15.555
921.180	461.374	15.555
922.180	461.320	15.553
923.180	461.365	15.553
924.180	461.357	15.553
925.180	461.327	15.555
926.180	461.341	15.555
927.180	461.346	15.555
928.180	461.313	15.554
929.180	461.263	15.556
930.180	461.303	15.554
931.180	461.284	15.553
932.180	461.234	15.555
933.180	461.168	15.554
934.180	461.107	15.555
935.180	461.113	15.552
936.180	461.132	15.554
937.180	461.132	15.555
938.180	461.145	15.556
939.180	461.166	15.556
940.180	461.191	15.555
941.180	461.213	15.554
942.180	461.176	15.554
943.180	461.219	15.554
944.180	461.245	15.555
945.180	461.214	15.556
946.180	461.198	15.555
947.180	461.165	15.554
948.180	461.115	15.554
949.180	461.165	15.554
950.180	461.172	15.556
951.180	461.176	15.557
952.180	461.167	15.556
953.180	461.142	15.555
954.180	461.092	15.555
955.180	461.094	15.554
956.180	461.155	15.555
957.180	461.140	15.555
958.180	461.106	15.554
959.180	461.102	15.554
960.180	461.142	15.555
961.180	461.126	15.554
962.180	461.133	15.556
963.180	461.097	15.554
964.180	461.091	15.555
965.180	469.529	15.576
966.180	485.815	16.159
967.180	489.845	16.574
968.180	489.783	16.605
969.180	489.800	16.609
970.180	489.817	16.611
971.180	489.719	16.612
972.180	489.754	16.614
973.180	489.778	16.615
974.180	489.760	16.616
975.180	489.743	16.617
976.180	489.748	16.618
977.180	489.729	16.618
978.180	489.741	16.619
979.180	489.659	16.618
980.180	489.718	16.619
981.180	489.692	16.619
982.180	489.692	16.621
983.180	489.698	16.620
984.180	489.667	16.620
985.180	489.689	16.621
986.180	489.653	16.620
987.180	489.681	16.620
988.180	489.679	16.620
989.180	489.680	16.622
990.180	489.667	16.622
991.180	489.698	16.621
992.180	489.724	16.622
993.180	489.677	16.621
994.180	489.646	16.620
995.180	489.548	16.622
996.180	489.593	16.622
997.180	489.570	16.622
998.180	489.577	16.621
999.180	489.635	16.623
1000.180	489.582	16.622
1001.180	489.570	16.622
1002.180	489.562	16.623
1003.180	489.554	16.623
1004.180	489.482	16.621
1005.180	489.483	16.622
1006.180	489.498	16.623
1007.180	489.537	16.622
1008.180	489.550	16.622
1009.180	489.539	16.622
1010.180	489.500	16.622
1011.180	489.468	16.623
1012.180	489.681	16.623
1013.180	489.676	16.622
1014.180	489.636	16.623
1015.180	489.591	16.622
1016.180	489.542	16.621
1017.180	489.561	16.622
1018.180	489.489	16.622
1019.180	489.467	16.623
1020.180	489.508	16.623
1021.180	489.506	16.622
1022.180	489.499	16.623
1023.180	489.311	16.623
1024.180	489.335	16.623
1025.180	489.357	16.623
1026.180	489.373	16.623
1027.180	489.355	16.622
1028.180	489.334	16.621
1029.180	490.135	16.622
1030.180	504.937	16.862
1031.180	519.671	17.465
1032.180	522.023	17.812
1033.180	521.997	17.825
1034.180	522.143	17.828
1035.180	522.187	17.830
1036.180	522.024	17.832
1037.180	522.001	17.833
1038.180	521.960	17.835
1039.180	522.008	17.835
1040.180	521.979	17.836
1041.180	521.952	17.836
1042.180	521.908	17.836
1043.180	521.942	17.837
1044.180	521.914	17.838
1045.180	521.878	17.839
1046.180	521.883	17.836
1047.180	521.839	17.836
1048.180	521.847	17.838
1049.180	521.836	17.837
1050.180	521.824	17.837
1051.180	521.812	17.838
1052.180	521.857	17.837
1053.180	521.862	17.837
1054.180	521.899	17.837
1055.180	521.899	17.838
1056.180	521.921	17.838
1057.180	521.930	17.839
1058.180	521.906	17.838
1059.180	521.903	17.837
1060.180	521.960	17.839
1061.180	521.943	17.839
1062.180	521.960	17.840
1063.180	521.963	17.839
1064.180	522.028	17.839
1065.180	522.058	17.840
1066.180	522.016	17.839
1067.180	522.045	17.839
1068.180	522.020	17.839
1069.180	522.008	17.839
1070.180	522.012	17.840
1071.180	522.069	17.839
1072.180	522.025	17.838
1073.180	521.936	17.839
1074.180	521.927	17.838
1075.180	521.922	17.839
1076.180	521.924	17.839
1077.180	521.933	17.839
1078.180	521.909	17.838
1079.180	521.938	17.839
1080.180	521.942	17.839
1081.180	521.912	17.839
1082.180	521.898	17.840
1083.180	521.928	17.839
1084.180	521.916	17.838
1085.180	521.832	17.838
1086.180	521.839	17.839
1087.180	537.606	18.017
1088.180	551.791	18.700
1089.180	555.597	19.018
1090.180	555.561	19.081
1091.180	555.589	19.086
1092.180	555.569	19.090
1093.180	555.538	19.092
1094.180	555.465	19.093
1095.180	555.457	19.094
1096.180	555.380	19.093
1097.180	555.486	19.094
1098.180	555.526	19.094
1099.180	555.481	19.095
1100.180	555.449	19.096
1101.180	555.393	19.095
1102.180	555.307	19.096
1103.180	555.345	19.096
1104.180	555.280	19.098
1105.180	555.265	19.099
1106.180	555.259	19.098
1107.180	555.223	19.097
1108.180	555.212	19.098
1109.180	555.227	19.097
1110.180	555.245	19.098
1111.180	555.217	19.098
1112.180	555.147	19.098
1113.180	555.162	19.098
1114.180	555.172	19.098
1115.180	555.161	19.099
1116.180	555.124	19.099
1117.180	555.121	19.095
1118.180	555.077	19.094
1119.180	555.104	19.096
1120.180	555.151	19.097
1121.180	555.144	19.096
1122.180	555.134	19.096
1123.180	555.134	19.096
1124.180	555.148	19.097
1125.180	555.117	19.096
1126.180	555.081	19.094
1127.180	555.095	19.096
1128.180	555.138	19.096
1129.180	555.134	19.096
1130.180	555.130	19.097
1131.180	555.147	19.096
1132.180	555.143	19.095
1133.180	555.132	19.097
1134.180	555.122	19.095
1135.180	555.078	19.097
1136.180	555.007	19.097
1137.180	554.986	19.096
1138.180	554.991	19.096
1139.180	555.005	19.096
1140.180	568.694	19.220
1141.180	581.936	19.803
1142.180	585.987	20.162
1143.180	587.721	20.280
1144.180	587.827	20.314
1145.180	587.789	20.319
1146.180	587.780	20.320
1147.180	587.832	20.324
1148.180	587.797	20.325
1149.180	587.805	20.326
1150.180	587.789	20.328
1151.180	587.758	20.327
1152.180	587.785	20.328
1153.180	587.777	20.328
1154.180	587.782	20.328
1155.180	587.784	20.329
1156.180	587.757	20.328
1157.180	587.789	20.328
1158.180	587.709	20.330
1159.180	587.715	20.329
1160.180	587.736	20.330
1161.180	587.718	20.329
1162.180	587.788	20.330
1163.180	587.766	20.331
1164.180	587.720	20.330
1165.180	587.719	20.329
1166.180	587.757	20.330
1167.180	587.740	20.331
1168.180	587.753	20.330
1169.180	587.714	20.330
1170.180	587.642	20.330
1171.180	587.601	20.329
1172.180	587.627	20.330
1173.180	587.620	20.329
1174.180	587.673	20.330
1175.180	587.663	20.330
1176.180	587.705	20.330
1177.180	587.670	20.329
1178.180	587.652	20.329
1179.180	587.591	20.328
1180.180	587.593	20.329
1181.180	587.572	20.330
1182.180	587.589	20.330
1183.180	587.575	20.331
1184.180	587.510	20.330
1185.180	587.460	20.330
1186.180	587.468	20.330
1187.180	587.432	20.331
1188.180	587.456	20.331
1189.180	587.426	20.329
1190.180	587.478	20.331
1191.180	587.506	20.329
1192.180	587.501	20.331
1193.180	587.451	20.331
1194.180	587.487	20.330
1195.180	587.457	20.329
1196.180	587.506	20.329
1197.180	587.499	20.329
1198.180	587.439	20.330
1199.180	587.446	20.330
1200.180	587.451	20.329
1201.180	587.446	20.330
1202.180	587.449	20.328
1203.180	587.515	20.329
1204.180	587.511	20.328
1205.180	587.531	20.329
1206.180	587.517	20.329
1207.180	587.451	20.329
1208.180	587.424	20.329
1209.180	587.398	20.328
1210.180	587.402	20.329
1211.180	587.408	20.328
1212.180	587.336	20.328
1213.180	587.347	20.329
1214.180	587.368	20.327
1215.180	587.349	20.327
1216.180	587.351	20.328
1217.180	587.335	20.328
1218.180	587.330	20.327
1219.180	587.339	20.327
1220.180	587.258	20.328
1221.180	587.188	20.326
1222.180	587.191	20.327
1223.180	587.161	20.327
1224.180	587.132	20.327
1225.180	587.150	20.327
1226.180	611.665	20.750
1227.180	621.463	21.462
1228.180	621.474	21.579
1229.180	621.466	21.585
1230.180	621.490	21.588
1231.180	621.485	21.590
1232.180	621.629	21.591
1233.180	621.609	21.592
1234.180	621.384	21.593
1235.180	621.334	21.594
1236.180	621.328	21.595
1237.180	621.303	21.595
1238.180	621.337	21.594
1239.180	621.301	21.594
1240.180	621.321	21.595
1241.180	621.326	21.597
1242.180	621.348	21.596
1243.180	621.347	21.596
1244.180	621.291	21.596
1245.180	621.283	21.596
1246.180	621.247	21.597
1247.180	621.242	21.596
1248.180	621.292	21.597
1249.180	621.195	21.597
1250.180	621.231	21.597
1251.180	621.201	21.597
1252.180	621.200	21.596
1253.180	621.175	21.596
1254.180	621.175	21.597
1255.180	621.158	21.598
1256.180	621.145	21.598
1257.180	621.110	21.596
1258.180	621.132	21.597
1259.180	621.115	21.596
1260.180	621.110	21.597
1261.180	621.078	21.597
1262.180	621.073	21.597
1263.180	621.109	21.595
1264.180	621.013	21.596
1265.180	621.037	21.595
1266.180	620.994	21.596
1267.180	620.985	21.596
1268.180	621.006	21.596
1269.180	621.065	21.594
1270.180	621.010	21.596
1271.180	621.036	21.594
1272.180	621.009	21.595
1273.180	621.032	21.596
1274.180	621.072	21.595
1275.180	621.036	21.595
1276.180	621.030	21.594
1277.180	621.019	21.593
1278.180	622.209	21.595
1279.180	644.296	22.029
1280.180	652.872	22.691
1281.180	652.877	22.766
1282.180	652.881	22.770
1283.180	652.785	22.773
1284.180	652.759	22.776
1285.180	652.707	22.777
1286.180	652.731	22.778
1287.180	652.672	22.778
1288.180	652.681	22.780
1289.180	652.655	22.780
1290.180	652.704	22.779
1291.180	652.697	22.781
1292.180	652.665	22.781
1293.180	652.657	22.783
1294.180	652.692	22.780
1295.180	652.710	22.780
1296.180	652.712	22.782
1297.180	652.688	22.781
1298.180	652.740	22.781
1299.180	652.743	22.781
1300.180	652.682	22.782
1301.180	652.595	22.782
1302.180	652.674	22.783
1303.180	652.594	22.782
1304.180	652.608	22.781
1305.180	652.586	22.782
1306.180	652.541	22.782
1307.180	652.513	22.782
1308.180	652.493	22.782
1309.180	652.428	22.782
1310.180	652.351	22.781
1311.180	652.350	22.781
1312.180	652.359	22.780
1313.180	652.351	22.782
1314.180	652.310	22.781
1315.180	652.303	22.781
1316.180	652.279	22.781
1317.180	652.282	22.780
1318.180	652.168	22.779
1319.180	652.179	22.780
1320.180	652.128	22.780
1321.180	652.128	22.780
1322.180	652.049	22.780
1323.180	652.025	22.779
1324.180	652.058	22.780
1325.180	652.122	22.779
1326.180	652.143	22.780
1327.180	652.171	22.779
1328.180	652.141	22.779
1329.180	652.130	22.779
1330.180	652.130	22.778
1331.180	652.081	22.779
1332.180	652.032	22.780
1333.180	656.858	22.779
1334.180	674.837	23.287
1335.180	680.327	23.708
1336.180	682.803	23.852
1337.180	682.777	23.902
1338.180	682.720	23.909
1339.180	682.724	23.910
1340.180	682.582	23.911
1341.180	682.559	23.912
1342.180	682.572	23.912
1343.180	682.546	23.913
1344.180	682.589	23.913
1345.180	682.581	23.915
1346.180	682.564	23.914
1347.180	682.583	23.913
1348.180	682.539	23.914
1349.180	682.559	23.914
1350.180	682.543	23.915
1351.180	682.632	23.915
1352.180	682.645	23.916
1353.180	682.543	23.915
1354.180	682.475	23.916
1355.180	682.458	23.916
1356.180	682.414	23.915
1357.180	682.382	23.917
1358.180	682.216	23.915
1359.180	682.180	23.915
1360.180	682.172	23.915
1361.180	682.151	23.914
1362.180	682.113	23.915
1363.180	682.133	23.915
1364.180	682.101	23.916
1365.180	682.071	23.915
1366.180	682.060	23.914
1367.180	682.045	23.915
1368.180	682.026	23.915
1369.180	682.011	23.916
1370.180	682.002	23.915
1371.180	682.022	23.914
1372.180	681.998	23.914
1373.180	681.986	23.914
1374.180	681.927	23.914
1375.180	681.933	23.913
1376.180	681.921	23.913
1377.180	681.960	23.911
1378.180	681.931	23.911
1379.180	681.894	23.912
1380.180	681.935	23.912
1381.180	681.923	23.912
1382.180	681.881	23.911
1383.180	681.885	23.911
1384.180	681.953	23.910
1385.180	681.907	23.911
1386.180	681.907	23.911
1387.180	681.884	23.912
1388.180	681.884	23.911
1389.180	681.912	23.911
1390.180	681.844	23.910
1391.180	681.826	23.911
1392.180	681.797	23.911
1393.180	681.854	23.911
1394.180	691.887	23.926
1395.180	708.548	24.545
1396.180	713.766	25.024
1397.180	713.852	25.079
1398.180	713.807	25.084
1399.180	713.848	25.087
1400.180	713.810	25.088
1401.180	713.771	25.089
1402.180	713.790	25.090
1403.180	713.816	25.091
1404.180	713.803	25.093
1405.180	713.684	25.093
1406.180	713.654	25.093
1407.180	713.642	25.092
1408.180	713.645	25.092
1409.180	713.708	25.093
1410.180	713.681	25.093
1411.180	713.594	25.094
1412.180	713.581	25.094
1413.180	713.550	25.094
1414.180	713.568	25.093
1415.180	713.525	25.093
1416.180	713.512	25.095
1417.180	713.515	25.095
1418.180	713.507	25.095
1419.180	713.516	25.094
1420.180	713.507	25.093
1421.180	713.446	25.094
1422.180	713.393	25.094
1423.180	713.379	25.094
1424.180	713.380	25.094
1425.180	713.384	25.093
1426.180	713.326	25.093
1427.180	713.312	25.093
1428.180	713.300	25.094
1429.180	713.273	25.093
1430.180	713.231	25.094
1431.180	713.279	25.092
1432.180	713.323	25.092
1433.180	713.300	25.092
1434.180	713.238	25.092
1435.180	713.219	25.093
1436.180	713.255	25.092
1437.180	713.241	25.091
1438.180	713.214	25.092
1439.180	713.257	25.091
1440.180	713.256	25.091
1441.180	713.256	25.091
1442.180	713.233	25.090
1443.180	713.190	25.091
1444.180	713.193	25.090
1445.180	713.149	25.090
1446.180	713.126	25.090
1447.180	713.127	25.089
1448.180	713.153	25.090
1449.180	724.509	25.090
1450.180	744.620	26.087
1451.180	744.615	26.240
1452.180	744.540	26.247
1453.180	744.525	26.249
1454.180	744.477	26.250
1455.180	744.486	26.251
1456.180	744.412	26.253
1457.180	744.413	26.254
1458.180	744.358	26.255
1459.180	744.300	26.255
1460.180	744.320	26.255
1461.180	744.282	26.254
1462.180	744.185	26.255
1463.180	744.185	26.255
1464.180	744.150	26.256
1465.180	744.205	26.257
1466.180	744.269	26.255
1467.180	744.234	26.255
1468.180	744.227	26.256
1469.180	744.205	26.257
1470.180	744.190	26.256
1471.180	744.183	26.255
1472.180	744.134	26.255
1473.180	744.124	26.256
1474.180	744.112	26.255
1475.180	744.053	26.255
1476.180	744.040	26.256
1477.180	744.010	26.255
1478.180	744.042	26.254
1479.180	744.029	26.254
1480.180	744.028	26.254
1481.180	743.994	26.255
1482.180	743.902	26.254
1483.180	743.914	26.255
1484.180	743.871	26.253
1485.180	743.815	26.253
1486.180	743.815	26.253
1487.180	743.740	26.253
1488.180	743.705	26.253
1489.180	743.709	26.252
1490.180	743.644	26.253
1491.180	743.677	26.253
1492.180	743.637	26.252
1493.180	743.618	26.252
1494.180	743.546	26.252
1495.180	743.512	26.251
1496.180	743.507	26.251
1497.180	743.503	26.250
1498.180	743.469	26.250
1499.180	743.461	26.250
1500.180	743.471	26.249
1501.180	743.431	26.250
1502.180	743.417	26.249
1503.180	743.401	26.248
1504.180	743.437	26.249
1505.180	743.374	26.248
1506.180	743.407	26.248
1507.180	743.492	26.250
1508.180	743.517	26.249
1509.180	743.476	26.247
1510.180	743.481	26.247
1511.180	743.465	26.248
1512.180	743.387	26.248
1513.180	743.336	26.247
1514.180	743.310	26.247
1515.180	743.368	26.246
1516.180	743.417	26.246
1517.180	743.407	26.246
1518.180	743.361	26.246
1519.180	743.324	26.246
1520.180	743.260	26.246
1521.180	743.309	26.245
1522.180	743.283	26.245
1523.180	743.204	26.244
1524.180	743.182	26.244
1525.180	743.185	26.244
1526.180	743.142	26.244
1527.180	743.039	26.243
1528.180	743.036	26.243
1529.180	743.075	26.244
1530.180	743.053	26.244
1531.180	743.065	26.244
1532.180	743.091	26.243
1533.180	743.075	26.243
1534.180	743.086	26.243
1535.180	742.974	26.241
1536.180	742.883	26.243
1537.180	742.904	26.243
1538.180	742.884	26.243
1539.180	742.867	26.241
1540.180	742.850	26.241
1541.180	762.708	26.375
1542.180	777.037	27.299
1543.180	777.943	27.509
1544.180	777.901	27.518
1545.180	777.934	27.521
1546.180	777.958	27.523
1547.180	777.903	27.525
1548.180	777.891	27.526
1549.180	777.912	27.531
1550.180	777.910	27.534
1551.180	777.882	27.533
1552.180	777.843	27.532
1553.180	777.807	27.530
1554.180	777.848	27.531
1555.180	777.884	27.532
1556.180	777.851	27.533
1557.180	777.904	27.532
1558.180	777.875	27.532
1559.180	777.876	27.533
1560.180	777.849	27.533
1561.180	777.883	27.534
1562.180	777.858	27.535
1563.180	777.855	27.534
1564.180	777.822	27.533
1565.180	777.773	27.533
1566.180	777.735	27.533
1567.180	777.682	27.533
1568.180	777.625	27.533
1569.180	777.589	27.532
1570.180	777.583	27.533
1571.180	777.599	27.533
1572.180	777.579	27.534
1573.180	777.523	27.533
1574.180	777.537	27.533
1575.180	777.471	27.531
1576.180	777.475	27.532
1577.180	777.424	27.532
1578.180	777.373	27.532
1579.180	777.391	27.531
1580.180	777.420	27.532
1581.180	777.333	27.531
1582.180	777.295	27.532
1583.180	777.270	27.531
1584.180	777.293	27.531
1585.180	777.215	27.532
1586.180	777.212	27.532
1587.180	777.157	27.531
1588.180	777.176	27.530
1589.180	777.209	27.530
1590.180	777.194	27.531
1591.180	777.242	27.531
1592.180	777.245	27.530
1593.180	777.239	27.530
1594.180	777.193	27.529
1595.180	777.151	27.530
1596.180	777.168	27.529
1597.180	777.150	27.529
1598.180	777.154	27.528
1599.180	777.108	27.527
1600.180	777.056	27.528
1601.180	777.037	27.528
1602.180	777.000	27.529
1603.180	779.436	27.527
1604.180	803.141	27.935
1605.180	810.522	28.614
1606.180	810.469	28.752
1607.180	810.443	28.756
1608.180	810.475	28.759
1609.180	810.611	28.762
1610.180	810.623	28.764
1611.180	810.572	28.764
1612.180	810.334	28.764
1613.180	810.208	28.763
1614.180	810.194	28.763
1615.180	810.112	28.765
1616.180	810.113	28.766
1617.180	810.108	28.765
1618.180	810.138	28.765
1619.180	810.084	28.766
1620.180	810.034	28.766
1621.180	810.032	28.766
1622.180	810.017	28.767
1623.180	809.968	28.766
1624.180	809.888	28.765
1625.180	809.912	28.765
1626.180	809.880	28.763
1627.180	809.890	28.765
1628.180	809.874	28.765
1629.180	809.847	28.766
1630.180	809.736	28.765
1631.180	809.738	28.764
1632.180	809.789	28.763
1633.180	809.757	28.764
1634.180	809.716	28.764
1635.180	809.696	28.765
1636.180	809.649	28.763
1637.180	809.633	28.763
1638.180	809.585	28.762
1639.180	809.556	28.762
1640.180	809.592	28.763
1641.180	809.549	28.762
1642.180	809.531	28.761
1643.180	809.531	28.762
1644.180	809.560	28.762
1645.180	809.561	28.761
1646.180	809.582	28.762
1647.180	809.510	28.761
1648.180	809.505	28.760
1649.180	809.463	28.760
1650.180	809.356	28.759
1651.180	809.340	28.759
1652.180	809.381	28.760
1653.180	809.338	28.759
1654.180	809.458	28.760
1655.180	829.338	28.877
1656.180	838.840	29.750
1657.180	838.819	29.834
1658.180	838.749	29.839
1659.180	838.718	29.842
1660.180	838.706	29.844
1661.180	838.664	29.843
1662.180	838.635	29.844
1663.180	838.601	29.844
1664.180	838.566	29.845
1665.180	838.512	29.847
1666.180	838.476	29.846
1667.180	838.454	29.845
1668.180	838.445	29.846
1669.180	838.366	29.845
1670.180	838.343	29.847
1671.180	838.334	29.845
1672.180	838.264	29.846
1673.180	838.268	29.845
1674.180	838.246	29.845
1675.180	838.274	29.845
1676.180	838.251	29.845
1677.180	838.197	29.846
1678.180	838.230	29.844
1679.180	838.234	29.844
1680.180	838.242	29.844
1681.180	838.203	29.843
1682.180	838.157	29.843
1683.180	838.153	29.845
1684.180	838.092	29.844
1685.180	838.081	29.843
1686.180	838.068	29.842
1687.180	838.067	29.842
1688.180	838.039	29.843
1689.180	838.012	29.843
1690.180	837.918	29.842
1691.180	837.863	29.841
1692.180	837.834	29.840
1693.180	837.747	29.840
1694.180	837.736	29.841
1695.180	837.688	29.841
1696.180	837.674	29.840
1697.180	837.706	29.840
1698.180	837.676	29.839
1699.180	837.644	29.839
1700.180	837.666	29.839
1701.180	837.650	29.838
1702.180	837.564	29.839
1703.180	837.569	29.836
1704.180	837.540	29.836
1705.180	837.578	29.836
1706.180	837.571	29.835
1707.180	837.559	29.837
1708.180	837.496	29.836
1709.180	837.498	29.836
1710.180	854.317	29.929
1711.180	868.305	30.700
1712.180	873.390	31.120
1713.180	873.310	31.140
1714.180	873.270	31.150
1715.180	873.234	31.150
1716.180	873.274	31.150
1717.180	873.222	31.150
1718.180	873.081	31.150
1719.180	873.043	31.150
1720.180	872.972	31.150
1721.180	872.979	31.150
1722.180	872.932	31.150
1723.180	872.870	31.150
1724.180	872.890	31.150
1725.180	872.834	31.150
1726.180	872.806	31.150
1727.180	872.686	31.150
1728.180	872.651	31.140
1729.180	872.666	31.140
1730.180	872.589	31.140
1731.180	872.587	31.140
1732.180	872.560	31.140
1733.180	872.552	31.140
1734.180	872.516	31.140
1735.180	872.503	31.140
1736.180	872.504	31.140
1737.180	872.469	31.140
1738.180	872.473	31.140
1739.180	872.500	31.140
1740.180	872.438	31.140
1741.180	872.377	31.140
1742.180	872.398	31.140
1743.180	872.354	31.140
1744.180	872.282	31.140
1745.180	872.273	31.140
1746.180	872.227	31.140
1747.180	872.229	31.140
1748.180	872.153	31.140
1749.180	872.166	31.140
1750.180	872.132	31.140
1751.180	872.142	31.140
1752.180	872.131	31.140
1753.180	872.094	31.140
1754.180	872.141	31.140
1755.180	872.147	31.140
1756.180	872.155	31.140
1757.180	872.120	31.140
1758.180	872.071	31.140
1759.180	872.007	31.140
1760.180	877.365	31.140
1761.180	898.323	31.760
1762.180	901.012	32.180
1763.180	901.010	32.190
1764.180	900.953	32.200
1765.180	900.947	32.200
1766.180	900.846	32.200
1767.180	900.820	32.200
1768.180	900.839	32.200
1769.180	900.798	32.200
1770.180	900.761	32.200
1771.180	900.744	32.200
1772.180	900.680	32.200
1773.180	900.689	32.210
1774.180	900.630	32.210
1775.180	900.624	32.200
1776.180	900.586	32.210
1777.180	900.590	32.200
1778.180	900.483	32.200
1779.180	900.487	32.200
1780.180	900.414	32.200
1781.180	900.390	32.210
1782.180	900.359	32.200
1783.180	900.366	32.200
1784.180	900.400	32.200
1785.180	900.363	32.200
1786.180	900.328	32.200
1787.180	900.360	32.200
1788.180	900.352	32.200
1789.180	900.329	32.200
1790.180	900.264	32.200
1791.180	900.300	32.200
1792.180	900.269	32.200
1793.180	900.226	32.200
1794.180	900.188	32.200
1795.180	900.169	32.200
1796.180	900.104	32.200
1797.180	900.099	32.200
1798.180	899.992	32.200
1799.180	899.938	32.200
1800.180	899.887	32.200
1801.180	899.836	32.200
1802.180	899.781	32.200
1803.180	899.749	32.200
1804.180	899.680	32.200
1805.180	899.682	32.200
1806.180	899.656	32.200
1807.180	899.615	32.190
1808.180	899.578	32.190
1809.180	899.533	32.190
1810.180	899.537	32.190
1811.180	899.505	32.190
1812.180	899.502	32.190
1813.180	899.515	32.190
1814.180	899.450	32.190
1815.180	899.413	32.190
1816.180	899.359	32.190
1817.180	899.408	32.190
1818.180	899.379	32.190
1819.180	899.302	32.190
1820.180	899.978	32.190
1821.180	919.706	32.470
1822.180	928.976	33.100
1823.180	929.457	33.270
1824.180	936.635	33.310
1825.180	936.770	33.550
1826.180	936.734	33.560
1827.180	936.646	33.560
1828.180	936.688	33.560
1829.180	936.682	33.560
1830.180	936.642	33.570
1831.180	936.641	33.570
1832.180	936.603	33.560
1833.180	936.527	33.560
1834.180	936.479	33.560
1835.180	936.434	33.560
1836.180	936.416	33.560
1837.180	936.373	33.560
1838.180	936.364	33.560
1839.180	936.342	33.560
1840.180	936.244	33.560
1841.180	936.196	33.560
1842.180	936.168	33.560
1843.180	936.110	33.560
1844.180	936.088	33.560
1845.180	936.039	33.560
1846.180	936.006	33.560
1847.180	935.960	33.560
1848.180	935.928	33.560
1849.180	935.902	33.560
1850.180	935.893	33.560
1851.180	935.910	33.560
1852.180	935.933	33.560
1853.180	935.894	33.560
1854.180	935.891	33.560
1855.180	935.832	33.560
1856.180	935.855	33.560
1857.180	935.820	33.560
1858.180	935.750	33.550
1859.180	935.655	33.550
1860.180	935.598	33.550
1861.180	935.572	33.550
1862.180	935.500	33.550
1863.180	935.490	33.550
1864.180	935.487	33.550
1865.180	935.511	33.550
1866.180	935.445	33.550
1867.180	935.468	33.550
1868.180	935.498	33.550
1869.180	935.427	33.550
1870.180	935.441	33.550
1871.180	935.432	33.550
1872.180	935.360	33.550
1873.180	935.342	33.550
1874.180	935.377	33.550
1875.180	935.285	33.550
1876.180	935.314	33.550
1877.180	946.501	33.690
1878.180	956.753	34.090
1879.180	958.297	34.360
1880.180	958.250	34.370
1881.180	958.238	34.370
1882.180	958.213	34.380
1883.180	960.431	34.420
1884.180	960.379	34.460
1885.180	960.301	34.460
1886.180	960.288	34.460
1887.180	960.279	34.460
1888.180	960.238	34.460
1889.180	960.220	34.460
1890.180	960.165	34.460
1891.180	960.129	34.460
1892.180	960.104	34.460
1893.180	960.030	34.460
1894.180	959.941	34.460
1895.180	959.913	34.460
1896.180	959.883	34.460
1897.180	959.907	34.460
1898.180	959.824	34.460
1899.180	959.780	34.460
1900.180	959.792	34.460
1901.180	959.775	34.460
1902.180	959.809	34.460
1903.180	959.791	34.460
1904.180	959.734	34.460
1905.180	959.642	34.460
1906.180	959.624	34.460
1907.180	959.575	34.460
1908.180	959.519	34.460
1909.180	959.477	34.460
1910.180	959.448	34.460
1911.180	959.391	34.460
1912.180	959.374	34.460
1913.180	959.368	34.450
1914.180	959.262	34.450
1915.180	959.217	34.450
1916.180	959.195	34.450
1917.180	959.192	34.450
1918.180	959.181	34.450
1919.180	959.145	34.450
1920.180	959.084	34.450
1921.180	959.083	34.450
1922.180	959.081	34.450
1923.180	959.049	34.450
1924.180	958.964	34.450
1925.180	958.958	34.450
1926.180	958.903	34.450
1927.180	958.906	34.450
1928.180	958.858	34.450
1929.180	958.795	34.450
1930.180	958.780	34.450
1931.180	958.735	34.450
1932.180	958.685	34.450
1933.180	958.659	34.440
1934.180	958.652	34.450
1935.180	964.170	34.450
1936.180	978.311	34.880
1937.180	987.319	35.260
1938.180	993.126	35.640
1939.180	993.088	35.690
1940.180	993.022	35.700
1941.180	992.965	35.700
1942.180	992.913	35.700
1943.180	992.849	35.700
1944.180	992.802	35.710
1945.180	992.727	35.700
1946.180	992.703	35.700
1947.180	992.662	35.710
1948.180	992.685	35.700
1949.180	992.624	35.710
1950.180	992.554	35.700
1951.180	992.500	35.700
1952.180	992.442	35.700
1953.180	992.391	35.700
1954.180	992.347	35.700
1955.180	992.297	35.700
1956.180	992.202	35.700
1957.180	992.175	35.700
1958.180	992.166	35.700
1959.180	992.042	35.700
1960.180	992.007	35.700
1961.180	991.983	35.700
1962.180	991.970	35.700
1963.180	991.928	35.700
1964.180	991.908	35.700
1965.180	991.876	35.700
1966.180	991.807	35.700
1967.180	991.869	35.700
1968.180	991.801	35.700
1969.180	991.771	35.700
1970.180	991.735	35.700
1971.180	991.726	35.700
1972.180	991.678	35.700
1973.180	991.693	35.690
1974.180	991.663	35.690
1975.180	991.633	35.690
1976.180	991.531	35.690
1977.180	991.497	35.690
1978.180	991.511	35.690
1979.180	991.484	35.690
1980.180	991.460	35.690
1981.180	991.476	35.690
1982.180	991.508	35.690
1983.180	991.444	35.690
1984.180	991.437	35.690
1985.180	991.360	35.690
1986.180	991.280	35.690
1987.180	991.193	35.690
1988.180	991.122	35.690
1989.180	991.126	35.680
1990.180	991.065	35.680
1991.180	991.087	35.680
1992.180	991.053	35.680
1993.180	991.025	35.680
1994.180	990.988	35.680
1995.180	990.969	35.680
1996.180	990.961	35.680
1997.180	990.950	35.680
1998.180	990.841	35.680
1999.180	990.804	35.680
2000.180	990.777	35.680
2001.180	990.698	35.680
2002.180	990.690	35.680
2003.180	990.694	35.680
2004.180	990.560	35.680
2005.180	990.524	35.680
2006.180	990.386	35.670
2007.180	990.353	35.680
2008.180	990.354	35.670
2009.180	990.326	35.670
2010.180	990.268	35.670
2011.180	990.265	35.670
2012.180	990.280	35.670
2013.180	990.280	35.670
2014.180	1006.316	35.970
2015.180	1019.582	36.560
2016.180	1019.541	36.710
2017.180	1019.488	36.710
2018.180	1019.420	36.720
2019.180	1019.420	36.720
2020.180	1019.364	36.720
2021.180	1019.343	36.720
2022.180	1019.301	36.720
2023.180	1019.267	36.720
2024.180	1019.281	36.720
2025.180	1019.230	36.720
2026.180	1019.155	36.720
2027.180	1019.066	36.720
2028.180	1019.060	36.720
2029.180	1019.001	36.720
2030.180	1018.995	36.720
2031.180	1018.951	36.720
2032.180	1018.838	36.720
2033.180	1018.765	36.720
2034.180	1018.705	36.720
2035.180	1018.705	36.720
2036.180	1018.736	36.720
2037.180	1018.668	36.720
2038.180	1018.650	36.720
2039.180	1018.622	36.710
2040.180	1018.552	36.710
2041.180	1018.501	36.710
2042.180	1018.524	36.710
2043.180	1018.469	36.710
2044.180	1018.445	36.710
2045.180	1018.343	36.710
2046.180	1018.298	36.710
2047.180	1018.291	36.710
2048.180	1018.306	36.710
2049.180	1018.310	36.710
2050.180	1018.223	36.710
2051.180	1018.174	36.710
2052.180	1018.184	36.710
2053.180	1018.118	36.710
2054.180	1018.081	36.710
2055.180	1018.030	36.700
2056.180	1017.950	36.710
2057.180	1017.896	36.700
2058.180	1017.896	36.700
2059.180	1017.874	36.700
2060.180	1017.919	36.700
2061.180	1017.908	36.700
2062.180	1017.837	36.700
2063.180	1017.783	36.700
2064.180	1017.750	36.700
2065.180	1017.726	36.700
2066.180	1017.675	36.700
2067.180	1019.820	36.700
2068.180	1038.172	37.030
2069.180	1046.733	37.550
2070.180	1049.080	37.810
2071.180	1048.970	37.830
2072.180	1048.880	37.840
2073.180	1048.786	37.840
2074.180	1048.755	37.840
2075.180	1048.725	37.840
2076.180	1048.668	37.840
2077.180	1048.634	37.840
2078.180	1048.610	37.840
2079.180	1048.580	37.840
2080.180	1048.525	37.850
2081.180	1048.522	37.850
2082.180	1048.485	37.850
2083.180	1048.424	37.850
2084.180	1048.370	37.840
2085.180	1048.390	37.840
2086.180	1048.322	37.840
2087.180	1048.226	37.840
2088.180	1048.204	37.840
2089.180	1048.174	37.840
2090.180	1048.154	37.840
2091.180	1048.070	37.840
2092.180	1048.029	37.840
2093.180	1047.962	37.840
2094.180	1047.967	37.840
2095.180	1047.917	37.840
2096.180	1047.848	37.840
2097.180	1047.804	37.840
2098.180	1047.718	37.840
2099.180	1047.702	37.840
2100.180	1047.645	37.840
2101.180	1047.627	37.840
2102.180	1047.616	37.840
2103.180	1047.603	37.840
2104.180	1047.517	37.840
2105.180	1047.477	37.830
2106.180	1047.396	37.830
2107.180	1047.374	37.830
2108.180	1047.290	37.830
2109.180	1047.302	37.830
2110.180	1047.249	37.830
2111.180	1047.241	37.830
2112.180	1047.186	37.830
2113.180	1047.164	37.830
2114.180	1047.088	37.830
2115.180	1047.136	37.830
2116.180	1047.247	37.830
2117.180	1047.199	37.830
2118.180	1047.148	37.830
2119.180	1047.130	37.830
2120.180	1047.091	37.830
2121.180	1047.036	37.830
2122.180	1046.956	37.830
2123.180	1046.922	37.830
2124.180	1046.894	37.820
2125.180	1046.818	37.820
2126.180	1046.772	37.820
2127.180	1046.711	37.820
2128.180	1046.652	37.820
2129.180	1046.610	37.820
2130.180	1046.583	37.820
2131.180	1046.522	37.820
2132.180	1046.459	37.820
2133.180	1046.448	37.820
2134.180	1046.414	37.820
2135.180	1046.355	37.820
2136.180	1046.302	37.820
2137.180	1046.273	37.820
2138.180	1046.230	37.820
2139.180	1046.186	37.810
2140.180	1046.173	37.810
2141.180	1048.348	37.810
2142.180	1073.777	38.370
2143.180	1079.144	38.930
2144.180	1079.106	38.980
2145.180	1079.031	38.990
2146.180	1078.965	38.990
2147.180	1078.918	38.990
2148.180	1078.837	38.990
2149.180	1078.792	38.990
2150.180	1078.749	38.990
2151.180	1078.701	38.990
2152.180	1078.653	38.990
2153.180	1078.595	38.990
2154.180	1078.606	38.990
2155.180	1078.589	38.990
2156.180	1078.512	38.990
2157.180	1078.464	38.990
2158.180	1078.399	38.990
2159.180	1078.356	38.990
2160.180	1078.314	38.990
2161.180	1078.317	38.990
2162.180	1078.250	38.990
2163.180	1078.142	38.990
2164.180	1078.105	38.990
2165.180	1078.054	38.990
2166.180	1078.007	38.990
2167.180	1077.975	38.980
2168.180	1077.923	38.980
2169.180	1077.908	38.980
2170.180	1077.790	38.980
2171.180	1077.763	38.980
2172.180	1077.731	38.980
2173.180	1077.738	38.980
2174.180	1077.710	38.980
2175.180	1077.667	38.980
2176.180	1077.606	38.980
2177.180	1077.517	38.980
2178.180	1077.480	38.980
2179.180	1077.461	38.980
2180.180	1077.411	38.980
2181.180	1077.336	38.970
2182.180	1077.278	38.980
2183.180	1077.253	38.980
2184.180	1077.191	38.980
2185.180	1077.172	38.980
2186.180	1077.109	38.970
2187.180	1077.110	38.970
2188.180	1095.314	39.210
2189.180	1108.422	39.880
2190.180	1109.303	40.140
2191.180	1109.283	40.150
2192.180	1109.212	40.150
2193.180	1109.169	40.150
2194.180	1109.134	40.150
2195.180	1109.053	40.150
2196.180	1109.006	40.150
2197.180	1109.004	40.150
2198.180	1108.946	40.150
2199.180	1108.920	40.150
2200.180	1108.906	40.150
2201.180	1108.886	40.150
2202.180	1108.862	40.150
2203.180	1108.816	40.150
2204.180	1108.828	40.150
2205.180	1108.785	40.150
2206.180	1108.720	40.150
2207.180	1108.622	40.150
2208.180	1108.583	40.150
2209.180	1108.546	40.150
2210.180	1108.512	40.150
2211.180	1108.498	40.150
2212.180	1108.374	40.150
2213.180	1108.330	40.140
2214.180	1108.311	40.140
2215.180	1108.220	40.140
2216.180	1108.185	40.140
2217.180	1108.140	40.140
2218.180	1107.995	40.140
2219.180	1107.964	40.140
2220.180	1107.943	40.140
2221.180	1107.911	40.140
2222.180	1107.902	40.140
2223.180	1107.833	40.140
2224.180	1107.698	40.140
2225.180	1107.707	40.140
2226.180	1107.639	40.130
2227.180	1107.595	40.140
2228.180	1107.561	40.140
2229.180	1107.431	40.130
2230.180	1107.324	40.130
2231.180	1107.283	40.130
2232.180	1107.204	40.130
2233.180	1107.168	40.130
2234.180	1107.180	40.130
2235.180	1107.210	40.130
2236.180	1107.156	40.130
2237.180	1107.135	40.130
2238.180	1107.091	40.130
2239.180	1107.045	40.130
2240.180	1106.927	40.130
2241.180	1106.810	40.130
2242.180	1106.768	40.120
2243.180	1106.715	40.130
2244.180	1106.695	40.120
2245.180	1106.697	40.120
2246.180	1106.651	40.120
2247.180	1114.073	40.120
2248.180	1128.702	40.590
2249.180	1137.796	41.040
2250.180	1137.964	41.240
2251.180	1137.939	41.250
2252.180	1137.887	41.250
2253.180	1137.817	41.250
2254.180	1137.720	41.250
2255.180	1137.774	41.250
2256.180	1137.730	41.250
2257.180	1137.694	41.250
2258.180	1137.621	41.250
2259.180	1137.598	41.250
2260.180	1137.513	41.250
2261.180	1137.480	41.250
2262.180	1137.408	41.250
2263.180	1137.386	41.250
2264.180	1137.318	41.250
2265.180	1137.224	41.250
2266.180	1137.125	41.250
2267.180	1137.033	41.250
2268.180	1136.997	41.250
2269.180	1136.897	41.250
2270.180	1136.944	41.250
2271.180	1136.911	41.240
2272.180	1136.864	41.240
2273.180	1136.761	41.240
2274.180	1136.834	41.240
2275.180	1136.774	41.240
2276.180	1136.710	41.240
2277.180	1136.711	41.240
2278.180	1136.623	41.240
2279.180	1136.549	41.240
2280.180	1136.512	41.240
2281.180	1136.447	41.240
2282.180	1136.384	41.240
2283.180	1136.275	41.240
2284.180	1136.232	41.230
2285.180	1136.209	41.230
2286.180	1136.169	41.230
2287.180	1136.174	41.230
2288.180	1136.147	41.230
2289.180	1136.094	41.230
2290.180	1136.046	41.230
2291.180	1136.044	41.230
2292.180	1136.012	41.230
2293.180	1135.956	41.230
2294.180	1135.928	41.230
2295.180	1156.543	41.470
2296.180	1165.502	42.160
2297.180	1165.465	42.280
2298.180	1165.387	42.290
2299.180	1165.270	42.290
2300.180	1165.175	42.290
2301.180	1165.138	42.290
2302.180	1165.068	42.290
2303.180	1165.018	42.290
2304.180	1165.016	42.290
2305.180	1164.929	42.290
2306.180	1164.822	42.290
2307.180	1164.831	42.290
2308.180	1164.704	42.290
2309.180	1164.652	42.290
2310.180	1164.613	42.290
2311.180	1164.547	42.290
2312.180	1164.459	42.290
2313.180	1164.415	42.290
2314.180	1164.390	42.290
2315.180	1164.359	42.280
2316.180	1164.275	42.290
2317.180	1164.222	42.280
2318.180	1164.173	42.280
2319.180	1164.144	42.280
2320.180	1164.081	42.290
2321.180	1164.035	42.280
2322.180	1163.936	42.280
2323.180	1163.859	42.280
2324.180	1163.739	42.280
2325.180	1163.682	42.280
2326.180	1163.595	42.280
2327.180	1163.568	42.280
2328.180	1163.493	42.280
2329.180	1163.496	42.280
2330.180	1163.458	42.280
2331.180	1163.458	42.280
2332.180	1163.416	42.280
2333.180	1163.373	42.270
2334.180	1163.307	42.270
2335.180	1163.234	42.270
2336.180	1163.213	42.270
2337.180	1163.122	42.270
2338.180	1163.103	42.270
2339.180	1163.015	42.270
2340.180	1162.950	42.270
2341.180	1162.953	42.270
2342.180	1162.934	42.270
2343.180	1162.907	42.270
2344.180	1162.864	42.270
2345.180	1162.839	42.260
2346.180	1162.803	42.260
2347.180	1162.754	42.260
2348.180	1162.705	42.260
2349.180	1162.645	42.260
2350.180	1162.502	42.260
2351.180	1162.477	42.260
2352.180	1162.434	42.260
2353.180	1162.363	42.260
2354.180	1162.372	42.260
2355.180	1162.423	42.260
2356.180	1162.405	42.260
2357.180	1162.357	42.260
2358.180	1162.309	42.250
2359.180	1162.317	42.250
2360.180	1162.304	42.250
2361.180	1162.293	42.250
2362.180	1162.192	42.250
2363.180	1162.172	42.250
2364.180	1168.343	42.250
2365.180	1188.487	42.730
2366.180	1193.743	43.280
2367.180	1195.159	43.410
2368.180	1194.993	43.430
2369.180	1194.927	43.430
2370.180	1194.862	43.430
2371.180	1194.796	43.430
2372.180	1194.700	43.430
2373.180	1194.669	43.430
2374.180	1194.583	43.430
2375.180	1194.519	43.430
2376.180	1194.439	43.430
2377.180	1194.475	43.430
2378.180	1194.455	43.430
2379.180	1194.396	43.420
2380.180	1194.351	43.420
2381.180	1194.230	43.430
2382.180	1194.136	43.420
2383.180	1193.993	43.420
2384.180	1193.970	43.420
2385.180	1193.944	43.420
2386.180	1193.861	43.430
2387.180	1193.829	43.420
2388.180	1193.749	43.420
2389.180	1193.688	43.420
2390.180	1193.672	43.420
2391.180	1193.621	43.420
2392.180	1193.596	43.420
2393.180	1193.608	43.420
2394.180	1193.586	43.420
2395.180	1193.588	43.420
2396.180	1193.496	43.410
2397.180	1193.419	43.410
2398.180	1193.343	43.410
2399.180	1193.312	43.410
2400.180	1193.218	43.410
2401.180	1193.229	43.410
2402.180	1193.162	43.410
2403.180	1193.057	43.410
2404.180	1193.072	43.410
2405.180	1193.058	43.410
2406.180	1192.972	43.410
2407.180	1192.805	43.410
2408.180	1192.789	43.400
2409.180	1192.726	43.400
2410.180	1192.670	43.400
2411.180	1192.614	43.400
2412.180	1192.532	43.400
2413.180	1192.488	43.400
2414.180	1208.687	43.570
2415.180	1220.151	44.150
2416.180	1222.945	44.440
2417.180	1222.866	44.490
2418.180	1222.833	44.490
2419.180	1222.758	44.500
2420.180	1222.730	44.500
2421.180	1222.681	44.500
2422.180	1222.613	44.500
2423.180	1222.627	44.500
2424.180	1222.567	44.500
2425.180	1222.485	44.500
2426.180	1222.447	44.500
2427.180	1222.408	44.490
2428.180	1222.296	44.490
2429.180	1222.196	44.490
2430.180	1222.116	44.500
2431.180	1222.049	44.490
2432.180	1221.988	44.490
2433.180	1221.945	44.490
2434.180	1221.930	44.490
2435.180	1221.906	44.490
2436.180	1221.832	44.490
2437.180	1221.777	44.490
2438.180	1221.725	44.490
2439.180	1221.628	44.490
2440.180	1221.583	44.490
2441.180	1221.509	44.490
2442.180	1221.458	44.480
2443.180	1221.339	44.490
2444.180	1221.327	44.480
2445.180	1221.245	44.480
2446.180	1221.205	44.480
2447.180	1221.173	44.480
2448.180	1221.118	44.480
2449.180	1221.088	44.480
2450.180	1220.979	44.470
2451.180	1221.105	44.470
2452.180	1221.092	44.470
2453.180	1221.025	44.470
2454.180	1220.995	44.470
2455.180	1220.933	44.470
2456.180	1220.912	44.470
2457.180	1220.833	44.470
2458.180	1220.782	44.470
2459.180	1220.749	44.470
2460.180	1220.624	44.470
2461.180	1220.619	44.470
2462.180	1220.525	44.470
2463.180	1220.437	44.460
2464.180	1220.353	44.460
2465.180	1220.275	44.460
2466.180	1220.161	44.460
2467.180	1220.094	44.460
2468.180	1220.069	44.460
2469.180	1219.988	44.460
2470.180	1219.829	44.460
2471.180	1219.847	44.460
2472.180	1219.846	44.450
2473.180	1236.259	44.620
2474.180	1245.334	45.150
2475.180	1248.707	45.400
2476.180	1251.849	45.520
2477.180	1251.854	45.590
2478.180	1251.825	45.590
2479.180	1251.683	45.590
2480.180	1251.628	45.590
2481.180	1251.568	45.590
2482.180	1251.542	45.590
2483.180	1251.476	45.590
2484.180	1251.444	45.590
2485.180	1251.384	45.590
2486.180	1251.363	45.590
2487.180	1251.280	45.590
2488.180	1251.123	45.590
2489.180	1251.059	45.590
2490.180	1251.016	45.590
2491.180	1250.985	45.590
2492.180	1250.960	45.590
2493.180	1250.872	45.590
2494.180	1250.796	45.590
2495.180	1250.750	45.590
2496.180	1250.679	45.590
2497.180	1250.651	45.590
2498.180	1250.616	45.580
2499.180	1250.490	45.580
2500.180	1250.454	45.580
2501.180	1250.310	45.580
2502.180	1250.192	45.580
2503.180	1250.114	45.580
2504.180	1250.038	45.580
2505.180	1249.986	45.580
2506.180	1249.910	45.580
2507.180	1249.878	45.580
2508.180	1249.793	45.570
2509.180	1249.707	45.570
2510.180	1249.677	45.570
2511.180	1249.694	45.570
2512.180	1249.685	45.570
2513.180	1249.585	45.570
2514.180	1249.487	45.570
2515.180	1249.473	45.570
2516.180	1249.362	45.570
2517.180	1249.301	45.560
2518.180	1249.251	45.560
2519.180	1249.194	45.560
2520.180	1249.134	45.560
2521.180	1249.092	45.560
2522.180	1249.045	45.560
2523.180	1248.996	45.560
2524.180	1248.979	45.560
2525.180	1248.928	45.560
2526.180	1248.904	45.560
2527.180	1248.835	45.550
2528.180	1248.812	45.550
2529.180	1248.784	45.550
2530.180	1260.595	45.760
2531.180	1260.563	45.920
2532.180	1260.472	45.920
2533.180	1260.452	45.920
2534.180	1260.384	45.920
2535.180	1260.324	45.920
2536.180	1260.265	45.920
2537.180	1260.207	45.920
2538.180	1260.217	45.920
2539.180	1260.135	45.920
2540.180	1260.119	45.920
2541.180	1260.056	45.920
2542.180	1260.038	45.920
2543.180	1259.962	45.920
2544.180	1259.926	45.920
2545.180	1259.878	45.920
2546.180	1259.811	45.920
2547.180	1259.800	45.920
2548.180	1259.703	45.920
2549.180	1259.632	45.920
2550.180	1259.593	45.920
2551.180	1259.576	45.920
2552.180	1259.523	45.920
2553.180	1259.436	45.920
2554.180	1259.322	45.910
2555.180	1259.302	45.910
2556.180	1259.270	45.910
2557.180	1259.215	45.910
2558.180	1259.208	45.910
2559.180	1259.145	45.910
2560.180	1258.988	45.910
2561.180	1258.986	45.910
2562.180	1258.917	45.900
2563.180	1258.820	45.910
2564.180	1258.730	45.910
2565.180	1258.707	45.900
2566.180	1258.604	45.900
2567.180	1258.528	45.900
2568.180	1258.388	45.900
2569.180	1258.325	45.900
2570.180	1258.199	45.900
2571.180	1258.183	45.900
2572.180	1258.091	45.900
2573.180	1258.049	45.890
2574.180	1258.021	45.900
2575.180	1257.934	45.890
2576.180	1257.916	45.890
2577.180	1257.848	45.890
2578.180	1257.777	45.890
2579.180	1257.721	45.890
2580.180	1257.635	45.890
2581.180	1257.603	45.890
2582.180	1257.485	45.890
2583.180	1257.470	45.890
2584.180	1257.415	45.890
2585.180	1257.357	45.880
2586.180	1257.350	45.880
2587.180	1257.288	45.880
