0.274	5710.838	0.623
0.774	5710.956	0.625
1.274	5711.083	0.626
1.774	5711.168	0.629
2.274	5711.257	0.635
2.774	5711.345	0.635
3.274	5711.495	0.634
3.774	5711.559	0.639
4.274	5711.586	0.633
4.774	5711.639	0.643
5.274	5711.720	0.644
5.774	5711.755	0.644
6.274	5711.814	0.645
6.774	5711.882	0.649
7.274	5711.925	0.655
7.774	5712.009	0.648
8.274	5712.086	0.650
8.774	5712.105	0.664
9.274	5712.136	0.656
9.774	5712.203	0.654
10.274	5712.226	0.655
10.774	5712.295	0.660
11.274	5712.380	0.655
11.774	5712.467	0.661
12.274	5712.480	0.664
12.774	5712.511	0.662
13.274	5712.574	0.662
13.774	5712.685	0.667
14.274	5712.762	0.665
14.774	5712.813	0.667
15.274	5712.882	0.661
15.774	5712.882	0.668
16.274	5712.891	0.662
16.774	5712.913	0.669
17.274	5712.964	0.666
17.774	5713.031	0.668
18.274	5713.042	0.666
18.774	5713.090	0.665
19.274	5713.069	0.668
19.774	5713.087	0.668
20.274	5713.124	0.668
20.774	5713.168	0.663
21.274	5713.161	0.663
21.774	5713.180	0.670
22.274	5713.270	0.665
22.774	5713.254	0.668
23.274	5713.272	0.663
23.774	5713.284	0.663
24.274	5713.310	0.667
24.774	5713.366	0.665
25.274	5713.391	0.664
25.774	5713.434	0.665
26.274	5713.430	0.666
26.774	5713.412	0.662
27.274	5713.454	0.666
27.774	5713.476	0.664
28.274	5713.491	0.663
28.774	5713.493	0.667
29.274	5713.472	0.668
29.774	5713.462	0.662
30.274	5713.500	0.664
30.774	5713.497	0.664
31.274	5713.464	0.663
31.774	5713.450	0.659
32.274	5713.482	0.662
32.774	5713.499	0.660
33.274	5713.507	0.659
33.774	5713.522	0.663
34.274	5713.549	0.658
34.774	5713.548	0.656
35.274	5713.579	0.657
35.774	5713.614	0.659
36.274	5713.584	0.658
36.774	5713.621	0.656
37.274	5713.627	0.660
37.774	5713.565	0.656
38.274	5713.562	0.662
38.774	5713.594	0.657
39.274	5713.625	0.660
39.774	5713.585	0.658
40.274	5713.604	0.657
40.774	5713.623	0.656
41.274	5713.590	0.656
41.774	5713.559	0.659
42.274	5713.578	0.656
42.774	5713.609	0.656
43.274	5713.594	0.654
43.774	5713.569	0.652
44.274	5713.544	0.656
44.774	5713.583	0.655
45.274	5713.576	0.662
45.774	5713.523	0.655
46.274	5713.539	0.653
46.774	5713.560	0.654
47.274	5713.543	0.657
47.774	5713.576	0.654
48.274	5713.562	0.657
48.774	5713.557	0.653
49.274	5713.536	0.660
49.774	5713.564	0.659
50.274	5713.549	0.657
50.774	5713.534	0.656
51.274	5713.530	0.657
51.774	5713.509	0.657
52.274	5713.495	0.652
52.774	5713.495	0.657
53.274	5713.484	0.654
53.774	5713.463	0.658
54.274	5713.479	0.658
54.774	5713.469	0.659
55.274	5713.451	0.657
55.774	5713.450	0.661
56.274	5713.428	0.660
56.774	5713.417	0.660
57.274	5713.411	0.660
57.774	5713.388	0.661
58.274	5713.368	0.658
58.774	5713.388	0.659
59.274	5713.383	0.658
59.774	5713.424	0.661
60.274	5713.440	0.660
60.774	5713.424	0.659
61.274	5713.412	0.662
61.774	5713.405	0.658
62.274	5713.363	0.658
62.774	5713.379	0.664
63.274	5713.432	0.661
63.774	5713.466	0.666
64.274	5713.474	0.658
64.774	5713.498	0.661
65.274	5713.481	0.662
65.774	5713.421	0.663
66.274	5713.423	0.660
66.774	5713.443	0.662
67.274	5713.434	0.662
67.774	5713.452	0.663
68.274	5713.466	0.661
68.774	5713.431	0.658
69.274	5713.436	0.664
69.774	5713.447	0.660
70.274	5713.432	0.666
70.774	5713.458	0.661
71.274	5713.445	0.659
71.774	5713.396	0.662
72.274	5713.367	0.660
72.774	5713.346	0.659
73.274	5713.345	0.664
73.774	5713.324	0.662
74.274	5713.294	0.663
74.774	5713.333	0.662
75.274	5713.330	0.662
75.774	5713.363	0.661
76.274	5713.315	0.668
76.774	5713.310	0.664
77.274	5713.300	0.657
77.774	5713.308	0.663
78.274	5713.299	0.662
78.774	5713.299	0.664
79.274	5713.296	0.662
79.774	5713.324	0.661
80.274	5713.266	0.662
80.774	5713.209	0.659
81.274	5713.184	0.664
81.774	5713.212	0.660
82.274	5713.200	0.657
82.774	5713.168	0.662
83.274	5713.202	0.661
83.774	5713.170	0.663
84.274	5713.172	0.658
84.774	5713.132	0.659
85.274	5713.127	0.658
85.774	5713.087	0.663
86.274	5713.104	0.660
86.774	5713.075	0.657
87.274	5713.038	0.658
87.774	5713.058	0.658
88.274	5713.053	0.660
88.774	5713.047	0.661
89.274	5713.039	0.659
89.774	5713.074	0.658
90.274	5713.045	0.658
90.774	5713.050	0.660
91.274	5713.014	0.658
91.774	5713.016	0.659
92.274	5713.021	0.655
92.774	5712.963	0.656
93.274	5712.994	0.654
93.774	5712.922	0.655
94.274	5712.944	0.654
94.774	5712.960	0.656
95.274	5712.921	0.657
95.774	5712.944	0.659
96.274	5712.926	0.653
96.774	5712.924	0.652
97.274	5712.941	0.655
97.774	5712.930	0.655
98.274	5712.915	0.648
98.774	5712.916	0.653
99.274	5712.897	0.650
99.774	5712.894	0.651
100.274	5712.859	0.654
100.774	5712.871	0.657
101.274	5712.886	0.651
101.774	5712.837	0.650
102.274	5712.815	0.649
102.774	5712.808	0.649
103.274	5712.804	0.651
103.774	5712.797	0.649
104.274	5712.736	0.648
104.774	5712.703	0.647
105.274	5712.737	0.653
105.774	5712.682	0.648
106.274	5712.691	0.652
106.774	5712.703	0.642
107.274	5712.702	0.647
107.774	5712.685	0.649
108.274	5712.650	0.649
108.774	5712.649	0.648
109.274	5712.681	0.644
109.774	5712.693	0.644
110.274	5712.763	0.646
110.774	5712.771	0.645
111.274	5712.760	0.645
111.774	5712.739	0.641
112.274	5712.718	0.642
112.774	5712.739	0.642
113.274	5712.744	0.642
113.774	5712.742	0.647
114.274	5712.744	0.641
114.774	5712.695	0.643
115.274	5712.629	0.644
115.774	5712.659	0.640
116.274	5712.689	0.642
116.774	5712.676	0.644
117.274	5712.699	0.643
117.774	5712.728	0.641
118.274	5712.705	0.640
118.774	5712.730	0.641
119.274	5712.731	0.637
119.774	5712.689	0.645
120.274	5712.702	0.639
120.774	5712.628	0.642
121.274	5712.608	0.640
121.774	5712.658	0.638
122.274	5712.619	0.640
122.774	5712.628	0.638
123.274	5712.619	0.640
123.774	5712.538	0.635
124.274	5712.576	0.639
124.774	5712.546	0.636
125.274	5712.563	0.634
125.774	5712.575	0.637
126.274	5712.580	0.636
126.774	5712.548	0.636
127.274	5712.538	0.638
127.774	5712.530	0.637
128.274	5712.512	0.634
128.774	5712.528	0.635
129.274	5712.508	0.633
129.774	5712.486	0.635
130.274	5712.511	0.638
130.774	5712.478	0.635
131.274	5712.457	0.639
131.774	5712.481	0.634
132.274	5712.484	0.632
132.774	5712.468	0.638
133.274	5712.449	0.636
133.774	5712.413	0.637
134.274	5712.385	0.637
134.774	5712.324	0.637
135.274	5712.306	0.632
135.774	5712.262	0.632
136.274	5712.276	0.631
136.774	5712.272	0.631
137.274	5712.263	0.633
137.774	5712.264	0.631
138.274	5712.244	0.633
138.774	5712.244	0.637
139.274	5712.218	0.635
139.774	5712.229	0.636
140.274	5712.170	0.634
140.774	5712.183	0.634
141.274	5712.179	0.638
141.774	5712.140	0.634
142.274	5712.131	0.636
142.774	5712.123	0.631
143.274	5712.087	0.633
143.774	5712.094	0.633
144.274	5712.099	0.635
144.774	5712.093	0.634
145.274	5712.087	0.636
145.774	5712.070	0.632
146.274	5712.007	0.635
146.774	5712.023	0.636
147.274	5712.001	0.636
147.774	5712.013	0.634
148.274	5711.970	0.636
148.774	5711.988	0.636
149.274	5712.028	0.633
149.774	5712.028	0.634
150.274	5711.974	0.631
150.774	5711.996	0.631
151.274	5711.962	0.634
151.774	5711.908	0.636
152.274	5711.916	0.632
152.774	5711.849	0.633
153.274	5711.788	0.631
153.774	5711.796	0.633
154.274	5711.849	0.633
154.774	5711.830	0.636
155.274	5711.813	0.631
155.774	5711.782	0.628
156.274	5711.809	0.631
156.774	5711.777	0.634
157.274	5711.786	0.631
157.774	5711.782	0.635
158.274	5711.743	0.632
158.774	5711.726	0.636
159.274	5711.696	0.637
159.774	5711.643	0.636
160.274	5711.622	0.633
160.774	5711.659	0.629
161.274	5711.653	0.635
161.774	5711.653	0.635
162.274	5711.642	0.635
162.774	5711.640	0.634
163.274	5711.652	0.634
163.774	5711.672	0.636
164.274	5711.669	0.631
164.774	5711.607	0.632
165.274	5711.542	0.636
165.774	5711.527	0.634
166.274	5711.499	0.637
166.774	5711.504	0.634
167.274	5711.497	0.638
167.774	5711.537	0.640
168.274	5711.555	0.638
168.774	5711.554	0.642
169.274	5711.528	0.639
169.774	5711.499	0.639
170.274	5711.498	0.640
170.774	5711.475	0.628
171.274	5711.460	0.635
171.774	5711.496	0.631
172.274	5711.487	0.641
172.774	5711.487	0.628
173.274	5711.491	0.634
173.774	5711.441	0.636
174.274	5711.459	0.635
174.774	5711.462	0.637
175.274	5711.453	0.637
175.774	5711.454	0.634
176.274	5711.475	0.634
176.774	5711.485	0.634
177.274	5711.505	0.637
177.774	5711.461	0.633
178.274	5711.461	0.636
178.774	5711.446	0.636
179.274	5711.401	0.631
179.774	5711.327	0.635
180.274	5711.300	0.633
180.774	5711.303	0.641
181.274	5711.359	0.638
181.774	5711.307	0.644
182.274	5711.303	0.645
182.774	5711.263	0.641
183.274	5711.291	0.639
183.774	5711.295	0.646
184.274	5711.221	0.639
184.774	5711.168	0.640
185.274	5711.147	0.644
185.774	5711.182	0.640
186.274	5711.209	0.634
186.774	5711.250	0.644
187.274	5711.227	0.637
187.774	5711.149	0.637
188.274	5711.181	0.638
188.774	5711.161	0.642
189.274	5711.170	0.638
189.774	5711.151	0.641
190.274	5711.141	0.642
190.774	5711.150	0.636
191.274	5711.151	0.642
191.774	5711.121	0.637
192.274	5711.108	0.639
192.774	5711.090	0.647
193.274	5711.088	0.639
193.774	5711.053	0.637
194.274	5711.055	0.639
194.774	5711.033	0.644
195.274	5711.028	0.639
195.774	5711.022	0.643
196.274	5711.031	0.646
196.774	5710.990	0.643
197.274	5710.961	0.645
197.774	5710.965	0.643
198.274	5710.959	0.638
198.774	5711.046	0.644
199.274	5711.014	0.636
199.774	5711.025	0.644
200.274	5710.978	0.643
200.774	5710.969	0.643
201.274	5710.995	0.640
201.774	5710.996	0.641
202.274	5710.951	0.642
202.774	5710.946	0.636
203.274	5710.916	0.640
203.774	5710.964	0.642
204.274	5710.950	0.640
204.774	5710.969	0.644
205.274	5710.926	0.644
205.774	5710.937	0.643
206.274	5710.903	0.647
206.774	5710.901	0.648
207.274	5710.865	0.647
207.774	5710.867	0.653
208.274	5710.851	0.649
208.774	5710.889	0.644
209.274	5710.861	0.653
209.774	5710.863	0.645
210.274	5710.866	0.644
210.774	5710.875	0.646
211.274	5710.818	0.654
211.774	5710.813	0.649
212.274	5710.753	0.651
212.774	5710.794	0.643
213.274	5710.778	0.651
213.774	5710.772	0.650
214.274	5710.784	0.652
214.774	5710.764	0.643
215.274	5710.741	0.647
215.774	5710.705	0.645
216.274	5710.692	0.647
216.774	5710.709	0.654
217.274	5710.725	0.649
217.774	5710.695	0.655
218.274	5710.692	0.646
218.774	5710.714	0.649
219.274	5710.717	0.647
219.774	5710.665	0.649
220.274	5710.612	0.654
220.774	5710.614	0.648
221.274	5710.615	0.653
221.774	5710.588	0.651
222.274	5710.597	0.647
222.774	5710.576	0.649
223.274	5710.527	0.647
223.774	5710.519	0.654
224.274	5710.503	0.656
224.774	5710.581	0.656
225.274	5710.483	0.656
225.774	5710.477	0.656
226.274	5710.471	0.652
226.774	5710.406	0.657
227.274	5710.419	0.652
227.774	5710.400	0.651
228.274	5710.368	0.656
228.774	5710.320	0.654
229.274	5710.270	0.653
229.774	5710.274	0.648
230.274	5710.259	0.655
230.774	5709.555	0.651
231.274	5709.594	0.652
231.774	5709.040	0.651
232.274	5709.696	0.656
232.774	5709.746	0.656
233.274	5709.783	0.660
233.774	5709.766	0.648
234.274	5709.761	0.656
234.774	5709.721	0.649
235.274	5709.755	0.657
235.774	5709.777	0.657
236.274	5709.805	0.655
236.774	5709.832	0.659
237.274	5709.833	0.650
237.774	5709.804	0.657
238.274	5709.765	0.660
238.774	5709.826	0.655
239.274	5709.809	0.654
239.774	5709.818	0.659
240.274	5709.836	0.657
240.774	5709.851	0.659
241.274	5709.844	0.659
241.774	5709.818	0.660
242.274	5709.830	0.663
242.774	5709.844	0.660
243.274	5709.848	0.658
243.774	5709.830	0.662
244.274	5709.789	0.663
244.774	5709.778	0.660
245.274	5709.755	0.651
245.774	5709.713	0.601
246.274	5709.681	0.606
246.774	5709.672	0.605
247.274	5709.661	0.605
247.774	5709.669	0.634
248.274	5709.661	0.651
248.774	5709.699	0.658
249.274	5709.709	0.655
249.774	5709.693	0.654
250.274	5709.705	0.650
250.774	5709.717	0.650
251.274	5709.694	0.649
251.774	5709.668	0.649
252.274	5709.682	0.649
252.774	5709.663	0.651
253.274	5709.673	0.650
253.774	5709.664	0.646
254.274	5709.651	0.648
254.774	5709.686	0.648
255.274	5709.652	0.643
255.774	5709.674	0.652
256.274	5709.647	0.651
256.774	5709.653	0.648
257.274	5709.659	0.644
257.774	5709.674	0.641
258.274	5709.736	0.646
258.774	5709.713	0.643
259.274	5709.721	0.640
259.774	5709.693	0.639
260.274	5709.707	0.640
260.774	5709.688	0.642
261.274	5709.651	0.641
261.774	5709.613	0.638
262.274	5709.624	0.636
262.774	5709.606	0.636
263.274	5709.594	0.634
263.774	5709.571	0.634
264.274	5709.571	0.634
264.774	5709.636	0.629
265.274	5709.628	0.632
265.774	5709.653	0.633
266.274	5709.621	0.631
266.774	5709.592	0.630
267.274	5709.544	0.627
267.774	5709.543	0.631
268.274	5709.572	0.629
268.774	5709.560	0.632
269.274	5709.516	0.630
269.774	5709.533	0.625
270.274	5709.529	0.623
270.774	5709.527	0.625
271.274	5709.557	0.624
271.774	5709.576	0.623
272.274	5709.550	0.627
272.774	5709.522	0.629
273.274	5709.528	0.626
273.774	5709.543	0.627
274.274	5709.494	0.625
274.774	5709.512	0.622
275.274	5709.488	0.623
275.774	5709.542	0.628
276.274	5709.462	0.626
276.774	5709.457	0.629
277.274	5709.451	0.627
277.774	5709.468	0.623
278.274	5709.447	0.621
278.774	5709.406	0.624
279.274	5709.396	0.625
279.774	5709.387	0.628
280.274	5709.424	0.630
280.774	5709.374	0.622
281.274	5709.392	0.623
281.774	5709.348	0.624
282.274	5709.350	0.621
282.774	5709.312	0.628
283.274	5709.330	0.622
283.774	5709.322	0.623
284.274	5709.374	0.623
284.774	5709.393	0.624
285.274	5709.394	0.621
285.774	5709.382	0.619
286.274	5709.383	0.620
286.774	5709.399	0.618
287.274	5709.386	0.621
287.774	5709.364	0.618
288.274	5709.351	0.623
288.774	5709.304	0.623
289.274	5709.318	0.624
289.774	5709.324	0.625
290.274	5709.344	0.619
290.774	5709.319	0.621
291.274	5709.318	0.622
291.774	5709.320	0.619
292.274	5709.307	0.622
292.774	5709.338	0.623
293.274	5709.299	0.621
293.774	5709.309	0.621
294.274	5709.281	0.620
294.774	5709.278	0.623
295.274	5709.285	0.622
295.774	5709.304	0.620
296.274	5709.303	0.622
296.774	5709.297	0.623
297.274	5709.279	0.627
297.774	5709.253	0.624
298.274	5709.243	0.630
298.774	5709.191	0.627
299.274	5709.142	0.622
299.774	5709.145	0.625
300.274	5709.156	0.626
300.774	5709.147	0.622
301.274	5709.150	0.621
301.774	5709.144	0.620
302.274	5709.142	0.616
302.774	5709.157	0.621
303.274	5709.149	0.620
303.774	5709.135	0.623
304.274	5709.107	0.622
304.774	5709.057	0.620
305.274	5709.076	0.621
305.774	5709.084	0.621
306.274	5709.082	0.621
306.774	5709.075	0.625
307.274	5709.053	0.621
307.774	5709.084	0.625
308.274	5709.087	0.623
308.774	5709.111	0.624
309.274	5709.129	0.622
309.774	5709.130	0.620
310.274	5709.131	0.624
310.774	5709.131	0.619
311.274	5709.123	0.628
311.774	5709.096	0.624
312.274	5709.063	0.622
312.774	5709.055	0.624
313.274	5709.035	0.619
313.774	5709.059	0.623
314.274	5709.048	0.625
314.774	5709.046	0.627
315.274	5709.051	0.626
315.774	5709.071	0.624
316.274	5709.072	0.624
316.774	5709.075	0.619
317.274	5709.077	0.629
317.774	5709.062	0.628
318.274	5709.031	0.622
318.774	5709.031	0.627
319.274	5708.983	0.625
319.774	5708.995	0.624
320.274	5708.986	0.623
320.774	5708.941	0.628
321.274	5708.921	0.629
321.774	5708.886	0.624
322.274	5708.850	0.628
322.774	5708.851	0.629
323.274	5708.841	0.626
323.774	5708.833	0.627
324.274	5708.813	0.626
324.774	5708.824	0.622
325.274	5708.706	0.622
325.774	5708.706	0.625
326.274	5708.746	0.627
326.774	5708.733	0.630
327.274	5708.728	0.625
327.774	5708.712	0.627
328.274	5708.716	0.630
328.774	5708.733	0.627
329.274	5708.712	0.628
329.774	5708.706	0.629
330.274	5708.748	0.627
330.774	5708.720	0.632
331.274	5708.692	0.628
331.774	5708.696	0.633
332.274	5708.745	0.632
332.774	5708.696	0.632
333.274	5708.677	0.629
333.774	5708.648	0.631
334.274	5708.661	0.630
334.774	5708.646	0.628
335.274	5708.691	0.633
335.774	5708.658	0.633
336.274	5708.674	0.635
336.774	5708.626	0.637
337.274	5708.642	0.633
337.774	5708.596	0.633
338.274	5708.583	0.636
338.774	5708.623	0.635
339.274	5708.601	0.631
339.774	5708.592	0.633
340.274	5708.580	0.634
340.774	5708.569	0.632
341.274	5708.577	0.636
341.774	5708.529	0.631
342.274	5708.544	0.631
342.774	5708.498	0.632
343.274	5708.483	0.637
343.774	5708.510	0.637
344.274	5708.459	0.637
344.774	5708.444	0.632
345.274	5708.423	0.635
345.774	5708.447	0.634
346.274	5708.406	0.630
346.774	5708.375	0.630
347.274	5708.339	0.635
347.774	5708.350	0.634
348.274	5708.357	0.637
348.774	5708.362	0.638
349.274	5708.370	0.634
349.774	5708.340	0.638
350.274	5708.323	0.637
350.774	5708.346	0.638
351.274	5708.289	0.639
351.774	5708.298	0.643
352.274	5708.295	0.639
352.774	5708.300	0.639
353.274	5708.307	0.640
353.774	5708.309	0.638
354.274	5708.268	0.644
354.774	5708.252	0.641
355.274	5708.311	0.638
355.774	5708.328	0.640
356.274	5708.331	0.636
356.774	5708.322	0.641
357.274	5708.327	0.643
357.774	5708.302	0.638
358.274	5708.276	0.639
358.774	5708.262	0.640
359.274	5708.206	0.641
359.774	5708.218	0.641
360.274	5708.180	0.640
360.774	5708.165	0.641
361.274	5708.182	0.636
361.774	5708.157	0.641
362.274	5708.162	0.642
362.774	5708.164	0.643
363.274	5708.200	0.637
363.774	5708.219	0.640
364.274	5708.173	0.641
364.774	5708.168	0.644
365.274	5708.200	0.644
365.774	5708.155	0.644
366.274	5708.172	0.645
366.774	5708.171	0.643
367.274	5708.161	0.645
367.774	5708.183	0.644
368.274	5708.198	0.639
368.774	5708.183	0.644
369.274	5708.192	0.642
369.774	5708.157	0.644
370.274	5708.141	0.643
370.774	5708.124	0.643
371.274	5708.165	0.647
371.774	5708.208	0.647
372.274	5708.230	0.645
372.774	5708.267	0.650
373.274	5708.238	0.648
373.774	5708.205	0.652
374.274	5708.223	0.645
374.774	5708.193	0.645
375.274	5708.177	0.647
375.774	5708.184	0.644
376.274	5708.211	0.645
376.774	5708.230	0.647
377.274	5708.156	0.645
377.774	5708.166	0.646
378.274	5708.167	0.648
378.774	5708.171	0.646
379.274	5708.183	0.649
379.774	5708.124	0.648
380.274	5708.144	0.645
380.774	5708.205	0.648
381.274	5708.211	0.648
381.774	5708.199	0.649
382.274	5708.185	0.652
382.774	5708.149	0.648
383.274	5708.120	0.643
383.774	5708.120	0.649
384.274	5708.131	0.649
384.774	5708.113	0.649
385.274	5708.099	0.652
385.774	5708.067	0.652
386.274	5708.064	0.654
386.774	5708.048	0.654
387.274	5708.040	0.651
387.774	5708.043	0.651
388.274	5708.056	0.649
388.774	5708.032	0.655
389.274	5707.984	0.653
389.774	5707.993	0.647
390.274	5707.995	0.651
390.774	5707.994	0.654
391.274	5708.014	0.655
391.774	5708.022	0.654
392.274	5707.974	0.654
392.774	5707.990	0.653
393.274	5707.983	0.654
393.774	5707.982	0.655
394.274	5707.991	0.653
394.774	5707.977	0.654
395.274	5707.968	0.653
395.774	5707.957	0.651
396.274	5707.992	0.655
396.774	5707.910	0.652
397.274	5707.915	0.654
397.774	5707.941	0.657
398.274	5707.944	0.657
398.774	5707.940	0.659
399.274	5707.873	0.654
399.774	5707.867	0.656
400.274	5707.824	0.655
400.774	5707.806	0.657
401.274	5707.856	0.664
401.774	5707.806	0.659
402.274	5707.764	0.655
402.774	5707.738	0.657
403.274	5707.719	0.651
403.774	5707.753	0.658
404.274	5707.784	0.657
404.774	5707.731	0.662
405.274	5707.717	0.656
405.774	5707.704	0.657
406.274	5707.722	0.663
406.774	5707.789	0.661
407.274	5707.760	0.662
407.774	5707.706	0.657
408.274	5707.732	0.657
408.774	5707.753	0.659
409.274	5707.746	0.664
409.774	5707.750	0.660
410.274	5707.722	0.662
410.774	5707.732	0.661
411.274	5707.746	0.659
411.774	5707.730	0.658
412.274	5707.737	0.662
412.774	5707.773	0.658
413.274	5707.722	0.656
413.774	5707.708	0.660
414.274	5707.718	0.661
414.774	5707.705	0.664
415.274	5707.635	0.663
415.774	5707.604	0.663
416.274	5707.573	0.663
416.774	5707.645	0.659
417.274	5707.661	0.657
417.774	5707.642	0.656
418.274	5707.618	0.665
418.774	5707.603	0.657
419.274	5707.571	0.659
419.774	5707.562	0.654
420.274	5707.569	0.660
420.774	5707.513	0.662
421.274	5707.524	0.660
421.774	5707.506	0.663
422.274	5707.483	0.663
422.774	5707.399	0.664
423.274	5707.379	0.659
423.774	5707.346	0.660
424.274	5707.348	0.657
424.774	5707.350	0.663
425.274	5707.389	0.660
425.774	5707.446	0.662
426.274	5707.432	0.660
426.774	5707.399	0.661
427.274	5707.415	0.659
427.774	5707.375	0.666
428.274	5707.346	0.662
428.774	5707.339	0.663
429.274	5707.314	0.663
429.774	5707.308	0.663
430.274	5707.304	0.660
430.774	5707.297	0.657
431.274	5707.315	0.662
431.774	5707.348	0.662
432.274	5707.327	0.663
432.774	5707.355	0.668
433.274	5707.380	0.658
433.774	5707.384	0.664
434.274	5707.325	0.663
434.774	5707.330	0.665
435.274	5707.330	0.664
435.774	5707.319	0.663
436.274	5707.309	0.663
436.774	5707.306	0.662
437.274	5707.273	0.662
437.774	5707.267	0.658
438.274	5707.268	0.658
438.774	5707.224	0.664
439.274	5707.219	0.666
439.774	5707.211	0.667
440.274	5707.203	0.671
440.774	5707.228	0.670
441.274	5707.207	0.668
441.774	5707.226	0.667
442.274	5707.206	0.666
442.774	5707.234	0.672
443.274	5707.233	0.666
443.774	5707.210	0.668
444.274	5707.194	0.667
444.774	5707.228	0.667
445.274	5707.237	0.668
445.774	5707.282	0.670
446.274	5707.234	0.674
446.774	5707.238	0.671
447.274	5707.207	0.669
447.774	5707.205	0.670
448.274	5707.191	0.670
448.774	5707.178	0.663
449.274	5707.197	0.668
449.774	5707.232	0.668
450.274	5707.173	0.672
450.774	5707.121	0.672
451.274	5707.101	0.672
451.774	5707.115	0.675
452.274	5707.081	0.672
452.774	5707.107	0.671
453.274	5707.073	0.672
453.774	5707.121	0.672
454.274	5707.169	0.675
454.774	5707.099	0.674
455.274	5707.087	0.677
455.774	5707.065	0.671
456.274	5707.119	0.674
456.774	5707.095	0.672
457.274	5707.092	0.678
457.774	5707.081	0.676
458.274	5707.123	0.673
458.774	5707.133	0.672
459.274	5707.145	0.678
459.774	5707.091	0.674
460.274	5707.056	0.676
460.774	5707.052	0.680
461.274	5707.037	0.676
461.774	5707.040	0.673
462.274	5707.071	0.676
462.774	5707.055	0.679
463.274	5706.979	0.678
463.774	5706.970	0.681
464.274	5706.963	0.675
464.774	5706.954	0.676
465.274	5706.935	0.677
465.774	5706.913	0.682
466.274	5706.887	0.677
466.774	5706.894	0.680
467.274	5706.869	0.676
467.774	5706.845	0.676
468.274	5706.834	0.679
468.774	5706.831	0.682
469.274	5706.828	0.677
469.774	5706.816	0.673
470.274	5706.828	0.679
470.774	5706.887	0.681
471.274	5706.884	0.684
471.774	5706.844	0.678
472.274	5706.807	0.681
472.774	5706.812	0.682
473.274	5706.803	0.680
473.774	5706.829	0.682
474.274	5706.849	0.681
474.774	5706.806	0.681
475.274	5706.848	0.681
475.774	5706.818	0.681
476.274	5706.774	0.681
476.774	5706.761	0.681
477.274	5706.742	0.684
477.774	5706.691	0.679
478.274	5706.689	0.684
478.774	5706.717	0.681
479.274	5706.684	0.683
479.774	5706.658	0.677
480.274	5706.686	0.680
480.774	5706.705	0.681
481.274	5706.695	0.684
481.774	5706.656	0.684
482.274	5706.588	0.683
482.774	5706.632	0.687
483.274	5706.584	0.687
483.774	5706.549	0.684
484.274	5706.582	0.687
484.774	5706.533	0.689
485.274	5706.529	0.689
485.774	5706.506	0.679
486.274	5706.514	0.684
487.274	5706.447	0.690
487.774	5706.432	0.684
488.274	5706.435	0.689
488.774	5706.411	0.688
489.274	5706.429	0.684
489.774	5706.426	0.687
490.274	5706.443	0.688
490.774	5706.488	0.687
491.274	5706.464	0.689
491.774	5706.471	0.687
492.274	5706.484	0.687
492.774	5706.456	0.689
493.274	5706.430	0.687
493.774	5706.452	0.689
494.274	5706.459	0.689
494.774	5706.497	0.689
495.274	5706.462	0.686
495.774	5706.462	0.691
496.274	5706.458	0.685
496.774	5706.439	0.685
497.274	5706.391	0.687
497.774	5706.393	0.688
498.274	5706.396	0.689
498.774	5706.439	0.684
499.274	5706.405	0.693
499.774	5706.431	0.688
500.274	5706.424	0.689
500.774	5706.421	0.695
501.274	5706.439	0.691
501.774	5706.441	0.692
502.274	5706.485	0.685
502.774	5706.447	0.688
503.274	5706.490	0.689
503.774	5706.450	0.687
504.274	5706.473	0.691
504.774	5706.476	0.688
505.274	5706.442	0.691
505.774	5706.468	0.690
506.274	5706.439	0.684
506.774	5706.402	0.691
507.274	5706.399	0.690
507.774	5706.390	0.692
508.274	5706.347	0.689
508.774	5706.408	0.691
509.274	5706.358	0.693
509.774	5706.373	0.689
510.274	5706.335	0.689
510.774	5706.339	0.689
511.274	5706.341	0.693
511.774	5706.297	0.689
512.274	5706.278	0.697
512.774	5706.258	0.697
513.274	5706.259	0.694
513.774	5706.309	0.694
514.274	5706.327	0.690
514.774	5706.292	0.689
515.274	5706.295	0.693
515.774	5706.286	0.694
516.274	5706.279	0.698
516.774	5706.282	0.694
517.274	5706.284	0.693
517.774	5706.292	0.694
518.274	5706.294	0.696
518.774	5706.311	0.697
519.274	5706.253	0.694
519.774	5706.263	0.699
520.274	5706.248	0.694
520.774	5706.254	0.697
521.274	5706.260	0.703
521.774	5706.311	0.699
522.274	5706.270	0.697
522.774	5706.269	0.698
523.274	5706.255	0.699
523.774	5706.248	0.700
524.274	5706.295	0.695
524.774	5706.293	0.697
525.274	5706.289	0.699
525.774	5706.279	0.697
526.274	5706.292	0.699
526.774	5706.240	0.700
527.274	5706.229	0.702
527.774	5706.261	0.700
528.274	5706.206	0.702
528.774	5706.182	0.701
529.274	5706.203	0.702
529.774	5706.198	0.698
530.274	5706.202	0.697
530.774	5706.179	0.699
531.274	5706.115	0.702
531.774	5706.080	0.704
532.274	5706.131	0.702
532.774	5706.120	0.705
533.274	5706.144	0.703
533.774	5706.156	0.702
534.274	5706.126	0.705
534.774	5706.102	0.702
535.274	5706.106	0.702
535.774	5706.104	0.703
536.274	5706.092	0.697
536.774	5705.998	0.700
537.274	5705.974	0.700
537.774	5706.012	0.697
538.274	5705.956	0.700
538.774	5705.943	0.704
539.274	5705.909	0.701
539.774	5705.915	0.700
540.274	5705.881	0.704
540.774	5705.940	0.701
541.274	5705.931	0.704
541.774	5705.944	0.704
542.274	5705.961	0.700
542.774	5705.970	0.699
543.274	5705.914	0.699
543.774	5705.874	0.700
544.274	5705.915	0.697
544.774	5705.885	0.704
545.274	5705.889	0.699
545.774	5705.924	0.706
546.274	5705.959	0.702
546.774	5705.941	0.705
547.274	5705.876	0.703
547.774	5705.887	0.702
548.274	5705.939	0.705
548.774	5705.947	0.704
549.274	5705.115	0.702
549.774	5704.317	0.704
550.274	5705.331	0.700
550.774	5705.574	0.705
551.274	5705.587	0.704
551.774	5705.603	0.701
552.274	5705.618	0.707
552.774	5705.611	0.704
553.274	5705.556	0.705
553.774	5705.586	0.702
554.274	5705.615	0.704
554.774	5705.643	0.701
555.274	5705.662	0.703
555.774	5705.644	0.707
556.274	5705.564	0.703
556.774	5705.583	0.706
557.274	5705.597	0.706
557.774	5705.597	0.707
558.274	5705.597	0.704
558.774	5705.598	0.705
559.274	5705.588	0.704
559.774	5705.520	0.704
560.274	5705.572	0.705
560.774	5705.593	0.706
561.274	5705.520	0.706
561.774	5705.451	0.711
562.274	5705.501	0.707
562.774	5705.549	0.706
563.274	5705.492	0.705
563.774	5705.468	0.704
564.274	5705.460	0.707
564.774	5705.443	0.705
565.274	5705.443	0.709
565.774	5705.456	0.704
566.274	5705.396	0.706
566.774	5705.431	0.707
567.274	5705.451	0.708
567.774	5705.435	0.715
568.274	5705.478	0.709
568.774	5705.448	0.710
569.274	5705.408	0.710
569.774	5705.410	0.708
570.274	5705.356	0.708
570.774	5705.300	0.707
571.274	5705.345	0.707
571.774	5705.418	0.709
572.274	5705.365	0.712
572.774	5705.301	0.707
573.274	5705.289	0.707
573.774	5705.301	0.712
574.274	5705.276	0.710
574.774	5705.346	0.709
575.274	5705.386	0.705
575.774	5705.323	0.708
576.274	5705.317	0.707
576.774	5705.287	0.708
577.274	5705.327	0.710
577.774	5705.313	0.706
578.274	5705.303	0.708
578.774	5705.286	0.710
579.274	5705.266	0.708
579.774	5705.253	0.707
580.274	5705.277	0.710
580.774	5705.250	0.706
581.274	5705.262	0.705
581.774	5705.254	0.709
582.274	5705.294	0.706
582.774	5705.268	0.707
583.274	5705.258	0.705
583.774	5705.280	0.705
584.274	5705.268	0.703
584.774	5705.303	0.706
585.274	5705.275	0.704
585.774	5705.216	0.707
586.274	5705.245	0.711
586.774	5705.281	0.713
587.274	5705.261	0.710
587.774	5705.279	0.710
588.274	5705.258	0.710
588.774	5705.236	0.703
589.274	5705.217	0.706
589.774	5705.244	0.706
590.274	5705.276	0.708
590.774	5705.219	0.704
591.274	5705.184	0.706
591.774	5705.213	0.707
592.274	5705.203	0.709
592.774	5705.224	0.713
593.274	5705.224	0.713
593.774	5705.233	0.710
594.274	5705.233	0.710
594.774	5705.265	0.712
595.274	5705.266	0.712
595.774	5705.206	0.713
596.274	5705.190	0.713
596.774	5705.234	0.713
597.274	5705.235	0.715
597.774	5705.248	0.716
598.274	5705.204	0.714
598.774	5705.249	0.715
599.274	5705.191	0.712
599.774	5705.176	0.709
600.274	5705.166	0.712
