0.420	51.808	-0.000
1.420	51.808	-0.000
2.420	51.808	-0.001
3.420	51.808	-0.000
4.420	51.808	-0.002
5.420	51.807	0.000
6.420	51.808	-0.000
7.420	51.808	-0.000
8.420	51.808	-0.000
9.420	51.808	0.000
10.420	51.808	-0.000
11.420	51.808	-0.001
12.420	51.808	-0.000
13.420	51.807	0.000
14.420	51.807	0.000
15.420	51.807	-0.000
16.420	51.808	-0.000
17.420	51.807	0.000
18.420	51.807	-0.000
19.420	51.807	-0.000
20.420	51.807	-0.000
21.420	51.807	-0.000
22.420	51.807	-0.001
23.420	51.807	0.000
24.420	51.807	0.002
25.420	51.806	0.000
26.420	51.806	-0.000
27.420	51.806	-0.000
28.420	51.806	-0.000
29.420	51.806	-0.000
30.420	51.806	-0.000
31.420	51.806	-0.000
32.420	51.806	0.000
33.420	51.806	-0.000
34.420	51.806	0.001
35.420	51.806	0.000
36.420	51.806	-0.000
37.420	51.806	-0.000
38.420	51.805	0.001
39.420	51.805	-0.000
40.420	51.805	-0.000
41.420	51.806	0.000
42.420	51.806	-0.000
43.420	51.806	-0.000
44.420	51.806	-0.001
45.420	51.805	-0.001
46.420	51.805	0.000
47.420	51.805	0.000
48.420	51.806	0.000
49.420	51.806	-0.002
50.420	51.806	0.000
51.420	51.805	-0.000
52.420	51.805	0.000
53.420	51.805	-0.000
54.420	51.805	-0.000
55.420	51.805	-0.000
56.420	51.805	0.000
57.420	51.805	-0.000
58.420	51.805	-0.000
59.420	51.805	-0.000
60.420	51.805	-0.000
61.420	51.805	-0.000
62.420	51.804	-0.000
63.420	51.804	-0.000
64.420	51.804	-0.000
65.420	51.804	-0.000
66.420	51.804	-0.000
67.420	51.804	-0.000
68.420	51.804	-0.000
69.420	51.804	-0.000
70.420	51.804	-0.000
71.420	51.804	0.000
72.420	51.804	-0.000
73.420	51.804	-0.000
74.420	51.804	-0.000
75.420	51.804	-0.000
76.420	51.804	0.000
77.420	51.803	0.000
78.420	51.803	-0.000
79.420	51.804	-0.001
80.420	51.804	-0.002
81.420	51.804	-0.000
82.420	51.803	-0.000
83.420	51.803	-0.000
84.420	51.803	0.000
85.420	51.803	0.000
86.420	51.803	0.000
87.420	51.803	0.000
88.420	51.803	0.000
89.420	51.803	0.001
90.420	51.803	-0.000
91.420	51.803	-0.000
92.420	51.803	-0.001
93.420	51.803	-0.000
94.420	51.803	0.000
95.420	51.802	-0.000
96.420	51.803	-0.000
97.420	51.803	0.000
98.420	51.803	-0.000
99.420	51.803	-0.000
100.420	51.803	-0.000
101.420	51.803	-0.001
102.420	51.803	0.000
103.420	51.803	0.000
104.420	51.803	-0.000
105.420	51.803	-0.000
106.420	51.803	-0.000
107.420	51.803	-0.000
108.420	51.803	-0.000
109.420	51.803	-0.001
110.420	51.803	0.000
111.420	51.803	-0.001
112.420	51.803	-0.000
113.420	51.803	-0.000
114.420	51.803	-0.000
115.420	51.802	-0.000
116.420	51.802	0.000
117.420	51.803	0.000
118.420	51.803	-0.000
119.420	51.803	-0.000
120.420	51.803	-0.000
121.420	51.803	-0.002
122.420	51.803	-0.002
123.420	51.802	-0.000
124.420	51.803	-0.000
125.420	51.803	-0.000
126.420	51.802	-0.000
127.420	51.802	-0.000
128.420	51.803	-0.000
129.420	51.802	0.000
130.420	51.802	-0.000
131.420	51.802	-0.000
132.420	51.802	-0.000
133.420	51.803	-0.000
134.420	51.803	0.000
135.420	51.803	0.000
136.420	51.803	-0.000
137.420	51.803	0.001
138.420	51.803	-0.000
139.420	51.803	0.000
140.420	51.803	0.000
141.420	51.803	-0.000
142.420	51.803	-0.000
143.420	51.803	-0.000
144.420	51.802	0.000
145.420	51.802	-0.000
146.420	51.802	-0.000
147.420	51.802	-0.000
148.420	51.802	-0.000
149.420	51.802	-0.000
150.420	51.802	-0.000
151.420	51.802	0.000
152.420	51.802	0.000
153.420	51.802	0.000
154.420	51.802	0.000
155.420	51.801	-0.000
156.420	51.801	-0.000
157.420	51.801	-0.000
158.420	51.801	0.001
159.420	51.801	-0.000
160.420	51.801	0.000
161.420	51.801	-0.000
162.420	51.801	-0.000
163.420	51.801	-0.000
164.420	51.801	-0.000
165.420	51.801	-0.000
166.420	51.801	0.000
167.420	51.801	-0.001
168.420	51.801	0.000
169.420	51.801	0.000
170.420	51.802	-0.000
171.420	51.802	0.000
172.420	51.801	0.000
173.420	51.801	-0.000
174.420	51.801	-0.000
175.420	51.801	0.000
176.420	51.801	0.000
177.420	51.801	-0.000
178.420	51.801	0.000
179.420	51.801	-0.000
180.420	51.801	-0.000
181.420	51.801	-0.000
182.420	51.801	-0.000
183.420	51.801	0.000
184.420	51.801	-0.000
185.420	51.801	-0.001
186.420	51.801	-0.000
187.420	51.801	-0.001
188.420	51.801	-0.000
189.420	51.801	-0.000
190.420	51.801	0.000
191.420	51.801	-0.000
192.420	51.801	-0.000
193.420	51.801	-0.000
194.420	51.801	0.000
195.420	51.801	-0.000
196.420	51.801	-0.000
197.420	51.801	-0.000
198.420	51.801	-0.000
199.420	51.801	-0.001
200.420	51.800	-0.000
201.420	51.801	-0.001
202.420	51.801	-0.000
203.420	51.801	0.000
204.420	51.801	-0.000
205.420	51.801	-0.001
206.420	51.800	-0.000
207.420	51.801	-0.001
208.420	51.801	0.000
209.420	51.801	-0.000
210.420	51.801	-0.000
211.420	51.801	-0.000
212.420	51.801	-0.000
213.420	51.801	0.000
214.420	51.801	0.000
215.420	51.801	-0.000
216.420	51.801	-0.001
217.420	51.801	-0.000
218.420	51.801	-0.000
219.420	51.801	-0.000
220.420	51.801	-0.000
221.420	51.801	-0.001
222.420	51.801	-0.000
223.420	51.801	-0.000
224.420	51.801	0.000
225.420	51.801	0.000
226.420	51.801	-0.000
227.420	51.801	-0.000
228.420	51.801	-0.000
229.420	51.801	-0.000
230.420	51.801	-0.000
231.420	51.801	0.000
232.420	51.801	0.000
233.420	51.801	-0.000
234.420	51.801	-0.000
235.420	51.801	-0.001
236.420	51.801	-0.000
237.420	51.801	-0.000
238.420	51.801	-0.000
239.420	51.801	0.000
240.420	51.801	-0.000
241.420	51.801	-0.002
242.420	51.801	-0.000
243.420	51.801	-0.000
244.420	51.801	0.000
245.420	51.801	0.000
246.420	51.801	-0.001
247.420	51.801	-0.000
248.420	51.801	-0.001
249.420	51.801	-0.000
250.420	51.801	-0.001
251.420	51.801	0.001
252.420	51.801	-0.000
253.420	51.801	-0.000
254.420	51.801	-0.000
255.420	51.801	-0.000
256.420	51.801	0.000
257.420	51.801	0.000
258.420	51.801	0.000
259.420	51.801	-0.000
260.420	51.801	0.000
261.420	51.801	-0.000
262.420	51.801	-0.000
263.420	51.801	-0.000
264.420	51.800	-0.000
265.420	51.800	-0.000
266.420	51.800	-0.001
267.420	51.800	0.000
268.420	51.800	0.000
269.420	51.800	0.000
270.420	51.800	-0.001
271.420	51.800	-0.000
272.420	51.800	-0.000
273.420	51.800	-0.000
274.420	51.800	-0.000
275.420	51.800	-0.000
276.420	51.800	0.000
277.420	51.800	0.000
278.420	51.800	-0.001
279.420	51.800	0.000
280.420	51.800	-0.000
281.420	51.800	-0.000
282.420	51.800	0.000
283.420	51.800	0.000
284.420	51.800	-0.000
285.420	51.800	-0.000
286.420	51.800	-0.000
287.420	51.800	0.000
288.420	51.800	-0.000
289.420	51.799	-0.000
290.420	51.799	0.000
291.420	51.799	-0.000
292.420	51.799	-0.000
293.420	51.799	-0.000
294.420	51.799	0.000
295.420	51.799	-0.000
296.420	51.799	-0.000
297.420	51.799	-0.000
298.420	51.799	0.000
299.420	51.799	-0.000
300.420	51.799	-0.000
301.420	51.799	-0.000
302.420	51.799	-0.000
303.420	51.799	-0.000
304.420	51.799	-0.000
305.420	51.799	-0.000
306.420	51.798	0.000
307.420	51.799	-0.000
308.420	51.799	-0.000
309.420	51.799	-0.001
310.420	51.799	0.000
311.420	51.798	0.001
312.420	51.798	-0.000
313.420	51.798	-0.000
314.420	51.798	-0.000
315.420	51.798	-0.000
316.420	51.798	0.000
317.420	51.798	-0.000
318.420	51.798	0.000
319.420	51.798	-0.000
320.420	51.798	-0.000
321.420	51.798	-0.000
322.420	51.798	0.001
323.420	51.798	-0.000
324.420	51.798	-0.000
325.420	51.798	-0.001
326.420	51.798	-0.001
327.420	51.798	0.000
328.420	51.799	-0.000
329.420	51.799	0.000
330.420	51.799	0.000
331.420	51.799	-0.000
332.420	51.799	-0.000
333.420	51.799	0.000
334.420	51.799	0.000
335.420	51.799	0.000
336.420	51.799	-0.000
337.420	51.799	0.000
338.420	51.799	-0.000
339.420	51.799	0.000
340.420	51.799	0.000
341.420	51.799	0.000
342.420	51.799	0.000
343.420	51.799	0.000
344.420	51.799	0.000
345.420	51.799	0.000
346.420	51.799	0.000
347.420	51.798	0.000
348.420	51.798	0.000
349.420	51.798	0.000
350.420	51.798	-0.000
351.420	51.798	-0.000
352.420	51.798	-0.000
353.420	51.798	0.000
354.420	51.798	0.000
355.420	51.798	0.000
356.420	51.798	0.000
357.420	51.798	-0.000
358.420	51.798	0.000
359.420	51.798	-0.000
360.420	51.798	0.000
361.420	51.798	-0.000
362.420	51.798	0.000
363.420	51.798	-0.000
364.420	51.798	0.000
365.420	51.798	-0.000
366.420	51.798	0.000
367.420	51.798	0.000
368.420	51.798	-0.000
369.420	51.798	-0.000
370.420	51.798	-0.000
371.420	51.799	-0.000
372.420	51.799	0.000
373.420	51.798	-0.000
374.420	51.799	-0.000
375.420	51.799	-0.000
376.420	51.799	0.000
377.420	51.799	-0.000
378.420	51.799	0.000
379.420	51.799	-0.001
380.420	51.799	-0.000
381.420	51.799	-0.000
382.420	51.799	0.000
383.420	51.799	-0.000
384.420	51.799	0.000
385.420	51.799	-0.000
386.420	51.799	0.000
387.420	51.800	-0.000
388.420	51.800	-0.000
389.420	51.800	0.001
390.420	51.800	-0.000
391.420	51.800	0.002
392.420	51.800	0.000
393.420	51.800	0.000
394.420	51.800	-0.000
395.420	51.800	0.000
396.420	51.800	-0.000
397.420	51.800	-0.000
398.420	51.800	-0.000
399.420	51.800	-0.000
400.420	51.800	0.000
401.420	51.800	-0.002
402.420	51.800	0.000
403.420	51.800	0.000
404.420	51.800	-0.000
405.420	51.800	0.000
406.420	51.800	-0.000
407.420	51.800	-0.000
408.420	51.800	-0.000
409.420	51.801	0.001
410.420	51.801	0.000
411.420	51.801	-0.000
412.420	51.801	-0.000
413.420	51.800	-0.000
414.420	51.800	-0.000
415.420	51.800	0.000
416.420	51.800	-0.000
417.420	51.800	0.000
418.420	51.800	0.001
419.420	51.800	-0.000
420.420	51.800	-0.000
421.420	51.800	-0.000
422.420	51.800	-0.000
423.420	51.800	-0.000
424.420	51.800	-0.000
425.420	51.800	0.000
426.420	51.800	0.000
427.420	51.800	-0.000
428.420	51.800	0.000
429.420	51.800	0.000
430.420	51.800	0.002
431.420	51.800	0.000
432.420	51.800	-0.000
433.420	51.800	0.000
434.420	51.799	0.000
435.420	51.799	0.000
436.420	51.799	0.000
437.420	51.799	-0.000
438.420	51.799	0.000
439.420	51.799	-0.000
440.420	51.799	-0.000
441.420	51.799	-0.000
442.420	51.799	-0.000
443.420	51.799	0.000
444.420	51.799	0.000
445.420	51.799	-0.000
446.420	51.799	0.000
447.420	51.799	-0.000
448.420	51.799	-0.000
449.420	51.799	0.000
450.420	51.799	0.000
451.420	51.799	0.000
452.420	51.799	0.000
453.420	51.799	-0.000
454.420	51.799	0.001
455.420	51.799	0.000
456.420	51.799	-0.000
457.420	51.799	-0.000
458.420	51.799	-0.001
459.420	51.800	0.000
460.420	51.799	0.002
461.420	51.799	0.000
462.420	51.799	-0.000
463.420	51.800	0.000
464.420	51.800	-0.000
465.420	51.800	-0.000
466.420	51.800	-0.000
467.420	51.800	-0.000
468.420	51.800	0.000
469.420	51.799	-0.000
470.420	51.799	-0.000
471.420	51.799	-0.001
472.420	51.799	-0.000
473.420	51.799	0.001
474.420	51.799	0.000
475.420	51.799	0.000
476.420	51.799	-0.000
477.420	51.799	-0.000
478.420	51.799	-0.000
479.420	51.799	0.000
480.420	51.799	-0.000
481.420	51.799	-0.000
482.420	51.799	0.000
483.420	51.799	0.000
484.420	51.799	-0.000
485.420	51.799	0.000
486.420	51.799	0.000
487.420	51.799	0.000
488.420	51.799	0.000
489.420	51.799	-0.000
490.420	51.799	0.000
491.420	51.799	0.000
492.420	51.799	0.000
493.420	51.799	0.000
494.420	51.799	-0.002
495.420	51.799	0.000
496.420	51.799	0.000
497.420	51.799	0.001
498.420	51.799	-0.000
499.420	51.799	-0.000
500.420	51.799	-0.000
501.420	51.799	-0.000
502.420	51.798	-0.000
503.420	51.799	0.000
504.420	51.798	0.000
505.420	51.799	0.000
506.420	51.798	-0.000
507.420	51.798	0.000
508.420	51.798	-0.000
509.420	51.798	0.000
510.420	51.798	0.000
511.420	51.798	0.001
512.420	51.798	-0.000
513.420	51.798	-0.000
514.420	51.798	0.000
515.420	51.798	0.000
516.420	51.798	-0.000
517.420	51.798	0.000
518.420	51.798	0.000
519.420	51.798	-0.000
520.420	51.798	0.000
521.420	51.798	0.000
522.420	51.798	0.002
523.420	51.798	0.000
524.420	51.798	-0.000
525.420	51.798	-0.000
526.420	51.798	0.000
527.420	51.798	0.000
528.420	51.798	-0.000
529.420	51.798	-0.001
530.420	51.798	-0.000
531.420	51.798	-0.000
532.420	51.798	-0.000
533.420	51.798	0.000
534.420	51.798	0.000
535.420	51.798	0.000
536.420	51.798	0.000
537.420	51.798	-0.000
538.420	51.798	0.000
539.420	51.798	0.000
540.420	51.798	0.000
541.420	51.798	0.000
542.420	51.798	0.000
543.420	51.798	-0.000
544.420	51.798	-0.000
545.420	51.798	0.000
546.420	51.798	0.000
547.420	51.798	0.000
548.420	51.798	0.000
549.420	51.798	-0.000
550.420	51.798	-0.000
551.420	51.798	0.000
552.420	51.798	0.000
553.420	51.798	0.000
554.420	51.798	-0.000
555.420	51.798	-0.000
556.420	51.798	0.002
557.420	51.798	0.002
558.420	51.798	0.000
559.420	51.798	0.000
560.420	51.797	-0.000
561.420	51.798	0.000
562.420	51.797	-0.000
563.420	51.798	0.000
564.420	51.798	0.000
565.420	51.798	0.001
566.420	51.798	0.000
567.420	51.798	0.000
568.420	51.798	0.000
569.420	51.798	0.000
570.420	51.798	0.000
571.420	51.798	0.000
572.420	51.798	0.000
573.420	51.798	0.000
574.420	51.798	0.000
575.420	51.798	0.000
576.420	51.798	0.000
577.420	51.798	0.000
578.420	51.798	-0.001
579.420	51.798	-0.000
580.420	51.798	-0.000
581.420	51.798	0.000
582.420	51.798	-0.000
583.420	51.798	0.000
584.420	51.798	0.000
585.420	51.798	0.000
586.420	51.798	-0.000
587.420	51.798	0.000
588.420	51.798	-0.000
589.420	51.798	-0.000
590.420	51.798	0.000
591.420	51.798	0.000
592.420	51.798	0.001
593.420	51.798	0.000
594.420	51.798	0.001
595.420	51.798	0.000
596.420	51.798	0.000
597.420	51.798	0.000
598.420	51.798	-0.000
599.420	51.798	0.000
600.420	51.798	0.000
601.420	51.798	0.000
602.420	51.798	0.000
603.420	51.799	-0.000
604.420	51.798	0.000
605.420	51.798	-0.000
606.420	51.798	-0.000
607.420	51.798	0.001
608.420	51.798	0.000
609.420	51.798	0.002
610.420	51.798	0.000
611.420	51.798	-0.000
612.420	51.798	-0.001
613.420	51.798	0.000
614.420	51.798	0.000
615.420	51.798	0.000
616.420	51.798	0.001
617.420	51.798	0.000
618.420	51.798	-0.000
619.420	51.797	-0.000
620.420	51.797	-0.000
621.420	51.797	0.000
622.420	51.798	-0.000
623.420	51.797	-0.000
624.420	51.797	0.000
625.420	51.798	-0.000
626.420	51.798	0.000
627.420	51.798	0.000
628.420	51.797	0.000
629.420	51.797	0.002
630.420	51.797	0.000
631.420	51.797	-0.000
632.420	51.797	0.000
633.420	51.797	-0.000
634.420	51.797	0.000
635.420	51.797	-0.000
636.420	51.797	-0.000
637.420	51.798	0.000
638.420	51.798	0.000
639.420	51.798	-0.000
640.420	51.798	0.000
641.420	51.798	-0.000
642.420	51.798	-0.002
643.420	51.798	-0.000
644.420	51.799	-0.000
645.420	51.799	0.000
646.420	51.800	-0.000
647.420	51.801	0.000
648.420	51.801	-0.000
649.420	51.802	-0.000
650.420	51.802	-0.000
651.420	51.803	0.000
652.420	51.803	0.001
653.420	51.803	0.000
654.420	51.803	-0.000
655.420	51.803	-0.000
656.420	51.803	0.000
657.420	51.803	0.000
658.420	51.803	0.000
659.420	51.802	0.000
660.420	51.802	-0.000
661.420	51.802	0.000
662.420	51.802	0.000
663.420	51.802	-0.000
664.420	51.802	0.000
665.420	51.802	0.000
666.420	51.802	0.000
667.420	51.802	-0.000
668.420	51.802	0.000
669.420	51.802	0.000
670.420	51.802	0.000
671.420	51.802	0.000
672.420	51.802	0.000
673.420	51.802	0.002
674.420	51.803	-0.000
675.420	51.803	-0.000
676.420	51.803	0.000
677.420	51.803	0.000
678.420	51.803	0.002
679.420	51.802	0.001
680.420	51.802	-0.000
681.420	51.802	-0.001
682.420	51.802	-0.000
683.420	51.802	0.000
684.420	51.802	0.001
685.420	51.802	0.000
686.420	51.802	0.000
687.420	51.803	0.000
688.420	51.803	0.000
689.420	51.803	0.001
690.420	51.803	0.000
691.420	51.803	0.000
692.420	51.803	-0.000
693.420	51.803	0.000
694.420	51.803	0.000
695.420	51.803	0.000
696.420	51.803	0.000
697.420	51.803	0.000
698.420	51.804	0.001
699.420	51.803	0.001
700.420	51.804	0.000
701.420	51.804	-0.000
702.420	51.804	0.000
703.420	51.804	0.001
704.420	51.804	-0.000
