0.747	1.266	0.992
1.746	1.266	0.991
2.746	1.266	0.992
3.746	1.266	0.993
4.746	1.266	0.991
5.746	1.266	0.990
6.746	1.266	0.991
7.746	1.266	0.993
8.746	1.266	0.991
9.746	1.266	0.992
10.746	1.266	0.993
11.746	1.266	0.991
12.746	1.266	0.992
13.746	1.266	0.992
14.746	1.266	0.993
15.746	1.266	0.993
16.746	1.266	0.992
17.746	1.266	0.991
18.746	1.266	0.992
19.746	1.266	0.992
20.746	1.266	0.991
21.746	1.266	0.992
22.746	1.266	0.992
23.746	1.266	0.991
24.746	1.266	0.991
25.746	1.266	0.992
26.746	1.266	0.993
27.746	1.266	0.992
28.746	1.266	0.992
29.746	1.266	0.991
30.746	1.266	0.991
31.746	1.266	0.991
32.746	1.266	0.993
33.746	1.266	0.992
34.746	1.266	0.992
35.746	1.266	0.992
36.746	1.266	0.992
37.746	1.266	0.991
38.746	1.266	0.992
39.746	1.266	0.992
40.746	1.266	0.992
41.746	1.266	0.990
42.746	1.266	0.991
43.746	1.266	0.991
44.746	1.266	0.993
45.746	1.266	0.993
46.746	1.266	0.993
47.746	1.266	0.990
48.746	1.266	0.993
49.746	1.266	0.992
50.746	1.266	0.991
51.746	1.266	0.992
52.746	1.266	0.992
53.746	1.266	0.992
54.746	1.266	0.992
55.746	1.266	0.991
56.746	1.266	0.992
57.746	1.266	0.992
58.746	1.266	0.992
59.746	1.266	0.992
60.746	1.266	0.991
61.746	1.266	0.991
62.746	1.266	0.991
63.746	1.266	0.992
64.746	1.266	0.992
65.746	1.266	0.993
66.746	1.266	0.991
67.746	1.266	0.992
68.746	1.266	0.991
69.746	1.266	0.991
70.746	1.266	0.993
71.746	1.266	0.992
72.746	1.266	0.991
73.746	1.266	0.990
74.746	1.266	0.991
75.746	1.266	0.992
76.746	1.266	0.992
77.746	1.266	0.992
78.746	1.266	0.990
79.746	1.266	0.992
80.746	1.266	0.990
81.746	1.266	0.993
82.746	1.266	0.993
83.746	1.266	0.993
84.746	1.266	0.990
85.746	1.266	0.990
86.746	1.266	0.992
87.746	1.266	0.991
88.746	1.266	0.992
89.746	1.266	0.991
90.746	1.266	0.992
91.746	1.266	0.991
92.746	1.266	0.992
93.746	1.266	0.993
94.746	1.266	0.992
95.746	1.266	0.992
96.746	1.266	0.990
97.746	1.266	0.991
98.746	1.266	0.990
99.746	1.266	0.992
100.746	1.266	0.992
101.746	1.266	0.992
102.746	1.266	0.991
103.746	1.266	0.992
104.746	1.266	0.991
105.746	1.266	0.992
106.746	1.266	0.992
107.746	1.266	0.991
108.746	1.266	0.991
109.746	1.266	0.991
110.746	1.266	0.992
111.746	1.266	0.992
112.746	1.266	0.992
113.746	1.266	0.992
114.746	1.266	0.992
115.746	1.266	0.992
116.746	1.266	0.991
117.746	1.266	0.993
118.746	1.266	0.992
119.746	1.266	0.991
120.746	1.266	0.991
121.746	1.266	0.991
122.746	1.266	0.992
123.746	1.266	0.992
124.746	1.266	0.992
125.746	1.266	0.991
126.746	1.266	0.992
127.746	1.266	0.991
128.746	1.266	0.992
129.746	1.266	0.992
130.746	1.266	0.992
131.746	1.266	0.992
132.746	1.266	0.992
133.746	1.266	0.991
134.746	1.266	0.991
135.746	1.266	0.991
136.746	1.266	0.993
137.746	1.266	0.991
138.746	1.266	0.991
139.746	1.266	0.991
140.746	1.266	0.992
141.746	1.266	0.992
142.746	1.266	0.992
143.746	1.266	0.992
144.746	1.266	0.991
145.746	1.266	0.991
146.746	1.266	0.992
147.746	1.266	0.991
148.746	1.266	0.992
149.746	1.266	0.991
150.746	1.266	0.992
151.746	1.266	0.992
152.746	1.266	0.992
153.746	1.266	0.991
154.746	1.266	0.992
155.746	1.266	0.992
156.746	1.266	0.991
157.746	1.266	0.992
158.746	1.266	0.992
159.746	1.266	0.992
160.746	1.266	0.993
161.746	1.266	0.991
162.746	1.266	0.990
163.746	1.266	0.991
164.746	1.266	0.992
165.746	1.266	0.992
166.746	1.266	0.992
167.746	1.266	0.992
168.746	1.266	0.991
169.746	1.266	0.993
170.746	1.266	0.991
171.746	1.266	0.993
172.746	1.266	0.992
173.746	1.266	0.991
174.746	1.266	0.991
175.746	1.266	0.991
176.746	1.266	0.992
177.746	1.266	0.992
178.746	1.266	0.992
179.746	1.266	0.992
180.746	1.266	0.992
181.746	1.266	0.991
182.746	1.266	0.993
183.746	1.266	0.993
184.746	1.266	0.993
185.746	1.266	0.991
186.746	1.266	0.992
187.746	1.266	0.991
188.746	1.266	0.992
189.746	1.266	0.992
190.746	1.266	0.991
191.746	1.266	0.992
192.746	1.266	0.992
193.746	1.266	0.991
194.746	1.266	0.992
195.746	1.266	0.993
196.746	1.266	0.993
197.746	1.266	0.991
198.746	1.266	0.992
199.746	1.266	0.992
200.746	1.266	0.992
201.746	1.266	0.992
202.746	1.266	0.993
203.746	1.266	0.991
204.746	1.266	0.991
205.746	1.266	0.993
206.746	1.266	0.992
207.746	1.266	0.991
208.746	1.266	0.992
209.746	1.266	0.992
210.746	1.266	0.992
211.746	1.266	0.991
212.746	1.266	0.992
213.746	1.266	0.992
214.746	1.266	0.992
215.746	1.266	0.991
216.746	1.266	0.990
217.746	1.266	0.991
218.746	1.266	0.992
219.746	1.266	0.991
220.746	1.266	0.991
221.746	1.266	0.991
222.746	1.266	0.990
223.746	1.266	0.991
224.746	1.266	0.992
225.746	1.266	0.992
226.746	1.266	0.992
227.746	1.266	0.991
228.746	1.266	0.992
229.746	1.266	0.991
230.746	1.266	0.992
231.746	1.266	0.992
232.746	1.266	0.992
233.746	1.266	0.992
234.746	1.266	0.991
235.746	1.266	0.992
236.746	1.266	0.991
237.746	1.266	0.993
238.746	1.266	0.992
239.746	1.266	0.990
240.746	1.266	0.991
241.746	1.266	0.992
242.746	1.266	0.993
243.746	1.266	0.991
244.746	1.266	0.992
245.746	1.266	0.992
246.746	1.266	0.991
247.746	1.266	0.991
248.746	1.266	0.992
249.746	1.266	0.992
250.746	1.266	0.991
251.746	1.266	0.992
252.746	1.266	0.991
253.746	1.266	0.991
254.746	1.266	0.991
255.746	1.266	0.993
256.746	1.266	0.993
257.746	1.266	0.992
258.746	1.266	0.992
259.746	1.266	0.991
260.746	1.266	0.993
261.746	1.266	0.992
262.746	1.266	0.992
263.746	1.266	0.991
264.746	1.266	0.991
265.746	1.266	0.990
266.746	1.266	0.992
267.746	1.266	0.993
268.746	1.266	0.992
269.746	1.266	0.991
270.746	1.266	0.991
271.746	1.266	0.992
272.746	1.266	0.991
273.746	1.266	0.992
274.746	1.266	0.992
275.746	1.266	0.992
276.746	1.266	0.991
277.746	1.266	0.991
278.746	1.266	0.992
279.746	1.266	0.992
280.746	1.266	0.991
281.746	1.266	0.992
282.746	1.266	0.992
283.746	1.266	0.991
284.746	1.266	0.992
285.746	1.266	0.992
286.746	1.266	0.991
287.746	1.266	0.993
288.746	1.266	0.992
289.746	1.266	0.991
290.746	1.266	0.992
291.746	1.266	0.992
292.746	1.266	0.992
293.746	1.266	0.992
294.746	1.266	0.991
295.746	1.266	0.991
296.746	1.266	0.993
297.746	1.266	0.993
298.746	1.266	0.992
299.746	1.266	0.991
300.746	1.266	0.992
301.746	1.266	0.992
302.746	1.266	0.992
303.746	1.266	0.992
304.746	1.266	0.992
305.746	1.266	0.991
306.746	1.266	0.991
307.746	1.266	0.991
308.746	1.266	0.991
309.746	1.266	0.992
310.746	1.266	0.992
311.746	1.266	0.992
312.746	1.266	0.992
313.746	1.266	0.991
314.746	1.266	0.991
315.746	1.266	0.991
316.746	1.266	0.992
317.746	1.266	0.991
318.746	1.266	0.992
319.746	1.266	0.991
320.746	1.266	0.991
321.746	1.266	0.992
322.746	1.266	0.993
323.746	1.266	0.992
324.746	1.266	0.991
325.746	1.266	0.991
326.746	1.266	0.991
327.746	1.266	0.993
328.746	1.266	0.992
329.746	1.266	0.991
330.746	1.266	0.992
331.746	1.266	0.990
332.746	1.266	0.990
333.746	1.266	0.992
334.746	1.266	0.992
335.746	1.266	0.991
336.746	1.266	0.992
337.746	1.266	0.992
338.746	1.266	0.991
339.746	1.266	0.992
340.746	1.266	0.993
341.746	1.266	0.992
342.746	1.266	0.991
343.746	1.266	0.991
344.746	1.266	0.991
345.746	1.266	0.993
346.746	1.266	0.992
347.746	1.266	0.992
348.746	1.266	0.991
349.746	1.266	0.991
350.746	1.266	0.991
351.746	1.266	0.992
352.746	1.266	0.991
353.746	1.266	0.992
354.746	1.266	0.992
355.746	1.266	0.991
356.746	1.266	0.992
357.746	1.266	0.992
358.746	1.266	0.992
359.746	1.266	0.992
360.746	1.266	0.991
361.746	1.266	0.991
362.746	1.266	0.991
363.746	1.266	0.991
364.746	1.266	0.992
365.746	1.266	0.992
366.746	1.266	0.992
367.746	1.266	0.991
368.746	1.266	0.991
369.746	1.266	0.991
370.746	1.266	0.990
371.746	1.266	0.990
372.746	1.266	0.992
373.746	1.266	0.992
374.746	1.266	0.993
375.746	1.266	0.991
376.746	1.266	0.992
377.746	1.266	0.993
378.746	1.266	0.992
379.746	1.266	0.991
380.746	1.266	0.993
381.746	1.266	0.991
382.746	1.266	0.991
383.746	1.266	0.991
384.746	1.266	0.992
385.746	1.266	0.992
386.746	1.266	0.993
387.746	1.266	0.990
388.746	1.266	0.991
389.746	1.266	0.992
390.746	1.266	0.993
391.746	1.266	0.992
392.746	1.266	0.990
393.746	1.266	0.993
394.746	1.266	0.991
395.746	1.266	0.992
396.746	1.266	0.992
397.746	1.266	0.992
398.746	1.266	0.993
399.746	1.266	0.992
400.746	1.266	0.992
401.746	1.266	0.992
402.746	1.266	0.992
403.746	1.266	0.993
404.746	1.266	0.992
405.746	1.266	0.992
406.746	1.266	0.991
407.746	1.266	0.991
408.746	1.266	0.991
409.746	1.266	0.992
410.746	1.266	0.992
411.746	1.266	0.991
412.746	1.266	0.991
413.746	1.266	0.992
414.746	1.266	0.991
415.746	1.266	0.992
416.746	1.266	0.993
417.746	1.266	0.991
418.746	1.266	0.991
419.746	1.266	0.991
420.746	1.266	0.992
421.746	1.266	0.992
422.746	1.266	0.993
423.746	1.266	0.991
424.746	1.266	0.991
425.746	1.266	0.992
426.746	1.266	0.992
427.746	1.266	0.991
428.746	1.266	0.993
429.746	1.266	0.992
430.746	1.266	0.991
431.746	1.266	0.991
432.746	1.266	0.992
433.746	1.266	0.993
434.746	1.266	0.992
435.746	1.266	0.992
436.746	1.266	0.991
437.746	1.266	0.992
438.746	1.266	0.993
439.746	1.266	0.993
440.746	1.266	0.992
441.746	1.266	0.992
442.746	1.266	0.991
443.746	1.266	0.992
444.746	1.266	0.992
445.746	1.266	0.993
446.746	1.266	0.992
447.746	1.266	0.991
448.746	1.266	0.991
449.746	1.266	0.991
450.746	1.266	0.992
451.746	1.266	0.992
452.746	1.266	0.992
453.746	1.266	0.992
454.746	1.266	0.992
455.746	1.266	0.992
456.746	1.266	0.991
457.746	1.266	0.993
458.746	1.266	0.993
459.746	1.266	0.992
460.746	1.266	0.991
461.746	1.266	0.991
462.746	1.266	0.992
463.746	1.266	0.993
464.746	1.266	0.991
465.746	1.266	0.993
466.746	1.266	0.991
467.746	1.266	0.991
468.746	1.266	0.993
469.746	1.266	0.992
470.746	1.266	0.992
471.746	1.266	0.992
472.746	1.266	0.991
473.746	1.266	0.991
474.746	1.266	0.992
475.746	1.266	0.992
476.746	1.266	0.992
477.746	1.266	0.992
478.746	1.266	0.992
479.746	1.266	0.991
480.746	1.266	0.992
481.746	1.266	0.991
482.746	1.266	0.992
483.746	1.266	0.991
484.746	1.266	0.990
485.746	1.266	0.992
486.746	1.266	0.992
487.746	1.266	0.992
488.746	1.266	0.993
489.746	1.266	0.992
490.746	1.266	0.991
491.746	1.266	0.991
492.746	1.266	0.992
493.746	1.266	0.991
494.746	1.266	0.993
495.746	1.266	0.992
496.746	1.266	0.992
497.746	1.266	0.992
498.746	1.266	0.992
499.746	1.266	0.993
500.746	1.266	0.993
501.746	1.266	0.991
502.746	1.266	0.991
503.746	1.266	0.991
504.746	1.266	0.991
505.746	1.266	0.992
506.746	1.266	0.994
507.746	1.266	0.992
508.746	1.266	0.990
509.746	1.266	0.990
510.746	1.266	0.992
511.746	1.266	0.991
512.746	1.266	0.992
513.746	1.266	0.992
514.746	1.266	0.992
515.746	1.266	0.991
516.746	1.266	0.992
517.746	1.266	0.992
518.746	1.266	0.991
519.746	1.266	0.992
520.746	1.266	0.992
521.746	1.266	0.991
522.746	1.266	0.992
523.746	1.266	0.991
524.746	1.266	0.992
525.746	1.266	0.992
526.746	1.266	0.992
527.746	1.266	0.990
528.746	1.266	0.991
529.746	1.266	0.991
530.746	1.266	0.991
531.746	1.266	0.991
532.746	1.266	0.992
533.746	1.266	0.992
534.746	1.266	0.991
535.746	1.266	0.991
536.746	1.266	0.992
537.746	1.266	0.990
538.746	1.266	0.992
539.746	1.266	0.992
540.746	1.266	0.992
541.746	1.266	0.992
542.746	1.266	0.991
543.746	1.266	0.991
544.746	1.266	0.992
545.746	1.266	0.992
546.746	1.266	0.992
547.746	1.266	0.991
548.746	1.266	0.992
549.746	1.266	0.991
550.746	1.266	0.992
551.746	1.266	0.993
552.746	1.266	0.992
553.746	1.266	0.991
554.746	1.266	0.991
555.746	1.266	0.991
556.746	1.266	0.992
557.746	1.266	0.992
558.746	1.266	0.992
559.746	1.266	0.992
560.746	1.266	0.991
561.746	1.266	0.992
562.746	1.266	0.992
563.746	1.266	0.992
564.746	1.266	0.992
565.746	1.266	0.993
566.746	1.266	0.991
567.746	1.266	0.990
568.746	1.266	0.992
569.746	1.266	0.992
570.746	1.266	0.992
571.746	1.266	0.991
572.746	1.266	0.991
573.746	1.266	0.991
574.746	1.266	0.991
575.746	1.266	0.992
576.746	1.267	0.993
577.746	1.266	0.990
578.746	1.266	0.991
579.746	1.266	0.991
580.746	1.266	0.992
581.746	1.267	0.992
582.746	1.266	0.993
583.746	1.266	0.992
584.746	1.266	0.990
585.746	1.266	0.991
586.746	1.266	0.992
587.746	1.266	0.991
588.746	1.266	0.992
589.746	1.266	0.991
590.746	1.266	0.993
591.746	1.266	0.991
592.746	1.266	0.991
593.746	1.266	0.992
594.746	1.266	0.992
595.746	1.267	0.992
596.746	1.267	0.991
597.746	1.267	0.991
598.746	1.266	0.991
599.746	1.266	0.993
600.746	1.266	0.992
601.746	1.266	0.991
602.746	1.266	0.991
603.746	1.266	0.992
604.746	1.266	0.992
605.746	1.266	0.991
606.746	1.266	0.991
607.746	1.266	0.993
608.746	1.266	0.992
609.746	1.266	0.991
610.746	1.266	0.992
611.746	1.266	0.993
612.746	1.266	0.993
613.746	1.266	0.993
614.746	1.266	0.991
615.746	1.266	0.991
616.746	1.266	0.991
617.746	1.266	0.991
618.746	1.266	0.993
619.746	1.267	0.993
620.746	1.266	0.990
621.746	1.267	0.991
622.746	1.267	0.991
623.746	1.267	0.993
624.746	1.267	0.992
625.746	1.267	0.993
626.746	1.267	0.992
627.746	1.266	0.991
628.746	1.266	0.991
629.746	1.266	0.992
630.746	1.267	0.993
631.746	1.267	0.993
632.746	1.267	0.992
633.746	1.267	0.992
634.746	1.267	0.991
635.746	1.267	0.992
636.746	1.267	0.993
637.746	1.267	0.992
638.746	1.267	0.991
639.746	1.267	0.992
640.746	1.267	0.992
641.746	1.267	0.992
642.746	1.267	0.993
643.746	1.267	0.992
644.746	1.267	0.991
645.746	1.267	0.991
646.746	1.267	0.991
647.746	1.267	0.992
648.746	1.267	0.992
649.746	1.267	0.992
650.746	1.267	0.991
651.746	1.267	0.991
652.746	1.267	0.991
653.746	1.267	0.991
654.746	1.267	0.992
655.746	1.267	0.992
656.746	1.267	0.992
657.746	1.267	0.991
658.746	1.267	0.991
659.746	1.267	0.992
660.746	1.267	0.992
661.746	1.267	0.992
662.746	1.267	0.992
663.746	1.267	0.992
664.746	1.267	0.991
665.746	1.267	0.991
666.746	1.267	0.992
667.746	1.267	0.992
668.746	1.266	0.992
669.746	1.266	0.991
670.746	1.266	0.991
671.746	1.266	0.992
672.746	1.266	0.993
673.746	1.266	0.992
674.746	1.266	0.991
675.746	1.266	0.991
676.746	1.266	0.991
677.746	1.266	0.991
678.746	1.266	0.992
679.746	1.266	0.992
680.746	1.266	0.992
681.746	1.266	0.992
682.746	1.266	0.991
683.746	1.266	0.992
684.746	1.266	0.991
685.746	1.266	0.992
686.746	1.266	0.993
687.746	1.267	0.993
688.746	1.266	0.992
689.746	1.266	0.992
690.746	1.266	0.992
691.746	1.266	0.992
692.746	1.266	0.992
693.746	1.266	0.992
694.746	1.266	0.992
695.746	1.266	0.991
696.746	1.266	0.992
697.746	1.266	0.991
698.746	1.266	0.992
699.746	1.266	0.992
700.746	1.266	0.991
701.746	1.266	0.992
702.746	1.266	0.991
703.746	1.266	0.992
704.746	1.266	0.992
705.746	1.266	0.993
706.746	1.266	0.991
707.746	1.266	0.991
708.746	1.266	0.992
709.746	1.266	0.992
710.746	1.266	0.992
711.746	1.266	0.991
712.746	1.266	0.990
713.746	1.266	0.992
714.746	1.266	0.992
715.746	1.266	0.993
716.746	1.266	0.993
717.746	1.266	0.992
718.746	1.266	0.991
719.746	1.267	0.991
720.746	1.267	0.992
721.746	1.266	0.992
722.746	1.267	0.993
723.746	1.266	0.991
724.746	1.266	0.991
725.746	1.266	0.992
726.746	1.266	0.992
727.746	1.267	0.992
728.746	1.267	0.993
729.746	1.266	0.992
730.746	1.266	0.990
731.746	1.266	0.992
732.746	1.266	0.993
733.746	1.266	0.992
734.746	1.266	0.993
735.746	1.266	0.992
736.746	1.267	0.992
737.746	1.266	0.992
738.746	1.266	0.992
739.746	1.266	0.992
740.746	1.267	0.993
741.746	1.267	0.992
742.746	1.267	0.990
743.746	1.266	0.991
744.746	1.266	0.993
745.746	1.266	0.992
746.746	1.266	0.992
747.746	1.266	0.992
748.746	1.266	0.991
749.746	1.266	0.991
750.746	1.267	0.992
751.746	1.267	0.993
752.746	1.267	0.992
753.746	1.266	0.992
754.746	1.267	0.991
755.746	1.266	0.991
756.746	1.267	0.991
757.746	1.266	0.992
758.746	1.266	0.992
759.746	1.266	0.993
760.746	1.266	0.990
761.746	1.266	0.991
762.746	1.266	0.992
763.746	1.266	0.992
764.746	1.266	0.993
765.746	1.266	0.992
766.746	1.266	0.991
767.746	1.267	0.992
768.746	1.267	0.991
769.746	1.266	0.991
770.746	1.266	0.992
771.746	1.266	0.991
772.746	1.267	0.991
773.746	1.267	0.991
774.746	1.266	0.991
775.746	1.266	0.993
776.746	1.266	0.992
777.746	1.266	0.993
778.746	1.266	0.990
779.746	1.266	0.991
780.746	1.267	0.992
781.746	1.267	0.992
782.746	1.267	0.992
783.746	1.266	0.993
784.746	1.267	0.991
785.746	1.266	0.991
786.746	1.267	0.991
787.746	1.267	0.992
788.746	1.267	0.992
789.746	1.267	0.993
790.746	1.266	0.990
791.746	1.267	0.991
792.746	1.266	0.992
793.746	1.266	0.993
794.746	1.267	0.993
795.746	1.266	0.992
796.746	1.267	0.992
797.746	1.267	0.992
798.746	1.267	0.991
799.746	1.267	0.992
800.746	1.267	0.992
801.746	1.267	0.992
802.746	1.267	0.992
803.746	1.267	0.990
804.746	1.266	0.992
805.746	1.267	0.992
806.746	1.266	0.992
807.746	1.266	0.992
808.746	1.267	0.992
809.746	1.266	0.992
810.746	1.267	0.991
811.746	1.266	0.993
812.746	1.267	0.992
813.746	1.266	0.991
814.746	1.267	0.991
815.746	1.267	0.992
816.746	1.267	0.992
817.746	1.267	0.992
818.746	1.267	0.992
819.746	1.267	0.992
820.746	1.267	0.991
821.746	1.267	0.991
822.746	1.267	0.993
823.746	1.266	0.991
824.746	1.267	0.993
825.746	1.266	0.991
826.746	1.266	0.991
827.746	1.266	0.991
828.746	1.266	0.991
829.746	1.267	0.993
830.746	1.266	0.992
831.746	1.267	0.992
832.746	1.266	0.991
833.746	1.266	0.991
834.746	1.266	0.991
835.746	1.266	0.992
836.746	1.266	0.991
837.746	1.266	0.992
838.746	1.266	0.992
839.746	1.266	0.991
840.746	1.266	0.991
841.746	1.266	0.991
842.746	1.266	0.991
843.746	1.266	0.993
844.746	1.266	0.992
845.746	1.266	0.993
846.746	1.266	0.992
847.746	1.266	0.990
848.746	1.266	0.991
849.746	1.266	0.992
850.746	1.266	0.992
851.746	1.266	0.992
852.746	1.266	0.992
853.746	1.266	0.991
854.746	1.266	0.991
855.746	1.266	0.991
856.746	1.266	0.992
857.746	1.266	0.991
858.746	1.266	0.992
859.746	1.266	0.991
860.746	1.266	0.990
861.746	1.266	0.992
862.746	1.266	0.992
863.746	1.266	0.992
864.746	1.266	0.992
865.746	1.266	0.991
866.746	1.266	0.991
867.746	1.266	0.992
868.746	1.266	0.992
869.746	1.266	0.992
870.746	1.266	0.991
871.746	1.266	0.991
872.746	1.266	0.991
873.746	1.266	0.993
874.746	1.266	0.992
875.746	1.266	0.992
876.746	1.266	0.992
877.746	1.266	0.991
878.746	1.266	0.991
879.746	1.267	0.991
880.746	1.266	0.992
881.746	1.266	0.993
882.746	1.266	0.992
883.746	1.266	0.991
884.746	1.266	0.991
885.746	1.267	0.991
886.746	1.267	0.993
887.746	1.267	0.993
888.746	1.266	0.991
889.746	1.267	0.991
890.746	1.266	0.992
891.746	1.266	0.992
892.746	1.266	0.992
893.746	1.267	0.992
894.746	1.267	0.992
895.746	1.267	0.992
896.746	1.267	0.991
897.746	1.267	0.991
898.746	1.267	0.993
899.746	1.267	0.993
900.746	1.267	0.992
