0.179	10.518	-3.640
1.179	10.518	-3.680
2.179	10.518	-3.690
3.179	10.518	-3.690
4.179	10.662	-3.650
5.179	10.851	-3.660
6.179	10.875	-3.670
7.179	10.935	-3.650
8.179	11.002	-3.670
9.179	11.068	-3.670
10.179	11.068	-3.680
11.179	11.068	-3.700
12.179	11.068	-3.690
13.179	11.067	-3.670
14.179	11.068	-3.680
15.179	11.067	-3.720
16.179	11.067	-3.740
17.179	11.068	-3.750
18.179	11.068	-3.720
19.179	11.068	-3.730
20.179	11.067	-3.790
21.179	11.067	-3.780
22.179	11.068	-3.770
23.179	11.067	-3.770
24.179	11.068	-3.790
25.179	11.068	-3.810
26.179	11.068	-3.820
27.179	11.068	-3.830
28.179	11.068	-3.830
29.179	11.068	-3.840
30.179	11.067	-3.860
31.179	11.068	-3.890
32.179	11.068	-3.870
33.179	11.068	-3.880
34.179	11.067	-3.890
35.179	11.067	-3.940
36.179	11.067	-3.930
37.179	11.067	-3.910
38.179	11.067	-3.940
39.179	11.067	-3.940
40.179	11.067	-3.960
41.179	11.067	-3.980
42.179	11.067	-3.980
43.179	11.068	-4.000
44.179	11.068	-4.000
45.179	11.068	-4.010
46.179	11.068	-4.040
47.179	11.068	-4.040
48.179	11.068	-4.020
49.179	11.068	-4.040
50.179	11.068	-4.070
51.179	11.068	-4.060
52.179	11.068	-4.060
53.179	11.068	-4.090
54.179	11.068	-4.080
55.179	11.068	-4.110
56.179	11.068	-4.080
57.179	11.068	-4.110
58.179	11.068	-4.110
59.179	11.068	-4.150
60.179	11.068	-4.120
61.179	11.068	-4.160
62.179	11.068	-4.150
63.179	11.068	-4.160
64.179	11.068	-4.170
65.179	11.068	-4.160
66.179	11.068	-4.180
67.179	11.068	-4.180
68.179	11.068	-4.190
69.179	11.068	-4.210
70.179	11.068	-4.210
71.179	11.068	-4.200
72.179	11.068	-4.220
73.179	11.068	-4.250
74.179	11.068	-4.270
75.179	11.068	-4.230
76.179	11.068	-4.240
77.179	11.068	-4.270
78.179	11.068	-4.280
79.179	11.068	-4.290
80.179	11.068	-4.300
81.179	11.068	-4.290
82.179	11.068	-4.320
83.179	11.068	-4.330
84.179	11.068	-4.320
85.179	11.068	-4.330
86.179	11.068	-4.340
87.179	11.068	-4.350
88.179	11.068	-4.350
89.179	11.068	-4.350
90.179	11.068	-4.330
91.179	11.068	-4.380
92.179	11.068	-4.400
93.179	11.068	-4.410
94.179	11.068	-4.360
95.179	11.068	-4.380
96.179	11.068	-4.410
97.179	11.068	-4.440
98.179	11.068	-4.420
99.179	11.068	-4.420
100.179	11.068	-4.450
101.179	11.068	-4.470
102.179	11.068	-4.460
103.179	11.068	-4.450
104.179	11.068	-4.470
105.179	11.068	-4.480
106.179	11.068	-4.510
107.179	11.068	-4.510
108.179	11.068	-4.480
109.179	11.068	-4.460
110.179	11.068	-4.500
111.179	11.068	-4.530
112.179	11.067	-4.530
113.179	11.068	-4.530
114.179	11.067	-4.520
115.179	11.068	-4.530
116.179	11.068	-4.550
117.179	11.068	-4.540
118.179	11.068	-4.520
119.179	11.068	-4.530
120.179	11.067	-4.560
121.179	11.067	-4.580
122.179	11.067	-4.560
123.179	11.067	-4.570
124.179	11.067	-4.570
125.179	11.067	-4.590
126.179	11.068	-4.590
127.179	11.067	-4.610
128.179	11.067	-4.590
129.179	11.067	-4.590
130.179	11.067	-4.620
131.179	11.067	-4.630
132.179	11.067	-4.630
133.179	11.067	-4.630
134.179	11.067	-4.660
135.179	11.067	-4.660
136.179	11.067	-4.680
137.179	11.067	-4.650
138.179	11.067	-4.660
139.179	11.067	-4.660
140.179	11.067	-4.680
141.179	11.067	-4.700
142.179	11.067	-4.690
143.179	11.067	-4.680
144.179	11.067	-4.710
145.179	11.067	-4.730
146.179	11.067	-4.700
147.179	11.067	-4.710
148.179	11.067	-4.730
149.179	11.067	-4.730
150.179	11.067	-4.750
151.179	11.067	-4.730
152.179	11.067	-4.750
153.179	11.067	-4.780
154.179	11.067	-4.760
155.179	11.067	-4.780
156.179	11.067	-4.750
157.179	11.067	-4.780
158.179	11.067	-4.790
159.179	11.067	-4.780
160.179	11.067	-4.800
161.179	11.067	-4.790
162.179	11.067	-4.810
163.179	11.067	-4.800
164.179	11.067	-4.820
165.179	11.067	-4.830
166.179	11.067	-4.810
167.179	11.067	-4.810
168.179	11.067	-4.810
169.179	11.067	-4.820
170.179	11.067	-4.830
171.179	11.067	-4.840
172.179	11.067	-4.860
173.179	11.067	-4.850
174.179	11.067	-4.860
175.179	11.067	-4.870
176.179	11.067	-4.870
177.179	11.067	-4.850
178.179	11.067	-4.890
179.179	11.067	-4.900
180.179	11.067	-4.890
181.179	11.067	-4.890
182.179	11.067	-4.890
183.179	11.067	-4.920
184.179	11.067	-4.910
185.179	11.067	-4.920
186.179	11.067	-4.940
187.179	11.067	-4.940
188.179	11.067	-4.970
189.179	11.067	-4.950
190.179	11.067	-4.950
191.179	11.067	-4.960
192.179	11.067	-4.970
193.179	11.067	-4.970
194.179	11.067	-4.960
195.179	11.067	-4.960
196.179	11.067	-5.000
197.179	11.067	-5.000
198.179	11.067	-4.990
199.179	11.067	-5.010
200.179	11.067	-4.980
201.179	11.067	-5.020
202.179	11.067	-5.030
203.179	11.067	-5.030
204.179	11.067	-5.010
205.179	11.067	-5.000
206.179	11.067	-5.030
207.179	11.067	-5.050
208.179	11.067	-5.020
209.179	11.067	-5.030
210.179	11.067	-5.040
211.179	11.067	-5.070
212.179	11.067	-5.040
213.179	11.067	-5.090
214.179	11.067	-5.070
215.179	11.067	-5.090
216.179	11.067	-5.090
217.179	11.067	-5.110
218.179	11.067	-5.090
219.179	11.067	-5.100
220.179	11.067	-5.090
221.179	11.067	-5.120
222.179	11.067	-5.120
223.179	11.067	-5.120
224.179	11.067	-5.090
225.179	11.067	-5.140
226.179	11.067	-5.110
227.179	11.067	-5.120
228.179	11.067	-5.130
229.179	11.067	-5.140
230.179	11.067	-5.140
231.179	11.067	-5.130
232.179	11.067	-5.130
233.179	11.067	-5.160
234.179	11.067	-5.170
235.179	11.067	-5.160
236.179	11.067	-5.170
237.179	11.067	-5.170
238.179	11.067	-5.160
239.179	11.067	-5.180
240.179	11.067	-5.200
241.179	11.067	-5.200
242.179	11.067	-5.180
243.179	11.067	-5.190
244.179	11.066	-5.220
245.179	11.067	-5.190
246.179	11.067	-5.180
247.179	11.067	-5.220
248.179	11.067	-5.220
249.179	11.067	-5.230
250.179	11.067	-5.220
251.179	11.067	-5.250
252.179	11.067	-5.220
253.179	11.067	-5.240
254.179	11.067	-5.240
255.179	11.067	-5.230
256.179	11.067	-5.240
257.179	11.067	-5.240
258.179	11.067	-5.240
259.179	11.067	-5.280
260.179	11.067	-5.280
261.179	11.067	-5.240
262.179	11.067	-5.270
263.179	11.066	-5.270
264.179	11.067	-5.290
265.179	11.067	-5.290
266.179	11.067	-5.260
267.179	11.067	-5.310
268.179	11.066	-5.310
269.179	11.067	-5.290
270.179	11.067	-5.310
271.179	11.067	-5.290
272.179	11.067	-5.320
273.179	11.067	-5.330
274.179	11.067	-5.320
275.179	11.067	-5.300
276.179	11.067	-5.340
277.179	11.067	-5.300
278.179	11.067	-5.350
279.179	11.067	-5.340
280.179	11.067	-5.340
281.179	11.067	-5.340
282.179	11.067	-5.350
283.179	11.067	-5.380
284.179	11.067	-5.370
285.179	11.067	-5.360
286.179	11.067	-5.390
287.179	11.067	-5.390
288.179	11.067	-5.390
289.179	11.067	-5.400
290.179	11.067	-5.390
291.179	11.067	-5.400
292.179	11.067	-5.360
293.179	11.067	-5.380
294.179	11.067	-5.380
295.179	11.066	-5.380
296.179	11.067	-5.400
297.179	11.067	-5.430
298.179	11.067	-5.430
299.179	11.067	-5.430
300.179	11.067	-5.420
301.179	11.067	-5.440
302.179	11.067	-5.450
303.179	11.066	-5.440
304.179	11.066	-5.420
305.179	11.067	-5.430
306.179	11.067	-5.450
307.179	11.067	-5.440
308.179	11.066	-5.460
309.179	11.067	-5.460
310.179	11.067	-5.480
311.179	11.067	-5.480
312.179	11.067	-5.500
313.179	11.067	-5.460
314.179	11.066	-5.480
315.179	11.067	-5.500
316.179	11.067	-5.480
317.179	11.067	-5.530
318.179	11.067	-5.490
319.179	11.067	-5.470
320.179	11.067	-5.510
321.179	11.067	-5.510
322.179	11.067	-5.490
323.179	11.067	-5.490
324.179	11.066	-5.500
325.179	11.067	-5.520
326.179	11.067	-5.520
327.179	11.067	-5.540
328.179	11.067	-5.520
329.179	11.067	-5.530
330.179	11.067	-5.530
331.179	11.067	-5.540
332.179	11.067	-5.540
333.179	11.067	-5.520
334.179	11.067	-5.530
335.179	11.067	-5.550
336.179	11.067	-5.570
337.179	11.067	-5.580
338.179	11.067	-5.540
339.179	11.067	-5.570
340.179	11.067	-5.580
341.179	11.066	-5.570
342.179	11.066	-5.570
343.179	11.067	-5.580
344.179	11.067	-5.570
345.179	11.067	-5.580
346.179	11.067	-5.580
347.179	11.067	-5.570
348.179	11.067	-5.580
349.179	11.067	-5.600
350.179	11.067	-5.630
351.179	11.067	-5.600
352.179	11.067	-5.600
353.179	11.067	-5.620
354.179	11.067	-5.620
355.179	11.067	-5.600
356.179	11.067	-5.590
357.179	11.067	-5.630
358.179	11.067	-5.640
359.179	11.067	-5.630
360.179	11.067	-5.630
361.179	11.067	-5.620
362.179	11.067	-5.650
363.179	11.067	-5.650
364.179	11.067	-5.690
365.179	11.067	-5.660
366.179	11.067	-5.640
367.179	11.067	-5.660
368.179	11.067	-5.670
369.179	11.067	-5.670
370.179	11.067	-5.660
371.179	11.067	-5.670
372.179	11.067	-5.640
373.179	11.067	-5.680
374.179	11.067	-5.680
375.179	11.066	-5.660
376.179	11.067	-5.680
377.179	11.066	-5.690
378.179	11.067	-5.690
379.179	11.067	-5.700
380.179	11.066	-5.660
381.179	11.067	-5.700
382.179	11.066	-5.710
383.179	11.066	-5.730
384.179	11.067	-5.730
385.179	11.067	-5.730
386.179	11.067	-5.730
387.179	11.067	-5.730
388.179	11.066	-5.740
389.179	11.066	-5.730
390.179	11.066	-5.710
391.179	11.066	-5.740
392.179	11.066	-5.750
393.179	11.066	-5.760
394.179	11.066	-5.730
395.179	11.066	-5.720
396.179	11.066	-5.740
397.179	11.066	-5.770
398.179	11.066	-5.760
399.179	11.066	-5.770
400.179	11.066	-5.770
401.179	11.066	-5.760
402.179	11.066	-5.790
403.179	11.066	-5.770
404.179	11.066	-5.790
405.179	11.066	-5.800
406.179	11.066	-5.800
407.179	11.066	-5.770
408.179	11.066	-5.780
409.179	11.066	-5.800
410.179	11.066	-5.810
411.179	11.066	-5.800
412.179	11.066	-5.830
413.179	11.066	-5.810
414.179	11.066	-5.790
415.179	11.066	-5.810
416.179	11.066	-5.830
417.179	11.066	-5.840
418.179	11.066	-5.830
419.179	11.066	-5.810
420.179	11.066	-5.840
421.179	11.066	-5.850
422.179	11.066	-5.840
423.179	11.066	-5.840
424.179	11.066	-5.840
425.179	11.066	-5.850
426.179	11.066	-5.850
427.179	11.066	-5.840
428.179	11.066	-5.830
429.179	11.066	-5.860
430.179	11.066	-5.870
431.179	11.066	-5.850
432.179	11.066	-5.880
433.179	11.066	-5.840
434.179	11.066	-5.900
435.179	11.066	-5.890
436.179	11.066	-5.870
437.179	11.066	-5.860
438.179	11.066	-5.880
439.179	11.066	-5.900
440.179	11.066	-5.900
441.179	11.066	-5.880
442.179	11.066	-5.890
443.179	11.066	-5.910
444.179	11.066	-5.930
445.179	11.066	-5.910
446.179	11.066	-5.890
447.179	11.066	-5.900
448.179	11.066	-5.930
449.179	11.066	-5.950
450.179	11.066	-5.950
451.179	11.066	-5.930
452.179	11.066	-5.930
453.179	11.066	-5.940
454.179	11.066	-5.960
455.179	11.066	-5.940
456.179	11.066	-5.930
457.179	11.066	-5.940
458.179	11.066	-5.940
459.179	11.066	-5.960
460.179	11.066	-5.950
461.179	11.066	-5.970
462.179	11.066	-5.950
463.179	11.066	-5.980
464.179	11.066	-5.980
465.179	11.066	-5.970
466.179	11.066	-5.970
467.179	11.066	-5.970
468.179	11.066	-5.990
469.179	11.066	-6.010
470.179	11.066	-5.990
471.179	11.066	-5.990
472.179	11.066	-6.010
473.179	11.066	-6.020
474.179	11.066	-6.000
475.179	11.066	-5.990
476.179	11.066	-5.990
477.179	11.066	-6.000
478.179	11.066	-6.010
479.179	11.066	-6.030
480.179	11.066	-6.000
481.179	11.066	-6.010
482.179	11.066	-6.000
483.179	11.066	-6.030
484.179	11.066	-6.020
485.179	11.066	-6.010
486.179	11.066	-6.030
487.179	11.066	-6.030
488.179	11.066	-6.070
489.179	11.066	-6.040
490.179	11.066	-6.020
491.179	11.066	-6.060
492.179	11.066	-6.050
493.179	11.066	-6.050
494.179	11.066	-6.040
495.179	11.066	-6.050
496.179	11.066	-6.060
497.179	11.066	-6.090
498.179	11.066	-6.090
499.179	11.066	-6.090
500.179	11.066	-6.060
501.179	11.066	-6.070
502.179	11.066	-6.080
503.179	11.066	-6.080
504.179	11.066	-6.080
505.179	11.066	-6.080
506.179	11.066	-6.090
507.179	11.066	-6.110
508.179	11.066	-6.080
509.179	11.066	-6.100
510.179	11.066	-6.080
511.179	11.066	-6.110
512.179	11.066	-6.120
513.179	11.066	-6.100
514.179	11.066	-6.110
515.179	11.066	-6.110
516.179	11.066	-6.150
517.179	11.066	-6.130
518.179	11.066	-6.110
519.179	11.066	-6.110
520.179	11.066	-6.110
521.179	11.066	-6.130
522.179	11.066	-6.170
523.179	11.066	-6.120
524.179	11.066	-6.140
525.179	11.066	-6.130
526.179	11.066	-6.160
527.179	11.066	-6.130
528.179	11.066	-6.140
529.179	11.066	-6.130
530.179	11.066	-6.160
531.179	11.066	-6.160
532.179	11.066	-6.160
533.179	11.066	-6.150
534.179	11.066	-6.160
535.179	11.066	-6.170
536.179	11.066	-6.160
537.179	11.066	-6.170
538.179	11.066	-6.170
539.179	11.066	-6.150
540.179	11.066	-6.190
541.179	11.066	-6.210
542.179	11.066	-6.180
543.179	11.066	-6.170
544.179	11.066	-6.220
545.179	11.066	-6.200
546.179	11.066	-6.190
547.179	11.066	-6.210
548.179	11.066	-6.200
549.179	11.066	-6.180
550.179	11.066	-6.230
551.179	11.066	-6.230
552.179	11.066	-6.200
553.179	11.066	-6.220
554.179	11.066	-6.210
555.179	11.066	-6.220
556.179	11.066	-6.220
557.179	11.066	-6.220
558.179	11.066	-6.210
559.179	11.066	-6.240
560.179	11.066	-6.250
561.179	11.066	-6.260
562.179	11.066	-6.220
563.179	11.066	-6.230
564.179	11.066	-6.260
565.179	11.066	-6.280
566.179	11.066	-6.240
567.179	11.066	-6.240
568.179	11.066	-6.260
569.179	11.066	-6.250
570.179	11.066	-6.270
571.179	11.066	-6.250
572.179	11.066	-6.260
573.179	11.066	-6.270
574.179	11.066	-6.270
575.179	11.066	-6.290
576.179	11.066	-6.280
577.179	11.066	-6.290
578.179	11.066	-6.290
579.179	11.066	-6.270
580.179	11.066	-6.290
581.179	11.067	-6.290
582.179	11.066	-6.300
583.179	11.066	-6.300
584.179	11.066	-6.300
585.179	11.066	-6.300
586.179	11.066	-6.310
587.179	11.066	-6.330
588.179	11.066	-6.330
589.179	11.066	-6.320
590.179	11.066	-6.300
591.179	11.066	-6.310
592.179	11.066	-6.330
593.179	11.067	-6.350
594.179	11.066	-6.330
595.179	11.066	-6.320
596.179	11.066	-6.340
597.179	11.066	-6.380
598.179	11.066	-6.330
599.179	11.066	-6.340
600.179	11.066	-6.330
601.179	11.066	-6.370
602.179	11.066	-6.340
603.179	11.066	-6.350
604.179	11.066	-6.350
605.179	11.067	-6.350
606.179	11.067	-6.400
607.179	11.067	-6.370
608.179	11.067	-6.350
609.179	11.066	-6.370
610.179	11.066	-6.370
611.179	11.066	-6.380
612.179	11.066	-6.420
613.179	11.066	-6.380
614.179	11.066	-6.370
615.179	11.066	-6.390
616.179	11.066	-6.410
617.179	11.066	-6.390
618.179	11.066	-6.380
619.179	11.066	-6.390
620.179	11.066	-6.400
621.179	11.066	-6.430
622.179	11.066	-6.420
623.179	11.066	-6.420
624.179	11.066	-6.430
625.179	11.066	-6.410
626.179	11.066	-6.430
627.179	11.066	-6.420
628.179	11.067	-6.400
629.179	11.066	-6.400
630.179	11.066	-6.420
631.179	11.066	-6.430
632.179	11.066	-6.430
633.179	11.066	-6.420
634.179	11.066	-6.430
635.179	11.066	-6.450
636.179	11.066	-6.450
637.179	11.066	-6.450
638.179	11.066	-6.460
639.179	11.066	-6.450
640.179	11.066	-6.440
641.179	11.066	-6.450
642.179	11.066	-6.460
643.179	11.066	-6.470
644.179	11.066	-6.470
645.179	11.066	-6.450
646.179	11.066	-6.460
647.179	11.066	-6.440
648.179	11.066	-6.450
649.179	11.066	-6.450
650.179	11.066	-6.460
651.179	11.066	-6.470
652.179	11.066	-6.470
653.179	11.066	-6.450
654.179	11.066	-6.490
655.179	11.066	-6.490
656.179	11.066	-6.470
657.179	11.066	-6.470
658.179	11.066	-6.500
659.179	11.066	-6.500
660.179	11.066	-6.480
661.179	11.066	-6.500
662.179	11.066	-6.470
663.179	11.067	-6.510
664.179	11.066	-6.500
665.179	11.066	-6.500
666.179	11.067	-6.490
667.179	11.066	-6.510
668.179	11.066	-6.490
669.179	11.066	-6.520
670.179	11.066	-6.520
671.179	11.066	-6.510
672.179	11.066	-6.530
673.179	11.066	-6.530
674.179	11.066	-6.540
675.179	11.066	-6.510
676.179	11.066	-6.510
677.179	11.066	-6.530
678.179	11.066	-6.560
679.179	11.066	-6.540
680.179	11.066	-6.520
681.179	11.066	-6.550
682.179	11.066	-6.570
683.179	11.066	-6.540
684.179	11.066	-6.560
685.179	11.066	-6.540
686.179	11.066	-6.570
687.179	11.066	-6.540
688.179	11.066	-6.590
689.179	11.066	-6.570
690.179	11.066	-6.540
691.179	11.066	-6.580
692.179	11.066	-6.570
693.179	11.066	-6.600
694.179	11.066	-6.570
695.179	11.066	-6.560
696.179	11.066	-6.590
697.179	11.066	-6.580
698.179	11.066	-6.560
699.179	11.066	-6.580
700.179	11.066	-6.570
701.179	11.066	-6.600
702.179	11.066	-6.600
703.179	11.066	-6.620
704.179	11.066	-6.590
705.179	11.066	-6.580
706.179	11.066	-6.610
707.179	11.066	-6.630
708.179	11.066	-6.590
709.179	11.066	-6.600
710.179	11.066	-6.590
711.179	11.066	-6.610
712.179	11.066	-6.610
713.179	11.066	-6.620
714.179	11.066	-6.610
715.179	11.066	-6.670
716.179	11.066	-6.660
717.179	11.066	-6.670
718.179	11.066	-6.640
719.179	11.066	-6.670
720.179	11.066	-6.680
721.179	11.066	-6.690
722.179	11.066	-6.690
723.179	11.066	-6.680
724.179	11.066	-6.680
725.179	11.066	-6.660
726.179	11.066	-6.680
727.179	11.066	-6.690
728.179	11.066	-6.650
729.179	11.066	-6.680
730.179	11.066	-6.670
731.179	11.066	-6.690
732.179	11.066	-6.660
733.179	11.066	-6.670
734.179	11.066	-6.670
735.179	11.066	-6.670
736.179	11.066	-6.650
737.179	11.066	-6.670
738.179	11.066	-6.680
739.179	11.066	-6.690
740.179	11.066	-6.680
741.179	11.066	-6.680
742.179	11.066	-6.680
743.179	11.066	-6.700
744.179	11.066	-6.710
745.179	11.066	-6.700
746.179	11.066	-6.680
747.179	11.066	-6.690
748.179	11.066	-6.680
749.179	11.066	-6.720
750.179	11.066	-6.680
751.179	11.066	-6.690
752.179	11.066	-6.710
753.179	11.066	-6.720
754.179	11.066	-6.710
755.179	11.066	-6.710
756.179	11.066	-6.670
757.179	11.066	-6.690
758.179	11.066	-6.720
759.179	11.066	-6.730
760.179	11.066	-6.730
761.179	11.066	-6.690
762.179	11.066	-6.720
763.179	11.066	-6.750
764.179	11.066	-6.720
765.179	11.066	-6.730
766.179	11.066	-6.720
767.179	11.066	-6.730
768.179	11.066	-6.750
769.179	11.066	-6.750
770.179	11.066	-6.740
771.179	11.066	-6.720
772.179	11.066	-6.770
773.179	11.066	-6.740
774.179	11.066	-6.770
775.179	11.066	-6.730
776.179	11.066	-6.760
777.179	11.066	-6.760
778.179	11.066	-6.760
779.179	11.066	-6.790
780.179	11.066	-6.770
781.179	11.066	-6.760
782.179	11.066	-6.770
783.179	11.066	-6.780
784.179	11.066	-6.770
785.179	11.066	-6.750
786.179	11.066	-6.770
787.179	11.066	-6.800
788.179	11.066	-6.820
789.179	11.066	-6.790
790.179	11.066	-6.780
791.179	11.066	-6.780
792.179	11.066	-6.810
793.179	11.066	-6.790
794.179	11.066	-6.790
795.179	11.066	-6.800
796.179	11.066	-6.820
797.179	11.066	-6.810
798.179	11.066	-6.800
799.179	11.066	-6.810
800.179	11.066	-6.800
801.179	11.066	-6.810
802.179	11.066	-6.830
803.179	11.066	-6.830
804.179	11.066	-6.810
805.179	11.066	-6.800
806.179	11.066	-6.820
807.179	11.066	-6.800
808.179	11.066	-6.800
809.179	11.066	-6.790
810.179	11.066	-6.800
811.179	11.066	-6.830
812.179	11.066	-6.830
813.179	11.066	-6.810
814.179	11.066	-6.820
815.179	11.066	-6.850
816.179	11.066	-6.830
817.179	11.066	-6.850
818.179	11.066	-6.830
819.179	11.066	-6.820
820.179	11.066	-6.860
821.179	11.066	-6.860
822.179	11.066	-6.870
823.179	11.066	-6.860
824.179	11.066	-6.890
825.179	11.066	-6.890
826.179	11.072	-6.890
827.179	11.072	-6.900
828.179	11.072	-6.870
829.179	11.066	-6.890
830.179	11.066	-6.910
831.179	11.066	-6.890
832.179	11.066	-6.890
833.179	11.066	-6.900
834.179	11.066	-6.880
835.179	11.067	-6.910
836.179	11.066	-6.890
837.179	11.066	-6.900
838.179	11.066	-6.870
839.179	11.066	-6.910
840.179	11.066	-6.930
841.179	11.066	-6.920
842.179	11.066	-6.890
843.179	11.067	-6.890
844.179	11.067	-6.930
845.179	11.066	-6.920
846.179	11.067	-6.900
847.179	11.067	-6.910
848.179	11.067	-6.920
849.179	11.067	-6.940
850.179	11.067	-6.930
851.179	11.067	-6.920
852.179	11.067	-6.920
853.179	11.066	-6.900
