0.178	0.003	-0.000
1.178	0.003	-0.000
2.178	0.003	-0.000
3.178	0.003	0.000
4.178	0.003	0.000
5.178	0.003	-0.000
6.178	0.003	-0.001
7.178	0.003	-0.000
8.178	0.003	0.000
9.178	0.003	0.000
10.178	0.003	0.000
11.178	0.003	-0.000
12.178	0.003	-0.000
13.178	0.003	-0.000
14.178	0.003	-0.000
15.178	0.003	0.000
16.178	0.003	0.000
17.178	0.003	-0.000
18.178	0.003	-0.000
19.178	0.003	-0.000
20.178	0.003	0.000
21.178	0.003	0.000
22.178	0.003	-0.001
23.178	0.003	-0.000
24.178	0.003	-0.000
25.178	0.003	-0.000
26.178	0.003	0.000
27.178	0.003	0.000
28.178	0.003	-0.000
29.178	0.003	-0.000
30.178	0.003	-0.000
31.178	0.003	-0.000
32.178	0.003	0.000
33.178	0.003	-0.000
34.178	0.003	-0.000
35.178	0.003	-0.000
36.178	0.003	-0.000
37.178	0.003	0.000
38.178	0.003	0.000
39.178	0.003	-0.000
40.178	0.003	-0.000
41.178	0.003	-0.000
42.178	0.003	-0.000
43.178	0.003	-0.001
44.178	0.003	0.000
45.178	0.003	0.000
46.178	0.003	-0.000
47.178	0.003	-0.000
48.178	0.003	-0.000
49.178	0.003	0.001
50.178	0.003	0.000
51.178	0.003	-0.010
52.178	0.003	-0.001
53.178	0.003	-0.000
54.178	0.003	-0.000
55.178	0.003	-0.000
56.178	0.003	0.000
57.178	0.003	-0.000
58.178	0.003	-0.000
59.178	0.003	0.000
60.178	0.003	0.000
61.178	0.003	-0.000
62.178	0.003	-0.000
63.178	0.003	-0.000
64.178	0.003	-0.000
65.178	0.003	-0.000
66.178	0.003	0.000
67.178	0.003	-0.000
68.178	0.003	-0.000
69.178	0.003	-0.000
70.178	0.003	0.001
71.178	0.003	0.000
72.178	0.003	0.000
73.178	0.003	-0.000
74.178	0.003	-0.000
75.178	0.003	0.000
76.178	0.003	-0.000
77.178	0.003	-0.000
78.178	0.003	-0.000
79.178	0.003	-0.000
80.178	0.003	0.000
81.178	0.003	-0.000
82.178	0.003	0.000
83.178	0.003	0.000
84.178	0.003	0.000
85.178	0.003	-0.000
86.178	0.003	0.000
87.178	0.003	-0.000
88.178	0.003	-0.000
89.178	0.003	-0.000
90.178	0.003	-0.000
91.178	0.003	-0.000
92.178	0.003	0.000
93.178	0.003	0.000
94.178	0.003	0.000
95.178	0.003	-0.000
96.178	0.003	0.000
97.178	0.003	-0.000
98.178	0.003	0.000
99.178	0.003	-0.000
100.178	0.003	-0.000
101.178	0.003	-0.000
102.178	0.003	0.000
103.178	0.003	0.000
104.178	0.003	0.000
105.178	0.003	-0.000
106.178	0.003	-0.000
107.178	0.003	-0.000
108.178	0.003	0.000
109.178	0.003	0.001
110.178	0.003	-0.000
111.178	0.003	0.000
112.178	0.003	-0.000
113.178	0.003	-0.000
114.178	0.003	0.000
115.178	0.003	-0.000
116.178	0.003	-0.000
117.178	0.003	-0.000
118.178	0.003	-0.000
119.178	0.003	0.001
120.178	0.003	-0.000
121.178	0.003	0.001
122.178	0.003	-0.000
123.178	0.003	-0.000
124.178	0.003	0.000
125.178	0.003	-0.001
126.178	0.003	0.000
127.178	0.003	-0.000
128.178	0.003	-0.000
129.178	0.003	0.000
130.178	0.003	0.001
131.178	0.003	-0.000
132.178	0.003	-0.000
133.178	0.003	-0.000
134.178	0.003	-0.000
135.178	0.003	-0.000
136.178	0.003	0.000
137.178	0.003	-0.000
138.178	0.003	-0.000
139.178	0.003	-0.000
140.178	0.003	-0.000
141.178	0.003	0.000
142.178	0.003	0.001
143.178	0.003	0.000
144.178	0.003	0.000
145.178	0.003	-0.000
146.178	0.003	0.000
147.178	0.003	0.000
148.178	0.003	0.000
149.178	0.003	-0.000
150.178	0.003	-0.000
151.178	0.003	0.000
152.178	0.003	0.000
153.178	0.003	-0.000
154.178	0.003	-0.000
155.178	0.003	-0.000
156.178	0.003	-0.000
157.178	0.003	-0.000
158.178	0.003	0.000
159.178	0.003	0.000
160.178	0.003	-0.000
161.178	0.003	-0.000
162.178	0.003	0.000
163.178	0.003	-0.000
164.178	0.003	0.001
165.178	0.003	-0.000
166.178	0.003	-0.000
167.178	0.004	-0.000
168.178	0.003	-0.001
169.178	0.003	0.000
170.178	0.003	-0.000
171.178	0.003	-0.000
172.178	0.003	-0.000
173.178	0.003	0.001
174.178	0.003	0.000
175.178	0.003	-0.000
176.178	0.003	0.000
177.178	0.003	-0.000
178.178	0.003	-0.001
179.178	0.003	-0.000
180.178	0.003	-0.000
181.178	0.003	0.000
182.178	0.003	0.000
183.178	0.003	-0.000
184.178	0.003	-0.000
185.178	0.003	0.000
186.178	0.003	0.000
187.178	0.003	-0.000
188.178	0.003	-0.000
189.178	0.003	-0.000
190.178	0.003	-0.000
191.178	0.003	0.000
192.178	0.003	-0.000
193.178	0.003	-0.000
194.178	0.003	-0.000
195.178	0.003	-0.000
196.178	0.003	0.001
197.178	0.003	0.000
198.178	0.003	-0.000
199.178	0.003	0.000
200.178	0.003	-0.000
201.178	0.003	0.001
202.178	0.003	0.000
203.178	0.003	-0.001
204.178	0.003	-0.000
205.178	0.003	-0.000
206.178	0.003	-0.000
207.178	0.003	0.000
208.178	0.003	0.000
209.178	0.003	0.001
210.178	0.003	-0.000
211.178	0.003	-0.000
212.178	0.003	-0.000
213.178	0.003	0.001
214.178	0.003	-0.000
215.178	0.003	-0.000
216.178	0.003	-0.000
217.178	0.003	-0.000
218.178	0.003	-0.000
219.178	0.003	0.001
220.178	0.003	-0.000
221.178	0.003	-0.000
222.178	0.003	-0.000
223.178	0.003	0.000
224.178	0.003	0.000
225.178	0.003	0.000
226.178	0.003	-0.000
227.178	0.003	-0.000
228.178	0.003	-0.000
229.178	0.003	0.000
230.178	0.003	-0.000
231.178	0.003	-0.000
232.178	0.003	-0.000
233.178	0.003	-0.001
234.178	0.003	-0.000
235.178	0.003	-0.000
236.178	0.003	-0.000
237.178	0.003	-0.000
238.178	0.003	-0.000
239.178	0.003	-0.000
240.178	0.003	0.000
241.178	0.003	-0.000
242.178	0.003	-0.000
243.178	0.003	-0.000
244.178	0.003	-0.000
245.178	0.003	-0.000
246.178	0.003	-0.000
247.178	0.003	-0.000
248.178	0.003	-0.010
249.178	0.003	-0.000
250.178	0.003	0.000
251.178	0.003	0.000
252.178	0.003	-0.000
253.178	0.003	-0.000
254.178	0.003	-0.000
255.178	0.003	-0.000
256.178	0.003	-0.000
257.178	0.003	-0.000
258.178	0.003	-0.000
259.178	0.003	-0.000
260.178	0.003	-0.000
261.178	0.003	0.000
262.178	0.003	-0.000
263.178	0.003	-0.000
264.178	0.003	-0.000
265.178	0.003	-0.000
266.178	0.003	-0.000
267.178	0.003	-0.000
268.178	0.003	-0.000
269.178	0.003	-0.000
270.178	0.003	-0.000
271.178	0.003	-0.000
272.178	0.003	-0.000
273.178	0.003	0.001
274.178	0.003	-0.000
275.178	0.003	-0.000
276.178	0.003	-0.000
277.178	0.003	-0.000
278.178	0.003	-0.000
279.178	0.003	0.001
280.178	0.003	-0.001
281.178	0.003	-0.000
282.178	0.003	-0.000
283.178	0.003	-0.000
284.178	0.003	-0.000
285.178	0.003	-0.000
286.178	0.003	-0.000
287.178	0.003	-0.000
288.178	0.003	-0.000
289.178	0.003	-0.000
290.178	0.003	-0.000
291.178	0.003	-0.000
292.178	0.003	-0.000
293.178	0.002	-0.000
294.178	0.002	-0.000
295.178	0.002	-0.000
296.178	0.003	-0.000
297.178	0.003	-0.000
298.178	0.003	-0.000
299.178	0.003	-0.001
300.178	0.003	-0.000
301.178	0.003	-0.000
302.178	0.003	-0.000
303.178	0.003	-0.000
304.178	0.003	-0.000
305.178	0.003	0.000
306.178	0.003	0.000
307.178	0.003	-0.000
308.178	0.003	-0.000
309.178	0.003	-0.000
310.178	0.003	-0.000
311.178	0.003	-0.001
312.178	0.003	0.000
313.178	0.003	-0.000
314.178	0.003	-0.000
315.178	0.003	-0.000
316.178	0.003	-0.000
317.178	0.003	0.001
318.178	0.003	-0.000
319.178	0.003	-0.000
320.178	0.003	-0.000
321.178	0.003	-0.000
322.178	0.003	-0.000
323.178	0.003	-0.000
324.178	0.003	-0.000
325.178	0.003	-0.000
326.178	0.003	-0.000
327.178	0.003	0.000
328.178	0.003	0.001
329.178	0.003	-0.000
330.178	0.003	-0.000
331.178	0.003	-0.000
332.178	0.003	-0.000
333.178	0.003	0.001
334.178	0.003	-0.000
335.178	0.003	-0.000
336.178	0.003	-0.000
337.178	0.003	-0.000
338.178	0.003	-0.000
339.178	0.003	-0.000
340.178	0.003	-0.000
341.178	0.003	-0.000
342.178	0.003	-0.000
343.178	0.003	-0.000
344.178	0.003	-0.001
345.178	0.003	0.000
346.178	0.003	-0.000
347.178	0.003	-0.000
348.178	0.003	-0.000
349.178	0.003	-0.000
350.178	0.003	0.000
351.178	0.003	-0.000
352.178	0.003	-0.010
353.178	0.003	-0.000
354.178	0.003	-0.000
355.178	0.003	-0.000
356.178	0.003	-0.000
357.178	0.003	-0.000
358.178	0.003	-0.000
359.178	0.003	-0.000
360.178	0.003	-0.000
361.178	0.003	0.001
362.178	0.003	-0.000
363.178	0.003	-0.000
364.178	0.003	-0.000
365.178	0.003	-0.000
366.178	0.003	-0.000
367.178	0.003	-0.000
368.178	0.003	-0.000
369.178	0.003	-0.000
370.178	0.003	-0.000
371.178	0.003	-0.000
372.178	0.003	-0.000
373.178	0.003	-0.000
374.178	0.003	-0.000
375.178	0.003	-0.000
376.178	0.003	-0.000
377.178	0.003	-0.000
378.178	0.003	-0.000
379.178	0.003	-0.000
380.178	0.003	-0.000
381.178	0.003	-0.000
382.178	0.003	0.000
383.178	0.003	-0.001
384.178	0.003	-0.000
385.178	0.003	-0.000
386.178	0.003	-0.000
387.178	0.003	-0.000
388.178	0.003	-0.000
389.178	0.003	-0.000
390.178	0.003	-0.000
391.178	0.003	-0.000
392.178	0.003	-0.000
393.178	0.003	0.000
394.178	0.003	-0.000
395.178	0.003	-0.000
396.178	0.003	-0.000
397.178	0.003	-0.000
398.178	0.003	-0.000
399.178	0.003	-0.000
400.178	0.003	-0.000
401.178	0.003	-0.000
402.178	0.003	-0.000
403.178	0.003	-0.001
404.178	0.003	0.001
405.178	0.003	-0.000
406.178	0.003	-0.010
407.178	0.003	-0.000
408.178	0.003	-0.000
409.178	0.003	0.000
410.178	0.003	-0.000
411.178	0.003	-0.000
412.178	0.003	-0.000
413.178	0.003	-0.000
414.178	0.003	-0.000
415.178	0.003	-0.000
416.178	0.003	-0.000
417.178	0.003	-0.000
418.178	0.003	-0.000
419.178	0.003	-0.000
420.178	0.003	-0.000
421.178	0.003	-0.000
422.178	0.003	-0.000
423.178	0.003	-0.000
424.178	0.003	-0.000
425.178	0.003	-0.000
426.178	0.003	0.000
427.178	0.003	-0.000
428.178	0.003	-0.000
429.178	0.003	-0.000
430.178	0.003	0.001
431.178	0.003	-0.000
432.178	0.003	-0.000
433.178	0.003	-0.000
434.178	0.003	-0.010
435.178	0.003	-0.000
436.178	0.003	-0.000
437.178	0.003	-0.000
438.178	0.003	-0.000
439.178	0.003	-0.000
440.178	0.003	-0.000
441.178	0.003	-0.001
442.178	0.003	-0.001
443.178	0.003	-0.000
444.178	0.003	-0.000
445.178	0.003	0.001
446.178	0.003	-0.000
447.178	0.003	-0.000
448.178	0.003	0.000
449.178	0.003	0.001
450.178	0.003	-0.000
451.178	0.003	-0.000
452.178	0.003	-0.000
453.178	0.003	-0.000
454.178	0.003	-0.000
455.178	0.003	-0.000
456.178	0.003	-0.000
457.178	0.003	-0.000
458.178	0.003	-0.000
459.178	0.003	-0.000
460.178	0.003	-0.000
461.178	0.003	-0.000
462.178	0.003	-0.000
463.178	0.003	0.001
464.178	0.003	0.000
465.178	0.003	-0.000
466.178	0.003	-0.010
467.178	0.003	-0.000
468.178	0.003	-0.000
469.178	0.003	-0.000
470.178	0.003	-0.001
471.178	0.003	-0.000
472.178	0.003	-0.000
473.178	0.003	-0.000
474.178	0.003	-0.000
475.178	0.003	0.000
476.178	0.003	-0.000
477.178	0.003	-0.000
478.178	0.003	-0.000
479.178	0.003	-0.000
480.178	0.003	-0.000
481.178	0.003	-0.000
482.178	0.003	-0.000
483.178	0.003	-0.000
484.178	0.003	-0.000
485.178	0.003	0.000
486.178	0.003	-0.000
487.178	0.003	-0.000
488.178	0.003	-0.000
489.178	0.003	-0.000
490.178	0.003	-0.000
491.178	0.003	-0.000
492.178	0.003	-0.000
493.178	0.003	-0.000
494.178	0.003	-0.000
495.178	0.003	-0.000
496.178	0.003	-0.000
497.178	0.003	-0.001
498.178	0.003	-0.000
499.178	0.003	-0.000
500.178	0.003	-0.000
501.178	0.003	-0.001
502.178	0.003	-0.000
503.178	0.003	-0.000
504.178	0.003	-0.000
505.178	0.003	-0.000
506.178	0.003	-0.000
507.178	0.003	-0.000
508.178	0.003	-0.000
509.178	0.003	-0.000
510.178	0.003	-0.000
511.178	0.003	0.000
512.178	0.003	-0.000
513.178	0.003	-0.000
514.178	0.003	-0.000
515.178	0.003	-0.000
516.178	0.003	-0.000
517.178	0.003	-0.000
518.178	0.003	0.000
519.178	0.003	-0.000
520.178	0.003	-0.000
521.178	0.003	-0.000
522.178	0.003	-0.000
523.178	0.003	0.000
524.178	0.003	0.000
525.178	0.003	-0.000
526.178	0.003	-0.000
527.178	0.003	-0.000
528.178	0.003	-0.000
529.178	0.003	0.000
530.178	0.003	-0.000
531.178	0.003	-0.000
532.178	0.003	-0.000
533.178	0.003	-0.001
534.178	0.003	-0.000
535.178	0.003	0.000
536.178	0.003	-0.000
537.178	0.003	-0.000
538.178	0.003	-0.000
539.178	0.003	-0.000
540.178	0.003	0.000
541.178	0.003	0.000
542.178	0.003	-0.000
543.178	0.003	-0.010
544.178	0.003	-0.000
545.178	0.003	-0.000
546.178	0.003	-0.000
547.178	0.003	-0.000
548.178	0.003	-0.000
549.178	0.003	-0.001
550.178	0.003	-0.000
551.178	0.003	0.000
552.178	0.003	-0.000
553.178	0.003	-0.000
554.178	0.003	-0.000
555.178	0.003	-0.000
556.178	0.003	-0.000
557.178	0.003	-0.000
558.178	0.003	-0.000
559.178	0.003	-0.000
560.178	0.003	-0.000
561.178	0.003	-0.001
562.178	0.003	-0.000
563.178	0.003	-0.001
564.178	0.003	-0.000
565.178	0.003	-0.000
566.178	0.003	-0.000
567.178	0.003	0.000
568.178	0.003	-0.000
569.178	0.003	-0.000
570.178	0.003	-0.000
571.178	0.003	-0.000
572.178	0.003	-0.000
573.178	0.003	-0.000
574.178	0.003	-0.000
575.178	0.003	-0.000
576.178	0.003	-0.000
577.178	0.003	-0.000
578.178	0.003	-0.000
579.178	0.003	-0.000
580.178	0.003	-0.000
581.178	0.003	-0.000
582.178	0.003	-0.000
583.178	0.003	-0.010
584.178	0.003	-0.000
585.178	0.003	-0.000
586.178	0.003	-0.000
587.178	0.003	-0.000
588.178	0.003	0.000
589.178	0.003	-0.000
590.178	0.003	-0.000
591.178	0.003	-0.000
592.178	0.003	0.000
593.178	0.003	-0.000
594.178	0.003	-0.000
595.178	0.003	0.000
596.178	0.003	-0.001
597.178	0.003	-0.000
598.178	0.003	-0.000
599.178	0.003	0.000
600.178	0.003	0.000
