0.228	50.331	-39.720
1.228	50.328	-39.710
2.228	50.324	-39.710
3.228	50.320	-39.710
4.228	50.317	-39.700
5.228	50.313	-39.700
6.228	50.309	-39.700
7.228	50.305	-39.690
8.228	50.301	-39.690
9.228	50.298	-39.690
10.228	50.294	-39.690
11.228	50.290	-39.680
12.228	50.287	-39.680
13.228	50.283	-39.680
14.228	50.279	-39.670
15.228	50.276	-39.670
16.228	50.272	-39.670
17.228	50.268	-39.660
18.228	50.265	-39.660
19.228	50.261	-39.660
20.228	50.258	-39.650
21.228	50.254	-39.650
22.228	50.251	-39.650
23.228	50.247	-39.650
24.228	50.244	-39.650
25.228	50.240	-39.640
26.228	50.237	-39.640
27.228	50.233	-39.640
28.228	50.230	-39.630
29.228	50.226	-39.630
30.228	50.223	-39.630
31.228	50.219	-39.630
32.228	50.216	-39.620
33.228	50.213	-39.620
34.228	50.209	-39.610
35.228	50.206	-39.620
36.228	50.202	-39.610
37.228	50.199	-39.610
38.228	50.196	-39.610
39.228	50.192	-39.600
40.228	50.189	-39.600
41.228	50.186	-39.600
42.228	50.182	-39.590
43.228	50.179	-39.590
44.228	50.176	-39.580
45.228	50.172	-39.580
46.228	50.169	-39.580
47.228	50.166	-39.580
48.228	50.163	-39.580
49.228	50.159	-39.580
50.228	50.156	-39.570
51.228	50.153	-39.570
52.228	50.150	-39.570
53.228	50.146	-39.570
54.228	50.143	-39.560
55.228	50.140	-39.560
56.228	50.137	-39.560
57.228	50.134	-39.560
58.228	50.130	-39.550
59.228	50.127	-39.550
60.228	50.124	-39.550
61.228	50.121	-39.550
62.228	50.118	-39.550
63.228	50.115	-39.540
64.228	50.112	-39.550
65.228	50.109	-39.550
66.228	50.106	-39.540
67.228	50.103	-39.540
68.228	50.099	-39.530
69.228	50.096	-39.530
70.228	50.093	-39.530
71.228	50.090	-39.530
72.228	50.087	-39.530
73.228	50.084	-39.530
74.228	50.081	-39.510
75.228	50.078	-39.510
76.228	50.075	-39.510
77.228	50.072	-39.530
78.228	50.070	-39.520
79.228	50.067	-39.540
80.228	50.064	-39.530
81.228	50.061	-39.520
82.228	50.058	-39.520
83.228	50.055	-39.530
84.228	50.052	-39.500
85.228	50.049	-39.490
86.228	50.046	-39.490
87.228	50.043	-39.490
88.228	50.040	-39.490
89.228	50.038	-39.490
90.228	50.035	-39.490
91.228	50.032	-39.490
92.228	50.029	-39.480
93.228	50.026	-39.480
94.228	50.023	-39.490
95.228	50.020	-39.540
96.228	50.018	-39.540
97.228	50.015	-39.530
98.228	50.012	-39.530
99.228	50.194	-39.550
100.228	50.385	-39.740
101.228	50.566	-39.870
102.228	50.701	-40.060
103.228	50.698	-40.060
104.228	50.695	-40.050
105.228	50.692	-40.040
106.228	50.689	-40.040
107.228	50.686	-40.040
108.228	50.683	-40.030
109.228	50.680	-40.030
110.228	50.677	-39.770
111.228	50.674	-39.960
112.228	50.671	-39.960
113.228	50.668	-39.960
114.228	50.666	-39.960
115.228	50.663	-39.950
116.228	50.660	-39.950
117.228	50.657	-39.950
118.228	50.654	-39.950
119.228	50.651	-39.950
120.228	50.648	-39.940
121.228	50.645	-39.940
122.228	50.643	-39.940
123.229	50.640	-39.940
124.228	50.637	-39.930
125.228	50.634	-39.930
126.228	50.631	-39.930
127.228	50.628	-39.930
128.228	50.625	-39.930
129.228	50.623	-39.920
130.228	50.620	-39.920
131.228	50.617	-39.920
132.228	50.614	-39.920
133.228	50.611	-39.920
134.228	50.609	-39.920
135.228	50.606	-39.910
136.228	50.603	-39.910
137.228	50.601	-39.910
138.228	50.598	-39.910
139.228	50.595	-39.900
140.228	50.593	-39.900
141.228	50.590	-39.900
142.228	50.587	-39.900
143.228	50.584	-39.900
144.228	50.582	-39.900
145.228	50.579	-39.890
146.228	50.577	-39.890
147.228	50.574	-39.890
148.228	50.571	-39.890
149.228	50.569	-39.890
150.228	50.566	-39.880
151.228	50.563	-39.880
152.228	50.561	-39.880
153.228	50.558	-39.880
154.228	50.555	-39.880
155.228	50.553	-39.880
156.228	50.550	-39.870
157.228	50.548	-39.870
158.228	50.545	-39.870
159.228	50.543	-39.870
160.228	50.540	-39.870
161.228	50.537	-39.860
162.228	50.535	-39.860
163.228	50.532	-39.860
164.228	50.530	-39.860
165.228	50.527	-39.860
166.228	50.525	-39.850
167.228	50.522	-39.850
168.228	50.520	-39.850
169.228	50.518	-39.850
170.228	50.515	-39.850
171.228	50.513	-39.840
172.228	50.510	-39.840
173.228	50.508	-39.840
174.228	50.505	-39.840
175.228	50.502	-39.840
176.228	50.500	-39.840
177.228	50.498	-39.830
178.228	50.495	-39.830
179.228	50.493	-39.830
180.228	50.490	-39.830
181.228	50.488	-39.830
182.228	50.485	-39.830
183.228	50.483	-39.820
184.228	50.481	-39.820
185.228	50.478	-39.820
186.228	50.476	-39.820
187.228	50.473	-39.810
188.228	50.471	-39.810
189.228	50.468	-39.810
190.228	50.466	-39.810
191.228	50.464	-39.810
192.228	50.461	-39.810
193.228	50.459	-39.800
194.228	50.456	-39.800
195.228	50.454	-39.800
196.228	50.452	-39.800
197.228	50.450	-39.800
198.228	50.448	-39.800
199.228	50.446	-39.790
200.228	50.443	-39.790
201.228	50.441	-39.790
202.228	50.438	-39.790
203.228	50.436	-39.780
204.228	50.434	-39.780
205.228	50.432	-39.780
206.228	50.429	-39.780
207.228	50.427	-39.780
208.228	50.425	-39.780
209.228	50.423	-39.780
210.228	50.420	-39.770
211.228	50.418	-39.770
212.228	50.416	-39.770
213.228	50.414	-39.770
214.228	50.412	-39.770
215.228	50.410	-39.770
216.228	50.408	-39.760
217.228	50.405	-39.760
218.228	50.403	-39.760
219.228	50.401	-39.760
220.228	50.399	-39.760
221.228	50.397	-39.760
222.228	50.396	-39.760
223.228	50.394	-39.750
224.228	50.392	-39.750
225.228	50.390	-39.750
226.228	50.388	-39.750
227.228	50.386	-39.750
228.228	50.384	-39.750
229.228	50.382	-39.740
230.228	50.381	-39.740
231.228	50.379	-39.740
232.228	50.377	-39.730
233.228	50.376	-39.740
234.228	50.375	-39.730
235.228	50.374	-39.730
236.228	50.373	-39.730
237.228	50.372	-39.730
238.228	50.371	-39.730
239.228	50.370	-39.730
240.228	50.369	-39.730
241.228	50.368	-39.730
242.228	50.368	-39.730
243.228	50.367	-39.730
244.228	50.366	-39.730
245.228	50.364	-39.720
246.228	50.363	-39.720
247.228	50.362	-39.720
248.228	50.361	-39.720
249.228	50.360	-39.720
250.228	50.358	-39.720
251.228	50.357	-39.720
252.228	50.355	-39.720
253.228	50.354	-39.720
254.228	50.352	-39.720
255.228	50.351	-39.720
256.228	50.349	-39.710
257.228	50.348	-39.710
258.228	50.346	-39.710
259.228	50.345	-39.710
260.228	50.343	-39.710
261.228	50.341	-39.710
262.228	50.340	-39.710
263.228	50.338	-39.710
264.228	50.336	-39.710
265.228	50.335	-39.710
266.228	50.333	-39.710
267.228	50.331	-39.710
268.228	50.330	-39.700
269.228	50.328	-39.700
270.228	50.327	-39.700
271.228	50.325	-39.700
272.228	50.324	-39.700
273.228	50.322	-39.700
274.228	50.320	-39.700
275.228	50.319	-39.690
276.228	50.317	-39.690
277.228	50.315	-39.690
278.228	50.314	-39.690
279.228	50.312	-39.690
280.228	50.310	-39.690
281.228	50.309	-39.690
282.228	50.307	-39.680
283.228	50.305	-39.680
284.228	50.303	-39.680
285.228	50.302	-39.680
286.228	50.300	-39.680
287.228	50.298	-39.680
288.228	50.297	-39.680
289.228	50.295	-39.670
290.228	50.293	-39.670
291.228	50.292	-39.670
292.228	50.290	-39.670
293.228	50.288	-39.670
294.228	50.286	-39.670
295.228	50.285	-39.670
296.228	50.283	-39.670
297.228	50.281	-39.660
298.228	50.280	-39.660
299.228	50.278	-39.660
300.228	50.276	-39.660
301.228	50.275	-39.660
302.228	50.273	-39.660
303.228	50.271	-39.660
304.228	50.270	-39.660
305.228	50.268	-39.660
306.228	50.266	-39.660
307.228	50.265	-39.650
308.228	50.263	-39.650
309.228	50.262	-39.650
310.228	50.260	-39.650
311.228	50.258	-39.650
312.228	50.257	-39.650
313.228	50.255	-39.650
314.228	50.253	-39.640
315.228	50.252	-39.650
316.228	50.250	-39.650
317.228	50.248	-39.650
318.228	50.246	-39.640
319.228	50.245	-39.640
320.228	50.243	-39.640
321.228	50.242	-39.640
322.228	50.240	-39.640
323.228	50.239	-39.640
324.228	50.237	-39.640
325.228	50.235	-39.640
326.228	50.234	-39.640
327.228	50.232	-39.640
328.228	50.231	-39.630
329.228	50.229	-39.630
330.228	50.227	-39.630
331.228	50.226	-39.630
332.228	50.224	-39.630
333.228	50.223	-39.630
334.228	50.221	-39.630
335.228	50.219	-39.630
336.228	50.218	-39.620
337.228	50.217	-39.620
338.228	50.215	-39.620
339.228	50.213	-39.620
340.228	50.211	-39.620
341.228	50.210	-39.610
342.228	50.208	-39.610
343.228	50.207	-39.620
344.228	50.205	-39.610
345.228	50.204	-39.610
346.228	50.202	-39.610
347.228	50.200	-39.610
348.228	50.199	-39.610
349.228	50.197	-39.610
350.228	50.196	-39.610
351.228	50.194	-39.610
352.228	50.193	-39.600
353.228	50.191	-39.600
354.228	50.190	-39.600
355.228	50.188	-39.600
356.228	50.186	-39.600
357.228	50.185	-39.600
358.228	50.183	-39.600
359.228	50.182	-39.600
360.228	50.180	-39.590
361.228	50.179	-39.590
362.228	50.177	-39.590
363.228	50.176	-39.590
364.228	50.174	-39.590
365.228	50.173	-39.590
366.228	50.171	-39.590
367.228	50.170	-39.590
368.228	50.169	-39.590
369.228	50.167	-39.580
370.228	50.166	-39.580
371.228	50.164	-39.580
372.228	50.163	-39.580
373.228	50.161	-39.580
374.228	50.160	-39.580
375.228	50.159	-39.580
376.228	50.157	-39.580
377.228	50.156	-39.570
378.228	50.154	-39.570
379.228	50.153	-39.570
380.228	50.152	-39.570
381.228	50.150	-39.570
382.228	50.149	-39.570
383.228	50.148	-39.570
384.228	50.146	-39.570
385.228	50.145	-39.570
386.228	50.143	-39.570
387.228	50.142	-39.570
388.228	50.140	-39.570
389.228	50.139	-39.570
390.228	50.138	-39.560
391.228	50.136	-39.560
392.228	50.135	-39.560
393.228	50.134	-39.560
394.228	50.133	-39.560
395.228	50.131	-39.560
396.228	50.130	-39.560
397.228	50.129	-39.560
398.228	50.128	-39.560
399.228	50.127	-39.560
400.228	50.125	-39.560
401.228	50.124	-39.560
402.228	50.123	-39.560
403.228	50.121	-39.560
404.228	50.120	-39.550
405.228	50.119	-39.550
406.228	50.117	-39.550
407.228	50.116	-39.550
408.228	50.115	-39.550
409.228	50.113	-39.550
410.228	50.112	-39.550
411.228	50.111	-39.550
412.228	50.110	-39.550
413.228	50.109	-39.550
414.228	50.108	-39.550
415.228	50.106	-39.540
416.228	50.106	-39.540
417.228	50.104	-39.540
418.228	50.103	-39.540
419.228	50.102	-39.540
420.228	50.100	-39.540
421.228	50.099	-39.540
422.228	50.098	-39.540
423.228	50.097	-39.540
424.228	50.095	-39.540
425.228	50.094	-39.540
426.228	50.093	-39.530
427.228	50.091	-39.530
428.228	50.090	-39.530
429.228	50.089	-39.530
430.228	50.088	-39.530
431.228	50.086	-39.530
432.228	50.085	-39.530
433.228	50.084	-39.530
434.228	50.083	-39.530
435.228	50.081	-39.520
436.228	50.080	-39.520
437.228	50.079	-39.520
438.228	50.078	-39.520
439.228	50.077	-39.520
440.228	50.076	-39.520
441.228	50.075	-39.520
442.228	50.073	-39.520
443.228	50.073	-39.520
444.228	50.072	-39.520
445.228	50.071	-39.520
446.228	50.069	-39.520
447.228	50.069	-39.520
448.228	50.068	-39.510
449.228	50.067	-39.520
450.228	50.066	-39.520
451.228	50.064	-39.520
452.228	50.064	-39.520
453.228	50.063	-39.510
454.228	50.062	-39.510
455.228	50.061	-39.510
456.228	50.060	-39.510
457.228	50.059	-39.510
458.228	50.058	-39.510
459.228	50.057	-39.510
460.228	50.056	-39.510
461.228	50.055	-39.510
462.228	50.054	-39.510
463.228	50.053	-39.510
464.228	50.052	-39.500
465.228	50.050	-39.500
466.228	50.049	-39.500
467.228	50.048	-39.500
468.228	50.047	-39.500
469.228	50.046	-39.500
470.228	50.045	-39.490
471.228	50.044	-39.490
472.228	50.044	-39.490
473.228	50.043	-39.490
474.228	50.042	-39.490
475.228	50.041	-39.490
476.228	50.040	-39.490
477.228	50.040	-39.480
478.228	50.039	-39.480
479.228	50.038	-39.490
480.228	50.038	-39.480
481.228	50.037	-39.480
482.228	50.037	-39.480
483.228	50.038	-39.480
484.228	50.038	-39.480
485.228	50.038	-39.480
486.228	50.039	-39.480
487.228	50.040	-39.480
488.228	50.040	-39.490
489.228	50.041	-39.490
490.228	50.041	-39.490
491.228	50.042	-39.490
492.228	50.042	-39.490
493.228	50.042	-39.490
494.228	50.042	-39.490
495.228	50.042	-39.490
496.228	50.042	-39.490
497.228	50.042	-39.490
498.228	50.042	-39.490
499.228	50.041	-39.490
500.228	50.041	-39.490
501.228	50.040	-39.490
502.228	50.040	-39.490
503.228	50.039	-39.490
504.228	50.039	-39.490
505.228	50.038	-39.490
506.228	50.038	-39.480
507.228	50.037	-39.480
508.228	50.036	-39.480
509.228	50.036	-39.480
510.228	50.035	-39.480
511.228	50.034	-39.480
512.228	50.034	-39.480
513.228	50.033	-39.480
514.228	50.032	-39.480
515.228	50.032	-39.480
516.228	50.031	-39.480
517.228	50.030	-39.470
518.228	50.029	-39.480
519.228	50.029	-39.470
520.228	50.028	-39.470
521.228	50.027	-39.470
522.228	50.027	-39.470
523.228	50.026	-39.470
524.228	50.025	-39.470
525.228	50.024	-39.470
526.228	50.023	-39.470
527.228	50.022	-39.470
528.228	50.022	-39.470
529.228	50.021	-39.470
530.228	50.020	-39.470
531.228	50.019	-39.470
532.228	50.018	-39.470
533.228	50.017	-39.470
534.228	50.016	-39.470
535.228	50.015	-39.470
536.228	50.014	-39.470
537.228	50.013	-39.470
538.228	50.012	-39.460
539.228	50.011	-39.460
540.228	50.010	-39.460
541.228	50.010	-39.460
542.228	50.009	-39.460
543.228	50.008	-39.460
544.228	50.007	-39.460
545.228	50.006	-39.460
546.228	50.005	-39.460
547.228	50.004	-39.460
548.228	50.004	-39.460
549.228	50.003	-39.460
550.228	50.002	-39.450
551.228	50.001	-39.450
552.228	50.000	-39.450
553.228	50.000	-39.450
554.228	49.999	-39.450
555.228	49.998	-39.450
556.228	49.997	-39.450
557.228	49.996	-39.450
558.228	49.996	-39.450
559.228	49.995	-39.450
560.228	49.994	-39.450
561.228	49.993	-39.450
562.228	49.992	-39.450
563.228	49.991	-39.450
564.228	49.990	-39.450
565.228	49.989	-39.440
566.228	49.988	-39.450
567.228	49.987	-39.440
568.228	49.986	-39.440
569.228	49.986	-39.440
570.228	49.985	-39.440
571.228	49.984	-39.440
572.228	49.983	-39.440
573.228	49.982	-39.440
574.228	49.981	-39.440
575.228	49.980	-39.440
576.228	49.980	-39.440
577.228	49.979	-39.440
578.228	49.978	-39.440
579.228	49.977	-39.440
580.228	49.976	-39.440
581.228	49.975	-39.440
582.228	49.974	-39.430
583.228	49.973	-39.430
584.228	49.973	-39.430
585.228	49.972	-39.430
586.228	49.971	-39.430
587.228	49.970	-39.430
588.228	49.969	-39.430
589.228	49.969	-39.430
590.228	49.968	-39.430
591.228	49.967	-39.430
592.228	49.966	-39.430
593.228	49.965	-39.430
594.228	49.964	-39.430
595.228	49.964	-39.420
596.228	49.963	-39.430
597.228	49.962	-39.420
598.228	49.961	-39.420
599.228	49.960	-39.420
600.228	49.960	-39.420
601.228	49.959	-39.420
602.228	49.958	-39.420
603.228	49.957	-39.420
604.228	49.956	-39.420
605.228	49.956	-39.420
606.228	49.955	-39.420
607.228	49.954	-39.420
608.228	49.953	-39.420
609.228	49.953	-39.410
610.228	49.952	-39.420
611.228	49.951	-39.410
612.228	49.950	-39.410
613.228	49.949	-39.410
614.228	49.948	-39.410
615.228	49.948	-39.410
616.228	49.947	-39.410
617.228	49.946	-39.410
618.228	49.945	-39.410
619.228	49.944	-39.410
620.228	49.944	-39.410
621.228	49.943	-39.410
622.228	49.942	-39.410
623.228	49.941	-39.410
624.228	49.940	-39.410
625.228	49.940	-39.400
626.228	49.939	-39.400
627.228	49.938	-39.400
628.228	49.937	-39.400
629.228	49.936	-39.400
630.228	49.936	-39.400
631.228	49.935	-39.400
632.228	49.934	-39.400
633.228	49.933	-39.400
634.228	49.932	-39.400
635.228	49.932	-39.400
636.228	49.931	-39.400
637.228	49.930	-39.400
638.228	49.930	-39.400
639.228	49.929	-39.400
640.228	49.928	-39.400
641.228	49.927	-39.400
642.228	49.927	-39.400
643.228	49.926	-39.390
644.228	49.925	-39.390
645.228	49.925	-39.390
646.228	49.924	-39.390
647.228	49.923	-39.390
648.228	49.922	-39.390
649.228	49.922	-39.390
650.228	49.921	-39.390
651.228	49.920	-39.390
652.228	49.920	-39.390
653.228	49.919	-39.390
654.228	49.918	-39.390
655.228	49.917	-39.390
656.228	49.917	-39.390
657.228	49.916	-39.390
658.228	49.915	-39.390
659.228	49.915	-39.390
660.228	49.914	-39.390
661.228	49.913	-39.380
662.228	49.913	-39.390
663.228	49.912	-39.390
664.228	49.911	-39.390
665.228	49.910	-39.390
666.228	49.909	-39.390
667.228	49.908	-39.380
668.228	49.907	-39.380
669.228	49.907	-39.380
670.228	49.906	-39.380
671.228	49.906	-39.380
672.228	49.905	-39.380
673.228	49.905	-39.380
674.228	49.904	-39.380
675.228	49.903	-39.380
676.228	49.902	-39.380
677.228	49.902	-39.380
678.228	49.901	-39.380
679.228	49.901	-39.380
680.228	49.900	-39.370
681.228	49.899	-39.370
682.228	49.898	-39.370
683.228	49.898	-39.370
684.228	49.897	-39.370
685.228	49.896	-39.370
686.228	49.896	-39.370
687.228	49.895	-39.370
688.228	49.894	-39.370
689.228	49.893	-39.370
690.228	49.893	-39.370
691.228	49.892	-39.370
692.228	49.892	-39.370
693.228	49.891	-39.370
694.228	49.890	-39.370
695.228	49.890	-39.370
696.228	49.889	-39.370
697.228	49.888	-39.370
698.228	49.887	-39.370
699.228	49.887	-39.370
700.228	49.886	-39.370
701.228	49.885	-39.370
702.228	49.885	-39.360
703.228	49.884	-39.360
704.228	49.884	-39.360
705.228	49.883	-39.360
706.228	49.882	-39.360
707.228	49.882	-39.360
708.228	49.881	-39.360
709.228	49.880	-39.360
710.228	49.879	-39.360
711.228	49.879	-39.360
712.228	49.879	-39.360
713.228	49.878	-39.360
714.228	49.877	-39.360
715.228	49.877	-39.360
716.228	49.876	-39.360
717.228	49.875	-39.360
718.228	49.875	-39.360
719.228	49.874	-39.360
720.228	49.874	-39.360
721.228	49.873	-39.360
722.228	49.873	-39.360
723.228	49.872	-39.360
724.228	49.871	-39.360
725.228	49.871	-39.360
726.228	49.870	-39.350
727.228	49.869	-39.350
728.228	49.869	-39.350
729.228	49.869	-39.350
730.228	49.868	-39.350
731.228	49.867	-39.350
732.228	49.867	-39.350
733.228	49.866	-39.350
734.228	49.865	-39.350
735.228	49.865	-39.350
736.228	49.864	-39.350
737.228	49.863	-39.350
738.228	49.863	-39.350
739.228	49.862	-39.350
740.228	49.862	-39.350
741.228	49.861	-39.350
742.228	49.861	-39.350
743.228	49.860	-39.350
744.228	49.859	-39.350
745.228	49.859	-39.350
746.228	49.858	-39.350
747.228	49.858	-39.350
748.228	49.857	-39.350
749.228	49.857	-39.350
750.228	49.856	-39.350
751.228	49.856	-39.350
752.228	49.855	-39.350
753.228	49.854	-39.340
754.228	49.854	-39.350
755.228	49.853	-39.340
756.228	49.853	-39.340
757.228	49.852	-39.340
758.228	49.851	-39.340
759.228	49.851	-39.340
760.228	49.851	-39.340
761.228	49.850	-39.340
762.228	49.849	-39.340
763.228	49.849	-39.340
764.228	49.848	-39.340
765.228	49.848	-39.340
766.228	49.847	-39.340
767.228	49.847	-39.340
768.228	49.846	-39.340
769.228	49.846	-39.340
770.228	49.845	-39.340
771.228	49.844	-39.330
772.228	49.844	-39.330
773.228	49.844	-39.330
774.228	49.843	-39.330
775.228	49.843	-39.330
776.228	49.843	-39.330
777.228	49.844	-39.330
778.228	49.845	-39.330
779.228	49.846	-39.330
780.228	49.848	-39.330
781.228	49.849	-39.330
782.228	49.850	-39.330
783.228	49.852	-39.330
784.228	49.853	-39.340
785.228	49.854	-39.340
786.228	49.855	-39.340
787.228	49.856	-39.340
788.228	49.857	-39.340
789.228	49.857	-39.340
790.228	49.858	-39.340
791.228	49.859	-39.340
792.228	49.860	-39.340
793.228	49.860	-39.340
794.228	49.860	-39.340
795.228	49.861	-39.350
796.228	49.861	-39.350
797.228	49.861	-39.350
798.228	49.862	-39.350
799.228	49.862	-39.350
800.228	49.862	-39.350
801.228	49.862	-39.350
802.228	49.862	-39.350
803.228	49.862	-39.350
804.228	49.861	-39.350
805.228	49.861	-39.350
806.228	49.861	-39.350
807.228	49.861	-39.350
808.228	49.861	-39.350
809.228	49.860	-39.350
810.228	49.860	-39.350
811.228	49.860	-39.350
812.228	49.859	-39.350
813.228	49.859	-39.350
814.228	49.859	-39.350
815.228	49.859	-39.350
816.228	49.858	-39.350
817.228	49.858	-39.340
818.228	49.858	-39.340
819.228	49.858	-39.340
820.228	49.857	-39.340
821.228	49.857	-39.340
822.228	49.857	-39.340
823.228	49.857	-39.340
824.228	49.856	-39.350
825.228	49.856	-39.340
826.228	49.855	-39.350
827.228	49.855	-39.350
828.228	49.855	-39.340
829.228	49.854	-39.340
830.228	49.854	-39.340
831.228	49.853	-39.340
832.228	49.853	-39.340
833.228	49.853	-39.340
834.228	49.852	-39.340
835.228	49.852	-39.340
836.228	49.851	-39.340
837.228	49.851	-39.340
838.228	49.850	-39.340
839.228	49.850	-39.340
840.228	49.849	-39.340
841.228	49.849	-39.340
842.228	49.849	-39.340
843.228	49.848	-39.340
844.228	49.848	-39.340
845.228	49.847	-39.340
846.228	49.847	-39.340
847.228	49.846	-39.340
848.228	49.846	-39.340
849.228	49.845	-39.340
850.228	49.845	-39.340
851.228	49.844	-39.340
852.228	49.844	-39.340
853.228	49.843	-39.340
854.228	49.843	-39.340
855.228	49.843	-39.340
856.228	49.842	-39.340
857.228	49.842	-39.340
858.228	49.841	-39.340
859.228	49.841	-39.330
860.228	49.841	-39.330
861.228	49.840	-39.330
862.228	49.839	-39.330
863.228	49.839	-39.330
864.228	49.839	-39.330
865.228	49.838	-39.330
866.228	49.838	-39.330
867.228	49.837	-39.330
868.228	49.836	-39.330
869.228	49.836	-39.330
870.228	49.836	-39.330
871.228	49.835	-39.330
872.228	49.835	-39.330
873.228	49.834	-39.330
874.228	49.834	-39.330
875.228	49.833	-39.330
876.228	49.833	-39.330
877.228	49.832	-39.330
878.228	49.832	-39.330
879.228	49.832	-39.330
880.228	49.831	-39.330
881.228	49.831	-39.330
882.228	49.830	-39.330
883.228	49.830	-39.330
884.228	49.830	-39.330
885.228	49.829	-39.320
886.228	49.829	-39.330
887.228	49.828	-39.320
888.228	49.828	-39.320
889.228	49.827	-39.320
890.228	49.827	-39.320
891.228	49.827	-39.320
892.228	49.826	-39.320
893.228	49.826	-39.320
894.228	49.825	-39.320
895.228	49.825	-39.320
896.228	49.825	-39.320
897.228	49.824	-39.320
898.228	49.824	-39.320
899.228	49.823	-39.320
900.228	49.823	-39.320
901.228	49.823	-39.320
902.228	49.822	-39.320
903.228	49.822	-39.320
904.228	49.821	-39.320
905.228	49.821	-39.320
906.228	49.820	-39.320
907.228	49.820	-39.320
908.228	49.819	-39.320
909.228	49.819	-39.320
910.228	49.819	-39.320
911.228	49.818	-39.320
912.228	49.818	-39.320
913.228	49.817	-39.320
914.228	49.817	-39.320
915.228	49.816	-39.320
916.228	49.816	-39.320
917.228	49.815	-39.320
918.228	49.815	-39.320
919.228	49.815	-39.320
920.228	49.814	-39.320
921.228	49.814	-39.320
922.228	49.813	-39.310
923.228	49.813	-39.310
924.228	49.813	-39.310
925.228	49.812	-39.310
926.228	49.812	-39.310
927.228	49.811	-39.310
928.228	49.811	-39.310
929.228	49.810	-39.310
930.228	49.810	-39.310
931.228	49.809	-39.310
932.228	49.809	-39.310
933.228	49.809	-39.310
934.228	49.808	-39.310
935.228	49.808	-39.310
936.228	49.807	-39.310
937.228	49.807	-39.310
938.228	49.807	-39.310
939.228	49.806	-39.310
940.228	49.805	-39.310
941.228	49.805	-39.310
942.228	49.805	-39.310
943.228	49.804	-39.310
944.228	49.804	-39.310
945.228	49.803	-39.310
946.228	49.803	-39.310
947.228	49.802	-39.310
948.228	49.802	-39.310
949.228	49.802	-39.310
950.228	49.801	-39.310
951.228	49.800	-39.300
952.228	49.800	-39.300
953.228	49.799	-39.300
954.228	49.799	-39.300
955.228	49.799	-39.300
956.228	49.799	-39.310
957.228	49.798	-39.300
958.228	49.798	-39.300
959.228	49.797	-39.300
960.228	49.797	-39.300
961.228	49.796	-39.300
962.228	49.796	-39.300
963.228	49.796	-39.300
964.228	49.795	-39.300
965.228	49.795	-39.300
966.228	49.794	-39.300
967.228	49.794	-39.300
968.228	49.793	-39.300
969.228	49.793	-39.300
970.228	49.793	-39.300
971.228	49.792	-39.300
972.228	49.792	-39.300
973.228	49.792	-39.300
974.228	49.791	-39.300
975.228	49.791	-39.300
976.228	49.790	-39.300
977.228	49.790	-39.300
978.228	49.790	-39.300
979.228	49.789	-39.300
980.228	49.789	-39.300
981.228	49.788	-39.300
982.228	49.788	-39.300
983.228	49.788	-39.290
984.228	49.787	-39.290
985.228	49.787	-39.290
986.228	49.787	-39.290
987.228	49.786	-39.290
988.228	49.786	-39.290
989.228	49.786	-39.290
990.228	49.785	-39.290
991.228	49.785	-39.290
992.228	49.784	-39.290
993.228	49.784	-39.290
994.228	49.784	-39.290
995.228	49.783	-39.290
996.228	49.783	-39.290
997.228	49.783	-39.290
998.228	49.782	-39.290
999.228	49.782	-39.290
1000.228	49.781	-39.290
1001.228	49.781	-39.290
1002.228	49.781	-39.290
1003.228	49.780	-39.290
1004.228	49.780	-39.290
1005.228	49.780	-39.290
1006.228	49.780	-39.290
1007.228	49.779	-39.290
1008.228	49.779	-39.290
1009.228	49.778	-39.290
1010.228	49.778	-39.290
1011.228	49.778	-39.290
1012.228	49.778	-39.290
1013.228	49.777	-39.290
1014.228	49.777	-39.290
1015.228	49.776	-39.290
1016.228	49.776	-39.290
1017.228	49.776	-39.290
1018.228	49.776	-39.290
1019.228	49.775	-39.290
1020.228	49.775	-39.280
1021.228	49.774	-39.290
1022.228	49.774	-39.280
1023.228	49.774	-39.280
1024.228	49.774	-39.280
1025.228	49.773	-39.280
1026.228	49.773	-39.280
1027.228	49.772	-39.280
1028.228	49.772	-39.280
1029.228	49.772	-39.280
1030.228	49.772	-39.280
1031.228	49.771	-39.280
1032.228	49.771	-39.280
1033.228	49.771	-39.280
1034.228	49.770	-39.280
1035.228	49.770	-39.280
1036.228	49.770	-39.280
1037.228	49.769	-39.280
1038.228	49.769	-39.280
1039.228	49.769	-39.280
1040.228	49.768	-39.280
1041.228	49.768	-39.280
1042.228	49.768	-39.280
1043.228	49.767	-39.280
1044.228	49.767	-39.280
1045.228	49.767	-39.280
1046.228	49.767	-39.280
1047.228	49.766	-39.280
1048.228	49.766	-39.280
1049.228	49.766	-39.280
1050.228	49.765	-39.280
1051.228	49.765	-39.280
1052.228	49.765	-39.280
1053.228	49.765	-39.280
1054.228	49.764	-39.280
1055.228	49.764	-39.280
1056.228	49.764	-39.280
1057.228	49.763	-39.280
1058.228	49.763	-39.280
1059.228	49.763	-39.280
1060.228	49.762	-39.280
1061.228	49.762	-39.280
1062.228	49.762	-39.280
1063.228	49.762	-39.280
1064.228	49.761	-39.280
1065.228	49.761	-39.270
1066.228	49.761	-39.270
1067.228	49.760	-39.270
1068.228	49.760	-39.270
1069.228	49.760	-39.270
1070.228	49.759	-39.270
1071.228	49.759	-39.270
1072.228	49.759	-39.270
1073.228	49.759	-39.270
1074.228	49.758	-39.270
1075.228	49.758	-39.270
1076.228	49.758	-39.270
1077.228	49.757	-39.270
1078.228	49.757	-39.270
1079.228	49.757	-39.270
1080.228	49.756	-39.270
1081.228	49.756	-39.270
1082.228	49.756	-39.270
1083.228	49.756	-39.270
1084.228	49.756	-39.270
1085.228	49.755	-39.270
1086.228	49.755	-39.270
1087.228	49.755	-39.270
1088.228	49.754	-39.270
1089.228	49.754	-39.270
1090.228	49.754	-39.270
1091.228	49.754	-39.270
1092.228	49.753	-39.270
1093.228	49.753	-39.270
1094.228	49.753	-39.270
1095.228	49.752	-39.270
1096.228	49.752	-39.270
1097.228	49.752	-39.270
1098.228	49.752	-39.270
1099.228	49.752	-39.270
1100.228	49.752	-39.270
1101.228	49.752	-39.270
1102.228	49.752	-39.260
1103.228	49.752	-39.260
1104.228	49.752	-39.270
1105.228	49.751	-39.260
1106.228	49.751	-39.270
1107.228	49.751	-39.260
1108.228	49.751	-39.260
1109.228	49.751	-39.260
1110.228	49.752	-39.260
1111.228	49.753	-39.260
1112.228	49.755	-39.260
1113.228	49.756	-39.270
1114.228	49.757	-39.270
1115.228	49.758	-39.270
1116.228	49.760	-39.270
1117.228	49.761	-39.270
1118.228	49.762	-39.270
1119.228	49.763	-39.270
1120.228	49.764	-39.270
1121.228	49.765	-39.270
1122.228	49.766	-39.280
1123.228	49.767	-39.270
1124.228	49.767	-39.270
1125.228	49.768	-39.270
1126.228	49.769	-39.280
1127.228	49.769	-39.280
1128.228	49.770	-39.280
1129.228	49.770	-39.280
1130.228	49.771	-39.280
1131.228	49.771	-39.280
1132.228	49.771	-39.280
1133.228	49.771	-39.280
1134.228	49.772	-39.280
1135.228	49.772	-39.280
1136.228	49.772	-39.280
1137.228	49.772	-39.280
1138.228	49.772	-39.280
1139.228	49.772	-39.280
1140.228	49.772	-39.280
1141.228	49.772	-39.280
1142.228	49.772	-39.280
1143.228	49.772	-39.280
1144.228	49.772	-39.280
1145.228	49.772	-39.280
1146.228	49.772	-39.280
1147.228	49.772	-39.280
1148.228	49.772	-39.280
1149.228	49.772	-39.280
1150.228	49.772	-39.280
1151.228	49.772	-39.280
1152.228	49.772	-39.280
1153.228	49.771	-39.280
1154.228	49.771	-39.280
1155.228	49.771	-39.280
1156.228	49.771	-39.280
1157.228	49.771	-39.280
1158.228	49.771	-39.280
1159.228	49.771	-39.280
1160.228	49.771	-39.280
1161.228	49.771	-39.280
1162.228	49.771	-39.280
1163.228	49.771	-39.280
1164.228	49.770	-39.280
1165.228	49.770	-39.280
1166.228	49.770	-39.280
1167.228	49.770	-39.280
1168.228	49.770	-39.280
1169.228	49.770	-39.280
1170.228	49.769	-39.280
1171.228	49.769	-39.280
1172.228	49.769	-39.280
1173.228	49.769	-39.280
1174.228	49.769	-39.280
1175.228	49.769	-39.280
1176.228	49.768	-39.280
1177.228	49.768	-39.280
1178.228	49.768	-39.280
1179.228	49.768	-39.280
1180.228	49.768	-39.280
1181.228	49.767	-39.280
1182.228	49.767	-39.280
1183.228	49.767	-39.280
1184.228	49.767	-39.280
1185.228	49.767	-39.280
1186.228	49.766	-39.280
1187.228	49.766	-39.280
1188.228	49.766	-39.280
1189.228	49.765	-39.280
1190.228	49.765	-39.280
1191.228	49.765	-39.280
1192.228	49.765	-39.280
1193.228	49.764	-39.280
1194.228	49.764	-39.280
1195.228	49.764	-39.270
1196.228	49.764	-39.280
1197.228	49.764	-39.270
1198.228	49.763	-39.280
1199.228	49.763	-39.270
1200.228	49.763	-39.270
1201.228	49.763	-39.270
1202.228	49.762	-39.270
1203.228	49.762	-39.270
1204.228	49.762	-39.270
1205.228	49.762	-39.270
1206.228	49.761	-39.270
1207.228	49.761	-39.270
1208.228	49.761	-39.270
1209.228	49.760	-39.270
1210.228	49.760	-39.270
1211.228	49.760	-39.270
1212.228	49.760	-39.270
1213.228	49.760	-39.270
1214.228	49.759	-39.270
1215.228	49.759	-39.270
1216.228	49.759	-39.270
1217.228	49.758	-39.270
1218.228	49.758	-39.270
1219.228	49.758	-39.270
1220.228	49.758	-39.270
1221.228	49.757	-39.270
1222.228	49.757	-39.270
1223.228	49.757	-39.270
1224.228	49.756	-39.270
1225.228	49.756	-39.270
1226.228	49.756	-39.270
1227.228	49.756	-39.270
1228.228	49.756	-39.270
1229.228	49.755	-39.270
1230.228	49.755	-39.270
1231.228	49.755	-39.270
1232.228	49.755	-39.270
1233.228	49.754	-39.270
1234.228	49.754	-39.270
1235.228	49.754	-39.260
1236.228	49.754	-39.270
1237.228	49.753	-39.270
1238.228	49.753	-39.270
1239.228	49.753	-39.260
1240.228	49.753	-39.260
1241.228	49.753	-39.260
1242.228	49.752	-39.260
1243.228	49.752	-39.270
1244.228	49.752	-39.260
1245.228	49.752	-39.260
1246.228	49.752	-39.260
1247.228	49.751	-39.260
1248.228	49.751	-39.260
1249.228	49.751	-39.260
1250.228	49.751	-39.260
1251.228	49.751	-39.260
1252.228	49.750	-39.260
1253.228	49.750	-39.260
1254.228	49.750	-39.260
1255.228	49.750	-39.260
1256.228	49.750	-39.260
1257.228	49.749	-39.260
1258.228	49.749	-39.260
1259.228	49.749	-39.260
1260.228	49.749	-39.260
1261.228	49.749	-39.260
1262.228	49.748	-39.260
1263.228	49.748	-39.260
1264.228	49.748	-39.260
1265.228	49.748	-39.260
1266.228	49.747	-39.260
1267.228	49.747	-39.260
1268.228	49.747	-39.260
1269.228	49.747	-39.260
1270.228	49.747	-39.260
1271.228	49.747	-39.260
1272.228	49.746	-39.260
1273.228	49.746	-39.260
1274.228	49.746	-39.260
1275.228	49.746	-39.260
1276.228	49.746	-39.260
1277.228	49.746	-39.260
1278.228	49.745	-39.260
1279.228	49.745	-39.260
1280.228	49.745	-39.260
1281.228	49.745	-39.260
1282.228	49.745	-39.260
1283.228	49.744	-39.260
1284.228	49.744	-39.260
1285.228	49.744	-39.260
1286.228	49.743	-39.260
1287.228	49.743	-39.260
1288.228	49.743	-39.260
1289.228	49.743	-39.260
1290.228	49.743	-39.260
1291.228	49.742	-39.260
1292.228	49.742	-39.260
1293.228	49.742	-39.260
1294.228	49.742	-39.260
1295.228	49.742	-39.260
1296.228	49.742	-39.260
1297.228	49.741	-39.260
1298.228	49.741	-39.260
1299.228	49.741	-39.260
1300.228	49.741	-39.260
1301.228	49.741	-39.260
1302.228	49.740	-39.260
1303.228	49.740	-39.260
1304.228	49.740	-39.260
1305.228	49.740	-39.260
1306.228	49.740	-39.260
1307.228	49.739	-39.260
1308.228	49.739	-39.260
1309.228	49.739	-39.260
1310.228	49.739	-39.260
1311.228	49.738	-39.260
1312.228	49.738	-39.260
1313.228	49.738	-39.260
1314.228	49.737	-39.260
1315.228	49.737	-39.260
1316.228	49.736	-39.260
1317.228	49.736	-39.260
1318.228	49.736	-39.260
1319.228	49.735	-39.260
1320.228	49.735	-39.260
1321.228	49.735	-39.260
1322.228	49.734	-39.260
1323.228	49.734	-39.260
1324.228	49.734	-39.260
1325.228	49.734	-39.260
1326.228	49.733	-39.260
1327.228	49.733	-39.260
1328.228	49.733	-39.250
1329.228	49.733	-39.250
1330.228	49.733	-39.250
1331.228	49.733	-39.250
1332.228	49.732	-39.250
1333.228	49.732	-39.250
1334.228	49.732	-39.250
1335.228	49.732	-39.250
1336.228	49.732	-39.250
1337.228	49.732	-39.250
1338.228	49.732	-39.250
1339.228	49.732	-39.250
1340.228	49.731	-39.250
1341.228	49.731	-39.250
1342.228	49.731	-39.250
1343.228	49.731	-39.250
1344.228	49.731	-39.250
1345.228	49.731	-39.250
1346.228	49.731	-39.250
1347.228	49.730	-39.250
1348.228	49.730	-39.250
1349.228	49.730	-39.250
1350.228	49.730	-39.250
1351.228	49.730	-39.250
1352.228	49.730	-39.250
1353.228	49.729	-39.250
1354.228	49.729	-39.250
1355.228	49.729	-39.250
1356.228	49.729	-39.250
1357.228	49.729	-39.250
1358.228	49.729	-39.250
1359.228	49.729	-39.250
1360.228	49.729	-39.250
1361.228	49.728	-39.250
1362.228	49.728	-39.250
1363.228	49.728	-39.250
1364.228	49.728	-39.250
1365.228	49.728	-39.250
1366.228	49.728	-39.250
1367.228	49.728	-39.250
1368.228	49.727	-39.250
1369.228	49.727	-39.250
1370.228	49.727	-39.250
1371.228	49.727	-39.250
1372.228	49.727	-39.250
1373.228	49.727	-39.250
1374.228	49.726	-39.250
1375.228	49.726	-39.250
1376.228	49.726	-39.250
1377.228	49.726	-39.240
1378.228	49.726	-39.250
1379.228	49.726	-39.240
1380.228	49.726	-39.240
1381.228	49.726	-39.240
1382.228	49.726	-39.240
1383.228	49.725	-39.240
1384.228	49.725	-39.240
1385.228	49.725	-39.240
1386.228	49.725	-39.240
1387.228	49.725	-39.240
1388.228	49.725	-39.250
1389.228	49.724	-39.240
1390.228	49.724	-39.240
1391.228	49.724	-39.240
1392.228	49.724	-39.250
1393.228	49.724	-39.240
1394.228	49.724	-39.240
1395.228	49.723	-39.240
1396.228	49.723	-39.240
1397.228	49.723	-39.240
1398.228	49.723	-39.240
1399.228	49.723	-39.240
1400.228	49.723	-39.240
1401.228	49.722	-39.240
1402.228	49.722	-39.240
1403.228	49.722	-39.240
1404.228	49.722	-39.240
1405.228	49.722	-39.240
1406.228	49.722	-39.240
1407.228	49.722	-39.240
1408.228	49.722	-39.240
1409.228	49.721	-39.240
1410.228	49.721	-39.240
1411.228	49.721	-39.240
1412.228	49.721	-39.240
1413.228	49.720	-39.240
1414.228	49.720	-39.240
1415.228	49.720	-39.240
1416.228	49.720	-39.240
1417.228	49.719	-39.240
1418.228	49.719	-39.240
1419.228	49.719	-39.240
1420.228	49.719	-39.240
1421.228	49.719	-39.240
1422.228	49.718	-39.240
1423.228	49.718	-39.240
1424.228	49.718	-39.240
1425.228	49.718	-39.240
1426.228	49.718	-39.240
1427.228	49.717	-39.240
1428.228	49.717	-39.240
1429.228	49.717	-39.240
1430.228	49.717	-39.240
1431.228	49.717	-39.240
1432.228	49.716	-39.240
1433.228	49.716	-39.240
1434.228	49.716	-39.240
1435.228	49.716	-39.240
1436.228	49.716	-39.240
1437.228	49.716	-39.240
1438.228	49.716	-39.240
1439.228	49.716	-39.240
1440.228	49.715	-39.240
1441.228	49.715	-39.240
1442.228	49.715	-39.240
1443.228	49.715	-39.240
1444.228	49.715	-39.240
1445.228	49.715	-39.240
1446.228	49.714	-39.240
1447.228	49.714	-39.240
1448.228	49.714	-39.240
1449.228	49.715	-39.240
1450.228	49.714	-39.240
1451.228	49.714	-39.240
1452.228	49.715	-39.240
1453.228	49.715	-39.240
1454.228	49.715	-39.240
1455.228	49.715	-39.240
1456.228	49.715	-39.230
1457.228	49.715	-39.230
1458.228	49.716	-39.230
1459.228	49.717	-39.230
1460.228	49.719	-39.240
1461.228	49.721	-39.240
1462.228	49.722	-39.240
1463.228	49.724	-39.240
1464.228	49.726	-39.240
1465.228	49.728	-39.240
1466.228	49.730	-39.240
1467.228	49.732	-39.250
1468.228	49.734	-39.250
1469.228	49.735	-39.250
1470.228	49.736	-39.250
1471.228	49.738	-39.250
1472.228	49.739	-39.250
1473.228	49.740	-39.250
1474.228	49.742	-39.250
1475.228	49.743	-39.250
1476.228	49.744	-39.260
1477.228	49.744	-39.260
1478.228	49.745	-39.260
1479.228	49.746	-39.260
1480.228	49.747	-39.260
1481.228	49.747	-39.260
1482.228	49.748	-39.260
1483.228	49.748	-39.260
1484.228	49.749	-39.260
1485.228	49.749	-39.260
1486.228	49.749	-39.260
1487.228	49.750	-39.260
1488.228	49.750	-39.260
1489.228	49.750	-39.260
1490.228	49.750	-39.260
1491.228	49.751	-39.260
1492.228	49.751	-39.260
1493.228	49.751	-39.260
1494.228	49.751	-39.260
1495.228	49.752	-39.260
1496.228	49.752	-39.260
1497.228	49.752	-39.260
1498.228	49.752	-39.260
1499.228	49.752	-39.260
1500.228	49.752	-39.260
1501.228	49.752	-39.260
1502.228	49.752	-39.260
1503.228	49.752	-39.260
1504.228	49.752	-39.270
1505.228	49.752	-39.260
1506.228	49.752	-39.260
1507.228	49.752	-39.270
1508.228	49.752	-39.260
1509.228	49.752	-39.260
1510.228	49.752	-39.260
1511.228	49.752	-39.260
1512.228	49.752	-39.260
1513.228	49.752	-39.260
1514.228	49.751	-39.260
1515.228	49.752	-39.260
1516.228	49.751	-39.260
1517.228	49.751	-39.260
1518.228	49.751	-39.260
1519.228	49.751	-39.260
1520.228	49.751	-39.260
1521.228	49.751	-39.260
1522.228	49.751	-39.260
1523.228	49.750	-39.260
1524.228	49.750	-39.260
1525.228	49.750	-39.260
1526.228	49.750	-39.260
1527.228	49.750	-39.260
1528.228	49.750	-39.260
1529.228	49.750	-39.260
1530.228	49.749	-39.260
1531.228	49.749	-39.260
1532.228	49.749	-39.260
1533.228	49.749	-39.260
1534.228	49.749	-39.260
1535.228	49.749	-39.260
1536.228	49.749	-39.260
1537.228	49.748	-39.260
1538.228	49.748	-39.260
1539.228	49.748	-39.260
1540.228	49.748	-39.260
1541.228	49.748	-39.260
1542.228	49.748	-39.260
1543.228	49.748	-39.260
1544.228	49.748	-39.260
1545.228	49.747	-39.260
1546.228	49.747	-39.260
1547.228	49.747	-39.260
1548.228	49.747	-39.260
1549.228	49.747	-39.260
1550.228	49.747	-39.260
1551.228	49.747	-39.260
1552.228	49.746	-39.260
1553.228	49.746	-39.260
1554.228	49.746	-39.260
1555.228	49.746	-39.260
1556.228	49.746	-39.260
1557.228	49.746	-39.260
1558.228	49.745	-39.260
1559.228	49.745	-39.260
1560.228	49.745	-39.260
1561.228	49.745	-39.260
1562.228	49.745	-39.260
1563.228	49.744	-39.260
1564.228	49.745	-39.260
1565.228	49.744	-39.260
1566.228	49.744	-39.260
1567.228	49.744	-39.260
1568.228	49.744	-39.260
1569.228	49.744	-39.260
1570.228	49.744	-39.260
1571.228	49.743	-39.260
1572.228	49.743	-39.260
1573.228	49.743	-39.260
1574.228	49.743	-39.260
1575.228	49.742	-39.260
1576.228	49.742	-39.260
1577.228	49.742	-39.260
1578.228	49.742	-39.260
1579.228	49.741	-39.260
1580.228	49.742	-39.250
1581.228	49.741	-39.250
1582.228	49.741	-39.260
1583.228	49.741	-39.250
1584.228	49.741	-39.250
1585.228	49.741	-39.250
1586.228	49.741	-39.250
1587.228	49.741	-39.250
1588.228	49.740	-39.250
1589.228	49.740	-39.250
1590.228	49.740	-39.250
1591.228	49.740	-39.250
1592.228	49.740	-39.250
1593.228	49.739	-39.250
1594.228	49.739	-39.250
1595.228	49.739	-39.250
1596.228	49.739	-39.250
1597.228	49.739	-39.250
1598.228	49.739	-39.250
1599.228	49.739	-39.250
1600.228	49.739	-39.250
1601.228	49.739	-39.250
1602.228	49.739	-39.250
1603.228	49.738	-39.250
1604.228	49.738	-39.250
1605.228	49.738	-39.250
1606.228	49.738	-39.250
1607.228	49.738	-39.250
1608.228	49.738	-39.250
1609.228	49.737	-39.250
