0.179	0.015	-0.001
1.179	0.004	-0.001
2.179	-0.006	-0.002
3.179	-0.014	-0.002
4.179	9.818	-0.001
5.179	9.863	-0.000
6.179	9.871	-0.000
7.179	9.875	-0.000
8.179	9.877	-0.002
9.179	9.878	-0.002
10.179	9.878	-0.001
11.179	9.877	-0.001
12.179	9.876	-0.001
13.179	9.875	-0.000
14.179	9.874	-0.002
15.179	9.873	-0.002
16.179	9.873	-0.000
17.179	9.871	-0.002
18.179	9.870	-0.000
19.179	9.868	-0.001
20.179	9.867	-0.000
21.179	9.865	-0.002
22.179	9.864	-0.002
23.179	9.877	-0.002
24.179	9.861	0.005
25.179	9.859	0.004
26.179	9.858	0.003
27.179	9.855	0.003
28.179	9.854	0.004
29.179	9.852	0.003
30.179	9.851	0.004
31.179	9.850	0.005
32.179	9.848	0.004
33.179	9.846	0.004
34.179	9.845	0.004
35.179	9.844	0.004
36.179	9.843	0.004
37.179	9.842	0.004
38.179	9.840	0.004
39.179	9.839	0.003
40.179	9.837	0.004
41.179	9.836	0.004
42.179	9.835	0.005
43.179	9.833	0.005
44.179	9.833	0.003
45.179	9.832	0.003
46.179	9.831	0.003
47.179	9.829	0.003
48.179	9.828	0.004
49.179	11.327	0.027
50.179	24.162	0.311
51.179	29.819	0.460
52.179	30.590	0.498
53.179	30.599	0.500
54.179	30.720	0.502
55.179	30.628	0.503
56.179	30.517	0.503
57.179	30.402	0.504
58.179	30.410	0.505
59.179	30.431	0.505
60.179	30.521	0.506
61.179	30.567	0.506
62.179	30.557	0.505
63.179	30.544	0.506
64.179	30.546	0.507
65.179	30.666	0.507
66.179	30.614	0.508
67.179	30.651	0.507
68.179	30.692	0.508
69.179	30.728	0.508
70.179	30.746	0.507
71.179	30.788	0.507
72.179	30.780	0.509
73.179	30.822	0.509
74.179	30.883	0.508
75.179	30.861	0.506
76.179	30.891	0.508
77.179	30.891	0.509
78.179	30.885	0.508
79.179	30.945	0.508
80.179	31.008	0.508
81.179	31.023	0.508
82.179	31.082	0.508
83.179	31.076	0.509
84.179	31.076	0.510
85.179	31.059	0.509
86.179	31.015	0.508
87.179	31.039	0.508
88.179	30.917	0.509
89.179	30.881	0.508
90.179	30.812	0.509
91.179	30.833	0.509
92.179	30.860	0.509
93.179	30.838	0.509
94.179	50.320	0.629
95.179	61.652	1.017
96.179	63.669	1.157
97.179	63.601	1.179
98.179	63.531	1.182
99.179	63.504	1.183
100.179	63.518	1.185
101.179	63.506	1.186
102.179	63.526	1.187
103.179	63.524	1.187
104.179	63.563	1.189
105.179	63.576	1.188
106.179	63.613	1.189
107.179	63.619	1.190
108.179	63.771	1.190
109.179	63.639	1.190
110.179	63.589	1.191
111.179	63.542	1.191
112.179	63.538	1.191
113.179	63.551	1.190
114.179	63.533	1.190
115.179	63.521	1.191
116.179	63.469	1.193
117.179	63.452	1.192
118.179	63.444	1.193
119.179	63.408	1.193
120.179	63.454	1.192
121.179	63.460	1.192
122.179	63.426	1.194
123.179	63.420	1.194
124.179	63.427	1.193
125.179	63.357	1.193
126.179	63.343	1.192
127.179	63.298	1.194
128.179	63.292	1.195
129.179	63.254	1.195
130.179	63.203	1.194
131.179	63.177	1.194
132.179	63.184	1.194
133.179	63.091	1.194
134.179	63.049	1.195
135.179	63.049	1.195
136.179	63.053	1.195
137.179	63.088	1.194
138.179	63.092	1.194
139.179	63.152	1.195
140.179	63.166	1.196
141.179	63.146	1.195
142.179	63.130	1.196
143.179	63.114	1.195
144.179	63.110	1.195
145.179	63.133	1.194
146.179	63.190	1.196
147.179	63.170	1.196
148.179	63.227	1.195
149.179	63.273	1.196
150.179	63.272	1.195
151.179	63.286	1.196
152.179	63.285	1.196
153.179	63.287	1.197
154.179	63.317	1.196
155.179	63.369	1.196
156.179	63.328	1.195
157.179	63.386	1.196
158.179	63.399	1.197
159.179	71.983	1.227
160.179	85.892	1.626
161.179	93.278	1.962
162.179	97.169	2.093
163.179	97.257	2.183
164.179	97.275	2.189
165.179	97.280	2.192
166.179	97.284	2.196
167.179	97.271	2.195
168.179	97.325	2.195
169.179	97.296	2.197
170.179	97.295	2.198
171.179	97.289	2.197
172.179	97.241	2.199
173.179	97.184	2.199
174.179	97.176	2.199
175.179	97.138	2.199
176.179	97.156	2.201
177.179	97.221	2.201
178.179	97.227	2.202
179.179	97.228	2.201
180.179	97.180	2.199
181.179	97.224	2.202
182.179	97.296	2.203
183.179	97.335	2.203
184.179	97.339	2.203
185.179	97.285	2.203
186.179	97.349	2.203
187.179	97.328	2.202
188.179	97.292	2.203
189.179	97.294	2.204
190.179	97.302	2.205
191.179	97.336	2.203
192.179	97.308	2.203
193.179	97.348	2.204
194.179	97.360	2.205
195.179	97.327	2.205
196.179	97.351	2.205
197.179	97.318	2.205
198.179	97.395	2.204
199.179	97.367	2.204
200.179	97.321	2.205
201.179	97.335	2.205
202.179	97.334	2.206
203.179	97.328	2.205
204.179	107.310	2.248
205.179	122.703	2.682
206.179	130.535	3.123
207.179	130.558	3.290
208.179	130.571	3.295
209.179	130.536	3.297
210.179	130.491	3.299
211.179	130.491	3.301
212.179	130.536	3.302
213.179	130.652	3.302
214.179	130.635	3.304
215.179	130.644	3.305
216.179	130.627	3.304
217.179	130.684	3.304
218.179	130.711	3.307
219.179	130.753	3.306
220.179	130.680	3.308
221.179	130.772	3.307
222.179	130.712	3.308
223.179	130.695	3.308
224.179	130.735	3.308
225.179	130.725	3.309
226.179	130.724	3.309
227.179	130.731	3.309
228.179	130.735	3.309
229.179	130.668	3.309
230.179	130.677	3.310
231.179	130.693	3.310
232.179	130.692	3.311
233.179	130.766	3.310
234.179	130.772	3.311
235.179	130.761	3.311
236.179	130.813	3.311
237.179	130.824	3.311
238.179	130.830	3.313
239.179	130.867	3.311
240.179	130.807	3.311
241.179	130.870	3.312
242.179	130.827	3.314
243.179	130.768	3.313
244.179	130.789	3.312
245.179	130.768	3.314
246.179	130.762	3.311
247.179	130.688	3.313
248.179	130.654	3.312
249.179	130.649	3.314
250.179	130.619	3.314
251.179	130.634	3.313
252.179	130.607	3.313
253.179	130.626	3.314
254.179	130.628	3.313
255.179	130.669	3.313
256.179	130.689	3.314
257.179	130.688	3.315
258.179	130.688	3.315
259.179	130.671	3.313
260.179	130.678	3.314
261.179	130.672	3.314
262.179	130.666	3.315
263.179	130.647	3.315
264.179	130.742	3.315
265.179	130.769	3.315
266.179	130.772	3.314
267.179	130.826	3.315
268.179	130.926	3.316
269.179	144.468	3.395
270.179	158.621	4.027
271.179	162.526	4.372
272.179	162.483	4.400
273.179	162.496	4.403
274.179	162.538	4.408
275.179	162.546	4.409
276.179	162.580	4.412
277.179	162.568	4.411
278.179	162.567	4.412
279.179	162.613	4.413
280.179	162.637	4.414
281.179	162.598	4.416
282.179	162.624	4.416
283.179	162.644	4.416
284.179	162.648	4.416
285.179	162.631	4.416
286.179	162.660	4.417
287.179	162.586	4.418
288.179	162.573	4.418
289.179	162.564	4.418
290.179	162.522	4.419
291.179	162.547	4.418
292.179	162.547	4.420
293.179	162.590	4.420
294.179	162.576	4.420
295.179	162.648	4.419
296.179	162.623	4.419
297.179	162.603	4.420
298.179	162.581	4.421
299.179	162.625	4.422
300.179	162.636	4.423
301.179	162.601	4.422
302.179	162.645	4.421
303.179	162.581	4.421
304.179	162.572	4.423
305.179	162.538	4.424
306.179	162.546	4.423
307.179	162.497	4.422
308.179	162.478	4.422
309.179	162.463	4.422
310.179	162.446	4.423
311.179	162.519	4.423
312.179	162.494	4.423
313.179	177.332	4.555
314.179	189.370	5.137
315.179	194.237	5.480
316.179	194.445	5.536
317.179	194.368	5.542
318.179	194.400	5.546
319.179	201.071	5.643
320.179	201.089	5.777
321.179	201.073	5.782
322.179	201.045	5.787
323.179	200.983	5.789
324.179	200.970	5.790
325.179	200.968	5.790
326.179	201.006	5.791
327.179	201.056	5.792
328.179	201.051	5.793
329.179	201.041	5.794
330.179	201.046	5.795
331.179	201.136	5.795
332.179	201.263	5.795
333.179	201.116	5.796
334.179	201.042	5.796
335.179	201.053	5.796
336.179	201.059	5.799
337.179	201.068	5.797
338.179	201.140	5.798
339.179	201.132	5.797
340.179	201.088	5.798
341.179	201.065	5.799
342.179	201.060	5.800
343.179	201.066	5.800
344.179	201.136	5.800
345.179	201.134	5.800
346.179	201.124	5.800
347.179	201.060	5.800
348.179	201.119	5.800
349.179	201.161	5.801
350.179	201.228	5.801
351.179	201.203	5.800
352.179	201.148	5.802
353.179	201.120	5.802
354.179	201.098	5.802
355.179	201.061	5.803
356.179	201.100	5.802
357.179	201.071	5.802
358.179	201.043	5.803
359.179	201.080	5.803
360.179	201.052	5.802
361.179	201.050	5.803
362.179	201.045	5.803
363.179	201.058	5.803
364.179	201.077	5.803
365.179	201.125	5.803
366.179	201.136	5.804
367.179	201.199	5.804
368.179	201.209	5.804
369.179	201.188	5.803
370.179	201.216	5.804
371.179	201.166	5.805
372.179	201.166	5.806
373.179	201.178	5.805
374.179	201.164	5.804
375.179	201.183	5.805
376.179	201.171	5.804
377.179	211.390	5.831
378.179	224.146	6.394
379.179	227.747	6.681
380.179	230.349	6.811
381.179	230.288	6.836
382.179	230.318	6.841
383.179	230.310	6.844
384.179	230.316	6.846
385.179	230.275	6.848
386.179	230.371	6.849
387.179	230.371	6.849
388.179	230.402	6.850
389.179	230.399	6.852
390.179	230.405	6.852
391.179	230.454	6.854
392.179	230.456	6.853
393.179	230.427	6.854
394.179	230.425	6.855
395.179	230.416	6.855
396.179	230.437	6.857
397.179	230.370	6.855
398.179	230.356	6.856
399.179	230.273	6.856
400.179	230.276	6.857
401.179	230.272	6.857
402.179	230.258	6.857
403.179	230.287	6.857
404.179	230.274	6.857
405.179	230.263	6.858
406.179	230.255	6.858
407.179	230.231	6.859
408.179	230.224	6.859
409.179	230.272	6.859
410.179	230.273	6.860
411.179	230.295	6.860
412.179	230.275	6.859
413.179	230.335	6.860
414.179	230.313	6.860
415.179	230.286	6.859
416.179	230.342	6.860
417.179	230.349	6.860
418.179	230.311	6.861
419.179	230.297	6.861
420.179	230.356	6.860
421.179	230.369	6.860
422.179	230.355	6.861
423.179	230.502	6.862
424.179	230.555	6.862
425.179	230.403	6.861
426.179	230.403	6.861
427.179	234.984	6.861
428.179	253.030	7.267
429.179	260.481	7.801
430.179	261.136	7.954
431.179	261.139	7.965
432.179	261.147	7.968
433.179	261.229	7.972
434.179	261.231	7.973
435.179	261.207	7.975
436.179	261.229	7.977
437.179	261.249	7.977
438.179	261.231	7.976
439.179	261.253	7.978
440.179	261.232	7.978
441.179	261.273	7.979
442.179	261.228	7.980
443.179	261.273	7.981
444.179	261.268	7.980
445.179	261.266	7.981
446.179	261.253	7.981
447.179	261.257	7.982
448.179	261.209	7.982
449.179	261.174	7.982
450.179	261.180	7.982
451.179	261.168	7.983
452.179	261.140	7.984
453.179	261.119	7.985
454.179	261.113	7.985
455.179	261.040	7.984
456.179	261.116	7.984
457.179	261.087	7.984
458.179	261.033	7.985
459.179	260.977	7.985
460.179	260.974	7.985
461.179	260.978	7.985
462.179	260.936	7.985
463.179	260.933	7.985
464.179	260.905	7.985
465.179	260.915	7.986
466.179	260.906	7.988
467.179	260.906	7.986
468.179	260.960	7.986
469.179	260.960	7.986
470.179	261.038	7.988
471.179	261.087	7.987
472.179	261.080	7.989
473.179	261.049	7.987
474.179	261.086	7.986
475.179	261.092	7.987
476.179	261.148	7.988
477.179	261.170	7.988
478.179	261.169	7.988
479.179	261.093	7.988
480.179	261.101	7.988
481.179	261.117	7.987
482.179	261.015	7.987
483.179	261.010	7.989
484.179	260.961	7.989
485.179	260.383	7.989
486.179	254.561	7.954
487.179	263.204	7.819
488.179	281.953	8.448
489.179	288.939	8.838
490.179	293.793	9.004
491.179	295.883	9.233
492.179	295.861	9.245
493.179	295.884	9.248
494.179	295.895	9.252
495.179	295.846	9.255
496.179	295.876	9.256
497.179	295.851	9.257
498.179	295.835	9.258
499.179	295.798	9.258
500.179	295.778	9.259
501.179	295.692	9.260
502.179	295.674	9.261
503.179	295.748	9.261
504.179	295.749	9.261
505.179	295.800	9.261
506.179	295.763	9.262
507.179	295.827	9.263
508.179	295.839	9.264
509.179	295.843	9.264
510.179	295.875	9.263
511.179	295.863	9.264
512.179	295.870	9.264
513.179	295.861	9.265
514.179	295.841	9.266
515.179	295.896	9.265
516.179	295.869	9.265
517.179	295.884	9.266
518.179	295.945	9.265
519.179	295.897	9.266
520.179	295.756	9.267
521.179	295.837	9.267
522.179	295.821	9.265
523.179	295.802	9.266
524.179	295.851	9.267
525.179	295.875	9.268
526.179	295.891	9.268
527.179	295.854	9.268
528.179	295.876	9.267
529.179	295.912	9.268
530.179	295.894	9.268
531.179	295.908	9.269
532.179	295.916	9.268
533.179	295.920	9.270
534.179	295.923	9.268
535.179	295.931	9.268
536.179	296.820	9.269
537.179	317.832	9.634
538.179	331.771	10.421
539.179	331.676	10.571
540.179	331.665	10.575
541.179	331.623	10.577
542.179	331.587	10.580
543.179	331.593	10.582
544.179	331.588	10.582
545.179	331.543	10.584
546.179	331.508	10.585
547.179	331.485	10.585
548.179	331.498	10.586
549.179	331.475	10.587
550.179	331.440	10.589
551.179	331.432	10.589
552.179	331.378	10.589
553.179	331.396	10.589
554.179	331.374	10.590
555.179	331.350	10.590
556.179	331.320	10.589
557.179	331.323	10.591
558.179	331.312	10.591
559.179	331.351	10.591
560.179	331.351	10.591
561.179	331.394	10.592
562.179	331.363	10.591
563.179	331.366	10.593
564.179	331.379	10.592
565.179	331.363	10.593
566.179	331.346	10.592
567.179	331.369	10.592
568.179	331.384	10.592
569.179	331.392	10.593
570.179	331.356	10.594
571.179	331.353	10.594
572.179	331.358	10.593
573.179	331.346	10.593
574.179	331.350	10.593
575.179	331.326	10.594
576.179	331.340	10.595
577.179	331.342	10.596
578.179	331.328	10.593
579.179	331.238	10.594
580.179	331.225	10.594
581.179	331.189	10.595
582.179	331.201	10.595
583.179	331.235	10.595
584.179	331.208	10.594
585.179	331.213	10.595
586.179	331.248	10.595
587.179	331.258	10.596
588.179	331.251	10.596
589.179	331.274	10.595
590.179	331.439	10.596
591.179	331.419	10.595
592.179	331.381	10.595
593.179	331.332	10.596
594.179	331.265	10.596
595.179	331.309	10.597
596.179	345.410	10.674
597.179	355.354	11.244
598.179	361.830	11.629
599.179	361.808	11.713
600.179	361.848	11.720
601.179	361.824	11.722
602.179	361.869	11.723
603.179	361.847	11.726
604.179	361.886	11.726
605.179	361.932	11.728
606.179	361.925	11.730
607.179	361.905	11.731
608.179	361.862	11.731
609.179	361.868	11.730
610.179	361.869	11.731
611.179	361.844	11.732
612.179	361.860	11.732
613.179	361.836	11.734
614.179	361.764	11.734
615.179	361.748	11.732
616.179	361.777	11.734
617.179	361.816	11.734
618.179	361.828	11.734
619.179	361.802	11.734
620.179	361.793	11.736
621.179	361.773	11.735
622.179	361.792	11.735
623.179	361.821	11.736
624.179	361.813	11.736
625.179	361.858	11.736
626.179	361.825	11.737
627.179	361.904	11.737
628.179	361.892	11.736
629.179	361.839	11.737
630.179	361.793	11.738
631.179	361.766	11.737
632.179	361.758	11.737
633.179	361.791	11.738
634.179	361.734	11.737
635.179	361.730	11.738
636.179	361.714	11.738
637.179	361.706	11.739
638.179	361.736	11.738
639.179	361.767	11.737
640.179	361.749	11.739
641.179	361.728	11.739
642.179	361.707	11.739
643.179	361.640	11.738
644.179	373.698	11.845
645.179	385.317	12.348
646.179	393.297	12.768
647.179	394.351	12.932
648.179	394.321	12.943
649.179	394.255	12.946
650.179	394.244	12.948
651.179	394.318	12.949
652.179	394.263	12.950
653.179	394.194	12.952
654.179	394.215	12.954
655.179	394.232	12.953
656.179	394.218	12.954
657.179	394.210	12.955
658.179	394.232	12.955
659.179	394.224	12.956
660.179	394.236	12.956
661.179	394.188	12.957
662.179	394.168	12.957
663.179	394.130	12.957
664.179	394.125	12.958
665.179	394.067	12.959
666.179	394.066	12.958
667.179	394.051	12.959
668.179	394.041	12.960
669.179	394.047	12.959
670.179	394.050	12.959
671.179	394.030	12.960
672.179	393.996	12.961
673.179	393.960	12.961
674.179	393.962	12.960
675.179	394.005	12.961
676.179	393.967	12.960
677.179	393.944	12.961
678.179	393.975	12.961
679.179	393.989	12.962
680.179	394.012	12.961
681.179	393.962	12.961
682.179	393.994	12.960
683.179	393.969	12.961
684.179	393.950	12.962
685.179	393.925	12.961
686.179	393.970	12.961
687.179	393.966	12.961
688.179	393.923	12.962
689.179	393.869	12.963
690.179	393.873	12.962
691.179	393.932	12.962
692.179	393.931	12.962
693.179	393.907	12.961
694.179	393.881	12.962
695.179	393.899	12.962
696.179	393.894	12.963
697.179	393.895	12.963
698.179	393.942	12.963
699.179	393.946	12.962
700.179	393.936	12.962
701.179	393.920	12.963
702.179	393.870	12.962
703.179	394.645	12.961
704.179	410.490	13.279
705.179	419.608	13.670
706.179	424.449	14.010
707.179	424.116	14.078
708.179	424.125	14.079
709.179	424.173	14.081
710.179	424.136	14.082
711.179	424.032	14.082
712.179	424.068	14.083
713.179	424.073	14.086
714.179	424.121	14.086
715.179	424.130	14.087
716.179	424.147	14.087
717.179	424.170	14.088
718.179	424.158	14.087
719.179	424.146	14.088
720.179	424.148	14.088
721.179	424.075	14.089
722.179	424.081	14.088
723.179	424.048	14.089
724.179	424.113	14.088
725.179	424.108	14.091
726.179	424.132	14.090
727.179	424.116	14.090
728.179	424.151	14.091
729.179	424.143	14.090
730.179	424.100	14.092
731.179	424.109	14.092
732.179	424.075	14.091
733.179	424.079	14.091
734.179	424.080	14.091
735.179	424.107	14.091
736.179	424.127	14.092
737.179	424.138	14.092
738.179	424.150	14.093
739.179	424.187	14.093
740.179	424.134	14.091
741.179	424.100	14.091
742.179	424.053	14.092
743.179	424.062	14.091
744.179	424.028	14.091
745.179	424.086	14.093
746.179	424.064	14.093
747.179	424.074	14.092
748.179	424.058	14.093
749.179	424.041	14.092
750.179	424.018	14.093
751.179	424.046	14.093
752.179	424.066	14.092
753.179	424.041	14.092
754.179	432.475	14.109
755.179	445.768	14.629
756.179	455.768	15.042
757.179	458.054	15.315
758.179	458.074	15.344
759.179	458.036	15.349
760.179	458.061	15.351
761.179	458.058	15.355
762.179	458.015	15.355
763.179	458.058	15.357
764.179	458.047	15.357
765.179	458.075	15.357
766.179	457.992	15.358
767.179	457.945	15.359
768.179	457.974	15.359
769.179	457.942	15.361
770.179	457.954	15.360
771.179	457.921	15.360
772.179	457.926	15.360
773.179	457.951	15.361
774.179	457.974	15.361
775.179	457.968	15.361
776.179	457.918	15.362
777.179	458.013	15.362
778.179	458.020	15.361
779.179	458.019	15.362
780.179	458.013	15.363
781.179	457.994	15.362
782.179	457.933	15.363
783.179	457.883	15.363
784.179	457.893	15.362
785.179	457.857	15.362
786.179	457.878	15.365
787.179	457.896	15.364
788.179	457.827	15.364
789.179	457.824	15.363
790.179	457.764	15.363
791.179	457.748	15.363
792.179	457.791	15.364
793.179	457.769	15.363
794.179	457.828	15.364
795.179	457.818	15.364
796.179	457.812	15.364
797.179	457.784	15.364
798.179	457.808	15.364
799.179	457.786	15.364
800.179	457.755	15.364
801.179	457.765	15.364
802.179	457.749	15.364
803.179	457.759	15.364
804.179	457.744	15.364
805.179	457.730	15.363
806.179	457.772	15.364
807.179	457.750	15.364
808.179	457.766	15.364
809.179	457.734	15.364
810.179	457.704	15.364
811.179	457.711	15.365
812.179	457.695	15.363
813.179	458.627	15.363
814.179	469.351	15.559
815.179	480.126	15.947
816.179	486.432	16.284
817.179	489.746	16.511
818.179	489.724	16.548
819.179	489.739	16.551
820.179	489.685	16.555
821.179	489.741	16.556
822.179	489.787	16.558
823.179	489.709	16.559
824.179	489.605	16.559
825.179	489.630	16.560
826.179	489.578	16.560
827.179	489.605	16.561
828.179	489.601	16.562
829.179	489.598	16.563
830.179	489.595	16.564
831.179	489.574	16.563
832.179	489.609	16.563
833.179	489.588	16.564
834.179	489.616	16.564
835.179	489.574	16.564
836.179	489.548	16.564
837.179	489.565	16.564
838.179	489.520	16.564
839.179	489.511	16.564
840.179	489.508	16.564
841.179	489.526	16.565
842.179	489.541	16.566
843.179	489.579	16.565
844.179	489.594	16.564
845.179	489.590	16.565
846.179	489.583	16.565
847.179	489.559	16.565
848.179	489.560	16.565
849.179	489.550	16.565
850.179	489.537	16.565
851.179	489.540	16.565
852.179	489.570	16.565
853.179	489.549	16.565
854.179	489.570	16.567
855.179	489.566	16.566
856.179	489.620	16.566
857.179	489.597	16.566
858.179	489.572	16.564
859.179	489.585	16.565
860.179	489.534	16.565
861.179	489.561	16.566
862.179	489.552	16.566
863.179	499.131	16.614
864.179	515.437	17.152
865.179	522.809	17.709
866.179	522.827	17.791
867.179	522.810	17.796
868.179	522.763	17.798
869.179	522.713	17.802
870.179	522.704	17.803
871.179	522.711	17.805
872.179	522.685	17.804
873.179	522.648	17.806
874.179	522.622	17.806
875.179	522.673	17.805
876.179	522.643	17.807
877.179	522.661	17.807
878.179	522.653	17.808
879.179	522.619	17.809
880.179	522.592	17.809
881.179	522.587	17.808
882.179	522.559	17.808
883.179	522.575	17.808
884.179	522.521	17.809
885.179	522.532	17.810
886.179	522.475	17.811
887.179	522.480	17.809
888.179	522.661	17.809
889.179	522.639	17.810
890.179	522.629	17.810
891.179	522.617	17.810
892.179	522.632	17.810
893.179	522.618	17.810
894.179	522.619	17.810
895.179	522.621	17.809
896.179	522.600	17.810
897.179	522.535	17.810
898.179	522.525	17.811
899.179	522.596	17.810
900.179	522.557	17.809
901.179	522.561	17.810
902.179	522.528	17.810
903.179	522.482	17.811
904.179	522.375	17.811
905.179	522.352	17.810
906.179	522.396	17.811
907.179	522.419	17.810
908.179	522.366	17.810
909.179	522.362	17.810
910.179	522.338	17.810
911.179	522.333	17.810
912.179	522.319	17.811
913.179	522.309	17.809
914.179	522.366	17.811
915.179	522.383	17.810
916.179	522.420	17.811
917.179	522.340	17.810
918.179	522.404	17.809
919.179	522.395	17.809
920.179	522.364	17.811
921.179	522.436	17.810
922.179	522.421	17.811
923.179	530.672	17.810
924.179	550.494	18.480
925.179	554.470	18.926
926.179	554.515	18.991
927.179	554.544	18.999
928.179	554.540	19.001
929.179	554.499	19.003
930.179	554.443	19.005
931.179	554.432	19.006
932.179	554.373	19.007
933.179	554.365	19.009
934.179	554.326	19.009
935.179	554.342	19.010
936.179	554.369	19.009
937.179	554.337	19.009
938.179	554.323	19.010
939.179	554.170	19.011
940.179	554.101	19.010
941.179	554.095	19.010
942.179	554.072	19.010
943.179	554.083	19.010
944.179	554.080	19.010
945.179	554.058	19.012
946.179	554.068	19.012
947.179	554.101	19.012
948.179	554.111	19.012
949.179	554.121	19.012
950.179	554.118	19.013
951.179	554.038	19.012
952.179	554.027	19.013
953.179	554.021	19.012
954.179	554.035	19.012
955.179	553.993	19.012
956.179	553.999	19.012
957.179	553.923	19.012
958.179	553.950	19.014
959.179	553.936	19.013
960.179	553.912	19.011
961.179	553.879	19.011
962.179	553.858	19.013
963.179	553.862	19.013
964.179	553.854	19.012
965.179	553.861	19.013
966.179	553.875	19.011
967.179	553.845	19.012
968.179	553.834	19.011
969.179	553.877	19.012
970.179	565.767	19.034
971.179	583.379	19.756
972.179	589.011	20.241
973.179	588.986	20.314
974.179	588.989	20.320
975.179	588.946	20.322
976.179	588.964	20.325
977.179	588.878	20.327
978.179	588.917	20.326
979.179	588.885	20.327
980.179	588.845	20.327
981.179	588.885	20.329
982.179	588.824	20.330
983.179	588.814	20.330
984.179	588.783	20.330
985.179	588.817	20.330
986.179	588.836	20.330
987.179	588.818	20.330
988.179	588.836	20.331
989.179	588.878	20.331
990.179	588.877	20.330
991.179	588.836	20.331
992.179	588.824	20.331
993.179	588.842	20.331
994.179	588.822	20.331
995.179	588.744	20.332
996.179	588.766	20.331
997.179	588.812	20.331
998.179	588.833	20.331
999.179	588.797	20.331
1000.179	588.812	20.331
1001.179	588.759	20.332
1002.179	588.814	20.332
1003.179	588.808	20.331
1004.179	588.817	20.332
1005.179	588.806	20.331
1006.179	588.801	20.332
1007.179	588.773	20.331
1008.179	588.776	20.331
1009.179	588.778	20.331
1010.179	588.732	20.331
1011.179	588.765	20.330
1012.179	588.775	20.330
1013.179	588.784	20.330
1014.179	588.781	20.330
1015.179	588.753	20.330
1016.179	588.746	20.331
1017.179	588.705	20.330
1018.179	588.675	20.330
1019.179	588.641	20.330
1020.179	588.591	20.329
1021.179	588.562	20.329
1022.179	588.588	20.330
1023.179	588.571	20.330
1024.179	588.522	20.329
1025.179	588.510	20.329
1026.179	588.429	20.329
1027.179	588.413	20.329
1028.179	588.433	20.330
1029.179	588.427	20.329
1030.179	588.440	20.329
1031.179	588.470	20.328
1032.179	604.171	20.419
1033.179	621.261	21.209
1034.179	622.468	21.694
1035.179	620.941	21.635
1036.179	620.950	21.633
1037.179	620.914	21.630
1038.179	620.909	21.629
1039.179	620.898	21.629
1040.179	620.841	21.629
1041.179	620.795	21.628
1042.179	620.856	21.629
1043.179	620.846	21.627
1044.179	620.811	21.626
1045.179	620.858	21.625
1046.179	620.826	21.626
1047.179	620.792	21.626
1048.179	620.720	21.624
1049.179	620.694	21.624
1050.179	620.717	21.623
1051.179	620.649	21.624
1052.179	620.665	21.623
1053.179	620.626	21.624
1054.179	620.642	21.623
1055.179	620.646	21.622
1056.179	620.664	21.621
1057.179	620.631	21.621
1058.179	620.621	21.621
1059.179	620.647	21.622
1060.179	620.605	21.621
1061.179	620.622	21.620
1062.179	620.548	21.620
1063.179	620.592	21.619
1064.179	620.561	21.620
1065.179	620.553	21.620
1066.179	620.480	21.618
1067.179	620.478	21.617
1068.179	620.532	21.617
1069.179	620.459	21.616
1070.179	620.457	21.616
1071.179	620.453	21.618
1072.179	620.423	21.617
1073.179	620.409	21.616
1074.179	620.375	21.615
1075.179	620.372	21.615
1076.179	620.326	21.615
1077.179	620.281	21.616
1078.179	632.763	21.685
1079.179	644.116	22.143
1080.179	651.559	22.563
1081.179	651.503	22.685
1082.179	651.451	22.692
1083.179	651.474	22.696
1084.179	651.402	22.697
1085.179	651.345	22.699
1086.179	651.364	22.700
1087.179	651.306	22.701
1088.179	651.335	22.701
1089.179	651.344	22.703
1090.179	651.329	22.702
1091.179	651.262	22.703
1092.179	651.284	22.703
1093.179	651.245	22.704
1094.179	651.205	22.704
1095.179	651.183	22.704
1096.179	651.248	22.704
1097.179	651.279	22.705
1098.179	651.228	22.703
1099.179	651.248	22.704
1100.179	651.284	22.703
1101.179	651.264	22.705
1102.179	651.268	22.704
1103.179	651.251	22.704
1104.179	651.236	22.704
1105.179	651.228	22.704
1106.179	651.220	22.703
1107.179	651.211	22.704
1108.179	651.182	22.704
1109.179	651.219	22.703
1110.179	651.204	22.704
1111.179	651.187	22.704
1112.179	651.159	22.703
1113.179	651.106	22.702
1114.179	651.091	22.704
1115.179	651.017	22.702
1116.179	651.081	22.703
1117.179	651.032	22.703
1118.179	651.037	22.702
1119.179	651.079	22.701
1120.179	651.037	22.703
1121.179	651.002	22.702
1122.179	651.001	22.703
1123.179	650.902	22.702
1124.179	650.966	22.700
1125.179	650.964	22.702
1126.179	650.917	22.701
1127.179	650.892	22.701
1128.179	650.864	22.702
1129.179	650.841	22.701
1130.179	650.861	22.700
1131.179	650.877	22.700
1132.179	650.804	22.701
1133.179	650.795	22.701
1134.179	650.822	22.701
1135.179	650.879	22.700
1136.179	650.825	22.700
1137.179	650.843	22.700
1138.179	650.928	22.700
1139.179	650.962	22.700
1140.179	661.311	22.762
1141.179	679.194	23.320
1142.179	685.357	23.901
1143.179	685.314	23.959
1144.179	685.246	23.965
1145.179	685.184	23.969
1146.179	685.162	23.970
1147.179	685.108	23.971
1148.179	685.172	23.971
1149.179	685.125	23.971
1150.179	685.170	23.973
1151.179	685.163	23.975
1152.179	685.161	23.974
1153.179	685.145	23.972
1154.179	685.117	23.974
1155.179	685.031	23.976
1156.179	684.982	23.976
1157.179	684.965	23.977
1158.179	684.940	23.977
1159.179	684.951	23.978
1160.179	684.876	23.976
1161.179	684.879	23.977
1162.179	685.061	23.976
1163.179	685.032	23.977
1164.179	684.985	23.979
1165.179	685.002	23.980
1166.179	684.973	23.979
1167.179	684.974	23.978
1168.179	684.939	23.978
1169.179	684.927	23.977
1170.179	684.915	23.978
1171.179	684.904	23.977
1172.179	684.860	23.976
1173.179	684.856	23.975
1174.179	684.874	23.975
1175.179	684.843	23.975
1176.179	684.842	23.977
1177.179	684.797	23.977
1178.179	684.853	23.977
1179.179	684.865	23.975
1180.179	684.819	23.975
1181.179	684.750	23.976
1182.179	684.796	23.977
1183.179	684.782	23.976
1184.179	684.806	23.976
1185.179	684.798	23.976
1186.179	684.821	23.975
1187.179	686.111	23.976
1188.179	705.372	24.333
1189.179	713.009	24.868
1190.179	713.645	25.023
1191.179	713.611	25.032
1192.179	713.514	25.035
1193.179	713.465	25.038
1194.179	713.478	25.040
1195.179	713.378	25.040
1196.179	713.246	25.041
1197.179	713.167	25.041
1198.179	713.019	25.042
1199.179	712.967	25.042
1200.179	712.940	25.040
1201.179	712.908	25.040
1202.179	712.911	25.039
1203.179	712.868	25.040
1204.179	712.908	25.040
1205.179	712.866	25.041
1206.179	712.866	25.040
1207.179	712.855	25.041
1208.179	712.803	25.040
1209.179	712.824	25.040
1210.179	712.775	25.040
1211.179	712.790	25.040
1212.179	712.800	25.041
1213.179	712.732	25.041
1214.179	712.723	25.040
1215.179	712.742	25.040
1216.179	712.700	25.039
1217.179	712.687	25.039
1218.179	712.639	25.040
1219.179	712.624	25.040
1220.179	712.502	25.040
1221.179	712.519	25.039
1222.179	712.511	25.038
1223.179	712.476	25.038
1224.179	712.501	25.039
1225.179	712.508	25.038
1226.179	712.510	25.039
1227.179	712.479	25.038
1228.179	712.477	25.037
1229.179	712.455	25.037
1230.179	712.474	25.037
1231.179	712.448	25.038
1232.179	712.428	25.038
1233.179	712.394	25.035
1234.179	712.359	25.036
1235.179	712.331	25.036
1236.179	712.331	25.036
1237.179	712.342	25.035
1238.179	712.293	25.035
1239.179	712.255	25.035
1240.179	712.189	25.035
1241.179	712.151	25.034
1242.179	712.062	25.035
1243.179	712.040	25.036
1244.179	712.027	25.036
1245.179	711.996	25.035
1246.179	711.980	25.034
1247.179	711.924	25.033
1248.179	711.909	25.034
1249.179	711.940	25.035
1250.179	711.925	25.033
1251.179	728.076	25.132
1252.179	739.033	25.866
1253.179	742.162	26.066
1254.179	745.266	26.189
1255.179	745.264	26.254
1256.179	745.280	26.259
1257.179	745.263	26.262
1258.179	745.220	26.263
1259.179	745.107	26.263
1260.179	745.158	26.265
1261.179	745.102	26.266
1262.179	745.119	26.265
1263.179	744.981	26.267
1264.179	744.883	26.266
1265.179	744.883	26.266
1266.179	744.859	26.267
1267.179	744.861	26.267
1268.179	744.864	26.267
1269.179	744.839	26.267
1270.179	744.856	26.267
1271.179	744.810	26.266
1272.179	744.836	26.266
1273.179	744.821	26.267
1274.179	744.815	26.267
1275.179	744.807	26.267
1276.179	744.773	26.267
1277.179	744.675	26.266
1278.179	744.750	26.266
1279.179	744.689	26.267
1280.179	744.682	26.266
1281.179	744.658	26.267
1282.179	744.599	26.266
1283.179	744.584	26.265
1284.179	744.584	26.265
1285.179	744.541	26.266
1286.179	744.539	26.266
1287.179	744.478	26.265
1288.179	744.537	26.265
1289.179	744.491	26.266
1290.179	744.463	26.264
1291.179	744.420	26.264
1292.179	758.968	26.326
1293.179	776.626	27.138
1294.179	779.924	27.549
1295.179	779.885	27.574
1296.179	779.843	27.578
1297.179	779.841	27.582
1298.179	779.864	27.584
1299.179	779.777	27.584
1300.179	779.741	27.585
1301.179	779.707	27.584
1302.179	779.688	27.585
1303.179	779.667	27.586
1304.179	779.642	27.587
1305.179	779.600	27.586
1306.179	779.594	27.586
1307.179	779.590	27.586
1308.179	779.569	27.586
1309.179	779.578	27.586
1310.179	779.591	27.586
1311.179	779.523	27.586
1312.179	779.580	27.587
1313.179	779.725	27.586
1314.179	779.624	27.587
1315.179	779.660	27.586
1316.179	779.603	27.585
1317.179	779.582	27.586
1318.179	779.639	27.585
1319.179	779.643	27.586
1320.179	779.633	27.586
1321.179	779.574	27.586
1322.179	779.549	27.585
1323.179	779.513	27.585
1324.179	779.459	27.584
1325.179	779.484	27.584
1326.179	779.451	27.583
1327.179	779.434	27.584
1328.179	779.422	27.584
1329.179	779.414	27.584
1330.179	779.381	27.583
1331.179	779.213	27.582
1332.179	779.114	27.582
1333.179	779.079	27.583
1334.179	779.081	27.582
1335.179	779.093	27.581
1336.179	779.104	27.581
1337.179	779.084	27.581
1338.179	779.089	27.580
1339.179	779.044	27.581
1340.179	779.018	27.581
1341.179	778.947	27.582
1342.179	778.948	27.579
1343.179	778.941	27.580
1344.179	778.959	27.579
1345.179	778.956	27.580
1346.179	778.953	27.579
1347.179	778.926	27.579
1348.179	785.882	27.577
1349.179	805.016	28.197
1350.179	809.560	28.651
1351.179	809.507	28.693
1352.179	809.507	28.699
1353.179	809.491	28.702
1354.179	809.459	28.701
1355.179	809.425	28.703
1356.179	809.366	28.703
1357.179	809.344	28.706
1358.179	809.310	28.706
1359.179	809.273	28.706
1360.179	809.212	28.705
1361.179	809.219	28.705
1362.179	809.189	28.705
1363.179	809.087	28.706
1364.179	809.051	28.706
1365.179	809.088	28.707
1366.179	809.015	28.705
1367.179	808.971	28.706
1368.179	808.954	28.706
1369.179	808.977	28.705
1370.179	808.976	28.706
1371.179	808.971	28.705
1372.179	808.984	28.704
1373.179	808.907	28.703
1374.179	808.892	28.705
1375.179	808.893	28.705
1376.179	808.829	28.705
1377.179	808.809	28.705
1378.179	808.754	28.703
1379.179	808.706	28.703
1380.179	808.721	28.704
1381.179	808.719	28.704
1382.179	808.706	28.703
1383.179	808.652	28.704
1384.179	808.622	28.701
1385.179	808.603	28.702
1386.179	808.580	28.701
1387.179	808.541	28.701
1388.179	808.589	28.701
1389.179	808.541	28.701
1390.179	808.439	28.700
1391.179	808.441	28.699
1392.179	808.429	28.700
1393.179	808.400	28.700
1394.179	808.343	28.699
1395.179	808.306	28.700
1396.179	808.276	28.699
1397.179	808.314	28.698
1398.179	808.306	28.697
1399.179	808.273	28.698
1400.179	824.690	28.830
1401.179	839.109	29.534
1402.179	840.381	29.862
1403.179	840.308	29.872
1404.179	840.274	29.877
1405.179	840.220	29.878
1406.179	840.209	29.880
1407.179	840.208	29.881
1408.179	840.188	29.881
1409.179	840.186	29.881
1410.179	840.140	29.881
1411.179	840.111	29.882
1412.179	840.120	29.882
1413.179	840.096	29.883
1414.179	840.070	29.883
1415.179	839.970	29.882
1416.179	839.932	29.883
1417.179	839.905	29.882
1418.179	839.869	29.883
1419.179	839.858	29.882
1420.179	839.880	29.882
1421.179	839.855	29.881
1422.179	839.714	29.881
1423.179	839.658	29.881
1424.179	839.648	29.882
1425.179	839.569	29.882
1426.179	839.444	29.880
1427.179	839.478	29.879
1428.179	839.462	29.880
1429.179	839.434	29.880
1430.179	839.374	29.879
1431.179	839.374	29.880
1432.179	839.286	29.878
1433.179	839.272	29.877
1434.179	839.355	29.878
1435.179	839.373	29.877
1436.179	839.383	29.877
1437.179	839.437	29.877
1438.179	839.362	29.877
1439.179	839.345	29.875
1440.179	839.394	29.876
1441.179	839.328	29.874
1442.179	839.144	29.876
1443.179	839.138	29.875
1444.179	839.080	29.875
1445.179	839.086	29.874
1446.179	839.030	29.874
1447.179	838.990	29.873
1448.179	838.996	29.873
1449.179	838.992	29.873
1450.179	839.001	29.874
1451.179	838.970	29.872
1452.179	838.896	29.871
1453.179	838.941	29.872
1454.179	838.892	29.871
1455.179	838.909	29.871
1456.179	856.317	30.004
1457.179	866.496	30.720
1458.179	870.571	30.950
1459.179	870.651	31.020
1460.179	870.604	31.030
1461.179	870.570	31.030
1462.179	870.537	31.030
1463.179	870.467	31.030
1464.179	870.510	31.030
1465.179	870.438	31.030
1466.179	870.399	31.030
1467.179	870.408	31.030
1468.179	870.340	31.030
1469.179	870.328	31.030
1470.179	870.288	31.030
1471.179	870.305	31.030
1472.179	870.257	31.030
1473.179	870.250	31.030
1474.179	870.175	31.030
1475.179	870.129	31.030
1476.179	870.166	31.030
1477.179	870.137	31.030
1478.179	870.131	31.030
1479.179	870.029	31.030
1480.179	870.075	31.030
1481.179	870.069	31.030
1482.179	870.074	31.030
1483.179	869.993	31.030
1484.179	869.971	31.030
1485.179	869.978	31.030
1486.179	869.962	31.030
1487.179	869.943	31.030
1488.179	869.937	31.030
1489.179	869.872	31.030
1490.179	869.794	31.030
1491.179	869.775	31.030
1492.179	869.745	31.030
1493.179	869.731	31.030
1494.179	869.716	31.030
1495.179	869.684	31.030
1496.179	869.683	31.030
1497.179	869.598	31.030
1498.179	869.547	31.020
1499.179	869.555	31.020
1500.179	869.522	31.020
1501.179	869.462	31.020
1502.179	869.444	31.020
1503.179	869.391	31.020
1504.179	869.378	31.020
1505.179	869.352	31.020
1506.179	869.364	31.020
1507.179	869.323	31.020
1508.179	886.324	31.220
1509.179	898.410	31.840
1510.179	900.809	32.120
1511.179	900.771	32.160
1512.179	900.727	32.160
1513.179	900.747	32.170
1514.179	900.715	32.170
1515.179	900.602	32.170
1516.179	900.554	32.170
1517.179	900.525	32.170
1518.179	900.508	32.170
1519.179	900.488	32.170
1520.179	900.499	32.170
1521.179	900.451	32.170
1522.179	900.400	32.170
1523.179	900.402	32.170
1524.179	900.335	32.170
1525.179	900.320	32.170
1526.179	900.293	32.170
1527.179	900.231	32.170
1528.179	900.148	32.170
1529.179	900.123	32.170
1530.179	900.105	32.170
1531.179	900.081	32.170
1532.179	900.038	32.170
1533.179	900.043	32.170
1534.179	900.003	32.170
1535.179	899.952	32.170
1536.179	899.893	32.170
1537.179	899.890	32.170
1538.179	899.877	32.170
1539.179	899.860	32.170
1540.179	899.865	32.170
1541.179	899.806	32.170
1542.179	899.712	32.170
1543.179	899.694	32.170
1544.179	899.705	32.170
1545.179	899.715	32.170
1546.179	899.693	32.170
1547.179	899.666	32.170
1548.179	899.588	32.170
1549.179	899.593	32.160
1550.179	899.567	32.160
1551.179	899.516	32.160
1552.179	899.513	32.160
1553.179	899.521	32.160
1554.179	899.495	32.160
1555.179	899.463	32.160
1556.179	899.425	32.160
1557.179	899.386	32.160
1558.179	899.344	32.160
1559.179	899.320	32.160
1560.179	899.243	32.160
1561.179	899.201	32.160
1562.179	899.189	32.160
1563.179	899.166	32.160
1564.179	899.171	32.160
1565.179	919.259	32.440
1566.179	930.018	33.040
1567.179	934.159	33.400
1568.179	934.107	33.430
1569.179	934.099	33.440
1570.179	933.990	33.440
1571.179	933.918	33.440
1572.179	933.910	33.440
1573.179	933.885	33.440
1574.179	933.854	33.440
1575.179	933.780	33.440
1576.179	933.745	33.440
1577.179	933.788	33.440
1578.179	933.762	33.440
1579.179	933.737	33.440
1580.179	933.601	33.440
1581.179	933.545	33.440
1582.179	933.497	33.440
1583.179	933.504	33.440
1584.179	933.500	33.440
1585.179	933.452	33.440
1586.179	933.426	33.440
1587.179	933.413	33.440
1588.179	933.410	33.440
1589.179	933.260	33.440
1590.179	933.238	33.440
1591.179	933.192	33.440
1592.179	933.147	33.440
1593.179	933.144	33.440
1594.179	933.132	33.440
1595.179	933.031	33.440
1596.179	932.969	33.440
1597.179	933.007	33.440
1598.179	932.909	33.440
1599.179	932.869	33.440
1600.179	932.845	33.440
1601.179	932.862	33.440
1602.179	932.831	33.440
1603.179	932.825	33.440
1604.179	932.760	33.430
1605.179	932.736	33.440
1606.179	932.725	33.430
1607.179	932.724	33.430
1608.179	932.667	33.430
1609.179	932.607	33.430
1610.179	932.556	33.430
1611.179	932.601	33.430
1612.179	932.503	33.430
1613.179	932.437	33.430
1614.179	932.432	33.430
1615.179	932.406	33.430
1616.179	933.462	33.430
1617.179	948.495	33.680
1618.179	960.422	34.230
1619.179	960.699	34.450
1620.179	960.732	34.450
1621.179	960.737	34.460
1622.179	960.723	34.460
1623.179	960.632	34.460
1624.179	960.580	34.460
1625.179	960.565	34.460
1626.179	960.571	34.460
1627.179	960.554	34.460
1628.179	960.503	34.460
1629.179	960.399	34.460
1630.179	960.346	34.460
1631.179	960.288	34.460
1632.179	960.215	34.460
1633.179	960.100	34.460
1634.179	960.086	34.460
1635.179	960.072	34.460
1636.179	960.039	34.460
1637.179	959.958	34.460
1638.179	959.929	34.460
1639.179	959.837	34.460
1640.179	959.893	34.460
1641.179	959.874	34.460
1642.179	959.856	34.460
1643.179	959.869	34.460
1644.179	959.790	34.450
1645.179	959.720	34.460
1646.179	959.624	34.460
1647.179	959.577	34.460
1648.179	959.534	34.460
1649.179	959.481	34.450
1650.179	959.444	34.450
1651.179	959.452	34.450
1652.179	959.467	34.450
1653.179	959.433	34.450
1654.179	959.423	34.450
1655.179	959.363	34.450
1656.179	959.340	34.450
1657.179	959.323	34.450
1658.179	959.268	34.450
1659.179	959.224	34.450
1660.179	959.160	34.450
1661.179	959.118	34.450
1662.179	959.078	34.450
1663.179	959.058	34.450
1664.179	959.012	34.450
1665.179	958.975	34.450
1666.179	958.912	34.450
1667.179	958.872	34.440
1668.179	958.880	34.440
1669.179	958.898	34.440
1670.179	958.870	34.440
1671.179	958.835	34.440
1672.179	958.837	34.440
1673.179	974.441	34.470
1674.179	988.417	35.230
1675.179	990.260	35.560
1676.179	990.227	35.580
1677.179	990.147	35.580
1678.179	990.106	35.580
1679.179	990.066	35.580
1680.179	990.050	35.580
1681.179	990.028	35.580
1682.179	989.992	35.580
1683.179	989.965	35.580
1684.179	989.936	35.580
1685.179	989.847	35.580
1686.179	989.807	35.580
1687.179	989.739	35.580
1688.179	989.707	35.580
1689.179	989.652	35.580
1690.179	989.735	35.580
1691.179	989.555	35.580
1692.179	989.554	35.580
1693.179	989.505	35.580
1694.179	989.601	35.580
1695.179	989.566	35.580
1696.179	989.529	35.580
1697.179	989.480	35.580
1698.179	989.443	35.580
1699.179	989.345	35.580
1700.179	989.314	35.580
1701.179	989.139	35.580
1702.179	989.085	35.580
1703.179	989.067	35.580
1704.179	989.027	35.580
1705.179	988.925	35.580
1706.179	988.895	35.570
1707.179	988.840	35.570
1708.179	988.773	35.570
1709.179	988.753	35.570
1710.179	988.755	35.570
1711.179	988.750	35.570
1712.179	988.772	35.570
1713.179	988.784	35.570
1714.179	988.747	35.570
1715.179	988.720	35.570
1716.179	988.687	35.570
1717.179	988.562	35.570
1718.179	988.481	35.570
1719.179	988.455	35.570
1720.179	988.472	35.570
1721.179	988.455	35.570
1722.179	988.579	35.570
1723.179	988.536	35.560
1724.179	990.706	35.570
1725.179	1014.145	36.050
1726.179	1025.472	36.730
1727.179	1025.529	36.910
1728.179	1025.444	36.920
1729.179	1025.225	36.920
1730.179	1025.188	36.920
1731.179	1025.063	36.920
1732.179	1025.014	36.920
1733.179	1024.940	36.920
1734.179	1024.869	36.920
1735.179	1024.794	36.920
1736.179	1024.849	36.920
1737.179	1024.798	36.920
1738.179	1024.750	36.920
1739.179	1024.770	36.920
1740.179	1024.712	36.920
1741.179	1024.688	36.920
1742.179	1024.619	36.920
1743.179	1024.566	36.920
1744.179	1024.563	36.920
1745.179	1024.526	36.920
1746.179	1024.419	36.920
1747.179	1024.350	36.920
1748.179	1024.335	36.920
1749.179	1024.218	36.920
1750.179	1024.140	36.920
1751.179	1024.105	36.920
1752.179	1024.107	36.910
1753.179	1024.144	36.910
1754.179	1024.152	36.910
1755.179	1024.095	36.910
1756.179	1024.105	36.910
1757.179	1024.081	36.910
1758.179	1024.031	36.910
1759.179	1024.075	36.910
1760.179	1024.065	36.910
1761.179	1024.020	36.910
1762.179	1023.942	36.910
1763.179	1023.867	36.910
1764.179	1023.803	36.910
1765.179	1023.785	36.910
1766.179	1023.780	36.910
1767.179	1023.730	36.910
1768.179	1023.711	36.900
1769.179	1023.700	36.900
1770.179	1023.684	36.900
1771.179	1023.756	36.900
1772.179	1023.710	36.900
1773.179	1023.708	36.900
1774.179	1023.625	36.900
1775.179	1023.579	36.900
1776.179	1023.549	36.900
1777.179	1023.542	36.900
1778.179	1023.492	36.900
1779.179	1023.488	36.900
1780.179	1023.408	36.900
1781.179	1041.623	37.080
1782.179	1053.089	37.750
1783.179	1057.526	38.030
1784.179	1057.794	38.140
1785.179	1057.744	38.140
1786.179	1057.665	38.150
1787.179	1057.646	38.150
1788.179	1057.587	38.150
1789.179	1057.532	38.150
1790.179	1057.478	38.150
1791.179	1057.394	38.150
1792.179	1057.283	38.150
1793.179	1057.262	38.150
1794.179	1057.277	38.150
1795.179	1057.240	38.150
1796.179	1057.082	38.150
1797.179	1057.016	38.150
1798.179	1056.791	38.150
1799.179	1056.780	38.150
1800.179	1056.779	38.150
1801.179	1056.753	38.150
1802.179	1056.665	38.150
1803.179	1056.739	38.150
1804.179	1056.632	38.140
1805.179	1056.664	38.140
1806.179	1056.597	38.140
1807.179	1056.521	38.140
1808.179	1056.429	38.140
1809.179	1056.417	38.140
1810.179	1056.352	38.140
1811.179	1056.240	38.140
1812.179	1056.225	38.140
1813.179	1056.204	38.140
1814.179	1056.216	38.140
1815.179	1056.165	38.140
1816.179	1056.067	38.140
1817.179	1056.010	38.140
1818.179	1055.960	38.140
1819.179	1055.892	38.130
1820.179	1055.825	38.130
1821.179	1055.787	38.130
1822.179	1055.752	38.130
1823.179	1055.639	38.130
1824.179	1055.625	38.130
1825.179	1055.554	38.130
1826.179	1055.426	38.130
1827.179	1055.411	38.130
1828.179	1055.338	38.130
1829.179	1055.293	38.130
1830.179	1055.279	38.130
1831.179	1055.233	38.130
1832.179	1055.156	38.130
1833.179	1055.106	38.130
1834.179	1068.633	38.160
1835.179	1079.255	38.770
1836.179	1081.055	39.030
1837.179	1080.958	39.040
1838.179	1080.896	39.050
1839.179	1080.904	39.050
1840.179	1080.856	39.050
1841.179	1080.852	39.050
1842.179	1080.763	39.050
1843.179	1080.704	39.050
1844.179	1080.671	39.050
1845.179	1080.599	39.050
1846.179	1080.494	39.050
1847.179	1080.383	39.050
1848.179	1080.349	39.050
1849.179	1080.295	39.050
1850.179	1080.214	39.050
1851.179	1080.187	39.050
1852.179	1080.164	39.050
1853.179	1080.105	39.050
1854.179	1080.108	39.050
1855.179	1080.131	39.050
1856.179	1080.109	39.050
1857.179	1080.059	39.040
1858.179	1080.019	39.050
1859.179	1079.967	39.040
1860.179	1079.886	39.050
1861.179	1079.869	39.040
1862.179	1079.845	39.040
1863.179	1079.811	39.040
1864.179	1079.771	39.040
1865.179	1079.721	39.040
1866.179	1079.672	39.040
1867.179	1079.596	39.040
1868.179	1079.572	39.040
1869.179	1079.542	39.040
1870.179	1079.471	39.040
1871.179	1079.389	39.040
1872.179	1079.252	39.040
1873.179	1079.240	39.030
1874.179	1079.174	39.030
1875.179	1079.076	39.030
1876.179	1079.029	39.030
1877.179	1078.942	39.030
1878.179	1078.919	39.030
1879.179	1078.905	39.030
1880.179	1078.906	39.030
1881.179	1078.851	39.030
1882.179	1078.831	39.030
1883.179	1078.799	39.030
1884.179	1078.754	39.030
1885.179	1078.749	39.030
1886.179	1078.585	39.030
1887.179	1078.518	39.020
1888.179	1078.697	39.020
1889.179	1081.667	39.030
1890.179	1091.999	39.230
1891.179	1100.320	39.600
1892.179	1106.856	39.870
1893.179	1110.190	40.110
1894.179	1110.139	40.160
1895.179	1110.122	40.160
1896.179	1110.147	40.160
1897.179	1110.103	40.160
1898.179	1110.037	40.160
1899.179	1109.948	40.160
1900.179	1109.860	40.160
1901.179	1109.848	40.170
1902.179	1109.804	40.160
1903.179	1109.711	40.160
1904.179	1109.642	40.160
1905.179	1109.651	40.160
1906.179	1109.549	40.160
1907.179	1109.481	40.160
1908.179	1109.475	40.160
1909.179	1109.460	40.160
1910.179	1109.408	40.160
1911.179	1109.374	40.160
1912.179	1109.290	40.150
1913.179	1109.284	40.160
1914.179	1109.251	40.160
1915.179	1109.186	40.160
1916.179	1109.160	40.160
1917.179	1109.108	40.150
1918.179	1109.070	40.150
1919.179	1109.007	40.150
1920.179	1108.962	40.150
1921.179	1108.936	40.150
1922.179	1108.887	40.150
1923.179	1108.845	40.150
1924.179	1108.777	40.150
1925.179	1108.719	40.150
1926.179	1108.651	40.150
1927.179	1108.606	40.150
1928.179	1108.539	40.150
1929.179	1108.482	40.150
1930.179	1108.427	40.150
1931.179	1108.405	40.150
1932.179	1108.355	40.150
1933.179	1108.293	40.150
1934.179	1108.279	40.150
1935.179	1108.281	40.140
1936.179	1108.193	40.140
1937.179	1108.187	40.140
1938.179	1108.139	40.140
1939.179	1108.077	40.140
1940.179	1108.668	40.140
1941.179	1124.307	40.380
1942.179	1133.708	40.850
1943.179	1136.837	41.130
1944.179	1140.473	41.240
1945.179	1140.403	41.310
1946.179	1140.355	41.310
1947.179	1140.315	41.310
1948.179	1140.281	41.320
1949.179	1140.201	41.320
1950.179	1140.169	41.320
1951.179	1140.109	41.310
1952.179	1140.016	41.320
1953.179	1139.977	41.320
1954.179	1139.937	41.320
1955.179	1139.910	41.320
1956.179	1139.855	41.310
1957.179	1139.783	41.310
1958.179	1139.698	41.310
1959.179	1139.620	41.310
1960.179	1139.554	41.310
1961.179	1139.466	41.310
1962.179	1139.358	41.310
1963.179	1139.304	41.310
1964.179	1139.241	41.310
1965.179	1139.214	41.310
1966.179	1139.263	41.310
1967.179	1139.198	41.310
1968.179	1139.121	41.310
1969.179	1139.045	41.310
1970.179	1138.942	41.310
1971.179	1138.909	41.300
1972.179	1138.870	41.310
1973.179	1138.792	41.300
1974.179	1138.731	41.300
1975.179	1138.698	41.300
1976.179	1138.717	41.300
1977.179	1138.657	41.300
1978.179	1138.602	41.300
1979.179	1138.476	41.300
1980.179	1138.492	41.300
1981.179	1138.471	41.300
1982.179	1138.397	41.300
1983.179	1138.403	41.290
1984.179	1138.280	41.300
1985.179	1138.227	41.290
1986.179	1138.134	41.290
1987.179	1138.105	41.290
1988.179	1138.072	41.290
1989.179	1138.015	41.290
1990.179	1138.026	41.290
1991.179	1137.945	41.290
1992.179	1145.696	41.290
1993.179	1161.606	41.860
1994.179	1168.467	42.240
1995.179	1168.394	42.370
1996.179	1168.290	42.380
1997.179	1168.201	42.380
1998.179	1168.180	42.380
1999.179	1168.132	42.380
2000.179	1168.102	42.380
2001.179	1168.057	42.380
2002.179	1167.979	42.390
2003.179	1167.900	42.390
2004.179	1167.821	42.390
2005.179	1167.797	42.380
2006.179	1167.885	42.380
2007.179	1167.844	42.380
2008.179	1167.777	42.380
2009.179	1167.715	42.380
2010.179	1167.559	42.380
2011.179	1167.526	42.380
2012.179	1167.433	42.380
2013.179	1167.326	42.380
2014.179	1167.266	42.380
2015.179	1167.155	42.380
2016.179	1167.108	42.380
2017.179	1167.087	42.380
2018.179	1167.055	42.380
2019.179	1166.938	42.380
2020.179	1166.895	42.370
2021.179	1166.878	42.370
2022.179	1166.797	42.370
2023.179	1166.743	42.370
2024.179	1166.673	42.370
2025.179	1166.636	42.370
2026.179	1166.570	42.370
2027.179	1166.599	42.370
2028.179	1166.540	42.370
2029.179	1166.526	42.370
2030.179	1166.464	42.370
2031.179	1166.414	42.360
2032.179	1166.407	42.360
2033.179	1166.354	42.360
2034.179	1166.266	42.360
2035.179	1166.176	42.360
2036.179	1166.066	42.360
2037.179	1166.025	42.360
2038.179	1165.956	42.360
2039.179	1165.913	42.360
2040.179	1165.855	42.360
2041.179	1165.821	42.360
2042.179	1165.772	42.350
2043.179	1165.759	42.350
2044.179	1165.712	42.350
2045.179	1165.670	42.350
2046.179	1165.567	42.350
2047.179	1165.513	42.350
2048.179	1165.489	42.350
2049.179	1180.610	42.410
2050.179	1192.184	43.000
2051.179	1196.334	43.320
2052.179	1197.318	43.470
2053.179	1197.246	43.480
2054.179	1197.155	43.480
2055.179	1197.157	43.490
2056.179	1197.071	43.490
2057.179	1197.007	43.490
2058.179	1196.950	43.490
2059.179	1196.924	43.490
2060.179	1196.909	43.490
2061.179	1196.829	43.480
2062.179	1196.766	43.490
2063.179	1196.698	43.490
2064.179	1196.639	43.490
2065.179	1196.617	43.480
2066.179	1196.534	43.480
2067.179	1196.421	43.480
2068.179	1196.380	43.480
2069.179	1196.309	43.480
2070.179	1196.257	43.480
2071.179	1196.182	43.480
2072.179	1196.103	43.480
2073.179	1196.064	43.480
2074.179	1196.000	43.480
2075.179	1195.953	43.480
2076.179	1195.885	43.480
2077.179	1195.842	43.480
2078.179	1195.767	43.470
2079.179	1195.647	43.470
2080.179	1195.572	43.480
2081.179	1195.546	43.470
2082.179	1195.508	43.470
2083.179	1195.409	43.470
2084.179	1195.380	43.470
2085.179	1195.407	43.470
2086.179	1195.343	43.470
2087.179	1195.290	43.460
2088.179	1195.305	43.470
2089.179	1195.385	43.460
2090.179	1195.376	43.460
2091.179	1195.260	43.460
2092.179	1195.204	43.460
2093.179	1195.163	43.460
2094.179	1195.113	43.460
2095.179	1195.040	43.460
2096.179	1194.992	43.460
2097.179	1194.894	43.460
2098.179	1194.741	43.460
2099.179	1194.549	43.460
2100.179	1204.431	43.460
2101.179	1216.524	43.950
2102.179	1224.911	44.360
2103.179	1224.934	44.530
2104.179	1224.875	44.540
2105.179	1224.825	44.540
2106.179	1224.811	44.540
2107.179	1224.764	44.540
2108.179	1224.690	44.540
2109.179	1224.711	44.540
2110.179	1224.666	44.540
2111.179	1224.541	44.540
2112.179	1224.433	44.540
2113.179	1224.374	44.540
2114.179	1224.281	44.540
2115.179	1224.216	44.540
2116.179	1224.164	44.540
2117.179	1224.095	44.540
2118.179	1224.019	44.540
2119.179	1223.955	44.540
2120.179	1223.905	44.540
2121.179	1223.837	44.540
2122.179	1223.764	44.530
2123.179	1223.704	44.530
2124.179	1223.635	44.530
2125.179	1223.605	44.530
2126.179	1223.512	44.530
2127.179	1223.433	44.530
2128.179	1223.366	44.530
2129.179	1223.354	44.530
2130.179	1223.303	44.530
2131.179	1223.255	44.530
2132.179	1223.217	44.530
2133.179	1223.155	44.520
2134.179	1223.111	44.520
2135.179	1223.038	44.520
2136.179	1222.970	44.520
2137.179	1222.946	44.520
2138.179	1222.922	44.520
2139.179	1222.906	44.520
2140.179	1222.822	44.520
2141.179	1222.737	44.520
2142.179	1222.671	44.520
2143.179	1222.612	44.510
2144.179	1222.540	44.510
2145.179	1222.474	44.510
2146.179	1222.477	44.510
2147.179	1222.458	44.510
2148.179	1222.377	44.510
2149.179	1222.288	44.510
2150.179	1222.196	44.510
2151.179	1222.133	44.510
2152.179	1222.075	44.510
2153.179	1222.072	44.510
2154.179	1222.099	44.500
2155.179	1222.027	44.500
2156.179	1221.903	44.500
2157.179	1221.856	44.500
2158.179	1235.632	44.520
2159.179	1246.398	45.120
2160.179	1254.102	45.490
2161.179	1254.125	45.640
2162.179	1254.095	45.640
2163.179	1254.045	45.640
2164.179	1253.994	45.640
2165.179	1253.892	45.640
2166.179	1253.798	45.640
2167.179	1253.711	45.640
2168.179	1253.640	45.640
2169.179	1253.562	45.640
2170.179	1253.456	45.640
2171.179	1253.381	45.640
2172.179	1253.264	45.640
2173.179	1253.160	45.640
2174.179	1253.114	45.640
2175.179	1253.014	45.640
2176.179	1252.955	45.640
2177.179	1252.916	45.640
2178.179	1252.898	45.640
2179.179	1252.890	45.640
2180.179	1252.842	45.640
2181.179	1252.754	45.630
2182.179	1252.643	45.630
2183.179	1252.676	45.630
2184.179	1252.599	45.630
2185.179	1252.562	45.630
2186.179	1252.488	45.630
2187.179	1252.411	45.630
2188.179	1252.369	45.630
2189.179	1252.326	45.630
2190.179	1252.211	45.630
2191.179	1252.138	45.630
2192.179	1252.040	45.620
2193.179	1252.036	45.620
2194.179	1251.939	45.620
2195.179	1251.875	45.620
2196.179	1251.767	45.620
2197.179	1251.759	45.620
2198.179	1251.715	45.620
2199.179	1251.650	45.620
2200.179	1251.560	45.620
2201.179	1251.488	45.620
2202.179	1251.396	45.610
2203.179	1251.311	45.610
2204.179	1251.216	45.610
2205.179	1251.167	45.610
2206.179	1251.127	45.610
2207.179	1251.059	45.610
2208.179	1251.021	45.610
2209.179	1250.983	45.610
