0.228	-4.531	-0.386
1.228	-4.532	-0.387
2.228	-4.531	-0.386
3.228	-4.532	-0.388
4.228	-4.531	-0.388
5.228	-4.531	-0.388
6.228	-4.531	-0.387
7.228	-4.531	-0.388
8.228	-4.531	-0.390
9.228	-4.531	-0.390
10.228	-4.531	-0.391
11.228	-4.531	-0.390
12.228	-4.531	-0.391
13.228	-4.531	-0.391
14.228	-4.531	-0.392
15.228	-4.531	-0.393
16.228	-4.531	-0.394
17.228	-4.531	-0.394
18.228	-4.531	-0.394
19.228	-4.531	-0.393
20.228	-4.531	-0.394
21.228	-4.531	-0.395
22.228	-4.531	-0.396
23.228	-4.531	-0.395
24.228	-4.531	-0.397
25.228	-4.531	-0.396
26.228	-4.531	-0.395
27.228	-4.531	-0.397
28.228	-4.531	-0.398
29.228	-4.531	-0.398
30.228	-4.532	-0.398
31.228	-4.531	-0.398
32.228	-4.532	-0.398
33.228	-4.532	-0.399
34.228	-4.532	-0.400
35.228	-4.532	-0.400
36.228	-4.532	-0.401
37.228	-4.532	-0.400
38.228	-4.532	-0.400
39.228	-4.532	-0.400
40.228	-4.532	-0.402
41.228	-4.532	-0.401
42.228	-4.532	-0.402
43.228	-4.532	-0.402
44.228	-4.532	-0.402
45.228	-4.532	-0.404
46.228	-4.532	-0.404
47.228	-4.532	-0.403
48.228	-4.532	-0.404
49.228	-4.532	-0.403
50.228	-4.532	-0.404
51.228	-4.532	-0.405
52.228	-4.532	-0.406
53.228	-4.532	-0.405
54.228	-4.532	-0.405
55.228	-4.532	-0.405
56.228	-4.532	-0.404
57.228	-4.532	-0.405
58.228	-4.532	-0.404
59.228	-4.532	-0.406
60.228	-4.532	-0.404
61.228	-4.532	-0.406
62.228	-4.532	-0.407
63.228	-4.532	-0.407
64.228	-4.532	-0.406
65.228	-4.531	-0.406
66.228	-4.532	-0.406
67.228	-4.532	-0.406
68.228	-4.531	-0.407
69.228	-4.531	-0.407
70.228	-4.531	-0.408
71.228	-4.531	-0.408
72.228	-4.532	-0.408
73.228	-4.531	-0.407
74.228	-4.532	-0.408
75.228	-4.532	-0.408
76.228	-4.532	-0.408
77.228	-4.531	-0.408
78.228	-4.531	-0.409
79.228	-4.531	-0.409
80.228	-4.531	-0.409
81.228	-4.531	-0.408
82.228	-4.531	-0.410
83.228	-4.531	-0.410
84.228	-4.531	-0.410
85.228	-4.531	-0.410
86.228	-4.531	-0.409
87.228	-4.531	-0.409
88.228	-4.531	-0.409
89.228	-4.531	-0.411
90.228	-4.531	-0.411
91.228	-4.531	-0.411
92.228	-4.531	-0.409
93.228	-4.531	-0.410
94.228	-4.531	-0.411
95.228	-4.531	-0.411
96.228	-4.531	-0.412
97.228	-4.531	-0.412
98.228	-4.531	-0.410
99.228	-4.531	-0.412
100.228	-4.531	-0.411
101.228	-4.531	-0.412
102.228	-4.531	-0.412
103.228	-4.531	-0.412
104.228	-4.531	-0.411
105.228	-4.531	-0.412
106.228	-4.531	-0.413
107.228	-4.531	-0.414
108.228	-4.531	-0.413
109.228	-4.531	-0.413
110.228	-4.531	-0.412
111.228	-4.532	-0.413
112.228	-4.531	-0.414
113.228	-4.531	-0.415
114.228	-4.531	-0.414
115.228	-4.531	-0.413
116.228	-4.531	-0.414
117.228	-4.531	-0.413
118.228	-4.531	-0.414
119.228	-4.531	-0.414
120.228	-4.531	-0.416
121.228	-4.531	-0.414
122.228	-4.531	-0.416
123.228	-4.531	-0.414
124.228	-4.531	-0.415
125.228	-4.531	-0.416
126.228	-4.531	-0.416
127.228	-4.531	-0.416
128.228	-4.531	-0.415
129.228	-4.531	-0.415
130.228	-4.531	-0.415
131.228	-4.531	-0.417
132.228	-4.531	-0.417
133.228	-4.531	-0.418
134.228	-4.531	-0.416
135.228	-4.531	-0.417
136.228	-4.531	-0.417
137.228	-4.532	-0.418
138.228	-4.531	-0.418
139.228	-4.532	-0.419
140.228	-4.532	-0.418
141.228	-4.532	-0.418
142.228	-4.532	-0.418
143.228	-4.532	-0.419
144.228	-4.532	-0.420
145.228	-4.531	-0.419
146.228	-4.532	-0.418
147.228	-4.532	-0.419
148.228	-4.532	-0.418
149.228	-4.532	-0.420
150.228	-4.532	-0.421
151.228	-4.532	-0.419
152.228	-4.532	-0.419
153.228	-4.532	-0.419
154.228	-4.532	-0.420
155.228	-4.532	-0.422
156.228	-4.532	-0.421
157.228	-4.531	-0.421
158.228	-4.532	-0.422
159.228	-4.531	-0.421
160.228	-4.531	-0.421
161.228	-4.531	-0.420
162.228	-4.532	-0.422
163.228	-4.532	-0.421
164.228	-4.532	-0.422
165.228	-4.532	-0.420
166.228	-4.532	-0.422
167.228	-4.532	-0.421
168.228	-4.532	-0.423
169.228	-4.531	-0.422
170.228	-4.532	-0.422
171.228	-4.531	-0.423
172.228	-4.532	-0.422
173.228	-4.532	-0.423
174.228	-4.532	-0.423
175.228	-4.532	-0.424
176.228	-4.532	-0.424
177.228	-4.532	-0.423
178.228	-4.532	-0.423
179.228	-4.532	-0.424
180.228	-4.532	-0.424
181.228	-4.532	-0.425
182.228	-4.532	-0.424
183.228	-4.532	-0.425
184.228	-4.532	-0.424
185.228	-4.531	-0.425
186.228	-4.532	-0.425
187.228	-4.532	-0.426
188.228	-4.532	-0.425
189.228	-4.532	-0.426
190.228	-4.532	-0.426
191.228	-4.532	-0.426
192.228	-4.532	-0.428
193.228	-4.532	-0.426
194.228	-4.532	-0.427
195.228	-4.532	-0.426
196.228	-4.532	-0.425
197.228	-4.532	-0.425
198.228	-4.531	-0.426
199.228	-4.532	-0.429
200.228	-4.532	-0.428
201.228	-4.532	-0.427
202.228	-4.532	-0.427
203.228	-4.532	-0.427
204.228	-4.532	-0.429
205.228	-4.532	-0.428
206.228	-4.532	-0.429
207.228	-4.532	-0.427
208.228	-4.532	-0.427
209.228	-4.532	-0.428
210.228	-4.532	-0.430
211.228	-4.532	-0.429
212.228	-4.532	-0.428
213.228	-4.532	-0.428
214.228	-4.532	-0.429
215.228	-4.532	-0.429
216.228	-4.532	-0.430
217.228	-4.532	-0.430
218.228	-4.532	-0.429
219.228	-4.532	-0.429
220.228	-4.532	-0.431
221.228	-4.532	-0.430
222.228	-4.532	-0.431
223.228	-4.532	-0.430
224.228	-4.532	-0.430
225.228	-4.532	-0.430
226.228	-4.532	-0.431
227.228	-4.533	-0.430
228.228	-4.533	-0.432
229.228	-4.532	-0.432
230.228	-4.533	-0.430
231.228	-4.532	-0.431
232.228	-4.533	-0.431
233.228	-4.532	-0.431
234.228	-4.532	-0.431
235.228	-4.532	-0.432
236.228	-4.533	-0.432
237.228	-4.532	-0.433
238.228	-4.532	-0.432
239.228	-4.532	-0.431
240.228	-4.533	-0.431
241.228	-4.532	-0.433
242.228	-4.532	-0.432
243.228	-4.532	-0.434
244.228	-4.532	-0.433
245.228	-4.532	-0.432
246.228	-4.532	-0.433
247.228	-4.532	-0.433
248.228	-4.532	-0.434
249.228	-4.532	-0.434
250.228	-4.532	-0.433
251.228	-4.532	-0.433
252.228	-4.532	-0.434
253.228	-4.532	-0.434
254.228	-4.532	-0.435
255.228	-4.532	-0.435
256.228	-4.532	-0.434
257.228	-4.532	-0.433
258.228	-4.532	-0.434
259.228	-4.532	-0.434
260.228	-4.532	-0.435
261.228	-4.532	-0.435
262.228	-4.532	-0.435
263.228	-4.532	-0.434
264.228	-4.532	-0.436
265.228	-4.532	-0.435
266.228	-4.532	-0.435
267.228	-4.532	-0.436
268.228	-4.532	-0.436
269.228	-4.532	-0.436
270.228	-4.532	-0.436
271.228	-4.532	-0.436
272.228	-4.532	-0.436
273.228	-4.533	-0.438
274.228	-4.532	-0.437
275.228	-4.532	-0.436
276.228	-4.532	-0.436
277.228	-4.532	-0.437
278.228	-4.532	-0.438
279.228	-4.533	-0.437
280.228	-4.533	-0.437
281.228	-4.533	-0.437
282.228	-4.532	-0.438
283.228	-4.533	-0.437
284.228	-4.533	-0.438
285.228	-4.533	-0.439
286.228	-4.533	-0.438
287.228	-4.533	-0.438
288.228	-4.533	-0.438
289.228	-4.533	-0.439
290.228	-4.533	-0.440
291.228	-4.533	-0.438
292.228	-4.533	-0.440
293.228	-4.533	-0.438
294.228	-4.533	-0.438
295.228	-4.533	-0.439
296.228	-4.533	-0.440
297.228	-4.533	-0.440
298.228	-4.533	-0.439
299.228	-4.533	-0.439
300.228	-4.533	-0.440
301.228	-4.533	-0.440
302.228	-4.533	-0.441
303.228	-4.533	-0.441
304.228	-4.533	-0.440
305.228	-4.533	-0.440
306.228	-4.533	-0.440
307.228	-4.533	-0.441
308.228	-4.533	-0.442
309.228	-4.533	-0.442
310.228	-4.533	-0.442
311.228	-4.533	-0.440
312.228	-4.533	-0.441
313.228	-4.533	-0.441
314.228	-4.533	-0.442
315.228	-4.533	-0.443
316.228	-4.533	-0.442
317.228	-4.533	-0.442
318.228	-4.533	-0.442
319.228	-4.533	-0.442
320.228	-4.533	-0.443
321.228	-4.533	-0.443
322.228	-4.533	-0.443
323.228	-4.533	-0.443
324.228	-4.533	-0.442
325.228	-4.533	-0.445
326.228	-4.533	-0.444
327.228	-4.533	-0.443
328.228	-4.533	-0.445
329.228	-4.533	-0.444
330.228	-4.533	-0.443
331.228	-4.533	-0.444
332.228	-4.533	-0.444
333.228	-4.533	-0.444
334.228	-4.533	-0.444
335.228	-4.533	-0.445
336.228	-4.533	-0.444
337.228	-4.533	-0.445
338.228	-4.533	-0.445
339.228	-4.533	-0.446
340.228	-4.533	-0.446
341.228	-4.533	-0.445
342.228	-4.533	-0.445
343.228	-4.533	-0.446
344.228	-4.533	-0.446
345.228	-4.533	-0.447
346.228	-4.533	-0.446
347.228	-4.533	-0.446
348.228	-4.533	-0.446
349.228	-4.533	-0.447
350.228	-4.533	-0.446
351.228	-4.533	-0.447
352.228	-4.533	-0.447
353.228	-4.533	-0.447
354.228	-4.533	-0.446
355.228	-4.533	-0.446
356.228	-4.533	-0.448
357.228	-4.533	-0.448
358.228	-4.533	-0.448
359.228	-4.533	-0.448
360.228	-4.533	-0.447
361.228	-4.533	-0.448
362.228	-4.533	-0.449
363.228	-4.533	-0.448
364.228	-4.533	-0.448
365.228	-4.533	-0.448
366.228	-4.533	-0.447
367.228	-4.533	-0.450
368.228	-4.533	-0.450
369.228	-4.534	-0.450
370.228	-4.533	-0.449
371.228	-4.533	-0.449
372.228	-4.533	-0.449
373.228	-4.533	-0.449
374.228	-4.533	-0.450
375.228	-4.533	-0.450
376.228	-4.533	-0.450
377.228	-4.533	-0.450
378.228	-4.533	-0.449
379.228	-4.533	-0.450
380.228	-4.533	-0.450
381.228	-4.533	-0.451
382.228	-4.533	-0.451
383.228	-4.533	-0.450
384.228	-4.534	-0.451
385.228	-4.533	-0.451
386.228	-4.533	-0.450
387.228	-4.534	-0.451
388.228	-4.533	-0.451
389.228	-4.533	-0.452
390.228	-4.533	-0.451
391.228	-4.534	-0.451
392.228	-4.533	-0.450
393.228	-4.533	-0.450
394.228	-4.533	-0.453
395.228	-4.534	-0.453
396.228	-4.534	-0.452
397.228	-4.534	-0.452
398.228	-4.533	-0.452
399.228	-4.534	-0.453
400.228	-4.534	-0.453
401.228	-4.534	-0.453
402.228	-4.534	-0.453
403.228	-4.534	-0.452
404.228	-4.534	-0.452
405.228	-4.534	-0.453
406.228	-4.534	-0.453
407.228	-4.534	-0.454
408.228	-4.534	-0.453
409.228	-4.534	-0.453
410.228	-4.534	-0.453
411.228	-4.534	-0.453
412.228	-4.534	-0.453
413.228	-4.534	-0.455
414.228	-4.534	-0.455
415.228	-4.534	-0.454
416.228	-4.534	-0.453
417.228	-4.534	-0.453
418.228	-4.534	-0.454
419.228	-4.534	-0.455
420.228	-4.534	-0.455
421.228	-4.534	-0.455
422.228	-4.534	-0.453
423.228	-4.534	-0.454
424.228	-4.534	-0.456
425.228	-4.534	-0.456
426.228	-4.534	-0.456
427.228	-4.534	-0.454
428.228	-4.534	-0.455
429.228	-4.534	-0.455
430.228	-4.534	-0.455
431.228	-4.534	-0.457
432.228	-4.534	-0.456
433.228	-4.534	-0.456
434.228	-4.534	-0.455
435.228	-4.534	-0.456
436.228	-4.534	-0.457
437.228	-4.534	-0.457
438.228	-4.534	-0.457
439.228	-4.534	-0.456
440.228	-4.534	-0.456
441.228	-4.534	-0.456
442.228	-4.534	-0.457
443.228	-4.534	-0.457
444.228	-4.534	-0.457
445.228	-4.534	-0.457
446.228	-4.534	-0.457
447.228	-4.534	-0.457
448.228	-4.534	-0.457
449.228	-4.534	-0.458
450.228	-4.534	-0.458
451.228	-4.534	-0.458
452.228	-4.534	-0.458
453.228	-4.534	-0.456
454.228	-4.534	-0.457
455.228	-4.534	-0.459
456.228	-4.534	-0.459
457.228	-4.534	-0.458
458.228	-4.534	-0.458
459.228	-4.534	-0.458
460.228	-4.534	-0.459
461.228	-4.534	-0.459
462.228	-4.534	-0.458
463.228	-4.534	-0.460
464.228	-4.535	-0.458
465.228	-4.534	-0.458
466.228	-4.534	-0.458
467.228	-4.534	-0.460
468.228	-4.534	-0.460
469.228	-4.534	-0.458
470.228	-4.534	-0.459
471.228	-4.534	-0.459
472.228	-4.534	-0.460
473.228	-4.534	-0.461
474.228	-4.534	-0.461
475.228	-4.534	-0.460
476.228	-4.534	-0.459
477.228	-4.534	-0.459
478.228	-4.534	-0.460
479.228	-4.534	-0.460
480.228	-4.534	-0.461
481.228	-4.535	-0.460
482.228	-4.535	-0.460
483.228	-4.534	-0.460
484.228	-4.535	-0.461
485.228	-4.535	-0.461
486.228	-4.534	-0.461
487.228	-4.534	-0.461
488.228	-4.534	-0.461
489.228	-4.535	-0.461
490.228	-4.534	-0.462
491.228	-4.534	-0.461
492.228	-4.535	-0.462
493.228	-4.534	-0.462
494.228	-4.534	-0.463
495.228	-4.534	-0.461
496.228	-4.534	-0.462
497.228	-4.534	-0.462
498.228	-4.534	-0.463
499.228	-4.534	-0.463
500.228	-4.534	-0.463
501.228	-4.534	-0.461
502.228	-4.534	-0.462
503.228	-4.534	-0.463
504.228	-4.534	-0.463
505.228	-4.534	-0.462
506.228	-4.534	-0.463
507.228	-4.534	-0.463
508.228	-4.534	-0.464
509.228	-4.534	-0.464
510.228	-4.534	-0.464
511.228	-4.534	-0.464
512.228	-4.534	-0.462
513.228	-4.534	-0.463
514.228	-4.534	-0.464
515.228	-4.534	-0.465
516.228	-4.534	-0.466
517.228	-4.534	-0.464
518.228	-4.534	-0.464
519.228	-4.534	-0.463
520.228	-4.534	-0.464
521.228	-4.534	-0.465
522.228	-4.534	-0.465
523.228	-4.534	-0.465
524.228	-4.534	-0.464
525.228	-4.534	-0.465
526.228	-4.534	-0.465
527.228	-4.534	-0.465
528.228	-4.534	-0.466
529.228	-4.534	-0.465
530.228	-4.534	-0.465
531.228	-4.535	-0.464
532.228	-4.534	-0.466
533.228	-4.535	-0.465
534.228	-4.535	-0.466
535.228	-4.534	-0.465
536.228	-4.534	-0.466
537.228	-4.535	-0.466
538.228	-4.535	-0.465
539.228	-4.535	-0.466
540.228	-4.534	-0.466
541.228	-4.534	-0.466
542.228	-4.535	-0.466
543.228	-4.535	-0.467
544.228	-4.534	-0.465
545.228	-4.534	-0.467
546.228	-4.534	-0.465
547.228	-4.534	-0.466
548.228	-4.534	-0.467
549.228	-4.535	-0.468
550.228	-4.535	-0.467
551.228	-4.535	-0.468
552.228	-4.535	-0.466
553.228	-4.534	-0.465
554.228	-4.534	-0.468
555.228	-4.535	-0.468
556.228	-4.535	-0.467
557.228	-4.534	-0.467
558.228	-4.535	-0.466
559.228	-4.535	-0.466
560.228	-4.535	-0.468
561.228	-4.535	-0.468
562.228	-4.535	-0.468
563.228	-4.535	-0.468
564.228	-4.535	-0.468
565.228	-4.535	-0.467
566.228	-4.535	-0.468
567.228	-4.535	-0.469
568.228	-4.535	-0.469
569.228	-4.535	-0.468
570.228	-4.535	-0.467
571.228	-4.535	-0.467
572.228	-4.535	-0.469
573.228	-4.535	-0.470
574.228	-4.535	-0.469
575.228	-4.535	-0.470
576.228	-4.535	-0.468
577.228	-4.535	-0.469
578.228	-4.535	-0.469
579.228	-4.535	-0.470
580.228	-4.535	-0.470
581.228	-4.535	-0.469
582.228	-4.535	-0.468
583.228	-4.535	-0.469
584.228	-4.534	-0.468
585.228	-4.534	-0.470
586.228	-4.535	-0.471
587.228	-4.534	-0.469
588.228	-4.535	-0.469
589.228	-4.535	-0.469
590.228	-4.535	-0.470
591.228	-4.535	-0.470
592.228	-4.535	-0.470
593.228	-4.534	-0.470
594.228	-4.535	-0.471
595.228	-4.535	-0.471
596.228	-4.535	-0.471
597.228	-4.535	-0.471
598.228	-4.535	-0.471
599.228	-4.535	-0.471
600.228	-4.535	-0.470
601.228	-4.535	-0.469
602.228	-4.535	-0.471
603.228	-4.534	-0.472
604.228	-4.535	-0.472
605.228	-4.534	-0.471
606.228	-4.534	-0.472
607.228	-4.534	-0.471
608.228	-4.535	-0.471
609.228	-4.534	-0.472
610.228	-4.534	-0.473
611.228	-4.535	-0.472
612.228	-4.534	-0.472
613.228	-4.535	-0.471
614.228	-4.535	-0.473
615.228	-4.534	-0.473
616.228	-4.534	-0.472
617.228	-4.535	-0.473
618.228	-4.535	-0.471
619.228	-4.535	-0.472
620.228	-4.534	-0.472
621.228	-4.534	-0.473
622.228	-4.534	-0.472
623.228	-4.534	-0.474
624.228	-4.534	-0.473
625.228	-4.534	-0.473
626.228	-4.535	-0.472
627.228	-4.534	-0.472
628.228	-4.534	-0.473
629.228	-4.534	-0.473
630.228	-4.535	-0.473
631.228	-4.535	-0.472
632.228	-4.535	-0.473
633.228	-4.534	-0.473
634.228	-4.534	-0.473
635.228	-4.534	-0.472
636.228	-4.535	-0.473
637.228	-4.534	-0.473
638.228	-4.535	-0.474
639.228	-4.535	-0.474
640.228	-4.535	-0.473
641.228	-4.535	-0.474
642.228	-4.534	-0.474
643.228	-4.534	-0.473
644.228	-4.534	-0.474
645.228	-4.534	-0.475
646.228	-4.534	-0.475
647.228	-4.534	-0.475
648.228	-4.534	-0.475
649.228	-4.534	-0.473
650.228	-4.534	-0.475
651.228	-4.534	-0.475
652.228	-4.534	-0.475
653.228	-4.534	-0.475
654.228	-4.534	-0.475
655.228	-4.534	-0.475
656.228	-4.534	-0.474
657.228	-4.534	-0.475
658.228	-4.534	-0.476
659.228	-4.534	-0.475
660.228	-4.534	-0.475
661.228	-4.534	-0.475
662.228	-4.534	-0.475
663.228	-4.534	-0.475
664.228	-4.534	-0.476
665.228	-4.534	-0.476
666.228	-4.534	-0.476
667.228	-4.534	-0.475
668.228	-4.534	-0.475
669.228	-4.534	-0.475
670.228	-4.534	-0.475
671.228	-4.534	-0.477
672.228	-4.534	-0.477
673.228	-4.534	-0.475
674.228	-4.535	-0.475
675.228	-4.534	-0.476
676.228	-4.534	-0.477
677.228	-4.534	-0.478
678.228	-4.534	-0.476
679.228	-4.534	-0.476
680.228	-4.534	-0.477
681.228	-4.534	-0.477
682.228	-4.534	-0.476
683.228	-4.534	-0.478
684.228	-4.534	-0.477
685.228	-4.534	-0.477
686.228	-4.534	-0.476
687.228	-4.534	-0.476
688.228	-4.534	-0.477
689.228	-4.534	-0.477
690.228	-4.534	-0.477
691.228	-4.534	-0.477
692.228	-4.534	-0.477
693.228	-4.534	-0.476
694.228	-4.534	-0.478
695.228	-4.534	-0.479
696.228	-4.534	-0.479
697.228	-4.534	-0.477
698.228	-4.534	-0.479
699.228	-4.534	-0.477
700.228	-4.534	-0.477
701.228	-4.534	-0.478
702.228	-4.534	-0.479
703.228	-4.534	-0.478
704.228	-4.534	-0.479
705.228	-4.534	-0.479
706.228	-4.534	-0.477
707.228	-4.534	-0.478
708.228	-4.534	-0.477
709.228	-4.534	-0.478
710.228	-4.535	-0.479
711.228	-4.534	-0.478
712.228	-4.534	-0.479
713.228	-4.534	-0.479
714.228	-4.534	-0.480
715.228	-4.534	-0.479
716.228	-4.535	-0.478
717.228	-4.534	-0.479
718.228	-4.535	-0.480
719.228	-4.534	-0.479
720.228	-4.535	-0.480
721.228	-4.534	-0.480
722.228	-4.535	-0.479
723.228	-4.535	-0.479
724.228	-4.535	-0.479
725.228	-4.535	-0.479
726.228	-4.535	-0.480
727.228	-4.535	-0.480
728.228	-4.534	-0.480
729.228	-4.534	-0.479
730.228	-4.534	-0.481
731.228	-4.535	-0.480
732.228	-4.535	-0.480
733.228	-4.535	-0.481
734.228	-4.534	-0.479
735.228	-4.534	-0.479
736.228	-4.535	-0.480
737.228	-4.535	-0.480
738.228	-4.534	-0.481
739.228	-4.535	-0.480
740.228	-4.535	-0.480
741.228	-4.535	-0.480
742.228	-4.534	-0.481
743.228	-4.535	-0.481
744.228	-4.535	-0.480
745.228	-4.535	-0.481
746.228	-4.535	-0.479
747.228	-4.535	-0.479
748.228	-4.535	-0.481
749.228	-4.535	-0.482
750.228	-4.535	-0.481
751.228	-4.535	-0.481
752.228	-4.535	-0.481
753.228	-4.535	-0.481
754.228	-4.535	-0.482
755.228	-4.535	-0.482
756.228	-4.535	-0.482
757.228	-4.535	-0.481
758.228	-4.535	-0.481
759.228	-4.535	-0.482
760.228	-4.535	-0.482
761.228	-4.535	-0.482
762.228	-4.535	-0.483
763.228	-4.535	-0.483
764.228	-4.535	-0.481
765.228	-4.535	-0.482
766.228	-4.535	-0.482
767.228	-4.535	-0.483
768.228	-4.535	-0.482
769.228	-4.535	-0.483
770.228	-4.535	-0.482
771.228	-4.535	-0.482
772.228	-4.535	-0.483
773.228	-4.535	-0.483
774.228	-4.535	-0.485
775.228	-4.535	-0.482
776.228	-4.535	-0.482
777.228	-4.535	-0.482
778.228	-4.535	-0.483
779.228	-4.535	-0.484
780.228	-4.535	-0.484
781.228	-4.535	-0.484
782.228	-4.535	-0.482
783.228	-4.535	-0.483
784.228	-4.535	-0.483
785.228	-4.535	-0.483
786.228	-4.535	-0.483
787.228	-4.535	-0.484
788.228	-4.535	-0.483
789.228	-4.535	-0.484
790.228	-4.535	-0.484
791.228	-4.535	-0.485
792.228	-4.535	-0.485
793.228	-4.535	-0.483
794.228	-4.535	-0.484
795.228	-4.535	-0.484
796.228	-4.535	-0.484
797.228	-4.535	-0.483
798.228	-4.535	-0.484
799.228	-4.535	-0.484
800.228	-4.535	-0.484
801.228	-4.535	-0.483
802.228	-4.535	-0.484
803.228	-4.535	-0.485
804.228	-4.535	-0.486
805.228	-4.535	-0.485
806.228	-4.535	-0.485
807.228	-4.535	-0.483
808.228	-4.535	-0.483
809.228	-4.535	-0.485
810.228	-4.535	-0.485
811.228	-4.535	-0.485
812.228	-4.535	-0.484
813.228	-4.535	-0.485
814.228	-4.535	-0.485
815.228	-4.535	-0.484
816.228	-4.535	-0.485
817.228	-4.535	-0.484
818.228	-4.535	-0.485
819.228	-4.535	-0.485
820.228	-4.535	-0.486
821.228	-4.535	-0.485
822.228	-4.535	-0.487
823.228	-4.535	-0.486
824.228	-4.535	-0.486
825.228	-4.535	-0.486
826.228	-4.535	-0.485
827.228	-4.535	-0.486
828.228	-4.535	-0.486
829.228	-4.535	-0.486
830.228	-4.535	-0.485
831.228	-4.535	-0.485
832.228	-4.535	-0.486
833.228	-4.535	-0.487
834.228	-4.535	-0.488
835.228	-4.535	-0.485
836.228	-4.535	-0.486
837.228	-4.535	-0.485
838.228	-4.535	-0.486
839.228	-4.535	-0.485
840.228	-4.535	-0.487
841.228	-4.535	-0.487
