0.180	-414.773	0.073
0.680	-447.048	0.073
1.180	-11.876	0.072
2.180	-43.827	0.072
2.680	-19.148	0.072
3.180	-8.729	0.074
3.680	-3.598	0.072
4.180	-1.401	0.074
4.680	-0.519	0.073
5.180	-0.185	0.073
5.680	-0.063	0.074
6.180	-0.023	0.073
6.680	-0.008	0.074
7.180	-0.004	0.073
7.680	-0.002	0.073
8.180	-0.002	0.074
8.680	-0.003	0.073
9.180	-0.001	0.076
9.680	-0.002	0.074
10.180	-0.001	0.074
10.680	-0.002	0.074
11.180	-0.001	0.073
11.680	-0.001	0.074
12.180	-0.002	0.073
12.680	-0.001	0.074
13.180	-0.002	0.071
13.680	-0.002	0.074
14.180	-0.000	0.074
14.680	-0.001	0.074
15.180	-0.002	0.075
15.680	-0.001	0.074
16.180	-0.001	0.074
16.680	-0.001	0.075
17.180	-0.001	0.074
17.680	-0.001	0.074
18.180	-0.001	0.074
18.680	-0.002	0.075
19.180	-0.002	0.074
19.680	-0.001	0.073
20.180	-0.001	0.073
20.680	-0.002	0.073
21.180	-0.001	0.073
21.680	-0.002	0.072
22.180	-0.001	0.073
22.680	-0.001	0.073
23.180	-0.002	0.072
23.680	-0.002	0.075
24.180	-0.002	0.071
24.680	-0.002	0.074
25.180	-0.001	0.072
25.680	-0.001	0.074
26.180	-0.002	0.073
26.680	-0.000	0.073
27.180	-0.001	0.074
27.680	-0.002	0.072
28.180	-0.001	0.073
28.680	-0.001	0.075
29.180	-0.002	0.073
29.680	-0.002	0.074
30.180	-0.001	0.074
30.680	-0.002	0.073
31.180	-0.001	0.074
31.680	-0.001	0.072
32.180	-0.002	0.074
32.680	-0.002	0.075
33.180	-0.001	0.075
33.680	-0.002	0.073
34.180	-0.000	0.074
34.680	-0.002	0.074
35.180	-0.001	0.073
35.680	-0.001	0.075
36.180	-0.002	0.074
36.680	-0.002	0.073
37.180	-0.000	0.072
37.680	-0.002	0.072
38.180	-0.001	0.073
38.680	-0.000	0.072
39.180	-0.001	0.072
39.680	-0.001	0.072
40.180	-0.001	0.070
40.680	-0.001	0.073
41.180	-0.001	0.072
41.680	-0.001	0.073
42.180	-0.001	0.071
42.680	-0.002	0.072
43.180	-0.001	0.073
43.680	-0.002	0.073
44.180	0.000	0.072
44.680	-0.002	0.072
45.180	-0.001	0.072
45.680	-0.002	0.072
46.180	-0.001	0.072
46.680	-0.002	0.071
47.180	-0.001	0.073
47.680	-0.001	0.073
48.180	-0.001	0.071
48.680	-0.001	0.072
49.180	-0.001	0.073
49.680	-0.000	0.073
50.180	-0.000	0.073
50.680	-0.001	0.071
51.180	-0.001	0.071
51.680	-0.001	0.072
52.180	-0.000	0.072
52.680	-0.000	0.072
53.180	-0.000	0.073
53.680	-0.001	0.072
54.180	-0.001	0.072
54.680	-0.001	0.072
55.180	-0.000	0.073
55.680	-0.001	0.072
56.180	-0.001	0.072
56.680	-0.001	0.071
57.180	0.000	0.072
57.680	-0.001	0.072
58.180	-0.001	0.071
58.680	0.000	0.072
59.180	-0.001	0.071
59.680	-0.001	0.072
60.180	-0.001	0.070
60.680	-0.001	0.072
61.180	-0.001	0.072
61.680	-0.001	0.071
62.180	-0.001	0.073
62.680	-0.002	0.071
63.180	-0.000	0.071
63.680	-0.001	0.072
64.180	-0.000	0.073
64.680	-0.001	0.071
65.180	0.000	0.071
65.680	-0.001	0.072
66.180	0.000	0.070
66.680	-0.000	0.073
67.180	-0.001	0.072
67.680	-0.000	0.071
68.180	-0.001	0.073
68.680	-0.001	0.071
69.180	-0.000	0.073
69.680	-0.001	0.073
70.180	-0.001	0.072
70.680	-0.000	0.074
71.180	-0.001	0.071
71.680	-0.000	0.073
72.180	-0.000	0.071
72.680	-0.001	0.072
73.180	-0.001	0.072
73.680	-0.001	0.071
74.180	-0.001	0.072
74.680	0.000	0.071
75.180	-0.002	0.073
75.680	0.001	0.072
76.180	-0.001	0.071
76.680	-0.000	0.072
77.180	-0.001	0.070
77.680	-0.001	0.072
78.180	0.000	0.070
78.680	-0.001	0.071
79.180	0.001	0.071
79.680	-0.001	0.070
80.180	-0.000	0.071
80.680	-0.000	0.070
81.180	-0.001	0.072
81.680	-0.001	0.070
82.180	0.000	0.071
82.680	0.000	0.071
83.180	-0.000	0.070
83.680	-0.001	0.072
84.180	-0.000	0.072
84.680	-0.001	0.070
85.180	-0.001	0.071
85.680	-0.001	0.070
86.180	-0.001	0.072
86.680	-0.000	0.070
87.180	-0.000	0.072
87.680	-0.000	0.073
88.180	-0.001	0.073
88.680	-0.002	0.072
89.180	-0.000	0.072
89.680	-0.000	0.073
90.180	0.000	0.072
90.680	-0.000	0.072
91.180	-0.001	0.072
91.680	-0.001	0.072
92.180	-0.001	0.073
92.680	-0.001	0.071
93.180	-0.001	0.073
93.680	-0.001	0.072
94.180	-0.000	0.072
94.680	-0.001	0.073
95.180	-0.001	0.071
95.680	-0.001	0.072
96.180	-0.001	0.073
96.680	-0.001	0.072
97.180	-0.000	0.071
97.680	-0.000	0.073
98.180	-0.000	0.072
98.680	-0.001	0.072
99.180	-0.001	0.073
99.680	-0.000	0.072
100.180	-0.000	0.072
100.680	-0.000	0.073
101.180	-0.001	0.071
101.680	-0.001	0.072
102.180	-0.001	0.071
102.680	-0.001	0.074
103.180	-0.001	0.071
103.680	-0.001	0.073
104.180	-0.001	0.072
104.680	-0.000	0.072
105.180	-0.001	0.072
105.680	-0.001	0.072
106.180	-0.000	0.073
106.680	-0.000	0.073
107.180	-0.001	0.072
107.680	-0.001	0.071
108.180	-0.001	0.073
108.680	-0.001	0.071
109.180	-0.000	0.073
109.680	-0.001	0.071
110.180	-0.000	0.072
110.680	-0.001	0.073
111.180	-0.001	0.072
111.680	-0.001	0.072
112.180	-0.001	0.071
112.680	-0.001	0.072
113.180	-0.001	0.072
113.680	-0.001	0.074
114.180	-0.001	0.072
114.680	-0.000	0.074
115.180	-0.001	0.071
115.680	-0.001	0.073
116.180	-0.001	0.073
116.680	-0.001	0.073
117.180	0.000	0.073
117.680	-0.001	0.072
118.180	-0.000	0.073
118.680	-0.001	0.072
119.180	-0.001	0.073
119.680	-0.001	0.073
120.180	-0.000	0.072
120.680	-0.001	0.073
121.180	-0.001	0.072
121.680	-0.001	0.073
122.180	-0.001	0.073
122.680	-0.001	0.072
123.180	-0.001	0.072
123.680	-0.001	0.072
124.180	-0.001	0.073
124.680	0.000	0.073
125.180	-0.001	0.072
125.680	-0.001	0.071
126.180	0.001	0.073
126.680	-0.001	0.073
127.180	0.000	0.072
127.680	-0.000	0.073
128.180	-0.001	0.073
128.680	-0.000	0.072
129.180	0.001	0.073
129.680	-0.001	0.071
130.180	-0.001	0.073
130.680	0.000	0.070
131.180	0.001	0.073
131.680	0.000	0.072
132.180	0.000	0.071
132.680	0.000	0.072
133.180	-0.001	0.072
133.680	0.000	0.073
134.180	0.000	0.073
134.680	-0.000	0.072
135.180	0.000	0.073
135.680	0.000	0.073
136.180	0.000	0.074
136.680	-0.000	0.072
137.180	0.000	0.072
137.680	0.000	0.073
138.180	0.000	0.072
138.680	0.001	0.073
139.180	0.001	0.071
139.680	-0.000	0.073
140.180	-0.000	0.072
140.680	0.000	0.071
141.180	-0.000	0.074
141.680	-0.001	0.073
142.180	-0.000	0.074
142.680	0.001	0.072
143.180	-0.001	0.074
143.680	0.001	0.072
144.180	-0.000	0.074
144.680	0.000	0.072
145.180	0.000	0.072
145.680	-0.001	0.073
146.180	-0.000	0.073
146.680	-0.000	0.072
147.180	-0.000	0.074
147.680	-0.000	0.072
148.180	-0.000	0.074
148.680	-0.000	0.073
149.180	-0.000	0.074
149.680	-0.000	0.073
150.180	-0.000	0.073
150.680	-0.000	0.073
151.180	-0.000	0.073
151.680	-0.000	0.073
152.180	0.000	0.073
152.680	0.000	0.074
153.180	0.000	0.074
153.680	0.000	0.073
154.180	0.000	0.074
154.680	0.000	0.073
155.180	0.000	0.074
155.680	-0.000	0.074
156.180	0.000	0.073
156.680	0.000	0.073
157.180	0.000	0.073
157.680	-0.000	0.073
158.180	-0.000	0.072
158.680	-0.000	0.074
159.180	-0.000	0.073
159.680	-0.000	0.072
160.180	-0.000	0.073
160.680	-0.000	0.073
161.180	0.000	0.074
161.680	0.000	0.073
162.180	-0.000	0.074
162.680	-0.000	0.073
163.180	0.000	0.073
163.680	-0.000	0.074
164.180	-0.000	0.073
164.680	-0.000	0.073
165.180	-0.000	0.073
165.680	0.000	0.073
166.180	0.000	0.074
166.680	0.001	0.073
167.180	0.000	0.073
167.680	0.000	0.073
168.180	0.000	0.073
168.680	0.000	0.074
169.180	0.000	0.073
169.680	-0.000	0.073
170.180	-0.000	0.072
170.680	0.000	0.075
171.180	0.000	0.074
171.680	0.000	0.073
172.180	0.000	0.074
172.680	0.000	0.072
173.180	0.000	0.074
173.680	-0.000	0.073
174.180	0.000	0.073
174.680	0.000	0.073
175.180	0.000	0.072
175.680	0.000	0.074
176.180	0.001	0.072
176.680	0.001	0.074
177.180	0.001	0.073
177.680	0.001	0.075
178.180	0.000	0.073
178.680	0.001	0.073
179.180	0.000	0.074
179.680	0.001	0.072
180.180	0.000	0.073
180.680	0.000	0.075
181.180	0.000	0.073
181.680	-0.000	0.074
182.180	0.000	0.073
182.680	0.000	0.073
183.180	0.000	0.074
183.680	0.000	0.074
184.180	-0.000	0.075
184.680	-0.000	0.073
185.180	-0.000	0.075
185.680	0.000	0.073
186.180	0.000	0.074
186.680	0.000	0.073
187.180	0.001	0.073
187.680	0.000	0.073
188.180	-0.000	0.073
188.680	-0.000	0.074
189.180	-0.000	0.074
189.680	0.000	0.073
190.180	0.000	0.074
190.680	-0.000	0.073
191.180	0.000	0.075
191.680	0.000	0.073
192.180	0.001	0.074
192.680	0.001	0.074
193.180	0.000	0.074
193.680	0.001	0.075
194.180	0.000	0.073
194.680	0.000	0.075
195.180	0.000	0.076
195.680	-0.000	0.074
196.180	-0.000	0.073
196.680	-0.000	0.074
197.180	-0.001	0.075
197.680	0.001	0.074
198.180	0.001	0.075
198.680	0.000	0.075
199.180	-0.000	0.075
199.680	0.000	0.077
200.180	0.000	0.075
200.680	-0.000	0.076
201.180	0.000	0.075
201.680	0.001	0.075
202.180	0.000	0.076
202.680	0.000	0.075
203.180	-0.000	0.076
203.680	-0.000	0.074
204.180	-0.000	0.077
204.680	0.000	0.077
205.180	-0.000	0.076
205.680	-0.001	0.076
206.180	-0.000	0.075
206.680	-0.000	0.076
207.180	0.000	0.076
207.680	-0.000	0.075
208.180	-0.000	0.076
208.680	-0.000	0.077
209.180	-0.000	0.076
209.680	0.000	0.076
210.180	0.000	0.076
210.680	0.000	0.076
211.180	-0.000	0.075
211.680	0.000	0.076
212.180	0.000	0.075
212.680	-0.000	0.077
213.180	0.000	0.076
213.680	0.000	0.076
214.180	-0.000	0.077
214.680	-0.000	0.076
215.180	0.000	0.077
215.680	0.001	0.075
216.180	0.000	0.077
216.680	-0.000	0.075
217.180	-0.000	0.076
217.680	-0.000	0.076
218.180	-0.001	0.075
218.680	-0.000	0.078
219.180	0.001	0.076
219.680	-0.000	0.075
220.180	-0.001	0.077
220.680	-0.001	0.074
221.180	-0.000	0.076
221.680	0.000	0.076
222.180	-0.000	0.077
222.680	-0.000	0.075
223.180	-0.001	0.077
223.680	-0.000	0.076
224.180	0.001	0.076
224.680	-0.000	0.076
225.180	0.000	0.076
225.680	-0.000	0.076
226.180	-0.001	0.075
226.680	-0.001	0.076
227.180	0.001	0.076
227.680	0.000	0.076
228.180	-0.001	0.076
228.680	-0.000	0.076
229.180	0.000	0.076
229.680	0.000	0.076
230.180	-0.000	0.075
230.680	-0.000	0.077
231.180	-0.000	0.075
231.680	-0.000	0.076
232.180	-0.001	0.077
232.680	-0.001	0.076
233.180	-0.000	0.076
233.680	-0.000	0.074
234.180	-0.000	0.076
234.680	-0.000	0.076
235.180	-0.000	0.075
235.680	-0.000	0.077
236.180	0.000	0.075
236.680	0.000	0.077
237.180	-0.000	0.075
237.680	-0.000	0.076
238.180	-0.000	0.076
238.680	-0.000	0.076
239.180	-0.000	0.076
239.680	0.000	0.075
240.180	-0.000	0.077
240.680	-0.000	0.074
241.180	-0.000	0.076
241.680	-0.000	0.075
242.180	-0.000	0.075
242.680	-0.000	0.076
243.180	-0.000	0.074
243.680	-0.000	0.076
244.180	-0.000	0.077
244.680	-0.000	0.076
245.180	-0.000	0.076
245.680	-0.000	0.076
246.180	-0.000	0.076
246.680	-0.000	0.077
247.180	-0.000	0.076
247.680	-0.000	0.077
248.180	-0.000	0.075
248.680	-0.001	0.077
249.180	-0.000	0.075
249.680	-0.000	0.077
250.180	-0.000	0.077
250.680	-0.000	0.077
251.180	0.000	0.077
251.680	0.000	0.076
252.180	-0.000	0.077
252.680	-0.000	0.077
253.180	-0.000	0.076
253.680	-0.000	0.076
254.180	-0.001	0.076
254.680	-0.001	0.077
255.180	0.000	0.077
255.680	-0.000	0.076
256.180	-0.000	0.077
256.680	-0.000	0.076
257.180	0.000	0.077
257.680	-0.000	0.075
258.180	-0.001	0.077
258.680	-0.001	0.076
259.180	0.000	0.075
259.680	0.000	0.077
260.180	0.000	0.075
260.680	0.000	0.077
261.180	0.000	0.076
261.680	-0.000	0.077
262.180	0.000	0.076
262.680	-0.000	0.077
263.180	-0.000	0.077
263.680	-0.000	0.076
264.180	-0.000	0.076
264.680	-0.001	0.077
265.180	-0.000	0.076
265.680	-0.000	0.076
266.180	0.001	0.075
266.680	0.000	0.076
267.180	0.000	0.077
267.680	-0.000	0.077
268.180	-0.000	0.077
268.680	-0.000	0.076
269.180	-0.000	0.077
269.680	-0.000	0.076
270.180	-0.000	0.077
270.680	-0.000	0.076
271.180	-0.000	0.076
271.680	-0.000	0.076
272.180	-0.001	0.077
272.680	-0.000	0.077
273.180	-0.000	0.077
273.680	0.000	0.076
274.180	-0.001	0.077
274.680	-0.001	0.074
275.180	-0.000	0.075
275.680	0.000	0.076
276.180	-0.000	0.076
276.680	0.000	0.076
277.180	-0.000	0.077
277.680	-0.000	0.077
278.180	-0.001	0.077
278.680	-0.000	0.075
279.180	-0.000	0.077
279.680	0.002	0.076
280.180	-0.001	0.099
280.680	-0.000	0.069
281.180	0.001	0.075
281.680	0.000	0.093
282.180	0.000	0.076
282.680	-0.000	0.077
283.180	-0.000	0.076
283.680	-0.000	0.077
284.180	-0.000	0.077
284.680	-0.000	0.076
285.180	-0.000	0.077
285.680	-0.000	0.076
286.180	-0.000	0.075
286.680	-0.000	0.077
287.180	0.001	0.076
287.680	-0.000	0.076
288.180	-0.001	0.075
288.680	0.000	0.075
289.180	0.000	0.077
289.680	0.001	0.075
290.180	0.001	0.076
290.680	0.000	0.075
291.180	0.000	0.075
291.680	0.000	0.077
292.180	0.000	0.076
292.680	0.000	0.077
293.180	0.000	0.076
293.680	0.000	0.077
294.180	0.000	0.076
294.680	0.000	0.075
295.180	-0.000	0.077
295.680	-0.000	0.076
296.180	-0.000	0.077
296.680	-0.000	0.076
297.180	-0.000	0.076
297.680	0.000	0.075
298.180	-0.000	0.077
298.680	-0.000	0.078
299.180	0.000	0.076
299.680	-0.000	0.076
300.180	0.000	0.076
300.680	0.000	0.076
301.180	-0.000	0.077
301.680	-0.000	0.076
302.180	-0.000	0.077
302.680	0.000	0.077
303.180	0.001	0.075
303.680	0.000	0.076
304.180	0.001	0.076
304.680	0.001	0.077
305.180	0.001	0.075
305.680	-0.000	0.076
306.180	-0.001	0.076
306.680	-0.000	0.077
307.180	0.000	0.076
307.680	-0.000	0.075
308.180	0.000	0.076
308.680	-0.000	0.077
309.180	-0.000	0.077
309.680	-0.000	0.076
310.180	0.000	0.075
310.680	0.000	0.076
311.180	0.000	0.075
311.680	0.000	0.077
312.180	0.000	0.076
312.680	0.000	0.076
313.180	0.000	0.076
313.680	0.000	0.075
314.180	-0.000	0.076
314.680	0.000	0.075
315.180	0.000	0.076
315.680	0.000	0.075
316.180	0.001	0.077
316.680	0.001	0.077
317.180	0.000	0.075
317.680	0.000	0.076
318.180	0.001	0.076
318.680	0.001	0.077
319.180	0.001	0.077
319.680	0.000	0.075
320.180	-0.000	0.076
320.680	0.000	0.076
321.180	0.000	0.077
321.680	-0.000	0.075
322.180	-0.000	0.076
322.680	0.001	0.077
323.180	0.001	0.075
323.680	0.000	0.075
324.180	0.000	0.075
324.680	0.000	0.075
325.180	0.000	0.077
325.680	0.001	0.075
326.180	0.000	0.076
326.680	0.000	0.076
327.180	0.000	0.077
327.680	0.000	0.075
328.180	0.000	0.076
328.680	0.000	0.077
329.180	0.000	0.076
329.680	0.000	0.076
330.180	0.000	0.075
330.680	0.000	0.075
331.180	0.001	0.077
331.680	0.000	0.076
332.180	0.000	0.076
332.680	0.001	0.076
333.180	0.000	0.076
333.680	0.000	0.076
334.180	-0.000	0.076
334.680	0.001	0.076
335.180	0.000	0.076
335.680	0.000	0.076
336.180	0.000	0.075
336.680	0.000	0.076
337.180	0.000	0.075
337.680	0.000	0.075
338.180	0.000	0.078
338.680	0.000	0.075
339.180	0.000	0.077
339.680	0.000	0.075
340.180	0.000	0.077
340.680	0.001	0.076
341.180	0.001	0.075
341.680	0.000	0.076
342.180	0.001	0.076
342.680	0.001	0.077
343.180	0.001	0.075
343.680	-0.000	0.076
344.180	0.000	0.076
344.680	0.000	0.075
345.180	0.001	0.076
345.680	0.001	0.075
346.180	0.000	0.076
346.680	0.000	0.077
347.180	0.000	0.075
347.680	0.001	0.076
348.180	-0.000	0.075
348.680	0.001	0.076
349.180	0.001	0.077
349.680	-0.000	0.076
350.180	0.000	0.076
350.680	0.001	0.076
351.180	0.001	0.076
351.680	0.000	0.076
352.180	0.000	0.077
352.680	0.000	0.077
353.180	0.001	0.075
353.680	0.001	0.078
354.180	0.001	0.075
354.680	0.001	0.075
355.180	0.001	0.076
355.680	0.001	0.076
356.180	0.001	0.077
356.680	0.001	0.076
357.180	0.000	0.076
357.680	0.001	0.076
358.180	0.001	0.075
358.680	0.001	0.077
359.180	0.000	0.077
359.680	0.001	0.077
360.180	0.001	0.075
360.680	0.001	0.078
361.180	0.001	0.077
361.680	0.001	0.076
362.180	0.001	0.075
362.680	0.001	0.075
363.180	0.001	0.076
363.680	0.000	0.075
364.180	0.001	0.076
364.680	0.000	0.077
365.180	0.000	0.074
365.680	0.000	0.077
366.180	0.001	0.076
366.680	0.001	0.077
367.180	0.001	0.075
367.680	0.001	0.075
368.180	0.001	0.077
368.680	0.001	0.076
369.180	0.000	0.077
369.680	0.001	0.075
370.180	0.000	0.076
370.680	0.000	0.077
371.180	-0.000	0.076
371.680	0.000	0.077
372.180	0.000	0.075
372.680	0.001	0.077
373.180	0.001	0.075
373.680	0.001	0.076
374.180	0.001	0.077
374.680	0.001	0.076
375.180	0.001	0.077
375.680	0.000	0.075
376.180	0.000	0.077
376.680	0.000	0.076
377.180	0.000	0.076
377.680	0.000	0.076
378.180	0.000	0.076
378.680	0.000	0.075
379.180	0.001	0.076
379.680	0.000	0.077
380.180	0.000	0.076
380.680	0.000	0.076
381.180	0.000	0.076
381.680	0.000	0.078
382.180	0.000	0.077
382.680	0.000	0.076
383.180	0.000	0.076
383.680	0.001	0.076
384.180	0.000	0.076
384.680	0.001	0.076
385.180	0.000	0.076
385.680	0.000	0.076
386.180	0.000	0.077
386.680	0.000	0.076
387.180	0.000	0.077
387.680	0.001	0.075
388.180	0.001	0.076
388.680	0.001	0.077
389.180	0.000	0.076
389.680	0.000	0.077
390.180	0.000	0.076
390.680	0.001	0.077
391.180	0.000	0.076
391.680	0.000	0.076
392.180	0.000	0.076
392.680	0.001	0.076
393.180	0.002	0.077
393.680	0.001	0.075
394.180	0.001	0.077
394.680	0.001	0.076
395.180	0.001	0.077
395.680	0.001	0.076
396.180	0.001	0.076
396.680	0.001	0.076
397.180	0.001	0.076
397.680	0.001	0.076
398.180	0.001	0.076
398.680	0.001	0.076
399.180	0.001	0.077
399.680	0.001	0.074
400.180	0.001	0.078
400.680	0.001	0.075
401.180	0.000	0.076
401.680	0.001	0.077
402.180	0.001	0.076
402.680	0.000	0.076
403.180	0.001	0.075
403.680	0.001	0.077
404.180	0.001	0.076
404.680	0.001	0.075
405.180	0.001	0.076
405.680	0.001	0.077
406.180	0.001	0.077
406.680	0.001	0.077
407.180	0.001	0.077
407.680	0.001	0.076
408.180	0.001	0.076
408.680	0.001	0.077
409.180	-0.000	0.076
409.680	0.000	0.076
410.180	0.000	0.077
410.680	0.001	0.076
411.180	0.001	0.078
411.680	0.001	0.075
412.180	0.001	0.078
412.680	0.001	0.076
413.180	0.001	0.077
413.680	0.001	0.076
414.180	0.001	0.075
414.680	0.000	0.077
415.180	0.000	0.077
415.680	0.000	0.077
416.180	0.000	0.075
416.680	0.000	0.077
417.180	0.001	0.076
417.680	0.000	0.075
418.180	0.000	0.078
418.680	0.000	0.077
419.180	0.000	0.077
419.680	0.000	0.076
420.180	0.000	0.076
420.680	0.000	0.077
421.180	0.000	0.076
421.680	0.000	0.077
422.180	-0.000	0.077
422.680	0.000	0.077
423.180	0.001	0.076
423.680	0.001	0.077
424.180	0.001	0.077
424.680	0.000	0.076
425.180	0.001	0.077
425.680	0.001	0.076
426.180	0.000	0.078
426.680	-0.000	0.076
427.180	0.000	0.078
427.680	0.001	0.075
428.180	0.001	0.078
428.680	0.000	0.077
429.180	-0.000	0.075
429.680	0.000	0.077
430.180	0.000	0.077
430.680	0.000	0.078
431.180	0.001	0.076
431.680	0.000	0.078
432.180	0.001	0.077
432.680	0.001	0.077
433.180	0.000	0.075
433.680	0.000	0.078
434.180	0.000	0.075
434.680	0.001	0.078
435.180	0.001	0.077
435.680	0.000	0.076
436.180	0.000	0.077
436.680	0.000	0.076
437.180	0.000	0.078
437.680	0.000	0.076
438.180	0.000	0.078
438.680	0.001	0.079
439.180	0.000	0.079
439.680	0.000	0.079
440.180	0.000	0.079
440.680	0.000	0.079
441.180	0.000	0.077
441.680	0.000	0.080
442.180	0.001	0.079
442.680	0.000	0.079
443.180	0.000	0.080
443.680	0.000	0.079
444.180	0.001	0.079
444.680	0.001	0.078
445.180	0.001	0.078
445.680	0.001	0.079
446.180	0.000	0.079
446.680	0.000	0.080
447.180	0.000	0.079
447.680	0.000	0.079
448.180	0.001	0.078
448.680	0.001	0.079
449.180	0.000	0.079
449.680	0.001	0.078
450.180	0.001	0.080
450.680	0.001	0.079
451.180	0.000	0.079
451.680	0.000	0.078
452.180	0.000	0.079
452.680	0.000	0.079
453.180	0.000	0.078
453.680	0.000	0.080
454.180	0.001	0.077
454.680	-0.000	0.079
455.180	0.000	0.078
455.680	0.000	0.079
456.180	0.001	0.079
456.680	0.001	0.077
457.180	0.001	0.079
457.680	0.000	0.077
458.180	-0.000	0.078
458.680	0.001	0.079
459.180	0.000	0.076
459.680	-0.000	0.080
460.180	-0.000	0.076
460.680	-0.000	0.079
461.180	0.000	0.078
461.680	0.001	0.080
462.180	0.001	0.079
462.680	0.000	0.078
463.180	0.000	0.079
463.680	0.000	0.078
464.180	0.000	0.079
464.680	0.000	0.079
465.180	0.000	0.078
465.680	0.000	0.079
466.180	0.000	0.077
466.680	0.000	0.080
467.180	0.000	0.079
467.680	0.000	0.079
468.180	0.000	0.079
468.680	0.000	0.078
469.180	0.001	0.080
469.680	0.001	0.077
470.180	0.001	0.079
470.680	0.001	0.078
471.180	0.000	0.079
471.680	0.000	0.079
472.180	0.000	0.078
472.680	0.001	0.079
473.180	0.001	0.078
473.680	0.001	0.078
474.180	0.000	0.078
474.680	0.000	0.078
475.180	0.000	0.079
475.680	0.000	0.078
476.180	0.000	0.078
476.680	0.000	0.078
477.180	0.001	0.078
477.680	0.001	0.079
478.180	0.001	0.078
478.680	0.000	0.079
479.180	-0.000	0.079
479.680	0.001	0.078
480.180	0.001	0.078
480.680	0.000	0.078
481.180	0.000	0.079
481.680	0.000	0.078
482.180	0.001	0.079
482.680	0.000	0.079
483.180	0.001	0.077
483.680	0.000	0.079
484.180	0.000	0.078
484.680	0.000	0.079
485.180	0.001	0.078
485.680	0.000	0.079
486.180	0.000	0.077
486.680	0.004	0.077
487.180	0.000	0.059
487.680	0.001	0.078
488.180	0.000	0.078
488.680	0.000	0.079
489.180	0.000	0.078
489.680	0.001	0.079
490.180	0.001	0.077
490.680	0.000	0.079
491.180	0.000	0.077
491.680	0.000	0.077
492.180	0.000	0.078
492.680	0.000	0.078
493.180	0.000	0.079
493.680	0.000	0.078
494.180	0.000	0.078
494.680	0.000	0.079
495.180	0.000	0.078
495.680	0.000	0.079
496.180	-0.000	0.078
496.680	0.000	0.078
497.180	0.000	0.078
497.680	0.001	0.078
498.180	0.000	0.079
498.680	0.000	0.077
499.180	0.000	0.077
499.680	0.000	0.078
500.180	0.000	0.078
500.680	0.000	0.078
501.180	0.000	0.078
501.680	0.000	0.077
502.180	0.001	0.078
502.680	0.001	0.078
503.180	0.001	0.078
503.680	0.001	0.078
504.180	0.001	0.078
504.680	0.001	0.078
505.180	0.000	0.078
505.680	0.000	0.078
506.180	0.000	0.079
506.680	0.000	0.077
507.180	0.000	0.117
507.680	0.000	0.079
508.180	0.000	0.076
508.680	0.000	0.078
509.180	0.000	0.077
509.680	-0.000	0.079
510.180	0.000	0.078
510.680	0.001	0.079
511.180	0.000	0.080
511.680	0.000	0.077
512.180	0.000	0.077
512.680	0.000	0.078
513.180	0.000	0.079
513.680	0.001	0.079
514.180	0.001	0.077
514.680	0.001	0.078
515.180	0.001	0.078
515.680	0.001	0.078
516.180	0.001	0.078
516.680	0.000	0.078
517.180	0.000	0.079
517.680	0.001	0.078
518.180	0.000	0.079
518.680	0.000	0.078
519.180	0.001	0.080
519.680	0.001	0.078
520.180	0.001	0.078
520.680	0.001	0.078
521.180	0.001	0.077
521.680	0.001	0.078
522.180	0.000	0.078
522.680	0.000	0.077
523.180	0.001	0.079
523.680	0.001	0.078
524.180	0.001	0.079
524.680	0.000	0.078
525.180	0.000	0.077
525.680	0.000	0.078
526.180	0.000	0.077
526.680	0.000	0.078
527.180	0.000	0.077
527.680	0.001	0.080
528.180	0.001	0.077
528.680	0.000	0.079
529.180	0.000	0.078
529.680	0.000	0.078
530.180	0.001	0.078
530.680	0.001	0.078
531.180	0.000	0.078
531.680	0.001	0.078
532.180	0.000	0.078
532.680	0.000	0.080
533.180	0.000	0.077
533.680	0.000	0.079
534.180	0.000	0.078
534.680	0.000	0.077
535.180	0.000	0.079
535.680	0.000	0.077
536.180	0.001	0.078
536.680	0.000	0.078
537.180	0.001	0.078
537.680	0.000	0.078
538.180	-0.000	0.078
538.680	0.000	0.077
539.180	0.001	0.078
539.680	0.001	0.079
540.180	0.001	0.078
540.680	0.001	0.077
541.180	0.001	0.078
541.680	0.001	0.077
542.180	-0.000	0.079
542.680	0.000	0.078
543.180	0.000	0.077
543.680	0.000	0.078
544.180	0.001	0.078
544.680	0.000	0.078
545.180	0.000	0.078
545.680	0.001	0.078
546.180	0.001	0.078
546.680	0.001	0.077
547.180	0.001	0.078
547.680	0.000	0.079
548.180	0.001	0.079
548.680	0.001	0.076
549.180	0.001	0.078
549.680	0.001	0.078
550.180	0.000	0.079
550.680	0.001	0.079
551.180	0.000	0.077
551.680	0.001	0.079
552.180	0.001	0.077
552.680	0.001	0.078
553.180	0.001	0.079
553.680	0.001	0.079
554.180	0.001	0.078
554.680	0.000	0.077
555.180	0.000	0.079
555.680	0.000	0.077
556.180	0.000	0.078
556.680	0.000	0.078
557.180	0.001	0.078
557.680	-0.000	0.079
558.180	0.000	0.077
558.680	0.001	0.080
559.180	0.001	0.078
559.680	0.001	0.079
560.180	0.000	0.078
560.680	0.000	0.078
561.180	0.000	0.079
561.680	0.000	0.078
562.180	0.000	0.078
562.680	0.000	0.078
563.180	0.000	0.078
563.680	0.000	0.079
564.180	0.001	0.077
564.680	0.000	0.080
565.180	0.001	0.079
565.680	0.001	0.078
566.180	-0.000	0.078
566.680	0.001	0.078
567.180	0.000	0.078
567.680	0.000	0.078
568.180	0.000	0.079
568.680	0.001	0.078
569.180	0.000	0.078
569.680	0.000	0.078
570.180	0.000	0.078
570.680	0.001	0.079
571.180	0.000	0.077
571.680	0.000	0.079
572.180	0.001	0.078
572.680	0.000	0.077
573.180	0.001	0.078
573.680	0.001	0.078
574.180	0.001	0.079
574.680	0.000	0.078
575.180	0.000	0.079
575.680	0.001	0.079
576.180	0.001	0.077
576.680	0.001	0.079
577.180	0.000	0.078
577.680	0.000	0.078
578.180	0.000	0.079
578.680	0.000	0.077
579.180	0.001	0.079
579.680	0.001	0.078
580.180	0.001	0.079
580.680	0.001	0.078
581.180	0.001	0.078
581.680	0.001	0.078
582.180	0.001	0.079
582.680	0.001	0.078
583.180	0.001	0.078
583.680	0.001	0.079
584.180	0.001	0.077
584.680	0.001	0.079
585.180	0.001	0.077
585.680	0.001	0.078
586.180	0.001	0.078
586.680	0.001	0.077
587.180	0.001	0.078
587.680	0.000	0.077
588.180	0.001	0.079
588.680	0.001	0.078
589.180	0.001	0.078
589.680	0.001	0.078
590.180	0.001	0.079
590.680	0.001	0.078
591.180	0.001	0.078
591.680	0.001	0.076
592.180	0.000	0.078
592.680	0.000	0.077
593.180	0.000	0.079
593.680	0.001	0.079
594.180	0.000	0.078
594.680	0.001	0.078
595.180	0.001	0.079
595.680	0.001	0.078
596.180	0.000	0.078
596.680	0.001	0.079
597.180	0.001	0.078
597.680	0.001	0.078
598.180	0.000	0.077
598.680	0.001	0.078
599.180	0.001	0.078
599.680	0.001	0.079
600.180	0.000	0.079
600.680	0.000	0.079
601.180	0.000	0.079
601.680	0.001	0.077
602.180	0.001	0.078
602.680	0.001	0.079
603.180	0.001	0.077
603.680	0.001	0.079
604.180	0.001	0.076
604.680	0.001	0.078
605.180	0.000	0.078
605.680	0.001	0.078
606.180	0.001	0.079
606.680	0.001	0.078
607.180	0.001	0.079
607.680	0.001	0.078
608.180	0.001	0.078
608.680	0.001	0.078
609.180	0.000	0.080
609.680	-0.000	0.078
610.180	0.000	0.077
610.680	0.001	0.079
611.180	0.001	0.076
611.680	0.001	0.078
612.180	0.001	0.079
612.680	0.000	0.079
613.180	0.000	0.078
613.680	0.000	0.078
614.180	0.001	0.079
614.680	0.000	0.078
615.180	0.000	0.079
615.680	0.001	0.078
616.180	0.001	0.078
616.680	0.001	0.079
617.180	0.000	0.078
617.680	0.000	0.079
618.180	0.001	0.078
618.680	0.000	0.078
619.180	0.000	0.079
619.680	-0.000	0.077
620.180	0.000	0.078
620.680	0.001	0.078
621.180	0.001	0.078
621.680	0.000	0.078
622.180	-0.000	0.077
622.680	0.000	0.078
623.180	0.000	0.077
623.680	0.001	0.079
624.180	0.001	0.077
624.680	0.001	0.077
625.180	0.000	0.079
625.680	0.001	0.078
626.180	0.000	0.078
626.680	0.001	0.079
627.180	0.000	0.079
627.680	0.001	0.079
628.180	0.001	0.077
628.680	0.001	0.080
629.180	0.000	0.079
629.680	0.001	0.080
630.180	0.000	0.078
630.680	0.000	0.079
631.180	0.001	0.077
631.680	0.000	0.077
632.180	0.000	0.078
632.680	0.000	0.078
633.180	0.000	0.080
633.680	0.000	0.079
634.180	0.000	0.078
634.680	0.000	0.078
635.180	0.000	0.078
635.680	0.000	0.079
636.180	0.000	0.078
636.680	0.000	0.078
637.180	0.000	0.078
637.680	0.001	0.077
638.180	0.000	0.079
638.680	0.001	0.079
639.180	0.001	0.079
639.680	0.001	0.078
640.180	-0.000	0.078
640.680	-0.000	0.078
641.180	0.001	0.077
641.680	0.001	0.080
642.180	0.000	0.078
642.680	0.000	0.077
643.180	0.000	0.079
643.680	0.001	0.079
644.180	0.001	0.080
644.680	0.001	0.077
645.180	0.001	0.078
645.680	0.001	0.078
646.180	0.001	0.078
646.680	0.000	0.078
647.180	0.001	0.077
647.680	0.000	0.080
648.180	0.001	0.078
648.680	0.001	0.078
649.180	0.001	0.079
649.680	0.000	0.078
650.180	0.000	0.078
650.680	0.000	0.078
651.180	0.000	0.079
651.680	0.000	0.079
652.180	0.001	0.078
652.680	0.001	0.079
653.180	0.001	0.078
653.680	0.000	0.080
654.180	0.000	0.078
654.680	0.000	0.078
655.180	0.000	0.079
655.680	0.000	0.076
656.180	0.001	0.078
656.680	0.001	0.078
657.180	0.001	0.079
657.680	0.001	0.077
658.180	0.001	0.078
658.680	0.001	0.079
659.180	0.001	0.078
659.680	0.000	0.079
660.180	0.001	0.078
660.680	0.001	0.077
661.180	0.000	0.078
661.680	0.000	0.078
662.180	0.001	0.079
662.680	0.001	0.077
663.180	0.001	0.080
663.680	0.001	0.078
664.180	0.001	0.077
664.680	0.001	0.078
665.180	0.001	0.077
665.680	0.001	0.079
666.180	0.001	0.079
666.680	0.001	0.078
667.180	0.001	0.079
667.680	0.001	0.077
668.180	0.001	0.078
668.680	0.001	0.079
669.180	0.001	0.078
669.680	0.001	0.079
670.180	0.001	0.078
670.680	0.001	0.078
671.180	0.001	0.077
671.680	0.001	0.079
672.180	0.001	0.077
672.680	0.001	0.079
673.180	0.001	0.079
673.680	0.001	0.078
674.180	0.001	0.079
674.680	0.001	0.078
675.180	0.001	0.078
675.680	0.001	0.078
676.180	0.001	0.079
676.680	0.001	0.078
677.180	0.001	0.079
677.680	0.001	0.078
678.180	0.001	0.077
678.680	0.001	0.079
679.180	0.001	0.078
679.680	0.000	0.078
680.180	0.000	0.078
680.680	0.000	0.077
681.180	0.000	0.079
681.680	0.001	0.079
682.180	0.001	0.079
682.680	0.001	0.079
683.180	0.001	0.078
683.680	0.000	0.079
684.180	0.000	0.077
684.680	0.000	0.080
685.180	0.001	0.078
685.680	0.000	0.078
686.180	0.000	0.078
686.680	0.001	0.078
687.180	0.000	0.079
687.680	0.000	0.078
688.180	0.000	0.079
688.680	0.000	0.078
689.180	0.000	0.078
689.680	0.000	0.080
690.180	0.001	0.078
690.680	0.001	0.078
691.180	0.001	0.078
691.680	0.001	0.078
692.180	0.000	0.079
692.680	0.000	0.078
693.180	0.000	0.079
693.680	0.000	0.078
694.180	0.000	0.080
694.680	0.000	0.078
695.180	-0.000	0.078
695.680	0.000	0.078
696.180	0.000	0.079
696.680	0.000	0.079
697.180	0.001	0.078
697.680	0.000	0.078
698.180	0.000	0.079
698.680	0.000	0.078
699.180	0.000	0.079
699.680	0.000	0.078
700.180	0.000	0.079
700.680	0.000	0.078
701.180	0.001	0.079
701.680	0.001	0.079
702.180	0.001	0.078
702.680	0.001	0.080
703.180	0.001	0.078
703.680	0.001	0.080
704.180	0.001	0.079
704.680	0.001	0.079
705.180	0.001	0.079
705.680	0.001	0.079
706.180	0.001	0.081
706.680	0.000	0.079
707.180	0.000	0.078
707.680	0.001	0.079
708.180	0.001	0.079
708.680	0.000	0.079
709.180	0.000	0.078
709.680	0.000	0.079
710.180	0.000	0.078
710.680	0.001	0.078
711.180	0.001	0.079
711.680	0.001	0.078
712.180	0.001	0.079
712.680	0.001	0.079
713.180	0.001	0.078
713.680	0.001	0.079
714.180	0.001	0.078
714.680	0.001	0.079
715.180	0.001	0.078
715.680	0.001	0.079
716.180	0.001	0.079
716.680	0.001	0.079
717.180	0.001	0.079
717.680	0.000	0.079
718.180	0.001	0.080
718.680	0.001	0.079
719.180	0.000	0.080
719.680	0.001	0.078
720.180	0.001	0.079
720.680	0.001	0.079
721.180	0.001	0.079
721.680	0.001	0.079
722.180	0.001	0.079
722.680	0.001	0.079
723.180	0.001	0.079
723.680	0.001	0.079
724.180	0.001	0.080
724.680	0.001	0.079
725.180	0.001	0.079
725.680	0.001	0.080
726.180	0.000	0.079
726.680	0.001	0.080
727.180	0.001	0.080
727.680	0.001	0.080
728.180	0.001	0.081
728.680	0.001	0.080
729.181	0.001	0.081
729.680	0.000	0.079
730.180	0.000	0.080
730.680	0.001	0.079
731.180	0.001	0.080
731.680	0.001	0.080
732.180	0.001	0.079
732.680	0.001	0.081
733.180	0.001	0.079
733.680	0.001	0.081
734.180	0.001	0.081
734.680	0.000	0.078
735.180	0.000	0.082
735.680	0.000	0.080
736.180	0.001	0.081
736.680	0.001	0.079
737.180	0.001	0.080
737.680	0.001	0.079
738.180	0.000	0.080
738.680	0.001	0.081
739.180	0.002	0.080
739.680	0.000	0.080
740.180	0.001	0.080
740.680	0.001	0.080
741.180	0.001	0.080
741.680	0.001	0.080
742.180	0.001	0.080
742.680	0.001	0.079
743.180	0.001	0.080
743.680	0.001	0.079
744.180	0.001	0.081
744.680	0.001	0.081
745.180	0.001	0.080
745.680	0.001	0.080
746.180	0.001	0.079
746.680	0.001	0.079
747.180	0.001	0.080
747.680	0.001	0.080
748.180	0.001	0.080
748.680	0.001	0.080
749.180	0.000	0.080
749.680	0.000	0.080
750.180	0.000	0.079
750.680	0.002	0.080
751.180	0.000	0.080
751.680	-0.000	0.080
752.180	0.002	0.080
752.680	0.000	0.081
753.180	0.000	0.080
753.680	0.001	0.080
754.180	0.001	0.081
754.680	0.000	0.080
755.180	0.001	0.080
755.680	0.001	0.080
756.180	0.001	0.078
756.680	0.001	0.081
757.180	0.001	0.079
757.680	0.001	0.080
758.180	0.001	0.079
758.680	-0.000	0.080
759.180	0.001	0.080
759.680	0.001	0.080
760.180	0.001	0.080
760.680	0.001	0.080
761.180	0.001	0.080
761.680	0.001	0.080
762.180	0.001	0.082
762.680	0.000	0.080
763.180	0.001	0.078
763.680	0.001	0.081
764.180	0.001	0.079
764.680	0.001	0.082
765.180	0.001	0.078
765.680	0.001	0.080
766.180	0.001	0.080
766.680	0.001	0.081
767.180	0.000	0.080
767.680	0.000	0.079
768.180	0.000	0.082
768.680	0.000	0.079
769.180	0.000	0.080
769.680	0.001	0.079
770.180	0.001	0.081
770.680	0.001	0.081
771.180	0.001	0.078
771.680	0.001	0.081
772.180	0.000	0.079
772.680	0.001	0.080
773.180	0.001	0.080
773.680	0.001	0.080
774.180	0.000	0.080
774.680	0.000	0.078
775.180	0.000	0.080
775.680	0.001	0.079
776.180	0.001	0.079
776.680	0.000	0.081
777.180	0.000	0.080
777.680	0.000	0.080
778.180	0.000	0.079
778.680	0.000	0.079
779.180	0.001	0.081
779.680	0.001	0.079
780.180	0.001	0.080
780.680	0.001	0.079
781.180	0.001	0.081
781.680	0.001	0.080
782.180	0.001	0.080
782.680	0.000	0.081
783.180	-0.000	0.079
783.680	0.000	0.080
784.180	0.001	0.080
784.680	-0.000	0.080
785.180	-0.001	0.080
785.680	0.001	0.079
786.180	0.001	0.080
786.680	-0.000	0.079
787.180	0.001	0.080
787.680	-0.000	0.081
788.180	-0.000	0.081
788.680	0.000	0.080
789.180	0.001	0.079
789.680	0.000	0.080
790.180	0.000	0.080
790.680	0.000	0.079
791.180	0.001	0.081
791.680	0.001	0.080
792.180	0.000	0.080
792.680	0.000	0.081
793.180	0.000	0.080
793.680	0.000	0.079
794.180	0.000	0.081
794.680	0.000	0.081
795.180	0.000	0.080
795.680	0.000	0.080
796.180	-0.000	0.079
796.680	0.000	0.079
797.180	0.000	0.080
797.680	0.000	0.079
798.180	0.000	0.081
798.680	0.000	0.079
799.180	0.000	0.081
799.680	0.000	0.080
800.180	0.000	0.080
800.680	-0.000	0.080
801.180	0.000	0.079
801.680	0.000	0.081
802.180	0.000	0.079
802.680	-0.000	0.080
803.180	0.000	0.080
803.680	0.000	0.080
804.180	-0.000	0.079
804.680	0.000	0.080
805.180	0.000	0.081
805.680	0.000	0.079
806.180	0.000	0.080
806.680	0.001	0.080
807.180	0.000	0.079
807.680	0.001	0.080
808.180	0.000	0.079
808.680	0.000	0.080
809.180	0.000	0.081
809.680	0.000	0.079
810.180	-0.000	0.081
810.680	0.000	0.079
811.180	0.001	0.081
811.680	0.000	0.080
812.180	-0.001	0.080
812.680	0.001	0.081
813.180	0.001	0.080
813.680	-0.000	0.080
814.180	0.000	0.079
814.680	0.000	0.081
815.180	0.001	0.080
815.680	0.001	0.079
816.180	0.001	0.080
816.680	0.001	0.080
817.180	0.001	0.080
817.680	0.001	0.079
818.180	0.000	0.079
818.680	0.000	0.080
819.180	0.000	0.080
819.680	0.000	0.080
820.180	0.000	0.079
820.680	0.000	0.081
821.180	0.000	0.079
821.680	0.000	0.079
822.180	0.000	0.079
822.680	0.001	0.080
823.180	0.002	0.081
823.680	0.001	0.079
824.180	0.001	0.080
824.680	0.001	0.080
825.180	0.001	0.080
825.680	0.001	0.080
826.180	0.001	0.079
826.680	0.001	0.080
827.180	0.001	0.079
827.680	0.000	0.081
828.180	0.000	0.079
828.680	0.002	0.079
829.180	0.001	0.080
829.680	0.001	0.080
830.180	0.001	0.080
830.680	0.001	0.080
831.180	0.001	0.079
831.680	0.001	0.080
832.180	0.001	0.080
832.680	0.001	0.080
833.180	0.001	0.080
833.680	0.001	0.081
834.180	0.001	0.080
834.680	0.001	0.079
835.180	0.001	0.081
835.680	0.001	0.080
836.180	0.001	0.081
836.680	0.000	0.080
837.180	0.000	0.080
837.680	0.000	0.080
838.180	0.000	0.079
838.680	0.001	0.079
839.180	0.001	0.080
839.680	0.001	0.080
840.180	0.000	0.080
840.680	0.000	0.079
841.180	0.000	0.082
841.680	0.001	0.080
842.180	0.001	0.081
842.680	0.001	0.080
843.180	0.000	0.080
843.680	0.000	0.081
844.180	-0.000	0.081
844.680	-0.000	0.082
845.180	0.000	0.079
845.680	0.001	0.080
846.180	0.000	0.080
846.680	0.000	0.080
847.180	0.000	0.080
847.680	0.000	0.079
848.180	0.000	0.082
848.680	0.000	0.079
849.180	0.001	0.080
849.680	0.001	0.080
850.180	0.001	0.079
850.680	0.000	0.081
851.180	0.000	0.081
851.680	0.000	0.080
852.180	0.001	0.081
852.680	0.000	0.078
853.180	-0.000	0.080
853.680	-0.000	0.080
854.180	-0.000	0.082
854.680	0.001	0.079
855.180	0.001	0.080
855.680	0.000	0.081
856.180	-0.000	0.082
856.680	0.000	0.081
857.180	0.000	0.080
857.680	0.000	0.081
858.180	0.000	0.080
858.680	-0.000	0.080
859.180	-0.000	0.082
859.680	-0.000	0.079
860.180	0.001	0.080
860.680	0.001	0.079
861.180	-0.001	0.080
861.680	0.001	0.080
862.180	0.000	0.081
862.680	0.001	0.081
863.180	0.001	0.080
863.680	0.001	0.079
864.180	0.001	0.080
864.680	0.000	0.080
865.180	0.001	0.081
865.680	0.001	0.079
866.180	0.001	0.082
866.680	0.001	0.079
867.180	0.001	0.081
867.680	0.000	0.080
868.180	0.000	0.079
868.680	0.000	0.080
869.180	0.000	0.079
869.680	0.000	0.082
870.180	0.000	0.079
870.680	0.000	0.081
871.180	0.000	0.081
871.680	0.000	0.080
872.180	0.001	0.080
872.680	-0.000	0.081
873.180	0.001	0.081
873.680	0.001	0.080
874.180	-0.000	0.080
874.680	0.000	0.081
875.180	0.001	0.081
875.680	0.001	0.082
876.180	0.000	0.079
876.680	-0.000	0.079
877.180	0.000	0.081
877.680	0.001	0.081
878.180	0.001	0.081
878.680	0.001	0.080
879.180	-0.000	0.079
879.680	0.000	0.079
880.180	0.001	0.080
880.680	0.000	0.081
881.180	0.001	0.080
881.680	0.000	0.081
882.180	-0.000	0.080
882.680	-0.000	0.081
883.180	0.001	0.081
883.680	-0.000	0.079
884.180	0.000	0.080
884.680	0.001	0.079
885.180	0.000	0.079
885.680	0.000	0.081
886.180	0.000	0.080
886.680	0.001	0.080
887.180	0.001	0.081
887.680	0.001	0.080
888.180	0.001	0.080
888.680	0.001	0.079
889.180	0.001	0.080
889.680	0.000	0.079
890.180	0.000	0.080
890.680	0.000	0.079
891.180	0.000	0.082
891.680	0.001	0.080
892.180	0.001	0.081
892.680	0.001	0.080
893.180	0.001	0.080
893.680	0.001	0.080
894.180	0.001	0.080
894.680	0.001	0.080
895.180	0.001	0.080
895.680	0.000	0.080
896.180	0.000	0.081
896.680	0.001	0.080
897.180	0.000	0.080
897.680	0.000	0.081
898.180	0.000	0.080
898.680	-0.000	0.082
899.180	0.001	0.080
899.680	0.001	0.080
900.180	0.001	0.080
900.680	0.000	0.080
901.180	0.000	0.081
901.680	-0.000	0.080
902.180	0.000	0.080
902.680	0.001	0.079
903.180	0.001	0.082
903.680	-0.000	0.080
904.180	0.001	0.080
904.680	0.002	0.081
905.180	0.001	0.082
905.680	0.001	0.080
906.180	0.001	0.080
906.680	0.001	0.082
907.180	0.001	0.081
907.680	0.001	0.081
908.180	0.000	0.081
908.680	0.001	0.081
909.180	0.001	0.080
909.680	0.001	0.081
910.180	0.001	0.080
910.680	0.001	0.082
911.180	0.000	0.080
911.680	0.000	0.081
912.180	0.000	0.080
912.680	0.000	0.081
913.180	0.000	0.080
913.680	0.000	0.081
914.180	0.001	0.081
914.680	0.000	0.082
915.180	0.001	0.080
915.680	0.000	0.082
916.180	0.000	0.080
916.680	0.000	0.079
917.180	0.000	0.081
917.680	0.000	0.080
918.180	0.001	0.081
918.680	0.001	0.081
919.180	0.001	0.080
919.680	0.001	0.081
920.180	0.001	0.079
920.680	0.001	0.082
921.180	0.001	0.079
921.680	0.001	0.081
922.180	0.000	0.080
922.680	0.000	0.081
923.180	0.000	0.081
923.680	0.000	0.081
924.180	0.001	0.081
924.680	0.001	0.079
925.180	0.000	0.081
925.680	0.001	0.081
926.180	0.001	0.080
926.680	0.001	0.080
927.180	0.001	0.080
927.680	0.001	0.081
928.180	0.001	0.081
928.680	0.001	0.080
929.180	0.000	0.080
929.680	0.000	0.081
930.180	0.001	0.080
930.680	0.001	0.080
931.180	0.000	0.082
931.680	0.000	0.079
932.180	0.000	0.080
932.680	0.001	0.079
933.180	0.002	0.081
933.680	0.000	0.080
934.180	0.001	0.078
934.680	0.001	0.081
935.180	0.001	0.081
935.680	0.000	0.081
936.180	0.000	0.081
936.680	0.000	0.080
937.180	0.000	0.082
937.680	0.000	0.079
938.180	0.000	0.080
938.680	0.000	0.080
939.180	0.000	0.081
939.680	-0.000	0.082
940.180	0.000	0.081
940.680	0.000	0.081
941.180	0.001	0.081
941.680	0.000	0.081
942.180	-0.000	0.081
942.680	0.000	0.081
943.180	0.001	0.081
943.680	0.001	0.080
944.180	0.001	0.081
944.680	0.000	0.081
945.180	0.000	0.081
945.680	0.001	0.081
946.180	0.001	0.081
946.680	0.001	0.081
947.180	0.001	0.080
947.680	0.001	0.081
948.180	0.000	0.081
948.680	0.001	0.081
949.180	0.001	0.081
949.680	0.001	0.080
950.180	-0.000	0.081
950.680	0.000	0.081
951.180	0.000	0.081
951.680	0.001	0.081
952.180	0.001	0.079
952.680	0.000	0.082
953.180	0.001	0.080
953.680	0.001	0.082
954.180	0.001	0.081
954.680	0.001	0.081
955.180	0.001	0.082
955.680	0.001	0.081
956.180	0.001	0.081
956.680	0.000	0.080
957.180	0.001	0.080
957.680	0.000	0.083
958.180	0.001	0.080
958.680	0.001	0.082
959.180	0.001	0.080
959.680	0.000	0.082
960.180	0.000	0.081
960.680	0.001	0.081
961.180	0.000	0.082
961.680	0.001	0.081
962.180	0.000	0.082
962.680	0.000	0.082
963.180	0.000	0.081
963.680	0.001	0.082
964.180	0.001	0.081
964.680	-0.000	0.082
965.180	0.000	0.081
965.680	0.001	0.082
966.180	0.001	0.080
966.680	0.001	0.081
967.180	0.001	0.082
967.680	0.001	0.081
968.180	0.001	0.082
968.680	0.001	0.081
969.180	0.001	0.081
969.680	0.000	0.082
970.180	0.000	0.080
970.680	0.000	0.081
971.180	-0.000	0.080
971.680	0.001	0.079
972.180	0.001	0.081
972.680	0.001	0.080
973.180	0.000	0.082
973.680	0.000	0.081
974.180	0.001	0.080
974.680	0.001	0.081
975.180	0.000	0.082
975.680	0.000	0.082
976.180	0.001	0.081
976.680	0.000	0.083
977.180	0.001	0.080
977.680	0.001	0.082
978.180	0.000	0.081
978.680	-0.000	0.080
979.180	0.001	0.082
979.680	0.001	0.081
980.180	0.000	0.082
980.680	0.000	0.081
981.180	0.001	0.079
981.680	0.001	0.082
982.180	-0.000	0.081
982.680	0.001	0.082
983.180	0.002	0.079
983.680	0.001	0.081
984.180	0.001	0.080
984.680	0.000	0.082
985.180	0.000	0.081
985.680	0.000	0.080
986.180	0.000	0.081
986.680	0.001	0.081
987.180	0.000	0.081
987.680	0.001	0.081
988.180	0.001	0.081
988.680	0.001	0.083
989.180	0.000	0.080
989.680	-0.000	0.082
990.180	0.000	0.082
990.680	0.000	0.080
991.180	0.001	0.082
991.680	0.001	0.080
992.180	0.001	0.082
992.680	0.000	0.082
993.180	0.000	0.083
993.680	0.000	0.081
994.180	0.000	0.081
994.680	0.000	0.082
995.180	0.000	0.081
995.680	0.000	0.084
996.180	-0.000	0.081
996.680	0.001	0.083
997.180	0.001	0.081
997.680	0.001	0.083
998.180	0.001	0.083
998.680	0.001	0.081
999.180	0.001	0.082
999.680	0.001	0.082
1000.180	0.001	0.082
1000.680	0.001	0.081
1001.180	0.001	0.080
1001.680	0.001	0.083
1002.180	0.001	0.082
1002.680	0.001	0.080
1003.180	0.000	0.082
1003.680	0.000	0.080
1004.180	0.000	0.082
1004.680	0.001	0.081
1005.180	0.000	0.082
1005.680	0.000	0.082
1006.180	0.000	0.081
1006.680	0.000	0.084
1007.180	0.000	0.082
1007.680	0.000	0.084
1008.180	0.001	0.083
1008.680	0.001	0.083
1009.180	-0.000	0.082
1009.680	0.002	0.080
1010.180	0.001	0.084
1010.680	0.001	0.081
1011.180	0.001	0.083
1011.680	0.001	0.082
1012.180	0.001	0.081
1012.680	0.001	0.083
1013.180	0.001	0.082
1013.680	0.000	0.082
1015.180	0.001	0.082
1015.680	0.001	0.083
1016.180	0.001	0.083
1016.680	0.001	0.081
1017.180	0.000	0.082
1017.680	0.000	0.084
1018.180	0.000	0.081
1018.680	0.001	0.084
1019.180	0.001	0.081
1019.680	0.001	0.082
1020.180	0.001	0.082
1020.680	0.002	0.082
1021.180	0.001	0.083
1021.680	0.001	0.082
1022.180	0.001	0.082
1022.680	0.001	0.082
1023.180	0.001	0.082
1023.680	0.002	0.082
1024.180	0.001	0.081
1024.680	0.001	0.084
1025.180	0.000	0.082
1025.680	0.001	0.082
1026.180	0.001	0.082
1026.680	0.001	0.082
1027.180	0.000	0.083
1027.680	0.001	0.080
1028.180	0.001	0.083
1028.680	0.001	0.082
1029.180	0.001	0.081
1029.680	0.001	0.082
1030.180	0.001	0.082
1030.680	0.001	0.083
1031.180	0.001	0.081
1031.680	0.001	0.082
1032.180	0.001	0.082
1032.680	0.001	0.082
1033.180	0.000	0.082
1033.680	0.000	0.081
1034.180	0.002	0.083
1034.680	0.001	0.081
1035.180	0.001	0.081
1035.680	0.001	0.082
1036.180	0.001	0.082
1036.680	0.001	0.082
1037.180	0.001	0.082
1037.680	0.001	0.083
1038.680	0.001	0.083
1039.180	0.001	0.082
1039.680	0.001	0.082
1040.180	0.002	0.083
1040.680	0.002	0.080
1041.180	0.002	0.082
1041.680	0.001	0.081
1042.180	0.002	0.081
1042.680	0.001	0.082
1043.180	0.001	0.082
1043.680	0.001	0.083
1044.180	0.001	0.081
1044.680	0.001	0.083
1045.180	0.001	0.082
1045.680	0.001	0.083
1046.180	0.001	0.083
1046.680	0.001	0.081
1047.180	0.001	0.083
1047.680	0.001	0.081
1048.180	0.001	0.082
1048.680	0.001	0.082
1049.180	0.001	0.082
1049.680	0.002	0.083
1050.180	0.002	0.083
1050.680	0.001	0.081
1051.180	0.001	0.082
1051.680	0.001	0.082
1052.180	0.002	0.083
1052.680	0.002	0.082
1053.180	0.002	0.083
1053.680	0.001	0.083
1054.180	0.001	0.082
1054.680	0.001	0.082
1055.180	0.001	0.082
1055.680	0.001	0.082
1056.180	0.002	0.082
1056.680	0.001	0.083
1057.180	0.000	0.082
1057.680	0.001	0.083
1058.180	0.001	0.083
1058.680	0.001	0.082
1059.180	0.000	0.082
1059.680	0.001	0.081
1060.180	0.001	0.082
1060.680	0.001	0.082
1061.180	0.001	0.082
1061.680	0.001	0.083
1062.180	0.001	0.081
1062.680	0.001	0.082
1063.180	0.001	0.083
1063.680	0.001	0.082
1064.180	0.001	0.082
1064.680	0.001	0.082
1065.180	0.001	0.082
1065.680	0.001	0.083
1066.180	0.001	0.083
1066.680	0.002	0.083
1067.180	-0.000	0.083
1067.680	0.002	0.082
1068.180	0.001	0.084
1068.680	0.001	0.082
1069.180	0.001	0.082
1069.680	0.001	0.082
1070.180	0.001	0.082
1070.680	0.002	0.082
1071.180	0.000	0.084
1071.680	0.002	0.083
1072.180	0.000	0.082
1072.680	0.002	0.083
1073.180	0.001	0.082
1073.680	0.000	0.084
1074.180	0.001	0.082
1074.680	0.001	0.084
1075.180	0.002	0.083
1075.680	0.001	0.083
1076.180	0.000	0.083
1076.680	0.002	0.082
1077.180	0.001	0.084
1077.680	0.000	0.082
1078.180	0.001	0.084
1078.680	0.001	0.082
1079.180	0.000	0.084
1079.680	0.001	0.083
1080.180	0.000	0.083
1080.680	0.001	0.082
1081.180	0.001	0.082
1081.680	0.001	0.084
1082.180	0.001	0.083
1082.680	0.001	0.083
1083.180	0.001	0.083
1083.680	0.001	0.083
1084.180	0.001	0.084
1084.680	0.001	0.083
1085.180	0.000	0.084
1085.680	0.000	0.082
1086.180	0.000	0.083
1086.680	0.001	0.082
1087.180	0.001	0.083
1087.680	0.001	0.084
1088.180	0.001	0.082
1088.680	0.001	0.084
1089.180	0.001	0.081
1089.680	0.001	0.083
1090.180	0.001	0.083
1090.680	0.001	0.082
1091.180	0.001	0.084
1091.680	0.001	0.082
1092.180	0.001	0.082
1092.680	0.001	0.083
1093.180	0.001	0.083
1093.680	0.002	0.083
1094.180	0.001	0.084
1094.680	0.000	0.083
1095.180	0.001	0.082
1095.680	0.001	0.082
1096.180	0.002	0.083
1096.680	0.000	0.083
1097.180	0.001	0.083
1097.680	0.001	0.083
1098.180	0.001	0.083
1098.680	0.000	0.083
1099.180	0.000	0.083
1099.680	0.001	0.082
1100.180	0.002	0.082
1100.680	0.001	0.084
1101.180	0.000	0.083
1101.680	0.001	0.084
1102.180	0.002	0.083
1102.680	0.001	0.082
1103.180	0.000	0.083
1103.680	0.001	0.083
1104.180	0.001	0.083
1104.680	0.000	0.083
1105.180	0.001	0.084
1105.680	0.001	0.083
1106.180	0.001	0.083
1106.680	0.001	0.083
1107.180	0.002	0.083
1107.680	0.001	0.083
1108.180	0.001	0.084
1108.680	0.001	0.082
1109.180	0.001	0.083
1109.680	0.001	0.083
1110.180	0.001	0.084
1110.680	0.001	0.084
1111.180	0.001	0.082
1111.680	0.001	0.083
1112.180	0.001	0.083
1112.680	0.000	0.083
1113.180	0.000	0.082
1113.680	0.002	0.081
1114.180	0.001	0.084
1114.680	0.001	0.083
1115.180	0.001	0.084
1115.680	0.001	0.081
1116.180	0.001	0.084
1116.680	0.001	0.083
1117.180	0.001	0.083
1117.680	0.001	0.084
1118.180	0.001	0.082
1118.680	0.001	0.084
1119.180	0.001	0.083
1119.680	0.000	0.083
1120.180	0.001	0.083
1120.680	0.001	0.082
1121.180	0.001	0.084
1121.680	0.001	0.083
1122.180	0.000	0.084
1122.680	0.001	0.083
1123.180	0.002	0.083
1123.680	0.001	0.084
1124.180	0.000	0.083
1124.680	0.001	0.084
1125.180	0.001	0.084
1125.680	0.000	0.083
1126.180	0.000	0.085
1126.680	0.000	0.083
1127.180	0.000	0.083
1127.680	0.000	0.084
1128.180	0.000	0.082
1128.680	0.001	0.084
1129.180	0.001	0.083
1129.680	0.000	0.085
1130.180	-0.000	0.084
1130.680	0.001	0.083
1131.180	0.001	0.082
1131.680	0.001	0.083
1132.180	0.001	0.084
1132.680	0.001	0.083
1133.180	0.001	0.084
1133.680	0.001	0.082
1134.180	0.001	0.083
1134.680	0.001	0.084
1135.180	0.001	0.083
1135.680	0.001	0.084
1136.180	0.001	0.081
1136.680	0.001	0.083
1137.180	0.001	0.083
1137.680	0.001	0.084
1138.180	0.000	0.084
1138.680	0.000	0.083
1139.180	0.001	0.082
1139.680	0.001	0.084
1140.180	0.001	0.083
1140.680	0.001	0.083
1141.180	0.001	0.082
1141.680	0.001	0.084
1142.180	0.001	0.081
1142.680	0.001	0.084
1143.180	-0.000	0.084
1143.680	0.002	0.082
1144.180	0.001	0.083
1144.680	0.001	0.084
1145.180	0.001	0.084
1145.680	0.000	0.082
1146.180	0.001	0.083
1146.680	0.001	0.083
1147.180	0.001	0.083
1147.680	0.001	0.083
1148.180	0.001	0.082
1148.680	0.001	0.083
1149.180	0.001	0.081
1149.680	0.001	0.081
1150.180	0.000	0.081
1150.680	0.001	0.080
1151.180	0.001	0.082
1151.680	0.001	0.081
1152.180	0.001	0.081
1152.680	0.001	0.081
1153.180	0.001	0.080
1153.680	0.001	0.081
1154.180	0.001	0.082
1154.680	0.001	0.080
1155.180	0.001	0.081
1155.680	0.001	0.079
1156.180	0.001	0.081
1156.680	0.001	0.080
1157.180	0.001	0.081
1157.680	0.000	0.080
1158.180	0.002	0.079
1158.680	0.002	0.078
1159.180	0.001	0.076
1159.680	0.001	0.078
1160.180	0.001	0.077
1160.680	0.001	0.080
1161.180	0.001	0.081
1161.680	0.001	0.080
1162.180	0.001	0.080
1162.680	0.001	0.079
1163.180	0.001	0.083
1163.680	0.001	0.079
1164.180	0.001	0.078
1164.680	0.001	0.078
1165.180	0.001	0.078
1165.680	0.000	0.079
1166.180	0.000	0.078
1166.680	0.001	0.079
1167.180	0.001	0.078
1167.680	0.001	0.078
1168.180	0.000	0.078
1168.680	0.002	0.078
1169.180	0.000	0.080
1169.680	0.001	0.079
1170.180	0.000	0.081
1170.680	0.000	0.080
1171.180	0.001	0.079
1171.680	0.001	0.081
1172.180	0.001	0.079
1172.680	0.000	0.080
1173.180	0.000	0.079
1173.680	0.000	0.081
1174.180	0.000	0.080
1174.680	0.000	0.080
1175.180	-0.000	0.081
1175.680	0.000	0.079
1176.180	0.001	0.081
1176.680	0.001	0.080
1177.180	0.002	0.080
1177.680	0.001	0.080
1178.180	0.000	0.079
1178.680	0.000	0.081
1179.180	0.000	0.080
1179.680	0.000	0.080
1180.180	0.001	0.079
1180.680	0.001	0.080
1181.180	0.001	0.079
1181.680	0.001	0.078
1182.180	0.001	0.080
1182.680	0.000	0.080
1183.180	0.001	0.080
1183.680	0.000	0.080
1184.180	0.001	0.078
1184.680	0.001	0.080
1185.180	0.001	0.079
1185.680	0.001	0.082
1186.180	0.000	0.079
1186.680	0.000	0.080
1187.180	0.001	0.080
1187.680	0.001	0.079
1188.180	0.001	0.080
1188.680	0.000	0.081
1189.180	0.000	0.078
1189.680	0.000	0.080
1190.180	0.000	0.081
1190.680	0.000	0.080
1191.180	0.000	0.079
1191.680	0.002	0.080
1192.180	0.002	0.080
1192.680	0.001	0.079
1193.180	0.000	0.081
1193.680	0.001	0.079
1194.180	0.001	0.080
1194.680	0.001	0.080
1195.180	0.001	0.080
1195.680	0.000	0.079
1196.180	0.000	0.080
1196.680	0.000	0.080
1197.180	0.000	0.080
1197.680	0.000	0.080
1198.180	0.000	0.080
1198.680	0.000	0.079
1199.180	0.000	0.079
1199.680	0.000	0.079
1200.180	0.000	0.079
1200.680	0.000	0.080
1201.180	0.000	0.080
1201.680	0.001	0.080
1202.180	0.001	0.079
1202.680	0.000	0.080
1203.180	-0.000	0.080
1203.680	0.000	0.080
1204.180	0.000	0.079
1204.680	0.001	0.080
1205.180	0.001	0.080
1205.680	0.001	0.079
1206.180	0.001	0.081
1206.680	0.001	0.080
1207.180	0.001	0.080
1207.680	0.001	0.079
1208.180	0.000	0.079
1208.680	0.000	0.080
1209.180	0.000	0.079
1209.680	0.000	0.080
1210.180	0.000	0.080
1210.680	0.001	0.079
1211.180	0.001	0.079
1211.680	-0.000	0.079
1212.180	0.000	0.081
1212.680	0.001	0.079
1213.180	-0.000	0.079
1213.680	0.001	0.079
1214.180	0.001	0.079
1214.680	0.000	0.081
1215.180	0.000	0.078
1215.680	0.000	0.080
1216.180	0.001	0.080
1216.680	0.001	0.079
1217.180	0.000	0.080
1217.680	0.000	0.079
1218.180	0.000	0.081
1218.680	0.000	0.079
1219.180	0.001	0.081
1219.680	0.001	0.078
1220.180	-0.000	0.079
1220.680	-0.000	0.080
1221.180	0.000	0.079
1221.680	0.000	0.079
1222.180	0.001	0.078
1222.680	0.001	0.080
1223.180	0.001	0.079
1223.680	0.001	0.080
1224.180	0.001	0.079
1224.680	0.000	0.080
1225.180	0.000	0.079
1225.680	0.001	0.080
1226.180	0.001	0.078
1226.680	0.001	0.079
1227.180	0.001	0.080
1227.680	0.001	0.079
1228.180	0.001	0.080
1228.680	0.001	0.078
1229.180	0.001	0.080
1229.680	0.001	0.080
1230.180	0.000	0.080
1230.680	0.000	0.078
1231.180	0.000	0.079
1231.680	0.000	0.080
1232.180	0.001	0.080
1232.680	0.001	0.080
1233.180	-0.000	0.078
1233.680	-0.000	0.080
1234.180	0.001	0.078
1234.680	0.000	0.079
1235.180	-0.000	0.079
1235.680	0.000	0.082
1236.180	0.000	0.079
1236.680	0.000	0.080
1237.180	-0.000	0.080
1237.680	-0.000	0.079
1238.180	-0.000	0.080
1238.680	-0.000	0.079
1239.180	0.000	0.079
1239.680	0.001	0.079
1240.180	0.001	0.081
1240.680	-0.000	0.081
1241.180	-0.001	0.079
1241.680	-0.000	0.081
1242.180	-0.000	0.081
1242.680	0.001	0.081
1243.180	0.001	0.079
1243.680	0.000	0.078
1244.180	0.001	0.080
1244.680	0.000	0.079
1245.180	-0.000	0.081
1245.680	0.001	0.079
1246.180	0.000	0.078
1246.680	-0.000	0.080
1247.180	-0.000	0.079
1247.680	-0.000	0.080
1248.180	0.001	0.079
1248.680	0.001	0.081
1249.180	0.001	0.078
1249.680	-0.001	0.079
1250.180	0.001	0.080
1250.680	0.001	0.080
1251.180	0.000	0.079
1251.680	0.000	0.079
1252.180	0.000	0.080
1252.680	0.000	0.080
1253.180	0.000	0.079
1253.680	0.000	0.079
1254.180	0.000	0.079
1254.680	0.000	0.079
1255.180	-0.000	0.079
1255.680	0.000	0.078
1256.180	0.000	0.080
1256.680	0.000	0.080
1257.180	0.000	0.081
1257.680	0.000	0.079
1258.180	0.001	0.080
1258.680	0.001	0.080
1259.180	0.000	0.079
1259.680	-0.000	0.081
1260.180	0.000	0.079
1260.680	0.000	0.080
1261.180	-0.000	0.080
1261.680	0.000	0.079
1262.180	0.001	0.081
1262.680	0.001	0.080
1263.180	0.000	0.081
1263.680	0.000	0.080
1264.180	0.000	0.080
1264.680	0.000	0.081
1265.180	0.000	0.079
1265.680	0.001	0.080
1266.180	0.000	0.079
1266.680	-0.000	0.080
1267.180	-0.000	0.080
1267.680	-0.000	0.079
1268.180	0.000	0.080
1268.680	0.000	0.079
1269.180	0.000	0.081
1269.680	0.001	0.079
1270.180	0.000	0.080
1270.680	0.000	0.081
1271.180	0.000	0.080
1271.680	0.000	0.081
1272.180	0.000	0.078
1272.680	0.001	0.081
1273.180	0.001	0.080
1273.680	0.000	0.080
1274.180	-0.000	0.080
1274.680	-0.000	0.079
1275.180	0.000	0.081
1275.680	0.001	0.078
1276.180	0.001	0.079
1276.680	-0.000	0.079
1277.180	0.001	0.080
1277.680	0.001	0.080
1278.180	-0.000	0.080
1278.680	0.000	0.081
1279.180	0.001	0.079
1279.680	0.001	0.080
1280.180	0.001	0.081
1280.680	0.000	0.080
1281.180	-0.000	0.081
1281.680	-0.000	0.079
1282.180	0.001	0.080
1282.680	0.001	0.080
1283.180	0.001	0.080
1283.680	0.000	0.081
1284.180	-0.000	0.081
1284.680	0.000	0.081
1285.180	0.000	0.079
1285.680	0.000	0.080
1286.180	0.000	0.079
1286.680	0.000	0.079
1287.180	0.000	0.082
1287.680	0.000	0.080
1288.180	0.000	0.081
1288.680	0.000	0.079
1289.180	0.000	0.079
1289.680	0.000	0.079
1290.180	-0.000	0.079
1290.680	-0.000	0.079
1291.180	0.001	0.079
1291.680	0.001	0.079
1292.180	-0.001	0.079
1292.680	0.000	0.079
1293.180	0.001	0.080
1293.680	0.000	0.079
1294.180	0.001	0.080
1294.680	0.001	0.080
1295.180	0.000	0.079
1295.680	0.000	0.080
1296.180	0.000	0.078
1296.680	0.001	0.080
1297.180	0.001	0.080
1297.680	0.000	0.080
1298.180	0.001	0.081
1298.680	0.001	0.080
1299.180	0.001	0.080
1299.680	0.001	0.079
1300.180	0.000	0.080
1300.680	-0.000	0.079
1301.180	0.000	0.081
1301.680	0.002	0.079
1302.180	0.001	0.079
1302.680	0.000	0.081
1303.180	0.001	0.079
1303.680	0.000	0.080
1304.180	-0.000	0.080
1304.680	0.000	0.080
1305.180	0.001	0.080
1305.680	-0.000	0.081
1306.180	0.002	0.080
1306.680	0.001	0.080
1307.180	0.001	0.080
1307.680	0.000	0.079
1308.180	0.000	0.080
1308.680	0.000	0.080
1309.180	0.001	0.080
1309.680	0.000	0.079
1310.180	0.000	0.081
1310.680	0.000	0.079
1311.180	0.001	0.080
1311.680	0.001	0.079
1312.180	0.001	0.081
1312.680	0.001	0.079
1313.180	0.001	0.081
1313.680	0.001	0.080
1314.180	0.000	0.079
1314.680	0.000	0.082
1315.180	-0.000	0.076
1315.680	0.000	0.080
1316.180	0.001	0.080
1316.680	0.001	0.080
1317.180	0.002	0.081
1317.680	0.001	0.080
1318.180	0.001	0.081
1318.680	0.001	0.081
1319.180	0.001	0.080
1319.680	0.001	0.081
1320.180	0.001	0.078
1320.680	0.000	0.080
1321.180	0.001	0.079
1321.680	0.001	0.080
1322.180	0.001	0.080
1322.680	0.001	0.080
1323.180	0.001	0.080
1323.680	0.001	0.079
1324.180	0.001	0.080
1324.680	0.001	0.080
1325.180	0.001	0.081
1325.680	0.000	0.080
1326.180	0.000	0.080
1326.680	0.001	0.082
1327.180	0.001	0.079
1327.680	0.001	0.080
1328.180	0.000	0.080
1328.680	0.001	0.080
1329.180	0.001	0.080
1329.680	0.001	0.079
1330.180	0.001	0.081
1330.680	0.000	0.080
1331.180	0.001	0.080
1331.680	0.002	0.080
1332.180	0.000	0.079
1332.680	0.001	0.079
1333.180	0.001	0.080
1333.680	0.001	0.080
1334.180	0.000	0.080
1334.680	0.000	0.080
1335.180	0.000	0.081
1335.680	0.000	0.080
1336.180	0.001	0.081
1336.680	0.000	0.078
1337.180	-0.000	0.080
1337.680	0.002	0.079
1338.180	0.001	0.079
1338.680	0.000	0.080
1339.180	0.001	0.079
1339.680	0.001	0.079
1340.180	0.000	0.080
1340.680	0.000	0.080
1341.180	0.001	0.081
1341.680	0.001	0.079
1342.180	0.001	0.080
1342.680	0.000	0.080
1343.180	0.000	0.080
1343.680	0.000	0.081
1344.180	0.001	0.080
1344.680	0.002	0.080
1345.180	0.001	0.080
1345.680	0.001	0.081
1346.180	0.001	0.080
1346.680	0.001	0.080
1347.180	0.001	0.080
1347.680	0.001	0.080
1348.180	0.001	0.080
1348.680	0.001	0.078
1349.180	0.001	0.081
1349.680	0.000	0.079
1350.180	0.001	0.080
1350.680	0.001	0.082
1351.180	0.001	0.078
1351.680	0.000	0.080
1352.180	0.001	0.080
1352.680	0.001	0.081
1353.180	0.000	0.080
1353.680	0.000	0.081
1354.180	0.001	0.081
1354.680	0.001	0.079
1355.180	0.001	0.079
1355.680	0.001	0.081
1356.180	0.000	0.081
1356.680	0.000	0.080
1357.180	0.001	0.080
1357.680	0.001	0.081
1358.180	0.001	0.080
1358.680	0.000	0.080
1359.180	0.001	0.080
1359.680	0.001	0.079
1360.180	0.000	0.081
1360.680	0.000	0.080
1361.180	0.000	0.081
1361.680	0.000	0.079
1362.180	-0.000	0.080
1362.680	0.001	0.079
1363.180	0.001	0.080
1363.680	0.001	0.081
1364.180	0.002	0.079
1364.680	0.000	0.080
1365.180	0.001	0.080
1365.680	0.001	0.079
1366.180	0.000	0.080
1366.680	0.000	0.080
1367.180	0.001	0.080
1367.680	0.001	0.079
1368.180	0.001	0.079
1368.680	0.001	0.080
1369.180	0.001	0.080
1369.680	0.000	0.081
1370.180	0.000	0.080
1370.680	0.000	0.080
1371.180	0.001	0.080
1371.680	0.001	0.081
1372.180	0.001	0.079
1372.680	0.001	0.081
1373.180	-0.000	0.081
1373.680	0.000	0.080
1374.180	0.001	0.081
1374.680	0.001	0.081
1375.180	0.001	0.081
1375.680	0.001	0.081
1376.180	0.001	0.080
1376.680	0.001	0.082
1377.180	0.001	0.079
1377.680	0.001	0.078
1378.180	0.001	0.081
1378.680	0.001	0.080
1379.180	0.001	0.081
1379.680	0.001	0.080
1380.180	0.001	0.082
1380.680	0.001	0.081
1381.180	0.001	0.080
1381.680	0.001	0.080
1382.180	0.001	0.081
1382.680	0.000	0.080
1383.180	0.000	0.082
1383.680	0.000	0.081
1384.180	0.001	0.080
1384.680	0.001	0.081
1385.180	0.001	0.080
1385.680	0.001	0.079
1386.180	0.000	0.081
1386.680	0.001	0.080
1387.180	0.000	0.081
1387.680	0.000	0.079
1388.180	0.001	0.080
1388.680	0.001	0.080
1389.180	0.000	0.080
1389.680	0.000	0.081
1390.180	0.001	0.081
1390.680	0.000	0.081
1391.180	-0.000	0.081
1391.680	0.001	0.079
1392.180	0.001	0.080
1392.680	0.001	0.082
1393.180	0.001	0.081
1393.680	0.000	0.081
1394.180	0.001	0.081
1394.680	0.001	0.081
1395.180	0.001	0.081
1395.680	0.001	0.081
1396.180	0.000	0.080
1396.680	0.000	0.081
1397.180	0.001	0.080
1397.680	0.000	0.081
1398.180	0.000	0.081
1398.680	0.000	0.080
1399.180	0.000	0.081
1399.680	0.000	0.080
1400.180	0.000	0.080
1400.680	0.000	0.081
1401.180	0.000	0.080
1401.680	0.000	0.081
1402.180	0.000	0.080
1402.680	0.000	0.082
1403.180	0.000	0.080
1403.680	0.000	0.079
1404.180	0.000	0.080
1404.680	0.001	0.080
1405.180	0.001	0.082
1405.680	0.001	0.080
1406.180	0.001	0.082
1406.680	0.001	0.082
1407.180	0.001	0.080
1407.680	0.000	0.082
1408.180	0.000	0.080
1408.680	0.001	0.082
1409.180	0.000	0.079
1409.680	0.001	0.081
1410.180	0.001	0.080
1410.680	0.000	0.081
1411.180	0.000	0.081
1411.680	0.000	0.080
1412.180	-0.000	0.081
1412.680	0.000	0.082
1413.180	0.001	0.080
1413.680	0.001	0.081
1414.180	0.000	0.080
1414.680	0.000	0.082
1415.180	0.000	0.081
1415.680	0.001	0.081
1416.180	0.001	0.081
1416.680	0.001	0.082
1417.180	0.001	0.082
1417.680	0.001	0.080
1418.180	0.001	0.082
1418.680	0.001	0.081
1419.180	0.001	0.082
1419.680	0.001	0.080
1420.180	0.000	0.081
1420.680	0.000	0.081
1421.180	0.001	0.081
1421.680	0.001	0.080
1422.180	0.001	0.082
1422.680	0.001	0.081
1423.180	0.001	0.082
1423.680	0.000	0.080
1424.180	0.001	0.081
1424.680	0.001	0.082
1425.180	0.001	0.082
1425.680	0.001	0.082
1426.180	0.001	0.082
1426.680	0.001	0.083
1427.180	0.001	0.081
1427.680	0.001	0.081
1428.180	0.001	0.081
1428.680	0.001	0.081
1429.180	0.000	0.083
1429.680	0.000	0.081
1430.180	0.000	0.082
1430.680	0.000	0.081
1431.180	0.000	0.081
1431.680	0.001	0.082
1432.180	0.001	0.081
1432.680	0.000	0.083
1433.180	0.000	0.082
1433.680	0.000	0.081
1434.180	0.001	0.081
1434.680	0.000	0.081
1435.180	-0.000	0.082
1435.680	0.001	0.082
1436.180	0.002	0.082
1436.680	0.001	0.081
1437.180	0.000	0.080
1437.680	0.001	0.081
1438.180	0.001	0.081
1438.680	0.000	0.083
1439.180	0.000	0.080
1439.680	0.001	0.082
1440.180	0.001	0.081
1440.680	-0.000	0.082
1441.180	0.000	0.082
1441.680	0.001	0.082
1442.180	0.002	0.082
1442.680	0.001	0.082
1443.180	0.000	0.081
1443.680	0.001	0.083
1444.180	0.001	0.082
1444.680	0.001	0.084
1445.180	0.001	0.082
1445.680	0.001	0.081
1446.180	0.000	0.083
1446.680	0.000	0.082
1447.180	0.001	0.083
1447.680	0.001	0.082
1448.180	0.001	0.083
1448.680	0.000	0.082
1449.180	0.000	0.082
1449.680	0.001	0.084
1450.180	0.001	0.082
1450.680	0.000	0.082
1451.180	0.001	0.084
1451.680	0.001	0.082
1452.180	0.001	0.083
1452.680	0.001	0.082
1453.180	0.002	0.083
1453.680	-0.000	0.083
1454.180	0.002	0.082
1454.680	0.001	0.082
1455.180	0.001	0.082
1455.680	0.002	0.083
1456.180	0.000	0.082
1456.680	0.001	0.084
1457.180	0.001	0.081
1457.680	0.001	0.082
1458.180	0.001	0.083
1458.680	0.001	0.081
1459.180	0.001	0.083
1459.680	0.001	0.082
1460.180	0.001	0.084
1460.680	0.001	0.082
1461.180	0.001	0.083
1461.680	0.001	0.083
1462.180	0.001	0.082
1462.680	0.000	0.084
1463.180	0.000	0.083
1463.680	0.002	0.083
1464.180	0.001	0.083
1464.680	0.001	0.082
1465.180	0.001	0.083
1465.680	0.000	0.082
1466.180	0.000	0.082
1466.680	0.001	0.083
1467.180	0.001	0.082
1467.680	0.001	0.084
1468.180	-0.000	0.083
1468.680	0.000	0.084
1469.180	0.002	0.084
1469.680	0.002	0.084
1470.180	0.001	0.083
1470.680	0.001	0.082
1471.180	0.000	0.084
1471.680	0.000	0.082
1472.180	0.001	0.083
1472.680	0.001	0.081
1473.180	0.001	0.083
1473.680	0.001	0.083
1474.180	0.001	0.082
1474.680	0.000	0.083
1475.180	0.001	0.083
1475.680	0.001	0.083
1476.180	0.001	0.082
1476.680	0.001	0.083
1477.180	0.001	0.083
1477.680	0.001	0.083
1478.180	0.001	0.084
1478.680	0.001	0.083
1479.180	0.002	0.084
1479.680	0.001	0.084
1480.180	0.001	0.083
1480.680	0.001	0.083
1481.180	0.000	0.084
1481.680	0.001	0.085
1482.180	0.002	0.084
1482.680	0.000	0.082
1483.180	0.001	0.084
1483.680	0.001	0.082
1484.180	0.000	0.085
1484.680	0.001	0.083
1485.180	0.002	0.083
1485.680	0.001	0.084
1486.180	0.000	0.082
1486.680	0.000	0.085
1487.180	0.000	0.083
1487.680	0.000	0.083
1488.180	0.001	0.084
1488.680	0.001	0.083
1489.180	0.001	0.084
1489.680	0.001	0.083
1490.180	0.001	0.083
1490.680	0.001	0.083
1491.180	0.000	0.083
1491.680	0.000	0.084
1492.180	0.000	0.082
1492.680	0.001	0.083
1493.180	0.001	0.082
1493.680	0.001	0.084
1494.180	0.001	0.084
1494.680	0.000	0.083
1495.180	-0.000	0.084
1495.680	0.001	0.083
1496.180	0.002	0.085
1496.680	0.001	0.084
1497.180	0.001	0.083
1497.680	0.001	0.084
1498.180	0.001	0.083
1498.680	0.001	0.083
1499.180	0.001	0.083
1499.680	0.001	0.084
1500.180	0.001	0.084
1500.680	0.001	0.083
1501.180	0.000	0.084
1501.680	0.000	0.083
1502.180	0.001	0.083
1502.680	0.001	0.083
1503.180	0.001	0.083
1503.680	0.002	0.084
1504.180	0.001	0.083
1504.680	0.001	0.083
1505.180	0.001	0.083
1505.680	0.001	0.083
1506.180	0.001	0.084
1506.680	0.001	0.084
1507.180	0.001	0.084
1507.680	0.001	0.084
1508.180	0.001	0.084
1508.680	0.001	0.084
1509.180	0.000	0.085
1509.680	0.001	0.084
1510.180	0.001	0.082
1510.680	0.001	0.084
1511.180	0.000	0.084
1511.680	0.000	0.082
1512.180	0.001	0.084
1512.680	0.001	0.082
1513.180	0.001	0.084
1513.680	0.001	0.082
1514.180	0.001	0.082
1514.680	0.001	0.083
1515.180	0.001	0.083
1515.680	0.001	0.085
1516.180	0.001	0.083
1516.680	0.000	0.084
1517.180	0.001	0.083
1517.680	0.001	0.084
1518.180	0.001	0.084
1518.680	0.001	0.083
1519.180	0.001	0.084
1519.680	0.001	0.083
1520.180	0.001	0.086
1520.680	0.001	0.084
1521.180	0.001	0.083
1521.680	0.001	0.084
1522.180	0.001	0.084
1522.680	0.001	0.083
1523.180	0.001	0.083
1523.680	0.000	0.083
1524.180	0.000	0.084
1524.680	0.000	0.084
1525.180	0.001	0.084
1525.680	0.001	0.083
1526.180	0.001	0.084
1526.680	0.001	0.084
1527.180	0.001	0.085
1527.680	0.001	0.083
1528.180	0.002	0.083
1528.680	0.000	0.084
1529.180	0.000	0.083
1529.680	0.001	0.084
1530.180	0.001	0.084
1530.680	0.002	0.083
1531.180	0.002	0.084
1531.680	0.001	0.084
1532.180	0.001	0.083
1532.680	0.001	0.084
1533.180	0.001	0.083
1533.680	0.001	0.084
1534.180	0.001	0.083
1534.680	0.001	0.086
1535.180	0.001	0.084
1535.680	0.001	0.085
1536.180	0.001	0.084
1536.680	0.001	0.084
1537.180	0.001	0.085
1537.680	0.001	0.083
1538.180	0.001	0.086
1538.680	0.001	0.082
1539.180	0.002	0.084
1539.680	0.001	0.083
1540.180	0.001	0.084
1540.680	0.001	0.084
1541.180	0.001	0.085
1541.680	0.001	0.083
1542.180	0.001	0.084
1542.680	0.001	0.084
1543.180	0.001	0.085
1543.680	0.001	0.082
1544.180	0.001	0.085
1544.680	0.001	0.084
1545.180	0.001	0.085
1545.680	0.001	0.084
1546.180	0.001	0.085
1546.680	0.001	0.083
1547.180	0.001	0.084
1547.680	0.001	0.082
1548.180	0.001	0.085
1548.680	0.001	0.084
1549.180	0.001	0.084
1549.680	0.001	0.082
1550.180	0.001	0.085
1550.680	0.001	0.084
1551.180	0.001	0.085
1551.680	0.001	0.084
1552.180	0.001	0.082
1552.680	0.001	0.084
1553.180	0.001	0.083
1553.680	0.001	0.085
1554.180	0.001	0.084
1554.680	0.001	0.084
1555.180	0.000	0.085
1555.680	0.001	0.084
1556.180	0.001	0.084
1556.680	0.001	0.084
1557.180	0.001	0.084
1557.680	0.001	0.084
1558.180	0.001	0.085
1558.680	0.001	0.085
1559.180	0.001	0.084
1559.680	0.001	0.086
1560.180	0.001	0.084
1560.680	0.001	0.084
1561.180	0.000	0.086
1561.680	0.001	0.083
1562.180	0.002	0.085
1562.680	0.002	0.084
1563.180	0.001	0.085
1563.680	0.001	0.085
1564.180	0.001	0.084
1564.680	0.001	0.084
1565.180	0.001	0.084
1565.680	0.001	0.084
1566.180	0.001	0.084
1566.680	0.001	0.084
1567.180	0.001	0.085
1567.680	0.001	0.084
1568.180	0.001	0.086
1568.680	0.001	0.084
1569.180	0.001	0.084
1569.680	0.001	0.085
1570.180	0.001	0.084
1570.680	0.001	0.085
1571.180	0.000	0.084
1571.680	0.000	0.084
1572.180	0.001	0.084
1572.680	0.001	0.085
1573.180	0.001	0.086
1573.680	0.001	0.084
1574.180	0.001	0.084
1574.680	0.001	0.085
1575.180	0.001	0.085
1575.680	0.001	0.084
1576.180	0.001	0.084
1576.680	0.001	0.085
1577.180	0.001	0.084
1577.680	0.001	0.085
1578.180	0.001	0.084
1578.680	0.000	0.083
1579.180	0.001	0.085
1579.680	0.001	0.084
1580.180	0.001	0.086
1580.680	0.001	0.084
1581.180	0.001	0.084
1581.680	0.001	0.085
1582.180	0.001	0.083
1582.680	0.001	0.085
1583.180	0.001	0.083
1583.680	0.001	0.084
1584.180	0.001	0.084
1584.680	0.001	0.084
1585.180	0.001	0.085
1585.680	0.001	0.084
1586.180	0.001	0.085
1586.680	0.001	0.083
1587.180	0.001	0.086
1587.680	0.001	0.085
1588.180	0.001	0.084
1588.680	0.001	0.084
1589.180	0.001	0.084
1589.680	0.000	0.085
1590.180	0.001	0.084
1590.680	0.001	0.085
1591.180	0.001	0.083
1591.680	0.001	0.084
1592.180	0.001	0.085
1592.680	0.001	0.083
1593.180	0.000	0.084
1593.680	0.000	0.084
1594.180	0.000	0.085
1594.680	0.000	0.084
1595.180	0.000	0.084
1595.680	0.001	0.085
1596.180	0.001	0.084
1596.680	0.001	0.085
1597.180	0.000	0.084
1597.680	0.001	0.083
1598.180	0.001	0.085
1598.680	0.001	0.085
1599.180	0.001	0.086
1599.680	0.001	0.084
1600.180	0.001	0.085
1600.680	0.001	0.084
1601.180	0.001	0.084
1601.680	0.000	0.085
1602.180	0.001	0.082
1602.680	0.001	0.085
1603.180	0.001	0.084
1603.680	0.000	0.085
1604.180	0.000	0.085
1604.680	0.000	0.084
1605.180	0.000	0.085
1605.680	0.001	0.083
1606.180	0.000	0.084
1606.680	0.001	0.085
1607.180	0.001	0.085
1607.680	0.001	0.085
1608.180	0.000	0.085
1608.680	0.001	0.084
1609.180	0.001	0.085
1609.680	0.001	0.084
1610.180	0.000	0.085
1610.680	0.001	0.084
1611.180	0.000	0.084
1611.680	0.000	0.084
1612.180	0.000	0.084
1612.680	0.000	0.085
1613.180	0.000	0.083
1613.680	0.001	0.085
1614.180	0.001	0.084
1614.680	0.000	0.086
1615.180	0.000	0.084
1615.680	0.001	0.086
1616.180	0.000	0.086
1616.680	0.001	0.083
1617.180	0.001	0.086
1617.680	0.001	0.084
1618.180	0.001	0.084
1618.680	0.001	0.086
1619.180	0.001	0.084
1619.680	0.001	0.086
1620.180	0.001	0.085
1620.680	0.001	0.085
1621.180	0.001	0.084
1621.680	0.001	0.083
1622.180	0.000	0.085
1622.680	0.001	0.083
1623.180	0.001	0.085
1623.680	0.001	0.084
1624.180	0.001	0.085
1624.680	0.001	0.086
1625.180	0.001	0.084
1625.680	0.001	0.084
1626.180	0.001	0.084
1626.680	0.002	0.085
1627.180	0.002	0.085
1627.680	0.000	0.083
1628.180	0.001	0.085
1628.680	0.002	0.085
1629.180	0.001	0.083
1629.680	0.001	0.085
1630.180	0.001	0.084
1630.680	0.001	0.084
1631.180	0.001	0.084
1631.680	0.001	0.085
1632.180	0.001	0.085
1632.680	0.001	0.085
1633.180	0.001	0.086
1633.680	0.001	0.084
1634.180	0.001	0.085
1634.680	0.001	0.085
1635.180	0.001	0.085
1635.680	0.002	0.086
1636.180	0.002	0.084
1636.680	0.001	0.086
1637.180	0.001	0.085
1637.680	0.001	0.085
1638.180	0.001	0.085
1638.680	0.001	0.086
1639.180	0.001	0.085
1639.680	0.001	0.085
1640.180	0.001	0.085
1640.680	0.001	0.083
1641.180	0.001	0.084
1641.680	0.001	0.084
1642.180	0.001	0.085
1642.680	0.001	0.085
1643.180	0.001	0.084
1643.680	0.001	0.086
1644.180	0.001	0.084
1644.680	0.001	0.085
1645.180	0.001	0.085
1645.680	0.001	0.085
1646.180	0.001	0.085
1646.680	0.001	0.084
1647.180	0.002	0.085
1647.680	0.001	0.084
1648.180	0.000	0.085
1648.680	0.001	0.085
1649.180	0.002	0.085
1649.680	0.002	0.084
1650.180	0.001	0.085
1650.680	0.000	0.084
1651.180	0.001	0.085
1651.680	0.001	0.085
1652.180	0.001	0.085
1652.680	0.001	0.084
1653.180	0.001	0.086
1653.680	0.001	0.085
1654.180	0.001	0.083
1654.680	0.001	0.085
1655.180	0.001	0.083
1655.680	0.001	0.086
1656.180	0.001	0.086
1656.680	0.001	0.086
1657.180	0.001	0.085
1657.680	0.001	0.083
1658.180	0.001	0.085
1658.680	0.001	0.084
1659.180	0.000	0.085
1659.680	0.001	0.086
1660.180	0.001	0.085
1660.680	0.001	0.085
1661.180	0.001	0.084
1661.680	0.001	0.085
1662.180	0.001	0.084
1662.680	0.000	0.085
1663.180	0.000	0.085
1663.680	0.001	0.084
1664.180	0.001	0.086
1664.680	0.000	0.084
1665.180	0.000	0.086
1665.680	0.000	0.085
1666.180	0.001	0.084
1666.680	0.001	0.085
1667.180	0.001	0.084
1667.680	0.001	0.085
1668.180	-0.000	0.084
1668.680	0.001	0.084
1669.180	0.001	0.085
1669.680	0.000	0.083
1670.180	0.001	0.086
1670.680	0.001	0.085
1671.180	0.001	0.086
1671.680	0.000	0.085
1672.180	0.000	0.085
1672.680	0.000	0.085
1673.180	0.001	0.085
1673.680	0.001	0.085
1674.180	0.001	0.084
1674.680	0.000	0.085
1675.180	0.000	0.084
1675.680	0.001	0.084
1676.180	-0.000	0.085
1676.680	0.001	0.085
1677.180	0.001	0.085
1677.680	0.001	0.084
1678.180	0.001	0.085
1678.680	0.000	0.086
1679.180	0.001	0.085
1679.680	0.001	0.085
1680.180	-0.000	0.085
1680.680	0.000	0.085
1681.180	0.001	0.085
1681.680	0.000	0.084
1682.180	0.000	0.086
1682.680	0.000	0.085
1683.180	0.002	0.085
1683.680	0.000	0.086
1684.180	0.000	0.084
1684.680	0.001	0.085
1685.180	0.001	0.084
1685.680	-0.000	0.085
1686.180	0.001	0.084
1686.680	0.001	0.086
1687.180	0.001	0.085
1687.680	0.001	0.085
1688.180	0.001	0.087
1688.680	0.001	0.084
1689.180	0.001	0.085
1689.680	0.001	0.086
1690.180	0.001	0.086
1690.680	0.001	0.085
1691.180	0.000	0.085
1691.680	0.000	0.086
1692.180	0.000	0.086
1692.680	0.001	0.086
1693.180	0.001	0.085
1693.680	0.001	0.084
1694.180	0.000	0.087
1694.680	0.000	0.084
1695.180	0.001	0.084
1695.680	0.001	0.086
1696.180	0.000	0.086
1696.680	0.000	0.085
1697.180	0.000	0.084
1697.680	0.000	0.085
1698.180	0.001	0.086
1698.680	0.001	0.085
1699.180	0.001	0.086
1699.680	0.001	0.086
1700.180	0.001	0.086
1700.680	0.000	0.084
1701.180	0.000	0.085
1701.680	0.000	0.085
1702.180	0.000	0.086
1702.680	0.000	0.085
1703.180	0.001	0.085
1703.680	0.001	0.085
1704.180	0.001	0.086
1704.680	0.000	0.084
1705.180	0.000	0.085
1705.680	0.000	0.086
1706.180	0.002	0.084
1706.680	0.001	0.084
1707.180	-0.000	0.085
1707.680	0.001	0.085
1708.180	0.001	0.085
1708.680	0.000	0.084
1709.180	0.000	0.086
1709.680	0.001	0.084
1710.180	0.000	0.086
1710.680	0.001	0.086
1711.180	0.001	0.086
1711.680	0.001	0.084
1712.180	0.000	0.085
1712.680	0.000	0.086
1713.180	0.000	0.086
1713.680	0.000	0.085
1714.180	0.000	0.085
1714.680	0.000	0.086
1715.180	0.001	0.086
1715.680	0.001	0.085
1716.180	0.001	0.085
1716.680	0.001	0.085
1717.180	0.000	0.085
1717.680	0.000	0.085
1718.180	0.000	0.085
1718.680	0.000	0.085
1719.180	0.000	0.087
1719.680	0.001	0.084
1720.180	0.001	0.085
1720.680	0.001	0.085
1721.180	0.001	0.085
1721.680	0.000	0.085
1722.180	0.000	0.086
1722.680	0.001	0.085
1723.180	0.001	0.084
1723.680	0.001	0.086
1724.180	0.000	0.086
1724.680	0.000	0.086
1725.180	0.000	0.085
1725.680	0.001	0.086
1726.180	0.000	0.085
1726.680	0.000	0.084
1727.180	0.001	0.085
1727.680	0.001	0.085
1728.180	0.001	0.086
1728.680	-0.000	0.085
1729.180	0.000	0.086
1729.680	0.001	0.084
1730.180	0.000	0.085
1730.680	-0.000	0.086
1731.180	0.000	0.085
1731.680	0.001	0.086
1732.180	0.001	0.086
1732.680	-0.000	0.086
1733.180	0.000	0.085
1733.680	0.000	0.086
1734.180	0.001	0.086
1734.680	0.001	0.084
1735.180	0.001	0.086
1735.680	0.001	0.085
1736.180	0.001	0.087
1736.680	0.001	0.085
1737.180	0.001	0.084
1737.680	0.001	0.086
1738.180	0.001	0.086
1738.680	0.001	0.086
1739.180	0.001	0.084
1739.680	0.001	0.085
1740.180	0.001	0.086
1740.680	0.001	0.084
1741.180	0.001	0.085
1741.680	0.000	0.085
1742.180	0.000	0.085
1742.680	0.000	0.085
1743.180	0.001	0.085
1743.680	0.001	0.085
1744.180	0.001	0.084
1744.680	-0.000	0.086
1745.180	0.001	0.085
1745.680	0.000	0.084
1746.180	-0.000	0.086
1746.680	-0.000	0.085
1747.180	0.001	0.086
1747.680	0.001	0.083
1748.180	0.001	0.087
1748.680	0.001	0.086
1749.180	0.000	0.084
1749.680	0.000	0.085
1750.180	0.000	0.085
1750.680	0.000	0.085
1751.180	0.000	0.086
1751.680	0.000	0.086
1752.180	0.000	0.086
1752.680	0.000	0.085
1753.180	0.000	0.086
1753.680	0.000	0.085
1754.180	0.000	0.085
1754.680	0.000	0.086
1755.180	0.000	0.084
1755.680	-0.000	0.085
1756.180	-0.000	0.086
1756.680	-0.000	0.086
1757.180	0.000	0.085
1757.680	0.000	0.086
1758.180	-0.000	0.086
1758.680	-0.000	0.085
1759.180	-0.000	0.086
1759.680	-0.000	0.084
1760.180	-0.000	0.084
1760.680	-0.000	0.087
1761.180	0.000	0.085
1761.680	0.000	0.085
1762.180	-0.000	0.084
1762.680	-0.000	0.084
1763.180	0.001	0.086
1763.680	0.001	0.085
1764.180	-0.000	0.086
1764.680	0.000	0.086
1765.180	-0.000	0.086
1765.680	0.000	0.084
1766.180	0.000	0.086
1766.680	-0.000	0.086
1767.180	-0.001	0.084
1767.680	0.001	0.085
1768.180	0.001	0.085
1768.680	0.000	0.086
1769.180	0.000	0.086
1769.680	-0.000	0.085
1770.180	0.000	0.086
1770.680	0.000	0.085
1771.180	0.001	0.086
1771.680	0.000	0.086
1772.180	-0.000	0.086
1772.680	-0.000	0.084
1773.180	0.000	0.086
1773.680	0.001	0.086
1774.180	0.000	0.084
1774.680	-0.000	0.085
1775.180	-0.000	0.084
1775.680	0.001	0.085
1776.180	0.000	0.086
1776.680	0.001	0.086
1777.180	0.001	0.086
1777.680	0.001	0.085
1778.180	0.000	0.085
1778.680	0.000	0.086
1779.180	0.000	0.085
1779.680	0.000	0.085
1780.180	0.000	0.086
1780.680	0.000	0.086
1781.180	0.000	0.085
1781.680	-0.000	0.086
1782.180	0.000	0.085
1782.680	0.000	0.085
1783.180	0.000	0.087
1783.680	0.000	0.084
1784.180	-0.000	0.086
1784.680	0.000	0.086
1785.180	0.000	0.085
1785.680	0.000	0.086
1786.180	0.000	0.084
1786.680	0.000	0.087
1787.180	0.001	0.086
1787.680	0.001	0.085
1788.180	0.000	0.086
1788.680	0.000	0.084
1789.180	0.000	0.086
1789.680	0.000	0.085
1790.180	0.000	0.085
1790.680	0.000	0.085
1791.180	0.000	0.085
1791.680	0.000	0.086
1792.180	-0.000	0.084
1792.680	0.000	0.086
1793.180	0.000	0.086
1793.680	-0.000	0.085
1794.180	-0.000	0.085
1794.680	-0.000	0.086
1795.180	0.000	0.086
1795.680	0.000	0.084
1796.180	-0.000	0.086
1796.680	0.000	0.086
1797.180	-0.000	0.084
1797.680	-0.000	0.086
1798.180	-0.001	0.085
1798.680	0.001	0.085
1799.180	0.000	0.086
1799.680	-0.000	0.085
1800.180	0.000	0.086
1800.680	-0.000	0.084
1801.180	-0.000	0.087
1801.680	0.001	0.083
1802.180	-0.000	0.086
1802.680	-0.000	0.086
1803.180	0.001	0.085
1803.680	0.000	0.086
1804.180	0.001	0.084
1804.680	0.001	0.085
1805.180	0.000	0.085
1805.680	-0.000	0.086
