0.179	11.066	-6.920
1.179	11.067	-6.930
2.179	11.067	-6.950
3.179	11.067	-6.940
4.179	11.233	-6.930
5.179	11.235	-6.960
6.179	11.387	-6.930
7.179	11.387	-6.940
8.179	11.516	-6.940
9.179	11.515	-6.960
10.179	11.516	-6.950
11.179	11.515	-6.920
12.179	11.516	-6.990
13.179	11.515	-6.960
14.179	11.516	-7.010
15.179	11.516	-6.950
16.179	11.516	-7.020
17.179	11.516	-7.010
18.179	11.516	-7.050
19.179	11.516	-7.000
20.179	11.516	-7.020
21.179	11.516	-7.080
22.179	11.516	-7.100
23.179	11.516	-7.050
24.179	11.516	-7.070
25.179	11.516	-7.120
26.179	11.516	-7.100
27.179	11.516	-7.120
28.179	11.516	-7.100
29.179	11.516	-7.160
30.179	11.516	-7.150
31.179	11.516	-7.150
32.179	11.516	-7.150
33.179	11.516	-7.160
34.179	11.516	-7.180
35.179	11.516	-7.210
36.179	11.516	-7.260
37.179	11.516	-7.260
38.179	11.516	-7.240
39.179	11.516	-7.220
40.179	11.515	-7.300
41.179	11.516	-7.270
42.179	11.516	-7.260
43.179	11.516	-7.310
44.179	11.516	-7.290
45.179	11.516	-7.310
46.179	11.516	-7.360
47.179	11.516	-7.320
48.179	11.516	-7.380
49.179	11.516	-7.340
50.179	11.516	-7.410
51.179	11.516	-7.410
52.179	11.516	-7.380
53.179	11.516	-7.400
54.179	11.516	-7.440
55.179	11.516	-7.470
56.179	11.516	-7.480
57.179	11.516	-7.470
58.179	11.516	-7.490
59.179	11.516	-7.510
60.179	11.516	-7.530
61.179	11.516	-7.530
62.179	11.516	-7.530
63.179	11.516	-7.550
64.179	11.516	-7.570
65.179	11.516	-7.570
66.179	11.516	-7.580
67.179	11.516	-7.600
68.179	11.516	-7.600
69.179	11.516	-7.610
70.179	11.516	-7.620
71.179	11.516	-7.620
72.179	11.516	-7.600
73.179	11.516	-7.600
74.179	11.516	-7.690
75.179	11.516	-7.670
76.179	11.516	-7.620
77.179	11.516	-7.690
78.179	11.516	-7.660
79.179	11.516	-7.730
80.179	11.516	-7.690
81.179	11.516	-7.680
82.179	11.516	-7.700
83.179	11.516	-7.730
84.179	11.516	-7.730
85.179	11.516	-7.800
86.179	11.516	-7.810
87.179	11.516	-7.760
88.179	11.516	-7.830
89.179	11.516	-7.810
90.179	11.516	-7.820
91.179	11.516	-7.880
92.179	11.516	-7.850
93.179	11.516	-7.880
94.179	11.516	-7.860
95.179	11.516	-7.860
96.179	11.516	-7.880
97.179	11.516	-7.920
98.179	11.516	-7.940
99.179	11.516	-7.930
100.179	11.516	-7.930
101.179	11.516	-7.960
102.179	11.516	-7.950
103.179	11.516	-7.950
104.179	11.516	-7.970
105.179	11.516	-7.980
106.179	11.516	-7.980
107.179	11.516	-7.950
108.179	11.516	-8.010
109.179	11.516	-7.990
110.179	11.516	-7.960
111.179	11.516	-8.040
112.179	11.516	-8.000
113.179	11.516	-8.070
114.179	11.515	-8.000
115.179	11.516	-8.060
116.179	11.516	-8.050
117.179	11.516	-8.090
118.179	11.516	-8.090
119.179	11.516	-8.070
120.179	11.516	-8.130
121.179	11.516	-8.130
122.179	11.515	-8.120
123.179	11.515	-8.170
124.179	11.515	-8.120
125.179	11.516	-8.140
126.179	11.516	-8.180
127.179	11.515	-8.160
128.179	11.515	-8.170
129.179	11.515	-8.190
130.179	11.515	-8.190
131.179	11.515	-8.240
132.179	11.515	-8.180
133.179	11.515	-8.230
134.179	11.515	-8.220
135.179	11.516	-8.240
136.179	11.516	-8.270
137.179	11.515	-8.240
138.179	11.515	-8.290
139.179	11.515	-8.250
140.179	11.515	-8.310
141.179	11.515	-8.300
142.179	11.515	-8.290
143.179	11.515	-8.270
144.179	11.515	-8.310
145.179	11.515	-8.300
146.179	11.515	-8.340
147.179	11.515	-8.300
148.179	11.515	-8.340
149.179	11.515	-8.310
150.179	11.516	-8.340
151.179	11.515	-8.340
152.179	11.516	-8.330
153.179	11.515	-8.340
154.179	11.515	-8.350
155.179	11.516	-8.380
156.179	11.516	-8.370
157.179	11.516	-8.390
158.179	11.516	-8.440
159.179	11.516	-8.410
160.179	11.516	-8.460
161.179	11.516	-8.460
162.179	11.516	-8.410
163.179	11.516	-8.430
164.179	11.516	-8.490
165.179	11.516	-8.480
166.179	11.516	-8.470
167.179	11.516	-8.430
168.179	11.516	-8.460
169.179	11.516	-8.510
170.179	11.516	-8.520
171.179	11.516	-8.510
172.179	11.516	-8.530
173.179	11.516	-8.540
174.179	11.516	-8.530
175.179	11.516	-8.550
176.179	11.516	-8.540
177.179	11.516	-8.540
178.179	11.516	-8.540
179.179	11.516	-8.550
180.179	11.516	-8.550
181.179	11.516	-8.530
182.179	11.516	-8.550
183.179	11.516	-8.610
184.179	11.516	-8.640
185.179	11.516	-8.650
186.179	11.516	-8.620
187.179	11.516	-8.620
188.179	11.515	-8.630
189.179	11.516	-8.630
190.179	11.516	-8.620
191.179	11.516	-8.660
192.179	11.516	-8.680
193.179	11.516	-8.680
194.179	11.516	-8.650
195.179	11.516	-8.660
196.179	11.516	-8.700
197.179	11.516	-8.700
198.179	11.516	-8.690
199.179	11.516	-8.710
200.179	11.516	-8.720
201.179	11.515	-8.740
202.179	11.516	-8.750
203.179	11.516	-8.760
204.179	11.516	-8.730
205.179	11.515	-8.760
206.179	11.516	-8.800
207.179	11.516	-8.780
208.179	11.516	-8.840
209.179	11.516	-8.810
210.179	11.515	-8.790
211.179	11.516	-8.870
212.179	11.516	-8.840
213.179	11.516	-8.840
214.179	11.516	-8.860
215.179	11.516	-8.860
216.179	11.516	-8.880
217.179	11.516	-8.850
218.179	11.516	-8.900
219.179	11.516	-8.910
220.179	11.516	-8.900
221.179	11.516	-8.910
222.179	11.516	-8.900
223.179	11.516	-8.870
224.179	11.516	-8.910
225.179	11.516	-8.930
226.179	11.516	-8.920
227.179	11.515	-8.930
228.179	11.515	-8.960
229.179	11.516	-8.910
230.179	11.516	-8.950
231.179	11.516	-8.990
232.179	11.516	-8.950
233.179	11.516	-8.950
234.179	11.515	-8.960
235.179	11.515	-8.990
236.179	11.515	-9.010
237.179	11.515	-9.010
238.179	11.515	-9.010
239.179	11.515	-9.000
240.179	11.515	-8.990
241.179	11.516	-9.000
242.179	11.516	-9.020
243.179	11.516	-9.010
244.179	11.516	-8.990
245.179	11.515	-9.030
246.179	11.516	-9.020
247.179	11.516	-9.050
248.179	11.516	-9.050
249.179	11.516	-9.070
250.179	11.515	-9.070
251.179	11.516	-9.070
252.179	11.516	-9.060
253.179	11.516	-9.050
254.179	11.516	-9.060
255.179	11.516	-9.120
256.179	11.515	-9.110
257.179	11.516	-9.100
258.179	11.515	-9.120
259.179	11.515	-9.130
260.179	11.515	-9.160
261.179	11.515	-9.160
262.179	11.515	-9.160
263.179	11.516	-9.160
264.179	11.516	-9.180
265.179	11.516	-9.160
266.179	11.516	-9.130
267.179	11.517	-9.170
268.179	11.517	-9.170
269.179	11.517	-9.190
270.179	11.517	-9.150
271.179	11.517	-9.190
272.179	11.517	-9.190
273.179	11.517	-9.200
274.179	11.518	-9.250
275.179	11.518	-9.210
276.179	11.518	-9.190
277.179	11.518	-9.220
278.179	11.518	-9.250
279.179	11.518	-9.220
280.179	11.518	-9.260
281.179	11.518	-9.240
282.179	11.519	-9.220
283.179	11.519	-9.240
284.179	11.519	-9.240
285.179	11.519	-9.230
286.179	11.519	-9.260
287.179	11.519	-9.280
288.179	11.519	-9.320
289.179	11.519	-9.290
290.179	11.519	-9.260
291.179	11.519	-9.270
292.179	11.519	-9.310
293.179	11.519	-9.310
294.179	11.519	-9.350
295.179	11.519	-9.300
296.179	11.519	-9.330
297.179	11.519	-9.320
298.179	11.520	-9.310
299.179	11.519	-9.370
300.179	11.520	-9.320
301.179	11.520	-9.330
302.179	11.519	-9.380
303.179	11.519	-9.370
304.179	11.519	-9.350
305.179	11.519	-9.320
306.179	11.519	-9.350
307.179	11.519	-9.380
308.179	11.519	-9.370
309.179	11.519	-9.390
310.179	11.520	-9.390
311.179	11.520	-9.410
312.179	11.520	-9.430
313.179	11.520	-9.450
314.179	11.520	-9.410
315.179	11.520	-9.420
316.179	11.520	-9.460
317.179	11.520	-9.420
318.179	11.520	-9.480
319.179	11.520	-9.410
320.179	11.520	-9.470
321.179	11.520	-9.440
322.179	11.520	-9.500
323.179	11.520	-9.450
324.179	11.520	-9.450
325.179	11.520	-9.490
326.179	11.520	-9.500
327.179	11.519	-9.460
328.179	11.519	-9.500
329.179	11.519	-9.510
330.179	11.519	-9.490
331.179	11.519	-9.490
332.179	11.519	-9.520
333.179	11.519	-9.520
334.179	11.519	-9.550
335.179	11.519	-9.520
336.179	11.519	-9.540
337.179	11.519	-9.580
338.179	11.519	-9.570
339.179	11.519	-9.520
340.179	11.519	-9.560
341.179	11.519	-9.600
342.179	11.519	-9.600
343.179	11.519	-9.570
344.179	11.519	-9.570
345.179	11.519	-9.580
346.179	11.519	-9.600
347.179	11.519	-9.640
348.179	11.519	-9.630
349.179	11.519	-9.610
350.179	11.519	-9.590
351.179	11.519	-9.660
352.179	11.519	-9.630
353.179	11.519	-9.600
354.179	11.518	-9.650
355.179	11.518	-9.680
356.179	11.518	-9.640
357.179	11.518	-9.630
358.179	11.518	-9.630
359.179	11.518	-9.640
360.179	11.518	-9.650
361.179	11.518	-9.660
362.179	11.518	-9.660
363.179	11.518	-9.680
364.179	11.518	-9.690
365.179	11.518	-9.720
366.179	11.518	-9.750
367.179	11.518	-9.730
368.179	11.518	-9.730
369.179	11.518	-9.740
370.179	11.518	-9.750
371.179	11.518	-9.740
372.179	11.518	-9.720
373.179	11.518	-9.730
374.179	11.518	-9.760
375.179	11.518	-9.780
376.179	11.518	-9.770
377.179	11.518	-9.780
378.179	11.518	-9.760
379.179	11.518	-9.750
380.179	11.518	-9.770
381.179	11.520	-9.780
382.179	11.520	-9.800
383.179	11.520	-9.790
384.179	11.520	-9.780
385.179	11.518	-9.800
386.179	11.518	-9.810
387.179	11.518	-9.780
388.179	11.518	-9.780
389.179	11.518	-9.830
390.179	11.518	-9.850
391.179	11.518	-9.810
392.179	11.518	-9.850
393.179	11.518	-9.850
394.179	11.518	-9.850
395.179	11.518	-9.870
396.179	11.518	-9.820
397.179	11.518	-9.890
398.179	11.518	-9.840
399.179	11.518	-9.880
400.179	11.517	-9.870
401.179	11.518	-9.840
402.179	11.518	-9.860
403.179	11.518	-9.880
404.179	11.518	-9.860
405.179	11.517	-9.860
406.179	11.518	-9.850
407.179	11.518	-9.870
408.179	11.518	-9.880
409.179	11.518	-9.900
410.179	11.518	-9.930
411.179	11.518	-9.910
412.179	11.518	-9.900
413.179	11.518	-9.940
414.179	11.518	-9.940
415.179	11.518	-9.940
416.179	11.518	-9.940
417.179	11.518	-9.930
418.179	11.518	-9.940
419.179	11.518	-9.960
420.179	11.518	-9.930
421.179	11.517	-9.970
422.179	11.517	-9.940
423.179	11.517	-9.990
424.179	11.517	-9.960
425.179	11.517	-9.990
426.179	11.517	-9.980
427.179	11.517	-9.990
428.179	11.517	-10.000
429.179	11.517	-10.000
430.179	11.517	-9.960
431.179	11.517	-9.970
432.179	11.517	-10.010
433.179	11.517	-10.040
434.179	11.517	-10.020
435.179	11.517	-10.040
436.179	11.517	-10.030
437.179	11.517	-10.000
438.179	11.517	-10.030
439.179	11.517	-10.050
440.179	11.517	-10.040
441.179	11.517	-10.020
442.179	11.517	-10.040
443.179	11.517	-10.080
444.179	11.517	-10.070
445.179	11.516	-10.060
446.179	11.517	-10.050
447.179	11.517	-10.080
448.179	11.517	-10.090
449.179	11.517	-10.080
450.179	11.517	-10.070
451.179	11.517	-10.090
452.179	11.517	-10.100
453.179	11.517	-10.080
454.179	11.517	-10.070
455.179	11.517	-10.110
456.179	11.516	-10.140
457.179	11.516	-10.100
458.179	11.516	-10.130
459.179	11.516	-10.110
460.179	11.516	-10.110
461.179	11.516	-10.160
462.179	11.516	-10.120
463.179	11.516	-10.100
464.179	11.516	-10.150
465.179	11.516	-10.140
466.179	11.516	-10.130
467.179	11.516	-10.130
468.179	11.516	-10.160
469.179	11.516	-10.180
470.179	11.516	-10.200
471.179	11.516	-10.180
472.179	11.516	-10.150
473.179	11.516	-10.160
474.179	11.516	-10.150
475.179	11.516	-10.160
476.179	11.516	-10.170
477.179	11.516	-10.180
478.179	11.516	-10.190
479.179	11.516	-10.220
480.179	11.516	-10.200
481.179	11.516	-10.230
482.179	11.516	-10.180
483.179	11.516	-10.240
484.179	11.516	-10.230
485.179	11.516	-10.240
486.179	11.516	-10.230
487.179	11.516	-10.250
488.179	11.516	-10.280
489.179	11.516	-10.270
490.179	11.516	-10.260
491.179	11.516	-10.270
492.179	11.516	-10.270
493.179	11.516	-10.250
494.179	11.516	-10.300
495.179	11.516	-10.300
496.179	11.516	-10.280
497.179	11.516	-10.270
498.179	11.516	-10.270
499.179	11.516	-10.290
500.179	11.516	-10.290
501.179	11.516	-10.270
502.179	11.516	-10.280
503.179	11.516	-10.300
504.179	11.516	-10.310
505.179	11.516	-10.300
506.179	11.516	-10.310
507.179	11.516	-10.290
508.179	11.516	-10.330
509.179	11.516	-10.380
510.179	11.516	-10.400
511.179	11.515	-10.370
512.179	11.516	-10.360
513.179	11.516	-10.390
514.179	11.516	-10.390
515.179	11.515	-10.400
516.179	11.515	-10.360
517.179	11.515	-10.350
518.179	11.515	-10.390
519.179	11.515	-10.430
520.179	11.515	-10.390
521.179	11.515	-10.370
522.179	11.515	-10.410
523.179	11.515	-10.420
524.179	11.515	-10.410
525.179	11.515	-10.420
526.179	11.515	-10.400
527.179	11.515	-10.420
528.179	11.515	-10.450
529.179	11.515	-10.440
530.179	11.515	-10.420
531.179	11.515	-10.400
532.179	11.515	-10.440
533.179	11.515	-10.460
534.179	11.515	-10.460
535.179	11.515	-10.440
536.179	11.515	-10.480
537.179	11.515	-10.480
538.179	11.515	-10.440
539.179	11.515	-10.470
540.179	11.515	-10.470
541.179	11.515	-10.450
542.179	11.515	-10.490
543.179	11.515	-10.490
544.179	11.515	-10.450
545.179	11.515	-10.480
546.179	11.515	-10.500
547.179	11.515	-10.480
548.179	11.515	-10.490
549.179	11.515	-10.470
550.179	11.515	-10.450
551.179	11.515	-10.460
552.179	11.515	-10.500
553.179	11.515	-10.490
554.179	11.515	-10.490
555.179	11.515	-10.520
556.179	11.515	-10.530
557.179	11.515	-10.500
558.179	11.515	-10.520
559.179	11.515	-10.530
560.179	11.515	-10.520
561.179	11.515	-10.510
562.179	11.515	-10.530
563.179	11.515	-10.540
564.179	11.515	-10.520
565.179	11.515	-10.520
566.179	11.515	-10.530
567.179	11.515	-10.590
568.179	11.515	-10.570
569.179	11.515	-10.520
570.179	11.515	-10.550
571.179	11.515	-10.570
572.179	11.515	-10.610
573.179	11.515	-10.610
574.179	11.515	-10.590
575.179	11.515	-10.560
576.179	11.515	-10.580
577.179	11.515	-10.590
578.179	11.515	-10.610
579.179	11.515	-10.580
580.179	11.515	-10.620
581.179	11.515	-10.600
582.179	11.515	-10.610
583.179	11.515	-10.610
584.179	11.515	-10.600
585.179	11.515	-10.630
586.179	11.514	-10.610
587.179	11.515	-10.630
588.179	11.515	-10.610
589.179	11.515	-10.650
590.179	11.515	-10.660
591.179	11.515	-10.630
592.179	11.515	-10.640
593.179	11.515	-10.670
594.179	11.515	-10.640
595.179	11.514	-10.740
596.179	11.515	-10.690
597.179	11.515	-10.720
598.179	11.515	-10.760
599.179	11.515	-10.730
600.179	11.515	-10.770
601.179	11.515	-10.740
602.179	11.514	-10.760
603.179	11.515	-10.730
604.179	11.515	-10.780
605.179	11.515	-10.780
606.179	11.514	-10.760
607.179	11.515	-10.740
608.179	11.515	-10.750
609.179	11.514	-10.750
610.179	11.515	-10.790
611.179	11.515	-10.770
612.179	11.514	-10.740
613.179	11.515	-10.780
614.179	11.515	-10.800
615.179	11.515	-10.800
616.179	11.515	-10.740
617.179	11.514	-10.780
618.179	11.514	-10.780
619.179	11.514	-10.760
620.179	11.514	-10.820
621.179	11.514	-10.790
622.179	11.514	-10.790
623.179	11.514	-10.780
624.179	11.514	-10.810
625.179	11.514	-10.830
626.179	11.514	-10.770
627.179	11.514	-10.790
628.179	11.514	-10.790
629.179	11.514	-10.840
630.179	11.514	-10.840
631.179	11.514	-10.810
632.179	11.514	-10.780
633.179	11.514	-10.820
634.179	11.514	-10.820
635.179	11.514	-10.810
636.179	11.514	-10.820
637.179	11.514	-10.850
638.179	11.514	-10.880
639.179	11.514	-10.860
640.179	11.514	-10.810
641.179	11.514	-10.860
642.179	11.514	-10.870
643.179	11.514	-10.860
644.179	11.514	-10.870
645.179	11.514	-10.890
646.179	11.514	-10.870
647.179	11.514	-10.870
648.179	11.514	-10.860
649.179	11.514	-10.880
650.179	11.514	-10.900
651.179	11.514	-10.870
652.179	11.514	-10.880
653.179	11.514	-10.920
654.179	11.514	-10.900
655.179	11.514	-10.870
656.179	11.514	-10.900
657.179	11.514	-10.930
658.179	11.514	-10.950
659.179	11.514	-10.950
660.179	11.514	-10.920
661.179	11.514	-10.940
662.179	11.514	-10.930
663.179	11.514	-10.930
664.179	11.514	-10.900
665.179	11.514	-10.880
666.179	11.514	-10.910
667.179	11.514	-10.960
668.179	11.514	-10.900
669.179	11.514	-10.920
670.179	11.514	-10.940
671.179	11.514	-10.900
672.179	11.514	-10.950
673.179	11.514	-10.920
674.179	11.514	-10.960
675.179	11.514	-10.910
676.179	11.514	-10.940
677.179	11.514	-10.960
678.179	11.514	-11.000
679.179	11.514	-10.960
680.179	11.514	-10.920
681.179	11.514	-11.000
682.179	11.514	-10.930
683.179	11.514	-10.990
684.179	11.514	-10.940
685.179	11.514	-10.970
686.179	11.514	-11.000
687.179	11.514	-11.010
688.179	11.514	-11.020
689.179	11.514	-11.000
690.179	11.514	-10.980
691.179	11.514	-10.980
692.179	11.514	-10.980
693.179	11.514	-10.970
694.179	11.514	-10.970
695.179	11.514	-11.000
696.179	11.514	-11.040
697.179	11.514	-11.040
698.179	11.514	-11.020
699.179	11.514	-10.990
700.179	11.514	-11.000
701.179	11.514	-11.040
702.179	11.514	-11.000
703.179	11.514	-11.040
704.179	11.514	-11.010
705.179	11.514	-11.050
706.179	11.514	-11.030
707.179	11.514	-11.060
708.179	11.514	-11.040
709.179	11.514	-11.020
710.179	11.514	-11.070
711.179	11.514	-11.070
712.179	11.514	-11.050
713.179	11.514	-11.120
714.179	11.514	-11.110
715.179	11.514	-11.150
716.179	11.514	-11.190
717.179	11.514	-11.180
718.179	11.514	-11.160
719.179	11.514	-11.180
720.179	11.514	-11.180
721.179	11.514	-11.190
722.179	11.514	-11.180
723.179	11.514	-11.160
724.179	11.514	-11.140
725.179	11.514	-11.180
726.179	11.514	-11.190
727.179	11.514	-11.170
728.179	11.514	-11.140
729.179	11.514	-11.160
730.179	11.514	-11.190
731.179	11.514	-11.150
732.179	11.514	-11.130
733.179	11.514	-11.180
734.179	11.514	-11.190
735.179	11.514	-11.180
736.179	11.514	-11.170
737.179	11.514	-11.190
738.179	11.514	-11.150
739.179	11.514	-11.200
740.179	11.514	-11.210
741.179	11.514	-11.170
742.179	11.514	-11.180
743.179	11.514	-11.210
744.179	11.514	-11.210
745.179	11.514	-11.180
746.179	11.514	-11.190
747.179	11.514	-11.190
748.179	11.514	-11.220
749.179	11.514	-11.240
750.179	11.514	-11.230
751.179	11.514	-11.210
752.179	11.514	-11.180
753.179	11.514	-11.190
754.179	11.514	-11.230
755.179	11.514	-11.250
756.179	11.514	-11.240
757.179	11.514	-11.190
758.179	11.514	-11.220
759.179	11.514	-11.240
760.179	11.514	-11.220
761.179	11.514	-11.240
762.179	11.514	-11.240
763.179	11.514	-11.210
764.179	11.514	-11.300
765.179	11.514	-11.210
766.179	11.514	-11.250
767.179	11.514	-11.250
768.179	11.514	-11.250
769.179	11.514	-11.290
770.179	11.514	-11.240
771.179	11.514	-11.270
772.179	11.514	-11.250
773.179	11.514	-11.310
774.179	11.514	-11.250
775.179	11.514	-11.290
776.179	11.514	-11.290
777.179	11.514	-11.300
778.179	11.514	-11.270
779.179	11.514	-11.320
780.179	11.514	-11.270
781.179	11.514	-11.310
782.179	11.514	-11.290
783.179	11.514	-11.320
784.179	11.514	-11.310
785.179	11.514	-11.310
786.179	11.514	-11.290
787.179	11.514	-11.310
788.179	11.514	-11.300
789.179	11.514	-11.310
790.179	11.514	-11.320
791.179	11.514	-11.300
792.179	11.514	-11.320
793.179	11.514	-11.340
794.179	11.514	-11.340
795.179	11.514	-11.310
796.179	11.514	-11.290
797.179	11.514	-11.350
798.179	11.514	-11.350
799.179	11.514	-11.340
800.179	11.514	-11.300
801.179	11.514	-11.340
802.179	11.514	-11.370
803.179	11.514	-11.370
804.179	11.514	-11.350
805.179	11.514	-11.370
806.179	11.514	-11.360
807.179	11.514	-11.320
808.179	11.514	-11.400
809.179	11.514	-11.370
810.179	11.514	-11.330
811.179	11.514	-11.390
812.179	11.514	-11.390
813.179	11.514	-11.340
814.179	11.514	-11.360
815.179	11.514	-11.370
816.179	11.514	-11.430
817.179	11.514	-11.450
818.179	11.514	-11.480
819.179	11.514	-11.480
820.179	11.514	-11.470
821.179	11.514	-11.470
822.179	11.514	-11.470
823.179	11.514	-11.480
824.179	11.514	-11.500
825.179	11.514	-11.490
826.179	11.514	-11.480
827.179	11.514	-11.450
828.179	11.514	-11.450
829.179	11.514	-11.450
830.179	11.514	-11.460
831.179	11.514	-11.460
832.179	11.514	-11.470
833.181	11.514	-11.490
834.179	11.514	-11.490
835.179	11.514	-11.480
836.179	11.514	-11.470
837.179	11.514	-11.530
838.179	11.514	-11.460
839.179	11.514	-11.470
840.179	11.514	-11.510
841.179	11.514	-11.470
842.179	11.514	-11.520
843.179	11.514	-11.460
844.179	11.514	-11.530
