0.273	19.435	-0.065
1.272	19.435	-0.065
2.272	19.435	-0.064
3.272	19.435	-0.064
4.272	19.435	-0.064
5.272	19.436	-0.065
6.272	19.436	-0.065
7.272	19.435	-0.065
8.272	19.436	-0.062
9.272	19.436	-0.063
10.272	19.436	-0.065
11.272	19.436	-0.064
12.272	19.436	-0.064
13.272	19.436	-0.064
14.272	19.436	-0.064
15.272	19.436	-0.064
16.272	19.436	-0.063
17.272	19.436	-0.064
18.272	19.436	-0.064
19.272	19.436	-0.063
20.272	19.436	-0.063
21.272	19.436	-0.063
22.272	19.436	-0.063
23.272	19.436	-0.063
24.272	19.436	-0.064
25.272	19.436	-0.064
26.272	19.436	-0.063
27.272	19.436	-0.061
28.272	19.436	-0.063
29.272	19.436	-0.063
30.272	19.436	-0.063
31.272	19.436	-0.063
32.272	19.436	-0.063
33.272	19.436	-0.062
34.272	19.436	-0.063
35.272	19.436	-0.063
36.272	19.436	-0.064
37.272	19.436	-0.063
38.272	19.436	-0.063
39.272	19.436	-0.062
40.272	19.436	-0.062
41.272	19.436	-0.063
42.272	19.436	-0.062
43.272	19.436	-0.061
44.272	19.436	-0.062
45.272	19.436	-0.060
46.272	19.436	-0.061
47.272	19.436	-0.062
48.272	19.436	-0.063
49.272	19.436	-0.063
50.272	19.436	-0.062
51.272	19.436	-0.062
52.272	19.436	-0.062
53.272	19.436	-0.062
54.272	19.436	-0.061
55.272	19.436	-0.062
56.272	19.437	-0.061
57.272	19.437	-0.062
58.272	19.437	-0.060
59.272	19.437	-0.061
60.272	19.437	-0.061
61.272	19.437	-0.061
62.272	19.437	-0.063
63.272	19.436	-0.060
64.272	19.437	-0.061
65.272	19.437	-0.062
66.272	19.437	-0.061
67.272	19.437	-0.061
68.272	19.437	-0.061
69.272	19.437	-0.060
70.272	19.437	-0.061
71.272	19.437	-0.061
72.272	19.437	-0.062
73.272	19.437	-0.061
74.272	19.437	-0.061
75.272	19.437	-0.061
76.272	19.437	-0.060
77.272	19.437	-0.060
78.272	19.437	-0.060
79.272	19.437	-0.061
80.272	19.437	-0.062
81.272	19.437	-0.060
82.272	19.437	-0.060
83.272	19.437	-0.060
84.272	19.437	-0.060
85.272	19.437	-0.060
86.272	19.437	-0.060
87.272	19.437	-0.060
88.272	19.437	-0.060
89.272	19.437	-0.061
90.272	19.437	-0.060
91.272	19.437	-0.061
92.272	19.437	-0.061
93.272	19.437	-0.060
94.272	19.437	-0.060
95.272	19.437	-0.059
96.272	19.437	-0.060
97.272	19.437	-0.060
98.272	19.437	-0.060
99.272	19.437	-0.060
100.272	19.437	-0.059
101.272	19.437	-0.059
102.272	19.437	-0.060
103.272	19.437	-0.060
104.272	19.437	-0.060
105.272	19.437	-0.060
106.272	19.437	-0.059
107.272	19.437	-0.059
108.272	19.437	-0.060
109.272	19.437	-0.060
110.272	19.437	-0.059
111.272	19.437	-0.060
112.272	19.437	-0.059
113.272	19.437	-0.060
114.272	19.437	-0.059
115.272	19.437	-0.058
116.272	19.437	-0.060
117.272	19.437	-0.059
118.272	19.437	-0.059
119.272	19.437	-0.059
120.272	19.437	-0.060
121.272	19.437	-0.060
122.272	19.437	-0.060
123.272	19.437	-0.059
124.272	19.437	-0.059
125.272	19.437	-0.059
126.272	19.437	-0.060
127.272	19.437	-0.058
128.272	19.437	-0.059
129.272	19.437	-0.060
130.272	19.437	-0.059
131.272	19.437	-0.059
132.272	19.437	-0.059
133.272	19.437	-0.060
134.272	19.437	-0.059
135.272	19.437	-0.059
136.272	19.437	-0.058
137.272	19.437	-0.060
138.272	19.437	-0.059
139.272	19.437	-0.059
140.272	19.437	-0.058
141.272	19.437	-0.059
142.272	19.437	-0.058
143.272	19.438	-0.058
144.272	19.437	-0.058
145.272	19.437	-0.058
146.272	19.438	-0.058
147.272	19.437	-0.059
148.272	19.437	-0.058
149.272	19.438	-0.059
150.272	19.438	-0.059
151.272	19.438	-0.059
152.272	19.438	-0.058
153.272	19.438	-0.058
154.272	19.438	-0.059
155.272	19.438	-0.059
156.272	19.438	-0.059
157.272	19.438	-0.057
158.272	19.437	-0.058
159.272	19.438	-0.058
160.272	19.438	-0.058
161.272	19.438	-0.058
162.272	19.438	-0.058
163.272	19.437	-0.057
164.272	19.438	-0.058
165.272	19.438	-0.059
166.272	19.438	-0.058
167.272	19.438	-0.057
168.272	19.438	-0.058
169.272	19.438	-0.058
170.272	19.438	-0.059
171.272	19.438	-0.057
172.272	19.438	-0.058
173.272	19.438	-0.058
174.272	19.438	-0.058
175.272	19.438	-0.058
176.272	19.437	-0.057
177.272	19.438	-0.058
178.272	19.438	-0.058
179.272	19.438	-0.059
180.272	19.438	-0.057
181.272	19.438	-0.057
182.272	19.438	-0.058
183.272	19.438	-0.057
184.272	19.438	-0.057
185.272	19.438	-0.057
186.272	19.438	-0.058
187.272	19.438	-0.059
188.272	19.438	-0.057
189.272	19.438	-0.058
190.272	19.438	-0.058
191.272	19.438	-0.058
192.272	19.438	-0.057
193.272	19.438	-0.057
194.272	19.438	-0.058
195.272	19.438	-0.057
196.272	19.438	-0.057
197.272	19.438	-0.057
198.272	19.438	-0.057
199.272	19.438	-0.057
200.272	19.438	-0.058
201.272	19.438	-0.057
202.272	19.438	-0.058
203.272	19.438	-0.057
204.272	19.438	-0.057
205.272	19.438	-0.057
206.272	19.438	-0.058
207.272	19.438	-0.057
208.272	19.438	-0.057
209.272	19.438	-0.057
210.272	19.438	-0.056
211.272	19.438	-0.058
212.272	19.438	-0.056
213.272	19.438	-0.056
214.272	19.438	-0.058
215.272	19.438	-0.057
216.272	19.438	-0.057
217.272	19.438	-0.058
218.272	19.438	-0.056
219.272	19.438	-0.057
220.272	19.438	-0.058
221.272	19.438	-0.058
222.272	19.438	-0.056
223.272	19.438	-0.057
224.272	19.438	-0.058
225.272	19.438	-0.058
226.272	19.438	-0.057
227.272	19.438	-0.056
228.272	19.438	-0.056
229.272	19.438	-0.057
230.272	19.438	-0.056
231.272	19.438	-0.057
232.272	19.438	-0.057
233.272	19.438	-0.057
234.272	19.438	-0.056
235.272	19.438	-0.057
236.272	19.438	-0.057
237.272	19.438	-0.056
238.272	19.438	-0.057
239.272	19.438	-0.057
240.272	19.438	-0.057
241.272	19.438	-0.057
242.272	19.438	-0.057
243.272	19.438	-0.057
244.272	19.438	-0.057
245.272	19.438	-0.056
246.272	19.438	-0.056
247.272	19.438	-0.056
248.272	19.438	-0.057
249.272	19.438	-0.056
250.272	19.438	-0.057
251.272	19.438	-0.056
252.272	19.438	-0.056
253.272	19.438	-0.057
254.272	19.438	-0.058
255.272	19.438	-0.055
256.272	19.438	-0.056
257.272	19.438	-0.057
258.272	19.438	-0.057
259.272	19.438	-0.056
260.272	19.438	-0.057
261.272	19.438	-0.056
262.272	19.438	-0.056
263.272	19.439	-0.056
264.272	19.438	-0.056
265.272	19.438	-0.056
266.272	19.438	-0.056
267.272	19.438	-0.056
268.272	19.438	-0.056
269.272	19.438	-0.056
270.272	19.438	-0.055
271.272	19.438	-0.057
272.272	19.438	-0.057
273.272	19.438	-0.056
274.272	19.438	-0.056
275.272	19.438	-0.056
276.272	19.438	-0.056
277.272	19.438	-0.056
278.272	19.439	-0.056
279.272	19.438	-0.055
280.272	19.438	-0.055
281.272	19.438	-0.056
282.272	19.438	-0.056
283.272	19.438	-0.055
284.272	19.438	-0.056
285.272	19.438	-0.056
286.272	19.438	-0.055
287.272	19.438	-0.056
288.272	19.438	-0.056
289.272	19.438	-0.056
290.272	19.438	-0.056
291.272	19.438	-0.056
292.272	19.438	-0.055
293.272	19.438	-0.055
294.272	19.438	-0.056
295.272	19.438	-0.056
296.272	19.438	-0.057
297.272	19.438	-0.055
298.272	19.438	-0.055
299.272	19.438	-0.056
300.272	19.438	-0.055
301.272	19.438	-0.056
302.272	19.438	-0.055
303.272	19.438	-0.056
304.272	19.438	-0.055
305.272	19.438	-0.056
306.272	19.438	-0.056
307.272	19.438	-0.056
308.272	19.438	-0.055
309.272	19.439	-0.056
310.272	19.439	-0.055
311.272	19.438	-0.055
312.272	19.438	-0.056
313.272	19.438	-0.055
314.272	19.438	-0.055
315.272	19.438	-0.056
316.272	19.438	-0.055
317.272	19.438	-0.056
318.272	19.438	-0.056
319.272	19.439	-0.055
320.272	19.439	-0.056
321.272	19.439	-0.055
322.272	19.438	-0.055
323.272	19.438	-0.056
324.272	19.438	-0.055
325.272	19.438	-0.056
326.272	19.439	-0.056
327.272	19.439	-0.054
328.272	19.438	-0.055
329.272	19.438	-0.056
330.272	19.438	-0.056
331.272	19.438	-0.055
332.272	19.438	-0.055
333.272	19.438	-0.055
334.272	19.438	-0.056
335.272	19.438	-0.055
336.272	19.438	-0.055
337.272	19.438	-0.055
338.272	19.439	-0.055
339.272	19.438	-0.056
340.272	19.439	-0.055
341.272	19.438	-0.054
342.272	19.438	-0.055
343.272	19.438	-0.056
344.272	19.438	-0.055
345.272	19.438	-0.056
346.272	19.438	-0.054
347.272	19.438	-0.055
348.272	19.438	-0.055
349.272	19.438	-0.054
350.272	19.438	-0.055
351.272	19.438	-0.055
352.272	19.438	-0.055
353.272	19.438	-0.054
354.272	19.438	-0.055
355.272	19.438	-0.055
356.272	19.438	-0.055
357.272	19.438	-0.055
358.272	19.439	-0.056
359.272	19.438	-0.055
360.272	19.439	-0.055
361.272	19.439	-0.055
362.272	19.438	-0.056
363.272	19.438	-0.055
364.272	19.439	-0.055
365.272	19.439	-0.054
366.272	19.439	-0.056
367.272	19.439	-0.054
368.272	19.439	-0.054
369.272	19.438	-0.055
370.272	19.438	-0.055
371.272	19.438	-0.056
372.272	19.439	-0.055
373.272	19.439	-0.055
374.272	19.439	-0.055
375.272	19.438	-0.054
376.272	19.439	-0.055
377.272	19.438	-0.055
378.272	19.439	-0.055
379.272	19.438	-0.055
380.272	19.439	-0.054
381.272	19.438	-0.055
382.272	19.439	-0.055
383.272	19.439	-0.055
384.272	19.439	-0.054
385.272	19.438	-0.055
386.272	19.438	-0.055
387.272	19.438	-0.055
388.272	19.439	-0.054
389.272	19.439	-0.055
390.272	19.439	-0.054
391.272	19.439	-0.054
392.272	19.439	-0.055
393.272	19.439	-0.055
394.272	19.439	-0.054
395.272	19.439	-0.055
396.272	19.439	-0.055
397.272	19.439	-0.055
398.272	19.439	-0.054
399.272	19.439	-0.055
400.272	19.439	-0.054
401.272	19.439	-0.055
402.272	19.439	-0.055
403.272	19.439	-0.056
404.272	19.439	-0.054
405.272	19.439	-0.055
406.272	19.439	-0.055
407.272	19.439	-0.054
408.272	19.439	-0.055
409.272	19.439	-0.054
410.272	19.438	-0.054
411.272	19.439	-0.054
412.272	19.438	-0.053
413.272	19.438	-0.055
414.272	19.438	-0.055
415.272	19.438	-0.055
416.272	19.438	-0.054
417.272	19.438	-0.054
418.272	19.438	-0.055
419.272	19.438	-0.056
420.272	19.438	-0.056
421.272	19.439	-0.054
422.272	19.439	-0.054
423.272	19.438	-0.055
