0.229	-0.000	-0.000
1.229	-0.000	-0.000
2.229	-0.000	-0.000
3.229	-0.000	0.001
4.229	-0.000	0.001
5.229	-0.000	0.000
6.229	-0.000	-0.000
7.229	-0.000	-0.000
8.229	-0.000	-0.000
9.229	-0.000	-0.000
10.229	-0.000	-0.000
11.229	-0.000	0.000
12.229	-0.000	-0.001
13.229	0.000	-0.001
14.229	-0.000	-0.000
15.229	-0.000	0.000
16.229	-0.000	-0.000
17.229	0.000	-0.000
18.229	-0.000	-0.002
19.229	-0.000	-0.000
20.229	-0.000	0.000
21.229	-0.000	-0.000
22.229	-0.000	-0.000
23.229	-0.000	-0.001
24.229	-0.000	-0.001
25.229	-0.000	-0.001
26.229	-0.000	-0.000
27.229	-0.000	0.000
28.229	0.000	-0.000
29.229	-0.000	-0.001
30.229	-0.000	-0.002
31.229	-0.000	-0.000
32.229	-0.000	0.000
33.229	-0.000	0.000
34.229	-0.000	-0.000
35.229	-0.000	-0.000
36.229	-0.000	-0.001
37.229	-0.000	-0.001
38.229	-0.000	-0.000
39.229	-0.000	-0.000
40.229	-0.000	-0.000
41.229	-0.001	-0.000
42.229	-0.000	-0.000
43.229	-0.001	-0.000
44.229	-0.001	-0.000
45.229	-0.000	-0.001
46.229	-0.000	-0.000
47.229	-0.000	-0.001
48.229	-0.000	0.000
49.229	-0.000	-0.000
50.229	-0.000	-0.000
51.229	-0.000	-0.000
52.229	-0.000	0.000
53.229	-0.001	-0.000
54.229	-0.000	0.000
55.229	-0.000	-0.000
56.229	-0.000	0.000
57.229	-0.000	0.000
58.229	-0.000	0.000
59.229	-0.000	-0.000
60.229	-0.000	-0.000
61.229	-0.000	-0.000
62.229	-0.000	-0.001
63.229	-0.000	-0.000
64.229	-0.000	-0.000
65.229	-0.000	-0.000
66.229	-0.000	-0.001
67.229	-0.000	-0.001
68.229	-0.000	-0.000
69.229	-0.000	0.000
70.229	-0.000	-0.000
71.229	-0.000	-0.000
72.229	-0.000	-0.001
73.229	-0.000	-0.000
74.229	0.000	-0.000
75.229	-0.000	-0.000
76.229	-0.000	0.000
77.229	-0.000	-0.000
78.229	-0.000	-0.000
79.229	-0.000	0.000
80.229	-0.000	-0.001
81.229	-0.000	0.000
82.229	-0.000	-0.000
83.229	-0.000	0.000
84.229	0.000	-0.000
85.229	-0.000	0.000
86.229	-0.000	-0.000
87.229	-0.000	0.000
88.229	-0.000	0.000
89.229	-0.000	-0.000
90.229	-0.000	-0.000
91.229	-0.000	-0.000
92.229	-0.000	0.000
93.229	-0.000	-0.000
94.229	-0.000	0.000
95.229	-0.000	-0.000
96.229	-0.000	-0.000
97.229	-0.000	-0.000
98.229	-0.000	0.000
99.229	-0.000	0.000
100.229	-0.000	-0.000
101.229	-0.000	-0.000
102.229	0.000	0.000
103.229	-0.000	0.000
104.229	-0.000	-0.000
105.229	-0.000	-0.000
106.229	-0.000	0.000
107.229	0.000	-0.000
108.229	-0.000	0.000
109.229	0.000	-0.001
110.229	-0.000	-0.001
111.229	-0.000	0.000
112.229	-0.000	0.000
113.229	-0.000	0.000
114.229	-0.000	-0.000
115.229	-0.000	-0.000
116.229	-0.000	-0.000
117.229	-0.000	-0.001
118.229	-0.000	-0.000
119.229	0.000	-0.000
120.229	-0.000	-0.001
121.229	0.000	0.000
122.229	-0.000	0.000
123.229	0.000	-0.001
124.229	0.000	-0.001
125.229	0.000	0.000
126.229	0.000	-0.000
127.229	0.000	0.000
128.229	0.000	-0.000
129.229	-0.000	-0.000
130.229	-0.000	0.000
131.229	-0.000	-0.000
132.229	0.000	-0.000
133.229	0.000	-0.000
134.229	0.000	-0.000
135.229	0.000	-0.000
136.229	0.000	-0.000
137.229	0.000	-0.000
138.229	-0.000	-0.000
139.229	0.000	-0.000
140.229	-0.000	-0.000
141.229	0.000	0.000
142.229	-0.000	-0.000
143.229	-0.000	-0.000
144.229	0.000	0.000
145.229	0.000	-0.000
146.229	-0.000	0.000
147.229	-0.000	-0.000
148.229	0.000	-0.001
149.229	0.000	0.000
150.229	0.000	0.001
151.229	0.000	-0.001
152.229	0.000	-0.000
153.229	0.000	0.000
154.229	0.000	0.001
155.229	0.000	0.000
156.229	-0.000	0.000
157.229	0.000	-0.000
158.229	-0.000	-0.000
159.229	-0.000	-0.000
160.229	-0.000	-0.000
161.229	-0.000	0.000
162.229	0.000	-0.000
163.229	-0.000	0.000
164.229	0.000	-0.001
165.229	-0.000	-0.000
166.229	-0.000	0.000
167.229	-0.000	-0.000
168.231	0.000	0.000
169.229	0.000	0.000
170.229	0.000	0.000
171.229	0.000	0.000
172.229	0.000	-0.000
173.229	-0.000	0.000
174.229	0.000	-0.000
175.229	0.000	-0.000
176.229	-0.000	0.000
177.229	-0.000	-0.000
178.229	-0.000	0.000
179.229	-0.000	0.000
180.229	0.000	-0.000
181.229	-0.000	0.000
182.229	-0.000	0.001
183.229	-0.000	-0.000
184.229	-0.000	-0.000
185.229	-0.000	0.000
186.229	-0.000	-0.000
187.229	-0.000	0.000
188.229	-0.000	0.000
189.229	-0.000	0.000
190.229	-0.000	0.000
191.229	-0.000	-0.000
192.229	-0.000	-0.000
193.229	-0.000	0.000
194.229	-0.000	-0.000
195.229	-0.000	-0.000
196.229	-0.000	0.000
197.229	-0.000	0.000
198.229	-0.000	-0.000
199.229	-0.000	0.000
200.229	-0.000	0.000
201.229	-0.000	-0.000
202.229	-0.000	0.000
203.229	-0.000	0.000
204.229	-0.000	0.000
205.229	-0.000	-0.000
206.229	-0.000	0.000
207.229	-0.000	-0.000
208.229	-0.000	0.000
209.229	-0.000	0.000
210.229	-0.000	0.000
211.229	-0.000	-0.000
212.229	-0.000	-0.000
213.229	0.000	0.002
214.229	-0.000	0.000
215.229	0.000	0.000
216.229	-0.000	-0.000
217.229	-0.000	-0.000
218.229	0.000	0.000
219.229	0.000	-0.000
220.229	0.000	0.000
221.229	0.000	0.000
222.229	-0.000	0.000
223.229	0.000	-0.000
224.229	0.000	0.000
225.229	0.000	-0.000
226.229	-0.000	-0.000
227.229	-0.000	-0.000
228.229	-0.000	0.000
229.229	0.000	0.000
230.229	-0.000	-0.000
231.229	-0.000	-0.000
232.229	0.000	-0.000
233.229	0.000	0.000
234.229	-0.000	0.000
235.229	-0.000	0.000
236.229	-0.000	-0.000
237.229	0.000	0.000
238.229	0.000	0.001
239.229	-0.000	-0.000
240.229	0.000	0.001
241.229	-0.000	-0.000
242.229	-0.000	-0.000
243.229	0.000	-0.000
244.229	-0.000	0.000
245.229	0.000	-0.000
246.229	0.000	0.000
247.229	0.000	0.000
248.229	-0.000	0.000
249.229	0.000	0.000
250.229	0.000	0.000
251.229	0.000	-0.000
252.229	0.000	-0.000
253.229	-0.000	-0.000
254.229	0.000	0.000
255.229	-0.000	0.000
256.229	-0.000	0.000
257.229	-0.000	-0.000
258.229	-0.000	0.000
259.229	-0.000	0.000
260.229	-0.000	-0.000
261.229	-0.000	-0.000
262.229	-0.000	0.000
263.229	-0.000	0.000
264.229	-0.000	0.000
265.229	-0.000	-0.000
266.229	-0.000	-0.002
267.229	-0.000	-0.000
268.229	-0.000	-0.002
269.229	-0.000	0.000
270.229	-0.000	-0.000
271.229	-0.000	0.000
272.229	-0.000	-0.000
273.229	-0.000	-0.000
274.229	-0.000	-0.000
275.229	-0.000	-0.000
276.229	-0.000	-0.000
277.229	-0.000	0.000
278.229	-0.000	-0.000
279.229	-0.000	-0.000
280.229	-0.000	-0.000
281.229	-0.000	0.000
282.229	-0.000	0.000
283.229	-0.000	-0.001
284.229	-0.000	-0.000
285.229	-0.000	-0.000
286.229	-0.000	-0.000
287.229	-0.000	-0.000
288.229	-0.000	0.000
289.229	-0.000	-0.000
290.229	-0.000	-0.001
291.229	-0.000	-0.000
292.229	-0.000	0.000
293.229	-0.001	-0.000
294.229	-0.000	-0.000
295.229	-0.000	-0.000
296.229	-0.000	-0.000
297.229	-0.000	-0.000
298.229	-0.000	-0.000
299.229	-0.000	-0.001
300.229	-0.000	-0.000
301.229	-0.000	0.000
302.229	-0.000	-0.000
303.229	-0.001	-0.000
304.229	-0.000	-0.000
305.229	-0.000	-0.000
306.229	-0.000	-0.000
307.229	-0.000	-0.000
308.229	-0.000	0.000
309.229	-0.001	-0.000
310.229	-0.001	-0.000
311.229	-0.000	0.000
312.229	-0.000	-0.000
313.229	-0.000	-0.000
314.229	-0.001	0.000
315.229	-0.001	-0.000
316.229	-0.001	-0.000
317.229	-0.001	-0.000
318.229	-0.000	-0.000
319.229	-0.001	-0.000
320.229	-0.001	-0.000
321.229	-0.001	-0.000
322.229	-0.001	-0.001
323.229	-0.001	-0.001
324.229	-0.001	0.000
325.229	-0.001	0.000
326.229	-0.001	-0.000
327.229	-0.001	0.000
328.229	-0.001	-0.000
329.229	-0.001	0.000
330.229	-0.001	-0.000
331.229	-0.001	-0.000
332.229	-0.001	-0.000
333.229	-0.001	-0.000
334.229	-0.001	-0.000
335.229	-0.001	-0.001
336.229	-0.001	0.000
337.229	-0.001	-0.001
338.229	-0.001	-0.000
339.229	-0.001	-0.000
340.229	-0.001	-0.000
341.229	-0.001	0.000
342.229	-0.001	-0.000
343.229	-0.001	-0.000
344.229	-0.001	0.000
345.229	-0.001	-0.000
346.229	-0.001	0.000
347.229	-0.001	-0.000
348.229	-0.001	-0.000
349.229	-0.001	0.000
350.229	-0.001	-0.000
351.229	-0.001	-0.000
352.229	-0.001	0.000
353.229	-0.001	-0.001
354.229	-0.001	-0.000
355.229	-0.001	0.000
356.229	-0.001	-0.000
357.229	-0.001	-0.000
358.229	-0.001	-0.001
359.229	-0.001	-0.000
360.229	-0.000	-0.000
361.229	-0.001	-0.000
362.229	-0.001	-0.000
363.229	-0.001	-0.000
364.229	-0.001	-0.000
365.229	-0.001	-0.000
366.229	-0.001	0.000
367.229	-0.001	-0.000
368.229	-0.001	-0.000
369.229	-0.000	-0.000
370.229	-0.001	0.000
371.229	-0.001	-0.001
372.229	-0.001	-0.000
373.229	-0.001	-0.001
374.229	-0.001	-0.000
375.229	-0.001	-0.001
376.229	-0.001	-0.001
377.229	-0.001	-0.000
378.229	-0.001	0.000
379.229	-0.001	0.000
380.229	-0.001	-0.000
381.229	-0.001	-0.000
382.229	-0.001	-0.000
383.229	-0.001	-0.001
384.229	-0.001	-0.000
385.229	-0.001	0.000
386.229	-0.001	-0.000
387.229	-0.001	-0.001
388.229	-0.001	-0.000
389.229	-0.001	-0.000
390.229	-0.001	0.001
391.229	-0.001	-0.000
392.229	-0.001	-0.001
393.229	-0.001	0.000
394.229	-0.001	-0.000
395.229	-0.000	-0.000
396.229	-0.000	-0.000
397.229	-0.001	0.000
398.229	-0.000	-0.001
399.229	-0.001	-0.002
400.229	-0.000	-0.000
401.229	-0.001	-0.000
402.229	-0.000	0.000
403.229	-0.000	0.000
404.229	-0.001	-0.000
405.229	-0.001	0.000
406.229	-0.001	-0.000
407.229	-0.001	-0.000
408.229	-0.000	-0.000
409.229	-0.000	-0.000
410.229	-0.000	-0.000
411.229	-0.000	-0.000
412.229	-0.000	-0.000
413.229	-0.000	-0.000
414.229	-0.000	0.000
415.229	-0.000	0.000
416.229	-0.000	0.000
417.229	-0.000	-0.000
418.229	-0.000	-0.000
419.229	-0.000	0.000
420.229	-0.000	0.000
421.229	-0.000	-0.000
422.229	-0.000	-0.000
423.229	-0.001	-0.000
424.229	-0.001	-0.000
425.229	-0.001	-0.001
426.229	-0.000	-0.000
427.229	-0.001	-0.000
428.229	-0.000	0.000
429.229	-0.000	-0.000
430.229	-0.000	0.000
431.229	-0.001	-0.000
432.229	-0.001	-0.000
433.229	-0.000	-0.001
434.229	-0.001	-0.000
435.229	-0.000	0.000
436.229	-0.001	-0.000
437.229	-0.000	-0.001
438.229	-0.000	-0.001
439.229	-0.001	-0.001
440.229	-0.000	-0.001
441.229	-0.000	-0.000
442.229	-0.000	0.000
443.229	-0.001	0.000
444.229	-0.000	0.000
445.229	-0.000	-0.001
446.229	-0.000	-0.002
447.229	-0.001	-0.001
448.229	-0.000	-0.000
449.229	-0.000	-0.000
450.229	-0.000	-0.000
451.229	-0.000	-0.000
452.229	-0.000	-0.000
453.229	-0.001	0.000
454.229	-0.000	0.000
455.229	-0.000	-0.001
456.229	-0.000	-0.000
457.229	-0.000	-0.002
458.229	-0.000	-0.000
459.229	-0.000	0.000
460.229	-0.000	-0.000
461.229	-0.000	-0.000
462.229	-0.000	-0.000
463.229	-0.000	-0.001
464.229	-0.000	-0.001
465.229	-0.000	-0.000
466.229	-0.001	-0.000
467.229	-0.000	-0.000
468.229	-0.000	-0.001
469.229	-0.000	-0.001
470.229	-0.000	0.000
471.229	-0.000	-0.000
472.229	-0.000	-0.000
473.229	-0.000	0.000
474.229	-0.000	-0.001
475.229	-0.000	0.000
476.229	-0.000	-0.000
477.229	-0.000	-0.000
478.229	-0.000	0.000
479.229	-0.000	-0.000
480.229	-0.000	-0.000
481.229	-0.000	-0.000
482.229	-0.000	-0.000
483.229	-0.000	-0.000
484.229	-0.000	-0.001
485.229	-0.000	-0.000
486.229	-0.000	-0.000
487.229	-0.000	-0.000
488.229	-0.000	-0.001
489.229	-0.000	-0.000
490.229	-0.000	-0.000
491.229	-0.000	-0.000
492.229	-0.000	-0.000
493.229	-0.000	0.000
494.229	-0.000	-0.001
495.229	-0.000	-0.000
496.229	-0.000	-0.001
497.229	-0.000	0.000
498.229	-0.000	-0.002
499.229	-0.000	-0.001
500.229	-0.000	0.000
501.229	-0.000	-0.000
502.229	-0.000	-0.001
503.229	-0.001	-0.000
504.229	-0.000	-0.002
505.229	-0.000	-0.002
506.229	-0.000	-0.000
507.229	-0.000	-0.000
508.229	-0.000	-0.000
509.229	-0.000	0.000
510.229	-0.000	-0.001
511.229	-0.000	-0.002
512.229	-0.000	-0.002
513.229	-0.000	-0.002
514.229	-0.000	-0.000
515.229	-0.000	-0.001
516.229	-0.000	-0.001
517.229	-0.000	-0.000
518.229	-0.000	0.000
519.229	-0.000	-0.000
520.229	-0.000	-0.001
521.229	-0.000	-0.000
522.229	-0.000	-0.001
523.229	-0.000	-0.000
524.229	-0.000	-0.000
525.229	-0.000	-0.001
526.229	-0.000	-0.001
527.229	-0.000	-0.000
528.229	-0.000	-0.000
529.229	-0.000	-0.001
530.229	-0.000	-0.000
531.229	-0.000	-0.000
532.229	-0.000	-0.000
533.229	-0.000	-0.000
534.229	-0.000	-0.002
535.229	-0.000	-0.000
536.229	-0.000	-0.000
537.229	-0.000	-0.000
538.229	-0.000	-0.000
539.229	-0.000	-0.001
540.229	-0.000	-0.001
541.229	-0.000	-0.001
542.229	-0.000	-0.000
543.229	-0.000	-0.000
544.229	-0.000	-0.000
545.229	-0.000	0.000
546.229	-0.000	-0.000
547.229	-0.000	-0.001
548.229	-0.000	-0.000
549.229	-0.000	-0.000
550.229	-0.000	-0.000
551.229	-0.000	-0.002
552.229	-0.000	0.000
553.229	-0.000	-0.000
554.229	-0.000	-0.000
555.229	-0.000	-0.000
556.229	-0.000	-0.000
557.229	-0.000	-0.000
558.229	-0.000	-0.000
559.229	-0.000	-0.000
560.229	-0.000	-0.001
561.229	-0.000	-0.000
562.229	-0.000	-0.000
563.229	0.000	0.000
564.229	-0.000	-0.000
565.229	-0.000	0.000
566.229	0.000	-0.001
567.229	-0.000	-0.000
568.229	-0.000	-0.000
569.229	-0.000	-0.000
570.229	-0.000	0.000
571.229	-0.000	0.000
572.229	-0.000	-0.000
573.229	-0.000	0.000
574.229	-0.000	-0.002
575.229	-0.000	-0.000
576.229	0.000	0.000
577.229	0.000	0.000
578.229	-0.000	-0.000
579.229	-0.000	-0.000
580.229	-0.000	-0.000
581.229	-0.000	-0.000
582.229	0.000	-0.000
583.229	-0.000	-0.000
584.229	0.000	-0.000
585.229	-0.000	-0.001
586.229	0.000	-0.000
587.229	0.000	-0.000
588.229	0.000	-0.000
589.229	-0.000	0.000
590.229	0.000	0.000
591.229	-0.000	-0.000
592.229	0.000	-0.001
593.229	-0.000	-0.000
594.229	0.000	0.000
595.229	0.000	-0.000
596.229	-0.000	0.000
597.229	0.000	-0.002
598.229	0.000	-0.000
599.229	-0.000	-0.000
600.229	0.000	-0.000
601.229	-0.000	-0.000
602.229	-0.000	-0.000
603.229	-0.000	-0.000
604.229	0.000	0.000
605.229	0.000	-0.000
606.229	0.000	0.000
607.229	0.000	-0.000
608.229	0.000	-0.001
609.229	0.000	-0.000
610.229	0.000	-0.000
611.229	-0.000	-0.000
612.229	-0.000	0.000
613.229	0.000	-0.000
614.229	-0.000	-0.000
615.229	-0.000	0.000
616.229	0.000	-0.000
617.229	-0.000	-0.000
618.229	-0.000	-0.000
619.229	-0.000	-0.000
620.229	-0.000	-0.000
621.229	0.000	-0.000
622.229	-0.000	-0.000
623.229	-0.000	-0.000
624.229	-0.000	-0.000
625.229	-0.000	-0.001
626.229	-0.000	0.000
627.229	-0.000	-0.001
628.229	-0.000	-0.001
629.229	-0.000	0.000
630.229	-0.000	-0.000
631.229	-0.000	-0.000
632.229	-0.000	-0.001
633.229	-0.000	-0.001
634.229	-0.000	-0.001
635.229	0.000	-0.000
636.229	-0.000	-0.001
637.229	-0.000	-0.000
638.229	-0.000	-0.000
639.229	-0.000	-0.000
640.229	0.000	-0.000
641.229	0.000	-0.000
642.229	-0.000	-0.000
643.229	-0.000	0.000
644.229	-0.000	-0.000
645.229	-0.000	0.000
646.229	-0.000	0.000
647.229	-0.000	-0.001
648.229	0.000	-0.000
649.229	-0.000	-0.000
650.229	-0.000	0.000
651.229	-0.000	-0.000
652.229	-0.000	-0.000
653.229	-0.000	-0.000
654.229	-0.000	-0.000
655.229	0.000	-0.000
656.229	-0.000	-0.002
657.229	-0.000	-0.000
658.229	0.000	-0.000
659.229	0.000	-0.000
660.230	0.000	-0.000
661.229	-0.000	-0.000
662.229	-0.000	-0.000
663.229	-0.000	-0.000
664.229	0.000	-0.000
665.229	0.000	-0.000
666.229	0.000	-0.000
667.229	0.000	-0.000
668.229	0.000	0.000
669.229	0.000	-0.001
670.229	0.000	-0.000
671.229	-0.000	-0.000
672.229	0.000	-0.000
673.229	0.000	0.000
674.229	-0.000	0.000
675.229	-0.000	0.000
676.229	-0.000	-0.001
677.229	0.000	-0.000
678.229	-0.000	-0.001
679.229	-0.000	-0.002
680.229	-0.000	0.000
681.229	-0.000	-0.001
682.229	-0.000	-0.000
683.229	-0.000	-0.000
684.229	-0.000	-0.001
685.229	-0.000	-0.000
686.229	-0.000	-0.001
687.229	-0.000	0.000
688.229	-0.000	-0.000
689.229	-0.000	-0.001
690.229	-0.000	-0.002
691.229	-0.000	-0.000
692.229	-0.000	-0.000
693.229	-0.000	-0.000
694.229	-0.000	-0.000
695.229	-0.000	-0.000
696.229	-0.000	-0.000
697.229	-0.000	0.000
698.229	-0.000	-0.000
699.229	-0.000	0.000
700.229	-0.000	-0.000
701.229	0.000	-0.000
702.229	-0.000	-0.000
703.229	-0.000	-0.001
704.229	0.000	-0.000
706.229	0.000	-0.001
708.229	-0.000	-0.001
709.229	-0.000	0.000
710.229	-0.000	-0.000
711.229	-0.000	-0.001
712.229	-0.000	-0.001
713.229	-0.000	-0.000
714.229	-0.000	-0.001
715.229	-0.000	-0.001
716.229	-0.000	-0.000
717.229	-0.000	-0.000
718.229	-0.000	-0.000
719.229	-0.000	-0.000
720.229	-0.000	-0.000
721.229	-0.000	-0.000
722.229	-0.000	-0.001
723.229	-0.000	0.000
724.229	-0.000	-0.000
725.229	-0.000	-0.000
726.229	-0.000	-0.000
727.229	-0.000	-0.000
728.229	-0.000	-0.000
729.229	0.000	-0.000
730.229	-0.000	-0.001
731.229	0.000	-0.000
732.229	-0.000	-0.000
733.229	-0.000	-0.001
734.229	-0.000	-0.000
735.229	-0.000	-0.001
736.229	-0.000	-0.001
737.229	-0.000	-0.000
738.229	-0.000	0.000
739.229	-0.000	0.000
740.229	0.000	-0.000
741.229	-0.000	-0.000
742.229	0.000	-0.000
743.229	-0.000	-0.000
744.229	-0.000	0.001
745.229	-0.000	-0.000
746.229	-0.000	-0.000
747.229	-0.000	-0.000
748.229	-0.000	-0.000
749.229	-0.000	-0.000
750.229	-0.000	0.000
751.229	-0.000	-0.000
752.229	-0.000	0.000
753.229	-0.000	0.000
754.229	-0.000	0.000
755.229	-0.000	-0.001
756.229	-0.000	-0.000
757.229	-0.000	-0.001
758.229	-0.000	-0.000
759.229	-0.000	0.001
760.229	-0.000	-0.000
761.229	-0.000	-0.000
762.229	-0.000	-0.000
763.229	0.000	0.000
764.229	-0.000	0.000
765.229	-0.000	-0.000
766.229	-0.000	-0.000
767.229	-0.000	-0.000
768.229	-0.000	-0.000
769.229	0.000	-0.000
770.229	0.000	-0.000
771.229	-0.000	-0.000
772.229	-0.000	-0.001
773.229	0.000	-0.000
774.229	-0.000	0.000
775.229	-0.000	0.000
776.229	0.000	-0.000
777.229	0.000	-0.000
778.229	0.000	-0.000
779.229	0.000	-0.001
780.229	-0.000	0.000
781.229	-0.000	0.000
782.229	-0.000	-0.001
783.229	-0.000	0.000
784.229	-0.000	-0.000
785.229	-0.000	-0.000
786.229	-0.000	-0.000
787.229	-0.000	-0.000
788.229	-0.000	0.000
789.229	-0.000	-0.001
790.229	0.000	-0.000
791.229	0.000	-0.000
792.229	0.000	-0.000
793.229	-0.000	-0.000
794.229	-0.000	0.000
795.229	-0.000	-0.000
796.229	-0.000	-0.000
797.229	-0.000	-0.000
798.229	-0.000	-0.000
799.229	-0.000	0.000
800.229	-0.000	0.000
801.229	-0.000	0.000
802.229	-0.000	0.000
803.229	-0.000	-0.000
804.229	-0.000	-0.000
805.229	-0.000	-0.000
806.229	-0.000	-0.000
807.229	-0.000	0.000
808.229	-0.000	0.000
809.229	-0.000	-0.001
810.229	-0.000	-0.000
811.229	-0.000	0.000
812.229	-0.000	-0.000
813.229	-0.000	-0.000
814.229	-0.000	0.000
815.229	-0.000	-0.000
816.229	-0.000	-0.000
817.229	0.000	0.000
818.229	-0.000	0.000
819.229	-0.000	0.000
820.229	-0.000	-0.001
821.229	-0.000	-0.001
822.229	-0.000	-0.000
823.229	-0.000	0.000
824.229	0.000	-0.000
825.229	-0.000	-0.000
826.229	-0.000	0.000
827.229	0.000	0.000
828.229	0.000	-0.001
829.229	0.000	0.000
830.229	0.000	-0.000
831.229	-0.000	-0.000
832.229	-0.000	-0.000
833.229	-0.000	-0.000
834.229	-0.000	-0.000
835.229	-0.000	0.000
836.229	-0.000	0.000
837.229	-0.000	0.000
838.229	-0.000	0.000
839.229	-0.000	-0.000
840.229	-0.000	-0.000
841.229	-0.000	-0.000
842.229	-0.000	-0.000
843.229	-0.000	-0.000
844.229	-0.000	-0.001
845.229	-0.000	-0.000
846.229	-0.000	-0.000
847.229	-0.000	-0.000
848.229	0.000	0.000
849.229	-0.000	-0.000
850.229	-0.000	-0.000
851.229	-0.000	-0.000
852.229	-0.000	0.000
853.229	-0.000	-0.001
854.229	-0.000	0.000
855.229	-0.000	-0.000
856.229	-0.000	0.000
857.229	-0.000	-0.000
858.229	-0.000	-0.000
859.229	0.000	-0.000
860.229	-0.000	-0.000
861.229	-0.000	0.000
862.229	-0.000	-0.000
863.229	-0.000	0.000
864.229	-0.000	0.000
865.229	-0.000	-0.000
866.229	-0.000	0.000
867.229	-0.000	-0.000
868.229	-0.000	0.000
869.229	-0.000	0.000
870.229	-0.000	-0.001
871.229	-0.000	0.000
872.229	-0.000	0.000
873.229	-0.000	-0.000
874.229	-0.000	-0.000
875.229	-0.000	0.000
876.229	-0.000	0.000
877.229	-0.000	-0.000
878.229	-0.000	0.000
879.229	-0.000	-0.000
880.229	-0.000	0.000
881.229	-0.000	0.000
882.229	-0.000	0.000
883.229	-0.000	0.000
884.229	-0.000	-0.000
885.229	-0.000	-0.000
886.229	-0.000	0.000
887.229	-0.000	-0.000
888.229	-0.000	-0.000
889.229	-0.000	0.000
890.229	-0.000	0.000
891.229	-0.000	-0.000
892.229	-0.000	0.000
893.229	-0.000	-0.000
894.229	-0.000	-0.000
895.229	-0.000	-0.000
896.229	-0.000	-0.000
897.229	-0.000	0.001
898.229	-0.000	0.000
899.229	-0.000	-0.000
900.229	-0.000	0.000
901.229	-0.000	0.000
902.229	-0.000	0.000
903.229	-0.000	-0.000
904.229	-0.000	-0.000
905.229	-0.000	-0.000
906.229	-0.000	0.000
907.229	-0.000	-0.000
908.229	-0.000	0.000
909.229	-0.000	-0.000
910.229	-0.000	-0.000
911.229	-0.000	0.000
912.229	-0.000	-0.000
913.229	-0.000	-0.000
914.229	-0.000	0.000
915.229	-0.000	0.000
916.229	-0.000	-0.000
917.229	-0.000	-0.000
918.229	-0.000	0.000
919.229	-0.000	0.000
920.229	-0.000	0.000
921.229	-0.000	0.000
922.229	-0.000	0.000
923.229	-0.000	-0.000
924.229	-0.000	0.000
925.229	-0.000	-0.000
926.229	-0.000	-0.000
927.229	-0.000	0.000
928.229	-0.000	-0.000
929.229	-0.000	0.000
930.229	-0.000	-0.000
931.229	-0.000	0.001
932.229	-0.000	0.000
933.229	-0.000	-0.000
934.229	-0.000	0.000
935.229	-0.000	0.000
936.229	-0.000	-0.000
937.229	-0.000	0.000
938.229	-0.000	-0.000
939.229	-0.000	-0.000
940.229	-0.000	-0.000
941.229	-0.000	0.000
942.229	-0.000	-0.001
943.229	-0.000	0.000
944.229	-0.000	0.000
945.229	-0.000	-0.000
946.229	-0.000	0.000
947.229	-0.000	-0.000
948.229	-0.000	-0.000
949.229	-0.000	-0.000
950.229	-0.000	0.000
951.229	-0.000	0.000
952.229	-0.000	-0.000
953.229	-0.000	0.000
954.229	-0.000	-0.000
955.229	-0.000	0.000
956.229	-0.000	0.000
957.229	-0.000	0.000
958.229	-0.000	-0.000
959.229	-0.001	0.000
960.229	-0.000	-0.000
961.229	-0.000	-0.000
962.229	-0.000	-0.000
963.229	-0.000	0.000
964.229	0.000	0.000
965.229	-0.000	0.000
966.229	-0.000	-0.000
967.229	-0.000	0.000
968.229	-0.000	0.000
969.229	-0.000	0.000
970.229	-0.000	0.000
971.229	-0.000	-0.001
972.229	-0.000	-0.000
973.229	-0.000	-0.000
974.229	-0.000	-0.000
975.229	-0.000	0.002
976.229	-0.000	-0.000
977.229	-0.000	0.000
978.229	-0.000	-0.001
979.229	-0.000	-0.000
980.229	-0.000	-0.000
981.229	-0.000	-0.000
982.229	-0.000	-0.001
983.229	-0.000	-0.000
984.229	-0.000	-0.000
985.229	-0.000	-0.000
986.229	-0.000	-0.000
987.229	-0.000	-0.000
988.229	-0.000	0.001
989.229	-0.000	-0.000
990.229	-0.000	-0.000
991.229	-0.000	0.001
992.229	-0.000	-0.000
993.229	-0.000	-0.000
994.229	-0.000	-0.000
995.229	-0.000	0.000
996.229	-0.000	-0.000
997.229	-0.000	-0.000
998.229	-0.000	-0.000
999.229	-0.000	0.000
1000.229	-0.000	0.000
1001.229	-0.000	0.000
1002.229	-0.000	0.000
1003.229	-0.000	0.000
1004.229	-0.000	0.000
1005.229	-0.000	-0.000
1006.229	-0.000	-0.000
1007.229	-0.000	0.000
1008.229	-0.000	-0.000
1009.229	-0.000	-0.000
1010.229	-0.000	-0.000
1011.229	-0.000	-0.000
1012.229	0.000	0.000
1013.229	-0.000	0.001
1014.229	-0.000	-0.000
1015.229	-0.000	0.001
1016.229	-0.000	-0.000
1017.229	0.000	0.000
1018.229	-0.000	0.000
1019.229	-0.000	0.001
1020.229	-0.000	0.000
1021.229	-0.000	-0.000
1022.229	0.000	0.000
1023.229	0.000	-0.000
1024.229	-0.000	0.000
1025.229	-0.000	0.000
1026.229	-0.000	0.001
1027.229	-0.000	0.000
1028.229	-0.000	0.000
1029.229	0.000	-0.000
1030.229	-0.000	0.000
1031.229	0.000	-0.000
1032.229	0.000	0.000
1033.229	0.000	0.000
1034.229	0.000	0.000
1035.229	0.000	0.000
1036.229	-0.000	0.000
1037.229	0.000	0.001
1038.229	-0.000	0.000
1039.229	-0.000	0.000
1040.229	0.000	0.000
1041.229	0.000	0.000
1042.229	0.000	-0.001
1043.229	0.000	-0.000
1044.229	0.000	0.000
1045.229	0.000	0.000
1046.229	0.000	0.001
1047.229	0.000	0.000
1048.229	0.000	-0.000
1049.229	0.000	-0.000
1050.229	0.000	-0.000
1051.229	-0.000	0.000
1052.229	-0.000	0.000
1053.229	-0.000	0.001
1054.229	0.000	-0.000
1055.229	0.000	-0.000
1056.229	0.000	0.000
1057.229	0.000	0.000
1058.229	0.000	-0.000
1059.229	0.000	0.000
1060.229	0.000	0.000
1061.229	0.000	0.000
1062.229	0.000	0.000
1063.229	0.000	-0.000
1064.229	0.000	0.000
1065.229	0.000	-0.000
1066.229	0.000	-0.000
1067.229	0.000	-0.000
1068.229	0.000	0.000
1069.229	0.000	0.000
1070.229	0.000	-0.000
1071.230	0.000	0.000
1072.229	0.000	-0.000
1073.229	0.000	0.000
1074.229	0.000	0.000
1075.229	0.000	-0.000
1076.229	0.000	-0.000
1077.229	0.000	0.001
1078.229	0.000	0.001
1079.229	0.000	0.000
1080.229	0.000	0.000
1081.229	0.000	-0.000
1082.229	0.000	-0.000
1083.229	0.000	-0.000
1084.229	0.000	-0.000
1085.229	0.000	0.000
1086.229	0.000	0.000
1087.229	0.000	0.000
1088.229	0.000	0.000
1089.229	0.000	0.000
1090.229	0.000	0.000
1091.229	0.000	0.000
1092.229	0.000	0.000
1093.229	0.000	-0.000
1094.229	0.000	0.000
1095.229	0.000	-0.000
1096.229	0.001	0.001
1097.229	0.000	-0.000
1098.229	0.000	-0.000
1099.229	0.000	0.000
1100.229	0.000	0.000
1101.229	0.000	0.000
1102.229	0.000	-0.000
1103.229	0.000	0.000
1104.229	0.000	0.000
1105.229	0.000	0.000
1106.229	0.000	0.000
1107.229	0.000	0.001
1108.229	0.000	-0.000
1109.229	0.000	0.000
1110.229	0.000	-0.000
1111.229	0.000	0.000
1112.229	0.000	0.000
1113.229	0.000	-0.000
1114.229	0.000	-0.000
1115.229	0.000	0.001
1116.229	0.000	0.000
1117.229	0.000	0.002
1118.229	0.000	-0.000
1119.229	0.000	0.001
1120.229	0.000	0.000
1121.229	0.000	0.000
1122.229	0.000	0.000
1123.229	0.000	0.000
1124.229	0.000	0.000
1125.229	0.000	0.000
1126.229	0.000	0.000
1127.229	0.000	0.000
1128.229	0.000	0.001
1129.229	0.000	0.000
1130.229	0.000	0.000
1131.229	0.000	0.000
1132.229	0.000	0.000
1133.229	0.000	0.001
1134.229	0.000	0.000
1135.229	0.000	0.000
1136.229	0.001	0.001
1137.229	0.000	-0.000
1138.229	0.000	0.000
1139.229	0.000	-0.000
1140.229	0.000	-0.000
1141.229	0.000	0.000
1142.229	0.000	0.001
1143.229	0.000	0.000
1144.229	0.000	0.000
1145.229	0.000	0.001
1146.229	0.000	0.000
1147.229	0.000	0.000
1148.229	0.000	0.000
1149.229	0.000	0.000
1150.229	0.000	0.000
1151.229	0.000	0.000
1152.229	0.000	0.001
1153.229	0.000	-0.000
1154.229	0.000	-0.000
1155.229	0.000	0.001
1156.229	0.000	0.001
1157.229	-0.000	0.000
1158.229	-0.000	-0.000
1159.229	0.000	0.000
1160.229	0.000	0.001
1161.229	0.000	0.000
1162.229	0.000	0.000
1163.229	0.000	0.000
1164.229	0.000	0.000
1165.229	0.000	0.000
1166.229	0.000	-0.000
1167.229	0.000	0.000
1168.229	0.000	0.000
1169.229	0.000	-0.000
1170.229	0.000	0.001
1171.229	0.000	-0.000
1172.229	0.000	-0.001
1173.229	0.000	0.000
1174.229	0.000	0.000
1175.229	0.000	0.000
1176.229	0.000	0.001
1177.229	0.000	0.000
1178.229	0.000	0.000
1179.229	0.000	0.000
1180.229	0.000	-0.000
1181.229	0.000	0.000
1182.229	0.000	0.000
1183.229	0.000	0.000
1184.229	0.000	-0.000
1185.229	0.000	0.001
1186.229	0.000	0.000
1187.229	0.000	-0.000
1188.229	0.000	-0.000
1189.229	0.000	0.000
1190.229	0.000	0.000
1191.229	0.000	0.000
1192.229	0.000	0.000
1193.229	0.000	0.000
1194.229	0.000	0.000
1195.229	0.000	0.000
1196.229	0.000	0.000
1197.229	0.000	0.000
1198.229	0.000	0.000
1199.229	0.000	0.000
1200.229	0.000	0.000
1201.229	0.000	0.001
1202.229	0.000	0.000
1203.229	0.000	0.000
1204.229	0.000	0.001
1205.229	0.000	0.001
1206.229	0.000	0.000
1207.229	0.000	-0.000
1208.229	0.000	-0.000
1209.229	0.000	0.000
1210.229	0.000	-0.000
1211.229	0.000	0.002
1212.229	0.000	0.001
1213.229	0.000	-0.000
1214.229	0.000	0.000
1215.229	0.000	0.000
1216.229	0.000	0.000
1217.229	0.000	-0.000
1218.229	0.000	0.000
1219.229	0.000	-0.000
1220.229	0.000	0.000
1221.229	0.000	0.001
1222.229	0.000	0.000
1223.229	0.000	0.001
1224.229	0.000	0.000
1225.229	0.000	0.000
1226.229	0.000	0.000
1227.229	0.000	-0.000
1228.229	0.000	0.000
1229.229	0.000	0.002
1230.229	0.000	-0.000
1231.229	0.000	-0.000
1232.229	0.000	0.000
1233.229	0.000	0.000
1234.229	0.000	-0.000
1235.229	0.000	0.001
1236.229	0.000	-0.000
1237.229	0.000	0.000
1238.229	0.000	-0.000
1239.229	0.000	0.000
1240.229	0.000	0.000
1241.229	0.000	-0.000
1242.229	0.000	0.001
1243.229	0.000	0.000
1244.229	0.000	0.001
1245.229	0.000	-0.000
1246.229	0.000	0.002
1247.229	0.000	0.001
1248.229	-0.000	0.000
1249.229	0.000	0.000
1250.229	0.000	0.000
1251.229	0.000	0.001
1252.229	0.000	0.000
1253.229	0.000	0.001
1254.229	0.000	0.000
1255.229	0.000	0.000
1256.229	0.000	0.000
1257.229	0.000	0.000
1258.229	0.000	0.001
1259.229	0.000	-0.000
1260.229	0.000	0.000
1261.229	0.000	0.000
1262.229	0.000	-0.000
1263.229	0.000	0.000
1264.229	0.000	0.001
1265.229	0.000	0.000
1266.229	0.000	0.000
1267.229	0.000	0.000
1268.229	0.000	0.000
1269.229	0.000	-0.000
1270.229	0.000	-0.000
1271.229	0.000	0.000
1272.229	0.000	0.000
1273.229	0.000	0.001
1274.229	0.000	0.000
1275.229	0.000	0.000
1276.229	0.001	-0.000
1277.229	0.000	0.000
1278.229	0.000	0.001
1279.229	0.001	-0.000
1280.229	0.000	0.001
1281.229	0.001	-0.000
1282.229	0.000	0.002
1283.229	0.000	0.001
1284.229	0.000	0.000
1285.229	0.001	0.000
1286.229	0.000	0.000
1287.229	0.000	0.000
1288.229	0.001	-0.000
1289.229	0.000	0.001
1290.229	0.000	0.000
1291.229	0.000	0.000
1292.229	0.000	-0.000
1293.229	0.000	0.000
1294.229	0.000	0.000
1295.229	0.000	0.000
1296.229	0.000	0.000
1297.229	0.000	0.000
1298.229	0.000	0.000
1299.229	0.001	0.000
1300.229	0.000	0.001
1301.229	0.001	-0.000
1302.229	0.001	0.000
1303.229	0.001	0.000
1304.229	0.001	-0.000
1305.229	0.001	0.000
1306.229	0.001	0.001
1307.229	0.001	0.000
1308.229	0.001	0.000
1309.229	0.000	0.000
1310.229	0.000	0.000
1311.229	0.000	0.001
1312.229	0.001	0.000
1313.229	0.001	0.000
1314.229	0.000	0.001
1315.229	0.000	0.000
1316.229	0.001	0.001
1317.229	0.001	0.000
1318.229	0.001	0.000
1319.229	0.000	0.001
1320.229	0.000	0.000
1321.229	0.000	0.000
1322.229	0.001	0.000
1323.229	0.000	0.001
1324.229	0.000	-0.000
1325.229	0.001	0.001
1326.229	0.001	0.000
1327.229	0.000	0.000
1328.229	0.000	0.002
1329.229	0.000	0.001
1330.229	0.000	-0.000
1331.229	0.000	0.000
1332.229	0.001	0.000
1333.229	0.001	0.001
1334.229	0.000	0.000
1335.229	0.000	0.000
1336.229	0.000	-0.000
1337.229	0.001	0.000
1338.229	0.001	0.000
1339.229	0.001	0.000
1340.229	0.000	0.000
1341.229	0.000	0.002
1342.229	0.000	0.000
1343.229	0.001	0.000
1344.229	0.001	0.000
1345.229	0.000	-0.000
1346.229	0.001	0.001
1347.229	0.001	0.001
1348.229	0.001	-0.000
1349.229	0.001	0.000
1350.229	0.001	0.000
1351.229	0.001	0.000
1352.229	0.001	0.002
1353.229	0.001	-0.000
1354.229	0.001	0.000
1355.229	0.001	0.000
1356.229	0.001	0.000
1357.229	0.001	0.000
1358.229	0.001	0.000
1359.229	0.001	0.000
1360.229	0.001	0.003
1361.229	0.001	0.000
1362.229	0.001	0.000
1363.229	0.001	0.000
1364.229	0.001	0.000
1365.229	0.001	0.001
1366.229	0.001	0.000
1367.229	0.001	0.000
1368.229	0.001	-0.000
1369.229	0.001	0.000
1370.229	0.001	0.001
1371.229	0.001	0.000
1372.229	0.001	0.000
1373.229	0.001	0.001
1374.229	0.001	0.000
1375.229	0.001	0.001
1376.229	0.001	0.000
1377.229	0.001	0.001
1378.229	0.001	0.002
1379.229	0.001	0.000
1380.229	0.001	0.001
1381.229	0.001	0.000
1382.229	0.001	0.000
1383.229	0.001	0.001
1384.229	0.001	0.000
1385.229	0.001	0.000
1386.229	0.001	0.000
1387.229	0.001	-0.000
1388.229	0.001	0.000
1389.229	0.001	0.001
1390.229	0.001	0.000
1391.229	0.001	0.002
1392.229	0.000	0.000
1393.229	0.001	0.000
1394.229	0.001	0.000
1395.229	0.001	-0.000
1396.229	0.001	0.001
1397.229	0.001	0.000
1398.229	0.001	0.000
1399.229	0.001	0.000
1400.229	0.001	0.000
1401.229	0.001	0.001
1402.229	0.001	0.001
1403.229	0.001	0.000
1404.229	0.000	0.000
1405.229	0.000	-0.000
1406.229	0.001	0.000
1407.229	0.001	0.000
1408.229	0.001	0.000
1409.229	0.000	0.000
1410.229	0.001	0.000
1411.229	0.001	-0.000
1412.229	0.001	0.000
1413.229	0.000	0.000
1414.229	0.000	0.001
1415.229	0.001	0.000
1416.229	0.000	0.000
1417.229	0.001	-0.000
1418.229	0.001	-0.000
1419.229	0.001	-0.000
1420.229	0.001	-0.000
1421.229	0.001	0.000
1422.229	0.001	0.000
1423.229	0.001	-0.000
1424.229	0.001	0.000
1425.229	0.001	0.001
1426.229	0.001	0.000
1427.229	0.001	0.000
1428.229	0.001	-0.000
1429.229	0.001	0.000
1430.229	0.000	0.002
1431.229	0.001	0.002
1432.229	0.001	0.001
1433.229	0.001	-0.000
1434.229	0.000	0.000
1435.229	0.000	0.000
1436.229	0.000	0.002
1437.229	0.001	0.002
1438.229	0.001	0.000
1439.229	0.001	0.002
1440.229	0.001	0.000
1441.229	0.001	0.000
1442.229	0.000	0.000
1443.229	0.001	-0.000
1444.229	0.001	0.001
1445.229	0.000	0.000
1446.229	0.000	0.000
1447.229	0.001	0.000
1448.229	0.001	0.001
1449.229	0.000	0.000
1450.229	0.001	0.000
1451.229	0.000	0.000
1452.229	0.001	-0.000
1453.229	0.001	0.000
1454.229	0.000	0.002
1455.229	0.001	0.000
1456.229	0.000	0.001
1457.229	0.000	0.000
1458.229	0.000	0.000
1459.229	0.001	0.000
1460.229	0.001	0.000
1461.229	0.000	0.000
1462.229	0.000	0.000
1463.229	0.000	0.000
1464.229	0.000	0.000
1465.229	0.000	0.000
1466.229	0.001	0.002
1467.229	0.000	0.000
1468.229	0.000	-0.000
1469.229	0.001	0.000
1470.229	0.000	0.001
1471.229	0.000	0.001
1472.229	0.000	0.002
1473.229	0.000	0.002
1474.229	0.000	0.001
1475.229	0.000	0.000
1476.229	0.000	0.000
1477.229	0.000	0.002
1478.229	0.000	0.000
1479.229	0.000	-0.000
1480.229	0.000	0.000
1481.229	0.000	-0.000
1482.229	0.000	0.000
1483.229	0.000	0.001
1484.229	0.000	0.000
1485.229	0.000	0.000
1486.229	0.000	0.000
1487.229	0.000	0.001
1488.229	0.000	0.000
1489.229	0.000	0.002
1490.229	0.000	0.000
1491.229	0.000	-0.000
1492.229	0.000	0.000
1493.229	0.000	0.001
1494.229	0.000	0.000
1495.229	0.000	0.000
1496.229	0.000	0.000
1497.229	0.000	0.001
1498.229	0.000	-0.000
1499.229	0.000	0.001
1500.229	0.000	0.000
1501.229	0.001	0.002
1502.229	0.000	0.001
1503.229	0.000	0.001
1504.229	0.000	0.002
1505.229	0.000	0.000
1506.229	0.000	0.001
1507.229	0.000	0.001
1508.229	0.000	0.000
1509.229	0.000	0.000
1510.229	0.000	0.002
1511.229	0.000	0.002
1512.229	0.001	0.001
1513.229	0.001	0.001
1514.229	0.001	0.000
1515.229	0.001	0.000
1516.229	0.000	0.000
1517.229	0.001	0.001
1518.229	0.000	0.001
1519.229	0.000	0.000
1520.229	0.001	-0.000
1521.229	0.001	-0.000
1522.229	0.001	0.000
1523.229	0.001	0.002
1524.229	0.000	0.001
1525.229	0.000	0.000
1526.229	0.001	-0.000
1527.229	0.000	0.000
1528.229	0.000	0.000
1529.229	0.000	0.001
1530.229	0.001	0.002
1531.229	0.000	0.001
1532.229	0.000	0.000
1533.229	0.000	0.000
1534.229	0.000	0.000
1535.229	0.000	0.002
1536.229	0.000	0.000
1537.229	0.000	0.001
1538.229	0.000	0.000
1539.229	0.000	0.000
1540.229	0.000	0.000
1541.229	0.001	0.002
1542.229	0.001	0.001
1543.229	0.001	0.001
1544.229	0.001	0.000
1545.229	0.001	0.000
1546.229	0.001	0.002
1547.229	0.000	0.001
1548.229	0.000	0.000
1549.229	0.000	0.002
1550.229	0.000	0.000
1551.229	0.000	0.000
1552.229	0.000	0.000
1553.229	0.000	0.001
1554.229	0.001	0.000
1555.229	0.001	0.002
1556.229	0.000	0.001
1557.229	0.000	0.000
1558.229	0.001	0.000
1559.229	0.000	0.001
1560.229	0.000	0.002
1561.229	0.000	0.002
1562.229	0.000	0.001
1563.229	0.000	0.000
1564.229	0.000	-0.000
1565.229	0.000	0.002
1566.229	0.000	0.000
1567.229	0.000	0.000
1568.229	0.000	0.000
1569.229	0.000	0.000
1570.229	0.000	0.000
1571.229	0.000	-0.000
1572.229	0.000	0.002
1573.229	0.000	0.000
1574.229	0.000	-0.000
1575.229	0.000	0.001
1576.229	0.000	0.001
1577.229	0.000	0.000
1578.229	0.000	0.001
1579.229	0.000	0.001
1580.229	0.000	0.000
1581.229	0.000	-0.000
1582.229	0.000	-0.000
1583.229	0.000	0.000
1584.229	0.000	0.000
1585.229	0.000	0.001
1586.229	0.000	0.000
1587.229	0.000	0.000
1588.229	0.000	0.001
1589.229	0.000	0.000
1590.229	0.000	0.000
1591.229	0.000	0.000
1592.229	0.000	0.001
1593.229	0.000	0.000
1594.229	0.000	-0.000
1595.229	0.000	0.000
1596.229	0.000	0.000
1597.229	0.000	0.000
1598.229	-0.000	-0.000
1599.229	0.000	0.000
1600.229	0.000	0.002
1601.229	0.000	0.000
1602.229	-0.000	-0.000
1603.229	0.000	0.002
1604.229	0.000	0.000
1605.229	0.000	0.000
1606.229	0.000	0.000
1607.229	-0.000	-0.000
1608.229	-0.000	0.000
1609.229	0.000	0.001
1610.229	-0.000	0.000
1611.229	-0.000	0.000
1612.229	-0.000	0.000
1613.229	-0.000	-0.000
1614.229	-0.000	-0.000
1615.229	-0.000	0.000
1616.229	-0.000	0.000
1617.229	-0.000	0.000
1618.229	0.000	0.000
1619.229	-0.000	0.000
1620.229	-0.000	0.000
1621.229	-0.000	0.002
1622.229	-0.000	0.002
1623.229	0.000	0.000
1624.229	0.000	0.001
1625.229	-0.000	0.000
1626.229	-0.000	0.000
1627.229	-0.000	0.000
1628.229	-0.000	0.000
1629.229	0.000	0.000
1630.229	-0.000	0.001
1631.229	0.000	0.000
1632.229	0.000	0.000
1633.229	-0.000	0.000
1634.229	0.000	0.000
1635.229	0.000	0.000
1636.229	0.000	-0.000
1637.229	0.000	0.000
1638.229	-0.000	0.000
1639.229	0.000	0.001
1640.229	-0.000	0.000
1641.229	0.000	0.002
1642.229	0.000	0.000
1643.229	0.000	0.000
1644.229	0.000	0.002
1645.229	0.000	0.000
1646.229	0.000	-0.000
1647.229	-0.000	0.001
1648.229	0.000	0.000
1649.229	-0.000	0.000
1650.229	-0.000	-0.000
1651.229	-0.000	0.000
1652.229	0.000	0.001
1653.229	-0.000	0.001
1654.229	0.000	0.001
1655.229	-0.000	0.000
1656.229	-0.000	0.000
1657.229	0.000	0.001
1658.229	0.000	0.000
1659.229	0.000	0.000
1660.229	-0.000	0.001
1661.229	0.000	0.000
1662.229	-0.000	0.000
1663.229	0.000	0.000
1664.229	0.000	-0.000
1665.229	-0.000	0.002
1666.229	0.000	0.001
1667.229	-0.000	0.001
1668.229	0.000	0.000
1669.229	0.000	0.000
1670.229	0.000	0.000
1671.229	0.000	0.000
1672.229	0.000	0.000
1673.229	0.000	0.000
1674.229	-0.000	0.000
1675.229	0.000	0.001
1676.229	0.000	-0.000
1677.229	-0.000	0.002
1678.229	0.000	-0.000
1679.229	-0.000	-0.000
1680.229	0.000	0.000
1681.229	0.000	0.001
1682.229	0.000	0.000
1683.229	0.000	0.000
1684.229	0.000	0.000
1685.229	-0.000	-0.000
1686.229	-0.000	0.000
1687.229	-0.000	0.000
1688.229	-0.000	0.000
1689.229	-0.000	0.000
1690.229	0.000	0.001
1691.229	0.000	0.000
1692.229	0.000	-0.000
1693.229	0.000	0.000
1694.229	0.000	0.000
1695.229	0.000	0.001
1696.229	0.000	0.000
1697.229	0.000	-0.000
1698.229	0.000	0.000
1699.229	-0.000	0.000
1700.229	0.000	0.000
1701.229	-0.000	0.001
1702.229	0.000	0.001
1703.229	0.000	0.000
1704.229	0.000	0.000
1705.229	0.000	0.000
1706.229	-0.000	0.000
1707.229	-0.000	0.000
1708.229	0.000	0.001
1709.229	0.000	0.000
1710.229	0.000	0.001
1711.229	-0.000	-0.000
1712.229	0.000	0.000
1713.229	0.000	0.000
1714.229	0.000	0.000
1715.229	-0.000	0.000
1716.229	-0.000	0.000
1717.229	-0.000	-0.000
1718.229	0.000	0.000
1719.229	0.000	0.000
1720.229	0.000	0.000
1721.229	0.000	0.000
1722.229	0.000	0.002
1723.229	0.000	0.001
1724.229	-0.000	0.000
1725.229	0.000	0.000
1726.229	0.000	0.001
1727.229	-0.000	0.000
1728.229	-0.000	-0.000
1729.229	-0.000	0.000
1730.229	0.000	-0.000
1731.229	0.000	0.001
1732.229	0.000	0.000
1733.229	-0.000	0.000
1734.229	-0.000	0.000
1735.229	-0.000	0.000
1736.229	0.000	0.001
1737.229	0.000	0.001
1738.229	0.000	0.002
1739.229	0.000	0.000
1740.229	0.000	0.000
1741.229	0.000	0.000
1742.229	0.000	0.000
1743.229	0.000	0.000
1744.229	0.000	0.001
1745.229	0.000	0.000
1746.229	0.000	0.000
1747.229	0.000	0.000
1748.229	0.000	-0.000
1749.229	0.000	0.000
1750.229	-0.000	0.002
1751.229	0.000	0.000
1752.229	-0.000	0.000
1753.229	0.000	0.000
1754.229	-0.000	0.000
1755.229	0.000	-0.000
1756.229	0.000	-0.000
1757.229	-0.000	0.000
1758.229	0.000	0.001
1759.229	-0.000	-0.000
1760.229	0.000	0.000
1761.229	0.000	0.000
1762.229	-0.000	0.000
1763.229	0.000	0.001
1764.229	0.000	0.002
1765.229	-0.000	0.000
1766.229	0.000	0.000
1767.229	0.000	0.001
1768.229	0.000	-0.000
1769.229	0.000	0.000
1770.229	0.000	-0.001
1771.229	0.000	0.000
1772.229	0.000	0.000
1773.229	0.000	0.000
1774.229	0.000	0.001
1775.229	-0.000	0.000
1776.229	-0.000	0.000
1777.229	0.000	0.000
1778.229	0.000	0.001
1779.229	0.000	0.000
1780.229	-0.000	0.000
1781.229	-0.000	0.000
1782.229	0.000	0.001
1783.229	0.000	0.000
1784.229	-0.000	0.001
1785.229	0.000	-0.000
1786.229	0.000	0.000
1787.229	-0.000	0.002
1788.229	-0.000	0.000
1789.229	0.000	-0.000
1790.229	0.000	0.000
1791.229	0.000	0.000
1792.229	0.000	0.000
1793.229	0.000	-0.000
1794.229	0.000	0.001
1795.229	0.000	0.000
1796.229	0.000	0.001
1797.229	-0.000	0.000
1798.229	-0.000	0.000
1799.229	-0.000	0.000
1800.229	0.000	0.000
1801.229	-0.000	0.000
1802.229	-0.000	0.000
1803.229	-0.000	0.001
1804.229	-0.000	-0.000
1805.229	-0.000	-0.000
1806.229	-0.000	-0.002
1807.229	-0.000	-0.001
1808.229	0.000	-0.000
1809.229	-0.000	-0.000
1810.229	-0.000	-0.000
1811.229	0.000	-0.001
1812.229	-0.000	-0.002
1813.229	-0.000	-0.002
1814.229	0.000	-0.001
1815.229	0.000	-0.000
1816.229	0.000	-0.002
1817.229	0.000	-0.002
1818.229	0.000	-0.002
1819.229	0.000	-0.002
1820.229	-0.000	-0.002
1821.229	0.000	-0.000
1822.229	0.000	-0.001
1823.229	0.000	-0.002
1824.229	0.000	-0.001
1825.229	0.000	-0.000
1826.229	0.000	-0.001
1827.229	-0.000	-0.000
1828.229	0.000	-0.001
1829.229	0.000	-0.001
1830.229	0.000	-0.001
1831.229	0.000	-0.000
1832.229	0.000	-0.002
1833.229	0.000	-0.002
1834.229	0.000	-0.002
1835.229	0.000	-0.002
1836.229	0.000	-0.001
1837.229	0.000	-0.001
1838.229	0.000	-0.000
1839.231	-0.000	-0.002
1840.229	0.000	-0.000
1841.229	0.000	-0.001
1842.229	0.000	-0.002
1843.229	0.000	-0.000
1844.229	0.000	-0.002
1845.229	0.000	-0.001
1846.229	0.000	-0.001
1847.229	0.000	-0.000
1848.229	0.000	-0.001
1849.229	0.000	-0.000
1850.229	0.000	-0.002
1851.229	0.000	-0.000
1852.229	0.000	-0.001
1853.229	0.000	-0.000
1854.229	0.000	-0.002
1855.229	0.000	-0.001
1856.229	0.000	-0.000
1857.229	0.000	-0.001
1858.229	0.000	-0.000
1859.229	0.000	-0.000
1860.229	0.000	-0.000
1861.229	0.000	-0.003
1862.229	0.000	-0.000
1863.229	-0.000	-0.000
1864.229	0.000	-0.001
1865.229	0.000	-0.002
1866.229	0.000	-0.002
1867.229	0.000	-0.002
1868.229	0.000	-0.000
1869.229	0.000	-0.002
1870.229	0.001	-0.001
1871.229	0.000	-0.000
1872.229	0.000	-0.000
1873.229	0.000	-0.001
1874.229	0.000	-0.000
1875.229	0.000	-0.000
1876.229	0.000	-0.001
1877.229	0.000	-0.002
1878.229	0.000	-0.001
1879.229	0.000	-0.002
1880.229	0.000	-0.001
1881.229	0.000	-0.002
1882.229	0.000	-0.000
1883.229	0.000	-0.001
1884.229	0.000	-0.000
1885.229	0.000	-0.001
1886.229	0.000	-0.000
