0.272	1.224	-0.592
1.272	1.224	-0.593
2.272	1.224	-0.592
3.272	1.224	-0.594
4.272	1.224	-0.597
5.272	1.224	-0.597
6.272	1.224	-0.599
7.272	1.224	-0.599
8.272	1.224	-0.601
9.272	1.224	-0.601
10.272	1.224	-0.603
11.272	1.224	-0.603
12.272	1.224	-0.604
13.272	1.224	-0.605
14.272	1.224	-0.606
15.272	1.224	-0.607
16.272	1.224	-0.609
17.272	1.224	-0.609
18.272	1.224	-0.610
19.272	1.224	-0.611
20.272	1.224	-0.611
21.272	1.224	-0.612
22.272	1.224	-0.614
23.272	1.224	-0.613
24.272	1.224	-0.614
25.272	1.224	-0.615
26.272	1.224	-0.615
27.272	1.224	-0.617
28.272	1.224	-0.617
29.272	1.224	-0.618
30.272	1.224	-0.619
31.272	1.224	-0.619
32.272	1.224	-0.620
33.272	1.224	-0.621
34.272	1.224	-0.622
35.272	1.224	-0.621
36.272	1.224	-0.623
37.272	1.224	-0.622
38.272	1.224	-0.624
39.272	1.224	-0.624
40.272	1.224	-0.626
41.272	1.224	-0.625
42.272	1.224	-0.626
43.272	1.224	-0.627
44.272	1.224	-0.628
45.272	1.224	-0.627
46.272	1.224	-0.628
47.272	1.224	-0.628
48.272	1.224	-0.629
49.272	1.224	-0.629
50.272	1.224	-0.630
51.272	1.224	-0.631
52.272	1.224	-0.631
53.272	1.224	-0.631
54.272	1.224	-0.631
55.272	1.224	-0.632
56.272	1.224	-0.633
57.272	1.224	-0.633
58.272	1.224	-0.633
59.272	1.224	-0.634
60.272	1.224	-0.635
61.272	1.224	-0.635
62.272	1.224	-0.636
63.272	1.224	-0.636
64.272	1.224	-0.637
65.272	1.224	-0.637
66.272	1.224	-0.638
67.272	1.224	-0.638
68.272	1.224	-0.638
69.272	1.224	-0.639
70.272	1.224	-0.640
71.272	1.224	-0.639
72.272	1.224	-0.640
73.272	1.224	-0.640
74.272	1.224	-0.639
75.272	1.224	-0.641
76.272	1.224	-0.642
77.272	1.224	-0.641
78.272	1.224	-0.642
79.272	1.224	-0.642
80.272	1.224	-0.643
81.272	1.224	-0.643
82.272	1.224	-0.643
83.272	1.224	-0.644
84.272	1.224	-0.644
85.272	1.224	-0.645
86.272	1.224	-0.645
87.272	1.224	-0.646
88.272	1.224	-0.646
89.272	1.224	-0.646
90.272	1.224	-0.647
91.272	1.224	-0.647
92.272	1.224	-0.646
93.272	1.224	-0.648
94.272	1.224	-0.647
95.272	1.224	-0.647
96.272	1.224	-0.647
97.272	1.224	-0.648
98.272	1.224	-0.648
99.272	1.224	-0.649
100.272	1.224	-0.648
101.272	1.224	-0.650
102.272	1.224	-0.650
103.272	1.224	-0.650
104.272	1.224	-0.651
105.272	1.224	-0.651
106.272	1.224	-0.651
107.272	1.224	-0.651
108.272	1.224	-0.652
109.272	1.224	-0.652
110.272	1.224	-0.653
111.272	1.224	-0.652
112.272	1.224	-0.653
113.272	1.224	-0.654
114.272	1.224	-0.654
115.272	1.224	-0.653
116.272	1.224	-0.654
117.272	1.224	-0.655
118.272	1.224	-0.654
119.272	1.224	-0.655
120.272	1.224	-0.656
121.272	1.224	-0.655
122.272	1.224	-0.656
123.272	1.224	-0.655
124.272	1.224	-0.656
125.272	1.224	-0.656
126.272	1.224	-0.656
127.272	1.223	-0.656
128.272	1.224	-0.657
129.272	1.224	-0.658
130.272	1.224	-0.657
131.272	1.224	-0.657
132.272	1.224	-0.658
133.272	1.224	-0.659
134.272	1.224	-0.659
135.272	1.224	-0.659
136.272	1.224	-0.659
137.272	1.224	-0.660
138.272	1.223	-0.660
139.272	1.224	-0.660
140.272	1.223	-0.660
141.272	1.224	-0.660
142.272	1.223	-0.660
143.272	1.223	-0.660
144.272	1.223	-0.662
145.272	1.224	-0.661
146.272	1.224	-0.661
147.272	1.223	-0.661
148.272	1.224	-0.662
149.272	1.224	-0.662
150.272	1.224	-0.662
151.272	1.224	-0.662
152.272	1.224	-0.662
153.272	1.224	-0.663
154.272	1.224	-0.663
155.272	1.224	-0.664
156.272	1.223	-0.664
157.272	1.224	-0.664
158.272	1.223	-0.664
159.272	1.223	-0.665
160.272	1.223	-0.664
161.272	1.224	-0.665
162.272	1.223	-0.665
163.272	1.223	-0.666
164.272	1.224	-0.665
165.272	1.223	-0.665
166.272	1.223	-0.666
167.272	1.223	-0.666
168.272	1.223	-0.666
169.272	1.223	-0.666
170.272	1.224	-0.667
171.272	1.223	-0.666
172.272	1.224	-0.667
173.272	1.224	-0.667
174.272	1.224	-0.667
175.272	1.224	-0.668
176.272	1.224	-0.668
177.272	1.224	-0.668
178.272	1.224	-0.668
179.272	1.224	-0.669
180.272	1.224	-0.669
181.272	1.224	-0.668
182.272	1.224	-0.669
183.272	1.223	-0.669
184.272	1.224	-0.669
185.272	1.223	-0.669
186.272	1.223	-0.670
187.272	1.224	-0.670
188.272	1.223	-0.671
189.272	1.224	-0.670
190.272	1.224	-0.671
191.272	1.224	-0.671
192.272	1.224	-0.671
193.272	1.224	-0.670
194.272	1.224	-0.671
195.272	1.224	-0.671
196.272	1.224	-0.672
197.272	1.224	-0.672
198.272	1.224	-0.672
199.272	1.224	-0.672
200.272	1.224	-0.673
201.272	1.224	-0.672
202.272	1.224	-0.672
203.272	1.224	-0.674
204.272	1.224	-0.672
205.272	1.224	-0.673
206.272	1.224	-0.674
207.272	1.224	-0.674
208.272	1.224	-0.674
209.272	1.223	-0.674
210.272	1.224	-0.674
211.272	1.224	-0.673
212.272	1.224	-0.674
213.272	1.224	-0.674
214.272	1.224	-0.676
215.272	1.224	-0.674
216.272	1.224	-0.675
217.272	1.223	-0.675
218.272	1.224	-0.675
219.272	1.224	-0.676
220.272	1.224	-0.676
221.272	1.224	-0.677
222.272	1.224	-0.676
223.272	1.224	-0.677
224.272	1.224	-0.676
225.272	1.224	-0.677
226.272	1.224	-0.677
227.272	1.224	-0.677
228.272	1.224	-0.677
229.272	1.224	-0.677
230.272	1.224	-0.677
231.272	1.224	-0.677
232.272	1.224	-0.678
233.272	1.224	-0.677
234.272	1.224	-0.678
235.272	1.224	-0.678
236.272	1.224	-0.678
237.272	1.223	-0.679
238.272	1.224	-0.678
239.272	1.224	-0.679
240.272	1.224	-0.679
241.272	1.224	-0.678
242.272	1.224	-0.679
243.272	1.224	-0.680
244.272	1.223	-0.679
245.272	1.223	-0.680
246.272	1.224	-0.679
247.272	1.224	-0.680
248.272	1.224	-0.681
249.272	1.224	-0.680
250.272	1.223	-0.680
251.272	1.224	-0.681
252.272	1.224	-0.680
253.272	1.224	-0.680
254.272	1.223	-0.681
255.272	1.223	-0.681
256.272	1.223	-0.681
257.272	1.223	-0.682
258.272	1.223	-0.681
259.272	1.224	-0.681
260.272	1.223	-0.682
261.272	1.224	-0.682
262.272	1.223	-0.682
263.272	1.224	-0.682
264.272	1.224	-0.682
265.272	1.224	-0.683
266.272	1.224	-0.682
267.272	1.223	-0.684
268.272	1.224	-0.683
269.272	1.223	-0.684
270.272	1.224	-0.683
271.272	1.224	-0.684
272.272	1.224	-0.684
273.272	1.224	-0.683
274.272	1.224	-0.684
275.272	1.224	-0.684
276.272	1.224	-0.684
277.272	1.223	-0.684
278.272	1.224	-0.684
279.272	1.223	-0.685
280.272	1.224	-0.685
281.272	1.224	-0.685
282.272	1.224	-0.684
283.272	1.224	-0.685
284.272	1.223	-0.686
285.272	1.223	-0.685
286.272	1.223	-0.686
287.272	1.223	-0.686
288.272	1.223	-0.685
289.272	1.224	-0.686
290.272	1.223	-0.686
291.272	1.224	-0.686
292.272	1.223	-0.687
293.272	1.223	-0.686
294.272	1.223	-0.686
295.272	1.223	-0.686
296.272	1.224	-0.687
297.272	1.223	-0.687
298.272	1.224	-0.687
299.272	1.224	-0.688
300.272	1.223	-0.687
301.272	1.223	-0.687
302.272	1.224	-0.688
303.272	1.223	-0.688
304.272	1.223	-0.689
305.272	1.223	-0.689
306.272	1.224	-0.688
307.272	1.224	-0.689
308.272	1.223	-0.689
309.272	1.224	-0.688
310.272	1.224	-0.688
311.272	1.224	-0.688
312.272	1.223	-0.688
313.272	1.223	-0.690
314.272	1.224	-0.689
315.272	1.224	-0.689
316.272	1.224	-0.690
317.272	1.224	-0.689
318.272	1.224	-0.689
319.272	1.224	-0.690
320.272	1.224	-0.690
321.272	1.223	-0.690
322.272	1.223	-0.690
323.272	1.224	-0.691
324.272	1.224	-0.690
325.272	1.224	-0.690
326.272	1.224	-0.690
327.272	1.224	-0.691
328.272	1.224	-0.690
329.272	1.224	-0.690
330.272	1.224	-0.691
331.272	1.224	-0.691
332.272	1.224	-0.691
333.272	1.224	-0.691
334.272	1.224	-0.691
335.272	1.224	-0.691
336.272	1.224	-0.691
337.272	1.224	-0.691
338.272	1.224	-0.692
339.272	1.224	-0.692
340.272	1.224	-0.693
341.272	1.224	-0.692
342.272	1.224	-0.692
343.272	1.224	-0.692
344.272	1.224	-0.692
345.272	1.224	-0.692
346.272	1.224	-0.693
347.272	1.224	-0.693
348.272	1.224	-0.694
349.272	1.224	-0.693
350.272	1.224	-0.693
351.272	1.224	-0.694
352.272	1.224	-0.694
353.272	1.224	-0.695
354.272	1.224	-0.694
355.272	1.224	-0.694
356.272	1.224	-0.694
357.272	1.224	-0.694
358.272	1.224	-0.694
359.272	1.224	-0.695
360.272	1.224	-0.695
361.272	1.224	-0.695
362.272	1.224	-0.695
363.272	1.224	-0.695
364.272	1.224	-0.695
365.272	1.224	-0.696
366.272	1.224	-0.696
367.272	1.224	-0.695
368.272	1.224	-0.695
369.272	1.224	-0.696
370.272	1.224	-0.696
371.272	1.224	-0.696
372.272	1.224	-0.696
373.272	1.224	-0.697
374.272	1.224	-0.695
375.272	1.224	-0.696
376.272	1.224	-0.696
377.272	1.224	-0.696
378.272	1.224	-0.697
379.272	1.224	-0.696
380.272	1.224	-0.696
381.272	1.224	-0.696
382.272	1.224	-0.696
383.272	1.224	-0.697
384.272	1.224	-0.697
385.272	1.224	-0.698
386.272	1.224	-0.698
387.272	1.224	-0.697
388.272	1.224	-0.698
389.272	1.224	-0.698
390.272	1.224	-0.697
391.272	1.224	-0.698
392.272	1.224	-0.697
393.272	1.224	-0.697
394.272	1.224	-0.698
395.272	1.224	-0.698
396.272	1.224	-0.698
397.272	1.224	-0.698
398.272	1.224	-0.699
399.272	1.224	-0.698
400.272	1.224	-0.698
401.272	1.224	-0.699
402.272	1.224	-0.699
403.272	1.224	-0.699
404.272	1.224	-0.699
405.272	1.224	-0.699
406.272	1.224	-0.698
407.272	1.224	-0.699
408.272	1.224	-0.699
409.272	1.224	-0.700
410.272	1.224	-0.700
411.272	1.224	-0.699
412.272	1.224	-0.700
413.272	1.224	-0.701
414.272	1.224	-0.701
415.272	1.224	-0.700
416.272	1.224	-0.700
417.272	1.224	-0.699
418.272	1.224	-0.700
419.272	1.224	-0.701
420.272	1.224	-0.701
