0.045	0.000	-0.002
1.045	0.000	-0.002
2.045	0.000	-0.003
3.045	0.000	-0.003
4.045	0.000	-0.003
5.045	0.000	-0.002
6.045	0.000	-0.004
7.045	0.000	-0.005
8.045	0.000	-0.005
9.045	0.000	-0.005
10.045	0.000	-0.006
11.045	0.000	-0.006
12.045	0.000	-0.007
13.045	0.000	-0.007
14.045	0.000	-0.007
15.045	0.000	-0.008
16.045	0.000	-0.007
17.045	0.000	-0.009
18.045	0.000	-0.007
19.045	0.000	-0.009
20.045	0.000	-0.010
21.045	0.000	-0.008
22.045	0.000	-0.007
23.045	0.000	-0.008
24.045	0.000	-0.009
25.045	0.000	-0.010
26.045	0.000	-0.010
27.045	0.000	-0.008
28.045	0.000	-0.008
29.045	0.000	-0.009
30.045	0.000	-0.010
31.045	0.000	-0.011
32.045	0.000	-0.010
33.045	0.000	-0.008
34.045	0.000	-0.009
35.045	0.000	-0.010
36.045	0.000	-0.010
37.045	0.000	-0.009
38.045	0.000	-0.009
39.045	0.000	-0.008
40.045	0.000	-0.009
41.045	0.000	-0.010
42.045	0.000	-0.011
43.045	0.000	-0.011
44.045	0.000	-0.009
45.045	0.000	-0.008
46.045	0.000	-0.008
47.045	0.000	-0.008
48.045	0.000	-0.009
49.045	0.000	-0.010
50.045	0.000	-0.009
51.045	0.000	-0.008
52.045	0.000	-0.008
53.045	0.000	-0.008
54.045	0.000	-0.010
55.045	0.000	-0.009
56.045	0.000	-0.009
57.045	0.000	-0.009
58.045	0.000	-0.007
59.045	0.000	-0.008
60.045	0.000	-0.010
61.045	0.000	-0.011
62.045	0.000	-0.009
63.045	0.000	-0.009
64.045	0.000	-0.008
65.045	0.000	-0.009
66.045	0.000	-0.010
67.045	0.000	-0.010
68.045	0.000	-0.009
69.045	0.000	-0.008
70.045	0.000	-0.008
71.045	0.000	-0.009
72.045	0.000	-0.010
73.045	0.000	-0.010
74.045	0.000	-0.009
75.045	0.000	-0.010
76.045	0.000	-0.009
77.045	0.000	-0.010
78.045	0.000	-0.011
79.045	0.000	-0.012
80.045	0.000	-0.009
81.045	0.000	-0.009
82.045	0.000	-0.011
83.045	0.000	-0.009
84.045	0.000	-0.010
85.045	0.000	-0.010
86.045	0.000	-0.010
87.045	0.000	-0.008
88.045	0.000	-0.009
89.045	0.000	-0.010
90.045	0.000	-0.010
91.045	0.000	-0.011
92.045	0.000	-0.011
93.045	0.000	-0.010
94.045	0.000	-0.011
95.045	0.000	-0.010
96.045	0.000	-0.011
97.045	0.000	-0.011
98.045	0.000	-0.011
99.045	0.000	-0.011
100.045	0.000	-0.012
101.045	0.000	-0.011
102.045	0.000	-0.012
103.045	0.000	-0.012
104.045	0.000	-0.011
105.045	0.000	-0.011
106.045	0.000	-0.010
107.045	0.000	-0.012
108.045	0.000	-0.012
109.045	0.000	-0.012
110.045	0.000	-0.012
111.045	0.000	-0.012
112.045	0.000	-0.010
113.045	0.000	-0.012
114.045	0.000	-0.012
115.045	0.000	-0.012
116.045	0.000	-0.011
117.045	0.000	-0.012
118.045	0.000	-0.011
119.045	0.000	-0.010
120.045	0.000	-0.013
121.045	0.000	-0.013
122.045	0.000	-0.012
123.045	0.000	-0.011
124.045	0.000	-0.011
125.045	0.000	-0.011
126.045	0.000	-0.013
127.045	0.000	-0.012
128.045	0.000	-0.012
129.045	0.000	-0.011
130.045	0.000	-0.010
131.045	0.000	-0.011
132.045	0.000	-0.012
133.045	0.000	-0.013
134.045	0.000	-0.012
135.045	0.000	-0.011
136.045	0.000	-0.012
137.045	0.000	-0.012
138.045	0.000	-0.012
139.045	0.000	-0.013
140.045	0.000	-0.013
141.045	0.000	-0.012
142.045	0.000	-0.012
143.045	0.000	-0.013
144.045	0.000	-0.014
145.045	0.000	-0.013
146.045	0.000	-0.013
147.045	0.000	-0.013
148.045	0.000	-0.011
149.045	0.000	-0.012
150.045	0.000	-0.012
151.045	0.000	-0.012
152.045	0.000	-0.012
153.045	0.000	-0.012
154.045	0.000	-0.014
155.045	0.000	-0.014
156.045	0.000	-0.014
157.045	0.000	-0.013
158.045	0.000	-0.012
159.045	0.000	-0.012
160.045	0.000	-0.012
161.045	0.000	-0.014
162.045	0.000	-0.014
163.045	0.000	-0.014
164.045	0.000	-0.012
165.045	0.000	-0.013
166.045	0.000	-0.012
167.045	0.000	-0.014
168.045	0.000	-0.014
169.045	0.000	-0.014
170.045	0.000	-0.014
171.045	0.000	-0.014
172.045	0.000	-0.013
173.045	0.000	-0.013
174.045	0.000	-0.013
175.045	0.000	-0.015
176.045	0.000	-0.012
177.045	0.000	-0.012
178.045	0.000	-0.012
179.045	0.000	-0.014
180.045	0.000	-0.013
181.045	0.000	-0.014
182.045	0.000	-0.014
183.045	0.000	-0.013
184.045	0.000	-0.015
185.045	0.000	-0.014
186.045	0.000	-0.014
187.045	0.000	-0.014
188.045	0.000	-0.014
189.045	0.000	-0.012
190.045	0.000	-0.013
191.045	0.000	-0.014
192.045	0.000	-0.014
193.045	0.000	-0.015
194.045	0.000	-0.015
195.045	0.000	-0.014
196.045	0.000	-0.014
197.045	0.000	-0.013
198.045	0.000	-0.015
199.045	0.000	-0.014
200.045	0.000	-0.013
201.045	0.000	-0.013
202.045	0.000	-0.014
203.045	0.000	-0.014
204.045	0.000	-0.015
205.045	0.000	-0.015
206.045	0.000	-0.015
207.045	0.000	-0.014
208.045	0.000	-0.013
209.045	0.000	-0.014
210.045	0.000	-0.014
211.045	0.000	-0.014
212.045	0.000	-0.015
213.045	0.000	-0.013
214.045	0.000	-0.014
215.045	0.000	-0.012
216.045	0.000	-0.015
217.045	0.000	-0.015
218.045	0.000	-0.016
219.045	0.000	-0.014
220.045	0.000	-0.014
221.045	0.000	-0.014
222.045	0.000	-0.015
223.045	0.000	-0.015
224.045	0.000	-0.015
225.045	0.000	-0.014
226.045	0.000	-0.014
227.045	0.000	-0.013
228.045	0.000	-0.015
229.045	0.000	-0.015
230.045	0.000	-0.015
231.045	0.000	-0.015
232.045	0.000	-0.014
233.045	0.000	-0.013
234.045	0.000	-0.015
235.045	0.000	-0.016
236.045	0.000	-0.015
237.045	0.000	-0.015
238.045	0.000	-0.014
239.045	0.000	-0.015
240.045	0.000	-0.014
241.045	0.000	-0.014
242.045	0.000	-0.016
243.045	0.000	-0.016
244.045	0.000	-0.016
245.045	0.000	-0.015
246.045	0.000	-0.014
247.045	0.000	-0.017
248.045	0.000	-0.015
249.045	0.000	-0.016
250.045	0.000	-0.015
251.045	0.000	-0.015
252.045	0.000	-0.015
253.045	0.000	-0.015
254.045	0.000	-0.016
255.045	0.000	-0.016
256.045	0.000	-0.015
257.045	0.000	-0.014
258.045	0.000	-0.014
259.045	0.000	-0.014
260.045	0.000	-0.015
261.045	0.000	-0.014
262.045	0.000	-0.015
263.045	0.000	-0.014
264.045	0.000	-0.013
265.045	0.000	-0.015
266.045	0.000	-0.015
267.045	0.000	-0.014
268.045	0.000	-0.015
269.045	0.000	-0.014
270.045	0.000	-0.014
271.045	0.000	-0.015
272.045	0.000	-0.016
273.045	0.000	-0.016
274.045	0.000	-0.015
275.045	0.000	-0.013
276.045	0.000	-0.014
277.045	0.000	-0.015
278.045	0.000	-0.015
279.045	0.000	-0.015
280.045	0.000	-0.014
281.045	0.000	-0.015
282.045	0.000	-0.014
283.045	0.000	-0.015
284.045	0.000	-0.016
285.045	0.000	-0.015
286.045	0.000	-0.015
287.045	0.000	-0.015
288.045	0.000	-0.015
289.045	0.000	-0.015
290.045	0.000	-0.016
291.045	0.000	-0.016
292.045	0.000	-0.014
293.045	0.000	-0.014
294.045	0.000	-0.015
295.045	0.000	-0.015
296.045	0.000	-0.016
297.045	0.000	-0.016
298.045	0.000	-0.015
299.045	0.000	-0.014
300.045	0.000	-0.015
301.045	0.000	-0.017
302.045	0.000	-0.016
303.045	0.000	-0.017
304.045	0.000	-0.016
305.045	0.000	-0.016
306.045	0.000	-0.017
307.045	0.000	-0.016
308.045	0.000	-0.015
309.045	0.000	-0.015
310.045	0.000	-0.015
311.045	0.000	-0.015
312.045	0.000	-0.016
313.045	0.000	-0.015
314.045	0.000	-0.016
315.045	0.000	-0.016
316.045	0.000	-0.018
317.045	0.000	-0.018
318.045	0.000	-0.016
319.045	0.000	-0.015
320.045	0.000	-0.016
321.045	0.000	-0.017
322.045	0.000	-0.017
323.045	0.000	-0.017
324.045	0.000	-0.016
325.045	0.000	-0.016
326.045	0.000	-0.016
327.045	0.000	-0.016
328.045	0.000	-0.017
329.045	0.000	-0.016
330.045	0.000	-0.017
331.045	0.000	-0.016
332.045	0.000	-0.016
333.045	0.000	-0.017
334.045	0.000	-0.016
335.045	0.000	-0.018
336.045	0.000	-0.017
337.045	0.000	-0.015
338.045	0.000	-0.016
339.045	0.000	-0.016
340.045	0.000	-0.016
341.045	0.000	-0.017
342.045	0.000	-0.018
343.045	0.000	-0.016
344.045	0.000	-0.016
345.045	0.000	-0.017
346.045	0.000	-0.017
347.045	0.000	-0.018
348.045	0.000	-0.017
349.045	0.000	-0.016
350.045	0.000	-0.017
351.045	0.000	-0.017
352.045	0.000	-0.018
353.045	0.000	-0.018
354.045	0.000	-0.018
355.045	0.000	-0.016
356.045	0.000	-0.016
357.045	0.000	-0.015
358.045	0.000	-0.018
359.045	0.000	-0.016
360.045	0.000	-0.017
361.045	0.000	-0.016
362.045	0.000	-0.017
363.045	0.000	-0.016
364.045	0.000	-0.017
365.045	0.000	-0.016
366.045	0.000	-0.018
367.045	0.000	-0.016
368.045	0.000	-0.017
369.045	0.000	-0.015
370.045	0.000	-0.017
371.045	0.000	-0.017
372.045	0.000	-0.016
373.045	0.000	-0.016
374.045	0.000	-0.017
375.045	0.000	-0.017
376.045	0.000	-0.017
377.045	0.000	-0.018
378.045	0.000	-0.017
379.045	0.000	-0.017
380.045	0.000	-0.017
381.045	0.000	-0.016
382.045	0.000	-0.017
383.045	0.000	-0.016
384.045	0.000	-0.018
385.045	0.000	-0.017
386.045	0.000	-0.016
387.045	0.000	-0.016
388.045	0.000	-0.016
389.045	0.000	-0.017
390.045	0.000	-0.017
391.045	0.000	-0.017
392.045	0.000	-0.016
393.045	0.000	-0.015
394.045	0.000	-0.017
395.045	0.000	-0.017
396.045	0.000	-0.018
397.045	0.000	-0.018
398.045	0.000	-0.017
399.045	0.000	-0.016
400.045	0.000	-0.018
401.045	0.000	-0.016
402.045	0.000	-0.018
403.045	0.000	-0.019
404.045	0.000	-0.017
405.045	0.000	-0.016
406.045	0.000	-0.016
407.045	0.000	-0.017
408.045	0.000	-0.017
409.045	0.000	-0.018
410.045	0.000	-0.018
411.045	0.000	-0.017
412.045	0.000	-0.016
413.045	0.000	-0.017
414.045	0.000	-0.017
415.045	0.000	-0.016
416.045	0.000	-0.017
417.045	0.000	-0.016
418.045	0.000	-0.018
419.045	0.000	-0.016
420.045	0.000	-0.017
421.045	0.000	-0.018
422.045	0.000	-0.017
423.045	0.000	-0.016
424.045	0.000	-0.017
425.045	0.000	-0.016
426.045	0.000	-0.017
427.045	0.000	-0.017
428.045	0.000	-0.018
429.045	0.000	-0.016
430.045	0.000	-0.017
431.045	0.000	-0.016
432.045	0.000	-0.017
433.045	0.000	-0.019
434.045	0.000	-0.018
435.045	0.000	-0.016
436.045	0.000	-0.018
437.045	0.000	-0.017
438.045	0.000	-0.017
439.045	0.000	-0.018
440.045	0.000	-0.018
441.045	0.000	-0.017
442.045	0.000	-0.017
443.045	0.000	-0.016
444.045	0.000	-0.018
445.045	0.000	-0.018
446.045	0.000	-0.018
447.045	0.000	-0.018
448.045	0.000	-0.017
449.045	0.000	-0.018
450.045	0.000	-0.017
451.045	0.000	-0.019
452.045	0.000	-0.019
453.045	0.000	-0.017
454.045	0.000	-0.018
455.045	0.000	-0.017
456.045	0.000	-0.017
457.045	0.000	-0.017
458.045	0.000	-0.016
459.045	0.000	-0.017
460.045	0.000	-0.017
461.045	0.000	-0.019
462.045	0.000	-0.019
463.045	0.000	-0.018
464.045	0.000	-0.018
465.045	0.000	-0.018
466.045	0.000	-0.016
467.045	0.000	-0.017
468.045	0.000	-0.017
469.045	0.000	-0.017
470.045	0.000	-0.019
471.045	0.000	-0.018
472.045	0.000	-0.018
473.045	0.000	-0.017
474.045	0.000	-0.017
475.045	0.000	-0.017
476.045	0.000	-0.018
477.045	0.000	-0.018
478.045	0.000	-0.018
479.045	0.000	-0.018
480.045	0.000	-0.017
481.045	0.000	-0.018
482.045	0.000	-0.019
483.045	0.000	-0.018
484.045	0.000	-0.017
485.045	0.000	-0.018
486.045	0.000	-0.016
487.045	0.000	-0.017
488.045	0.000	-0.020
489.045	0.000	-0.018
490.045	0.000	-0.017
491.045	0.000	-0.018
492.045	0.000	-0.018
493.045	0.000	-0.018
494.045	0.000	-0.017
495.045	0.000	-0.019
496.045	0.000	-0.018
497.045	0.000	-0.018
498.045	0.000	-0.017
499.045	0.000	-0.017
500.045	0.000	-0.017
501.045	0.000	-0.019
502.045	0.000	-0.019
503.045	0.000	-0.018
504.045	0.000	-0.018
505.045	0.000	-0.018
506.045	0.000	-0.017
507.045	0.000	-0.018
508.045	0.000	-0.018
509.045	0.000	-0.019
510.045	0.000	-0.018
511.045	0.000	-0.016
512.045	0.000	-0.017
513.045	0.000	-0.018
514.045	0.000	-0.019
515.045	0.000	-0.018
516.045	0.000	-0.018
517.045	0.000	-0.018
518.045	0.000	-0.016
519.045	0.000	-0.017
520.045	0.000	-0.018
521.045	0.000	-0.018
522.045	0.000	-0.017
523.045	0.000	-0.016
524.045	0.000	-0.016
525.045	0.000	-0.017
526.045	0.000	-0.018
527.045	0.000	-0.019
528.045	0.000	-0.018
529.045	0.000	-0.017
530.045	0.000	-0.017
531.045	0.000	-0.017
532.045	0.000	-0.019
533.045	0.000	-0.019
534.045	0.000	-0.019
535.045	0.000	-0.017
536.045	0.000	-0.016
537.045	0.000	-0.017
538.045	0.000	-0.018
539.045	0.000	-0.018
540.045	0.000	-0.017
541.045	0.000	-0.017
542.045	0.000	-0.016
543.045	0.000	-0.018
544.045	0.000	-0.019
545.045	0.000	-0.018
546.045	0.000	-0.017
547.045	0.000	-0.018
548.045	0.000	-0.017
549.045	0.000	-0.018
550.045	0.000	-0.018
551.045	0.000	-0.019
552.045	0.000	-0.018
553.045	0.000	-0.016
554.045	0.000	-0.018
555.045	0.000	-0.019
556.045	0.000	-0.018
557.045	0.000	-0.019
558.045	0.000	-0.018
559.045	0.000	-0.018
560.045	0.000	-0.018
561.045	0.000	-0.019
562.045	0.000	-0.019
563.045	0.000	-0.019
564.045	0.000	-0.019
565.045	0.000	-0.018
566.045	0.000	-0.018
567.045	0.000	-0.018
568.045	0.000	-0.020
569.045	0.000	-0.019
570.045	0.000	-0.019
571.045	0.000	-0.016
572.045	0.000	-0.018
573.045	0.000	-0.018
574.045	0.000	-0.018
575.045	0.000	-0.019
576.045	0.000	-0.019
577.045	0.000	-0.018
578.045	0.000	-0.017
579.045	0.000	-0.018
580.045	0.000	-0.019
581.045	0.000	-0.019
582.045	0.000	-0.018
583.045	0.000	-0.018
584.045	0.000	-0.017
585.045	0.000	-0.017
586.045	0.000	-0.018
587.045	0.000	-0.018
588.045	0.000	-0.019
589.045	0.000	-0.018
590.045	0.000	-0.018
591.045	0.000	-0.018
592.045	0.000	-0.019
593.045	0.000	-0.019
594.045	0.000	-0.019
595.045	0.000	-0.018
596.045	0.000	-0.017
597.045	0.000	-0.018
598.045	0.000	-0.018
599.045	0.000	-0.020
600.045	0.000	-0.019
601.045	0.000	-0.019
602.045	0.000	-0.018
603.045	0.000	-0.017
604.045	0.000	-0.019
605.045	0.000	-0.019
606.045	0.000	-0.020
607.045	0.000	-0.018
608.045	0.000	-0.019
609.045	0.000	-0.019
610.045	0.000	-0.018
611.045	0.000	-0.018
612.045	0.000	-0.018
613.045	0.000	-0.018
614.045	0.000	-0.020
615.045	0.000	-0.019
616.045	0.000	-0.019
617.045	0.000	-0.019
618.045	0.000	-0.019
619.045	0.000	-0.020
620.045	0.000	-0.019
621.045	0.000	-0.017
622.045	0.000	-0.018
623.045	0.000	-0.018
624.045	0.000	-0.018
625.045	0.000	-0.018
626.045	0.000	-0.018
627.045	0.000	-0.017
628.045	0.000	-0.018
629.045	0.000	-0.018
630.045	0.000	-0.019
631.045	0.000	-0.019
632.045	0.000	-0.017
633.045	0.000	-0.018
634.045	0.000	-0.018
635.045	0.000	-0.019
636.045	0.000	-0.018
637.045	0.000	-0.019
638.045	0.000	-0.018
639.045	0.000	-0.018
640.045	0.000	-0.017
641.045	0.000	-0.018
642.045	0.000	-0.020
643.045	0.000	-0.019
644.045	0.000	-0.017
645.045	0.000	-0.017
646.045	0.000	-0.017
647.045	0.000	-0.017
648.045	0.000	-0.019
649.045	0.000	-0.018
650.045	0.000	-0.019
651.045	0.000	-0.016
652.045	0.000	-0.017
653.045	0.000	-0.019
654.045	0.000	-0.020
655.045	0.000	-0.020
656.045	0.000	-0.018
657.045	0.000	-0.018
658.045	0.000	-0.017
659.045	0.000	-0.018
660.045	0.000	-0.019
661.045	0.000	-0.019
662.045	0.000	-0.019
663.045	0.000	-0.018
664.045	0.000	-0.018
665.045	0.000	-0.018
666.045	0.000	-0.020
667.045	0.000	-0.019
668.045	0.000	-0.019
669.045	0.000	-0.018
670.045	0.000	-0.017
671.045	0.000	-0.018
672.045	0.000	-0.017
673.045	0.000	-0.018
674.045	0.000	-0.018
675.045	0.000	-0.018
676.045	0.000	-0.017
677.045	0.000	-0.018
678.045	0.000	-0.019
679.045	0.000	-0.018
680.045	0.000	-0.019
681.045	0.000	-0.019
682.045	0.000	-0.017
683.045	0.000	-0.019
684.045	0.000	-0.019
685.045	0.000	-0.019
686.045	0.000	-0.018
687.045	0.000	-0.017
688.045	0.000	-0.018
689.045	0.000	-0.018
690.045	0.000	-0.020
691.045	0.000	-0.018
692.045	0.000	-0.020
693.045	0.000	-0.017
694.045	0.000	-0.017
695.045	0.000	-0.017
696.045	0.000	-0.019
697.045	0.000	-0.019
698.045	0.000	-0.018
699.045	0.000	-0.019
700.045	0.000	-0.017
701.045	0.000	-0.018
702.045	0.000	-0.020
703.045	0.000	-0.019
704.045	0.000	-0.020
705.045	0.000	-0.019
706.045	0.000	-0.017
707.045	0.000	-0.017
708.045	0.000	-0.018
709.045	0.000	-0.019
710.045	0.000	-0.020
711.045	0.000	-0.018
712.045	0.000	-0.018
713.045	0.000	-0.018
714.045	0.000	-0.019
715.045	0.000	-0.019
716.045	0.000	-0.019
717.045	0.000	-0.018
718.045	0.000	-0.018
719.045	0.000	-0.019
720.045	0.000	-0.020
721.045	0.000	-0.020
722.045	0.000	-0.019
723.045	0.000	-0.018
724.045	0.000	-0.018
725.045	0.000	-0.017
726.045	0.000	-0.019
727.045	0.000	-0.019
728.045	0.000	-0.019
729.045	0.000	-0.019
730.045	0.000	-0.018
731.045	0.000	-0.017
732.045	0.000	-0.020
733.045	0.000	-0.019
734.045	0.000	-0.019
735.045	0.000	-0.018
736.045	0.000	-0.018
737.045	0.000	-0.019
738.045	0.000	-0.019
739.045	0.000	-0.019
740.045	0.000	-0.020
741.045	0.000	-0.019
742.045	0.000	-0.017
743.045	0.000	-0.019
744.045	0.000	-0.019
745.045	0.000	-0.019
746.045	0.000	-0.020
747.045	0.000	-0.019
748.045	0.000	-0.018
749.045	0.000	-0.019
750.045	0.000	-0.018
751.045	0.000	-0.020
752.045	0.000	-0.019
753.045	0.000	-0.018
754.045	0.000	-0.018
755.045	0.000	-0.019
756.045	0.000	-0.020
757.045	0.000	-0.020
758.045	0.000	-0.020
759.045	0.000	-0.019
760.045	0.000	-0.019
761.045	0.000	-0.020
762.045	0.000	-0.019
763.045	0.000	-0.020
764.045	0.000	-0.020
765.045	0.000	-0.019
766.045	0.000	-0.020
767.045	0.000	-0.020
768.045	0.000	-0.018
769.045	0.000	-0.018
770.045	0.000	-0.019
771.045	0.000	-0.020
772.045	0.000	-0.020
773.045	0.000	-0.019
774.045	0.000	-0.018
775.045	0.000	-0.019
776.045	0.000	-0.019
777.045	0.000	-0.020
778.045	0.000	-0.020
779.045	0.000	-0.019
780.045	0.000	-0.019
781.045	0.000	-0.020
782.045	0.000	-0.020
783.045	0.000	-0.019
784.045	0.000	-0.020
785.045	0.000	-0.019
786.045	0.000	-0.019
787.045	0.000	-0.019
788.045	0.000	-0.020
789.045	0.000	-0.020
790.045	0.000	-0.020
791.045	0.000	-0.018
792.045	0.000	-0.017
793.045	0.000	-0.018
794.045	0.000	-0.019
795.045	0.000	-0.020
796.045	0.000	-0.021
797.045	0.000	-0.019
798.045	0.000	-0.019
799.045	0.000	-0.019
800.045	0.000	-0.020
801.045	0.000	-0.021
802.045	0.000	-0.020
803.045	0.000	-0.020
804.045	0.000	-0.017
805.045	0.000	-0.019
806.045	0.000	-0.019
807.045	0.000	-0.020
808.045	0.000	-0.020
809.045	0.000	-0.019
810.045	0.000	-0.019
811.045	0.000	-0.019
812.045	0.000	-0.019
813.045	0.000	-0.020
814.045	0.000	-0.020
815.045	0.000	-0.019
816.045	0.000	-0.019
817.045	0.000	-0.018
818.045	0.000	-0.020
819.045	0.000	-0.019
820.045	0.000	-0.021
821.045	0.000	-0.020
822.045	0.000	-0.020
823.045	0.000	-0.020
824.045	0.000	-0.020
825.045	0.000	-0.020
826.045	0.000	-0.021
827.045	0.000	-0.019
828.045	0.000	-0.020
829.045	0.000	-0.020
830.045	0.000	-0.019
831.045	0.000	-0.019
832.045	0.000	-0.021
833.045	0.000	-0.018
834.045	0.000	-0.019
835.045	0.000	-0.019
836.045	0.000	-0.020
837.045	0.000	-0.020
838.045	0.000	-0.021
839.045	0.000	-0.020
840.045	0.000	-0.019
841.045	0.000	-0.019
842.045	0.000	-0.020
843.045	0.000	-0.020
844.045	0.000	-0.020
845.045	0.000	-0.019
846.045	0.000	-0.018
847.045	0.000	-0.018
848.045	0.000	-0.018
849.045	0.000	-0.020
850.045	0.000	-0.020
851.045	0.000	-0.019
852.045	0.000	-0.019
853.045	0.000	-0.020
854.045	0.000	-0.020
855.045	0.000	-0.021
856.045	0.000	-0.020
857.045	0.000	-0.019
858.045	0.000	-0.018
859.045	0.000	-0.019
860.045	0.000	-0.020
861.045	0.000	-0.020
862.045	0.000	-0.019
863.045	0.000	-0.019
864.045	0.000	-0.018
865.045	0.000	-0.018
866.045	0.000	-0.019
867.045	0.000	-0.020
868.045	0.000	-0.021
869.045	0.000	-0.019
870.045	0.000	-0.019
871.045	0.000	-0.019
872.045	0.000	-0.020
873.045	0.000	-0.021
874.045	0.000	-0.020
875.045	0.000	-0.019
876.045	0.000	-0.019
877.045	0.000	-0.018
878.045	0.000	-0.020
879.045	0.000	-0.020
880.045	0.000	-0.020
881.045	0.000	-0.020
882.045	0.000	-0.019
883.045	0.000	-0.020
884.045	0.000	-0.020
885.045	0.000	-0.021
886.045	0.000	-0.021
887.045	0.000	-0.020
888.045	0.000	-0.019
889.045	0.000	-0.021
890.045	0.000	-0.019
891.045	0.000	-0.020
892.045	0.000	-0.020
893.045	0.000	-0.019
894.045	0.000	-0.020
895.045	0.000	-0.019
896.045	0.000	-0.021
897.045	0.000	-0.021
898.045	0.000	-0.021
899.045	0.000	-0.019
900.045	0.000	-0.020
901.045	0.000	-0.020
902.045	0.000	-0.020
903.045	0.000	-0.020
904.045	0.000	-0.020
905.045	0.000	-0.019
906.045	0.000	-0.020
907.045	0.000	-0.020
908.045	0.000	-0.021
909.045	0.000	-0.022
910.045	0.000	-0.022
911.045	0.000	-0.021
912.045	0.000	-0.021
913.045	0.000	-0.022
914.045	0.000	-0.021
915.045	0.000	-0.021
916.045	0.000	-0.020
917.045	0.000	-0.021
918.045	0.000	-0.020
919.045	0.000	-0.022
920.045	0.000	-0.021
921.045	0.000	-0.021
922.045	0.000	-0.020
923.045	0.000	-0.020
924.045	0.000	-0.020
925.045	0.000	-0.019
926.045	0.000	-0.020
927.045	0.000	-0.022
928.045	0.000	-0.022
929.045	0.000	-0.020
930.045	0.000	-0.020
931.045	0.000	-0.020
932.045	0.000	-0.021
933.045	0.000	-0.021
934.045	0.000	-0.021
935.045	0.000	-0.020
936.045	0.000	-0.020
937.045	0.000	-0.021
938.045	0.000	-0.021
939.045	0.000	-0.021
940.045	0.000	-0.021
941.045	0.000	-0.020
942.045	0.000	-0.019
943.045	0.000	-0.020
944.045	0.000	-0.019
945.045	0.000	-0.021
946.045	0.000	-0.021
947.045	0.000	-0.019
948.045	0.000	-0.019
949.045	0.000	-0.019
950.045	0.000	-0.021
951.045	0.000	-0.021
952.045	0.000	-0.022
953.045	0.000	-0.020
954.045	0.000	-0.020
955.045	0.000	-0.020
956.045	0.000	-0.021
957.045	0.000	-0.021
958.045	0.000	-0.021
959.045	0.000	-0.020
960.045	0.000	-0.019
961.045	0.000	-0.020
962.045	0.000	-0.022
963.045	0.000	-0.021
964.045	0.000	-0.020
965.045	0.000	-0.019
966.045	0.000	-0.020
967.045	0.000	-0.021
968.045	0.000	-0.021
969.045	0.000	-0.021
970.045	0.000	-0.020
971.045	0.000	-0.020
972.045	0.000	-0.019
973.045	0.000	-0.020
974.045	0.000	-0.020
975.045	0.000	-0.021
976.045	0.000	-0.021
977.045	0.000	-0.019
978.045	0.000	-0.020
979.045	0.000	-0.020
980.045	0.000	-0.020
981.045	0.000	-0.022
982.045	0.000	-0.021
983.045	0.000	-0.020
984.045	0.000	-0.020
985.045	0.000	-0.020
986.045	0.000	-0.021
987.045	0.000	-0.020
988.045	0.000	-0.022
989.045	0.000	-0.020
990.045	0.000	-0.020
991.045	0.000	-0.022
992.045	0.000	-0.021
993.045	0.000	-0.022
994.045	0.000	-0.021
995.045	0.000	-0.020
996.045	0.000	-0.021
997.045	0.000	-0.021
998.045	0.000	-0.020
999.045	0.000	-0.022
1000.045	0.000	-0.021
1001.045	0.000	-0.021
1002.045	0.000	-0.021
1003.045	0.000	-0.021
1004.045	0.000	-0.021
1005.045	0.000	-0.022
1006.045	0.000	-0.020
1007.045	0.000	-0.021
1008.045	0.000	-0.019
1009.045	0.000	-0.021
1010.045	0.000	-0.021
1011.045	0.000	-0.022
1012.045	0.000	-0.022
1013.045	0.000	-0.020
1014.045	0.000	-0.021
1015.045	0.000	-0.020
1016.045	0.000	-0.022
1017.045	0.000	-0.023
1018.045	0.000	-0.022
1019.045	0.000	-0.021
1020.045	0.000	-0.021
1021.045	0.000	-0.021
1022.045	0.000	-0.022
1023.045	0.000	-0.022
1024.045	0.000	-0.021
1025.045	0.000	-0.020
1026.045	0.000	-0.021
1027.045	0.000	-0.021
1028.045	0.000	-0.023
1029.045	0.000	-0.022
1030.045	0.000	-0.020
1031.045	0.000	-0.021
1032.045	0.000	-0.019
1033.045	0.000	-0.022
1034.045	0.000	-0.021
1035.045	0.000	-0.022
1036.045	0.000	-0.020
1037.045	0.000	-0.020
1038.045	0.000	-0.021
1039.045	0.000	-0.019
1040.045	0.000	-0.021
1041.045	0.000	-0.021
1042.045	0.000	-0.020
1043.045	0.000	-0.019
1044.045	0.000	-0.020
1045.045	0.000	-0.021
1046.045	0.000	-0.022
1047.045	0.000	-0.021
1048.045	0.000	-0.021
1049.045	0.000	-0.020
1050.045	0.000	-0.021
1051.045	0.000	-0.022
1052.045	0.000	-0.021
1053.045	0.000	-0.021
1054.045	0.000	-0.021
1055.045	0.000	-0.020
1056.045	0.000	-0.020
1057.045	0.000	-0.019
1058.045	0.000	-0.019
1059.045	0.000	-0.023
1060.045	0.000	-0.022
1061.045	0.000	-0.021
1062.045	0.000	-0.021
1063.045	0.000	-0.020
1064.045	0.000	-0.020
1065.045	0.000	-0.021
1066.045	0.000	-0.021
1067.045	0.000	-0.020
1068.045	0.000	-0.020
1069.045	0.000	-0.020
1070.045	0.000	-0.021
1071.045	0.000	-0.021
1072.045	0.000	-0.020
1073.045	0.000	-0.022
1074.045	0.000	-0.021
1075.045	0.000	-0.022
1076.045	0.000	-0.022
1077.045	0.000	-0.022
1078.045	0.000	-0.021
1079.045	0.000	-0.020
1080.045	0.000	-0.021
1081.045	0.000	-0.020
1082.045	0.000	-0.022
1083.045	0.000	-0.021
1084.045	0.000	-0.022
1085.045	0.000	-0.020
1086.045	0.000	-0.023
1087.045	0.000	-0.023
1088.045	0.000	-0.021
1089.045	0.000	-0.021
1090.045	0.000	-0.021
1091.045	0.000	-0.021
1092.045	0.000	-0.021
1093.045	0.000	-0.021
1094.045	0.000	-0.022
1095.045	0.000	-0.021
1096.045	0.000	-0.020
1097.045	0.000	-0.020
1098.045	0.000	-0.021
1099.045	0.000	-0.022
1100.045	0.000	-0.022
1101.045	0.000	-0.020
1102.045	0.000	-0.020
1103.045	0.000	-0.020
1104.045	0.000	-0.020
1105.045	0.000	-0.021
1106.045	0.000	-0.021
1107.045	0.000	-0.020
1108.045	0.000	-0.020
1109.045	0.000	-0.019
1110.045	0.000	-0.020
1111.045	0.000	-0.023
1112.045	0.000	-0.021
1113.045	0.000	-0.021
1114.045	0.000	-0.020
1115.045	0.000	-0.021
1116.045	0.000	-0.023
1117.045	0.000	-0.021
1118.045	0.000	-0.022
1119.045	0.000	-0.021
1120.045	0.000	-0.020
1121.045	0.000	-0.021
1122.045	0.000	-0.020
1123.045	0.000	-0.021
1124.045	0.000	-0.023
1125.045	0.000	-0.021
1126.045	0.000	-0.021
1127.045	0.000	-0.021
1128.045	0.000	-0.021
1129.045	0.000	-0.022
1130.045	0.000	-0.022
1131.045	0.000	-0.022
1132.045	0.000	-0.020
1133.045	0.000	-0.020
1134.045	0.000	-0.022
1135.045	0.000	-0.022
1136.045	0.000	-0.022
1137.045	0.000	-0.021
1138.045	0.000	-0.022
1139.045	0.000	-0.021
1140.045	0.000	-0.022
1141.045	0.000	-0.022
1142.045	0.000	-0.022
1143.045	0.000	-0.020
1144.045	0.000	-0.021
1145.045	0.000	-0.021
1146.045	0.000	-0.022
1147.045	0.000	-0.021
1148.045	0.000	-0.022
1149.045	0.000	-0.021
1150.045	0.000	-0.020
1151.045	0.000	-0.021
1152.045	0.000	-0.022
1153.045	0.000	-0.022
1154.045	0.000	-0.022
1155.045	0.000	-0.022
1156.045	0.000	-0.022
1157.045	0.000	-0.023
1158.045	0.000	-0.023
1159.045	0.000	-0.022
1160.045	0.000	-0.023
1161.045	0.000	-0.021
1162.045	0.000	-0.021
1163.045	0.000	-0.021
1164.045	0.000	-0.022
1165.045	0.000	-0.023
1166.045	0.000	-0.022
1167.045	0.000	-0.023
1168.045	0.000	-0.021
1169.045	0.000	-0.022
1170.045	0.000	-0.023
1171.045	0.000	-0.022
1172.045	0.000	-0.022
1173.045	0.000	-0.021
1174.045	0.000	-0.021
1175.045	0.000	-0.021
1176.045	0.000	-0.022
1177.045	0.000	-0.023
1178.045	0.000	-0.022
1179.045	0.000	-0.021
1180.045	0.000	-0.021
1181.045	0.000	-0.021
1182.045	0.000	-0.022
1183.045	0.000	-0.022
1184.045	0.000	-0.022
1185.045	0.000	-0.021
1186.045	0.000	-0.022
1187.045	0.000	-0.022
1188.045	0.000	-0.023
1189.045	0.000	-0.022
1190.045	0.000	-0.023
1191.045	0.000	-0.021
1192.045	0.000	-0.022
1193.045	0.000	-0.023
1194.045	0.000	-0.022
1195.045	0.000	-0.023
1196.045	0.000	-0.022
1197.045	0.000	-0.021
1198.045	0.000	-0.021
1199.045	0.000	-0.021
1200.045	0.000	-0.023
1201.045	0.000	-0.022
1202.045	0.000	-0.022
1203.045	0.000	-0.021
1204.045	0.000	-0.021
1205.045	0.000	-0.022
1206.045	0.000	-0.022
1207.045	0.000	-0.022
1208.045	0.000	-0.021
1209.045	0.000	-0.022
1210.045	0.000	-0.022
1211.045	0.000	-0.022
1212.045	0.000	-0.021
1213.045	0.000	-0.022
1214.045	0.000	-0.023
1215.045	0.000	-0.022
1216.045	0.000	-0.023
1217.045	0.000	-0.022
1218.045	0.000	-0.021
1219.045	0.000	-0.021
1220.045	0.000	-0.021
1221.045	0.000	-0.022
1222.045	0.000	-0.020
1223.045	0.000	-0.021
1224.045	0.000	-0.022
1225.045	0.000	-0.021
1226.045	0.000	-0.021
1227.045	0.000	-0.022
1228.045	0.000	-0.023
1229.045	0.000	-0.022
1230.045	0.000	-0.022
1231.045	0.000	-0.021
1232.045	0.000	-0.022
1233.045	0.000	-0.021
1234.045	0.000	-0.022
1235.045	0.000	-0.022
1236.045	0.000	-0.022
1237.045	0.000	-0.022
1238.045	0.000	-0.021
1239.045	0.000	-0.022
1240.045	0.000	-0.022
1241.045	0.000	-0.022
1242.045	0.000	-0.022
1243.045	0.000	-0.021
1244.045	0.000	-0.021
1245.045	0.000	-0.021
1246.045	0.000	-0.022
1247.045	0.000	-0.022
1248.045	0.000	-0.023
1249.045	0.000	-0.021
1250.045	0.000	-0.021
1251.045	0.000	-0.021
1252.045	0.000	-0.023
1253.045	0.000	-0.021
1254.045	0.000	-0.021
1255.045	0.000	-0.021
1256.045	0.000	-0.021
1257.045	0.000	-0.021
1258.045	0.000	-0.022
1259.045	0.000	-0.022
1260.045	0.000	-0.022
1261.045	0.000	-0.021
1262.045	0.000	-0.021
1263.045	0.000	-0.022
1264.045	0.000	-0.022
1265.045	0.000	-0.023
1266.045	0.000	-0.022
1267.045	0.000	-0.021
1268.045	0.000	-0.021
1269.045	0.000	-0.021
1270.045	0.000	-0.022
1271.045	0.000	-0.022
1272.045	0.000	-0.022
1273.045	0.000	-0.022
1274.045	0.000	-0.022
1275.045	0.000	-0.021
1276.045	0.000	-0.022
1277.045	0.000	-0.022
1278.045	0.000	-0.021
1279.045	0.000	-0.021
1280.045	0.000	-0.022
1281.045	0.000	-0.021
1282.045	0.000	-0.023
1283.045	0.000	-0.022
1284.045	0.000	-0.021
1285.045	0.000	-0.021
1286.045	0.000	-0.021
1287.045	0.000	-0.021
1288.045	0.000	-0.022
1289.045	0.000	-0.022
1290.045	0.000	-0.021
1291.045	0.000	-0.021
1292.045	0.000	-0.019
1293.045	0.000	-0.021
1294.045	0.000	-0.017
1295.045	0.000	-0.022
1296.045	0.000	-0.021
1297.045	0.000	-0.021
1298.045	0.000	-0.021
1299.045	0.000	-0.022
1300.045	0.000	-0.022
1301.045	0.000	-0.022
1302.045	0.000	-0.021
1303.045	0.000	-0.022
1304.045	0.000	-0.022
1305.045	0.000	-0.022
1306.045	0.000	-0.022
1307.045	0.000	-0.022
1308.045	0.000	-0.022
1309.045	0.000	-0.021
1310.045	0.000	-0.021
1311.045	0.000	-0.023
1312.045	0.000	-0.022
1313.045	0.000	-0.022
1314.045	0.000	-0.022
1315.045	0.000	-0.022
1316.045	0.000	-0.021
1317.045	0.000	-0.022
1318.045	0.000	-0.022
1319.045	0.000	-0.022
1320.045	0.000	-0.023
1321.045	0.000	-0.020
1322.045	0.000	-0.021
1323.045	0.000	-0.023
1324.045	0.000	-0.023
1325.045	0.000	-0.022
1326.045	0.000	-0.022
1327.045	0.000	-0.020
1328.045	0.000	-0.022
1329.045	0.000	-0.023
1330.045	0.000	-0.022
1331.045	0.000	-0.023
1332.045	0.000	-0.022
1333.045	0.000	-0.021
1334.045	0.000	-0.022
1335.045	0.000	-0.025
1336.045	0.000	-0.023
1337.045	0.000	-0.023
1338.045	0.000	-0.021
1339.045	0.000	-0.022
1340.045	0.000	-0.022
1341.045	0.000	-0.023
1342.045	0.000	-0.024
1343.045	0.000	-0.022
1344.045	0.000	-0.022
1345.045	0.000	-0.021
1346.045	0.000	-0.022
1347.045	0.000	-0.022
1348.045	0.000	-0.022
1349.045	0.000	-0.023
1350.045	0.000	-0.022
1351.045	0.000	-0.021
1352.045	0.000	-0.022
1353.045	0.000	-0.023
1354.045	0.000	-0.022
1355.045	0.000	-0.023
1356.045	0.000	-0.022
1357.045	0.000	-0.023
1358.045	0.000	-0.021
1359.045	0.000	-0.023
1360.045	0.000	-0.023
1361.045	0.000	-0.024
1362.045	0.000	-0.022
1363.045	0.000	-0.021
1364.045	0.000	-0.020
1365.045	0.000	-0.022
1366.045	0.000	-0.022
1367.045	0.000	-0.023
1368.045	0.000	-0.022
1369.045	0.000	-0.022
1370.045	0.000	-0.021
1371.045	0.000	-0.021
1372.045	0.000	-0.022
1373.045	0.000	-0.023
1374.045	0.000	-0.023
1375.045	0.000	-0.023
1376.045	0.000	-0.021
1377.045	0.000	-0.021
1378.045	0.000	-0.021
1379.045	0.000	-0.022
1380.045	0.000	-0.021
1381.045	0.000	-0.022
1382.045	0.000	-0.022
1383.045	0.000	-0.022
1384.045	0.000	-0.023
1385.045	0.000	-0.021
1386.045	0.000	-0.021
1387.045	0.000	-0.021
1388.045	0.000	-0.023
1389.045	0.000	-0.024
1390.045	0.000	-0.022
1391.045	0.000	-0.021
1392.045	0.000	-0.021
1393.045	0.000	-0.022
1394.045	0.000	-0.023
1395.045	0.000	-0.023
1396.045	0.000	-0.021
1397.045	0.000	-0.022
1398.045	0.000	-0.022
1399.045	0.000	-0.022
1400.045	0.000	-0.022
1401.045	0.000	-0.022
1402.045	0.000	-0.024
1403.045	0.000	-0.022
1404.045	0.000	-0.022
1405.045	0.000	-0.023
1406.045	0.000	-0.023
1407.045	0.000	-0.023
1408.045	0.000	-0.023
1409.045	0.000	-0.022
1410.045	0.000	-0.022
1411.045	0.000	-0.020
1412.045	0.000	-0.023
1413.045	0.000	-0.022
1414.045	0.000	-0.023
1415.045	0.000	-0.022
1416.045	0.000	-0.021
1417.045	0.000	-0.023
1418.045	0.000	-0.024
1419.045	0.000	-0.024
1420.045	0.000	-0.022
1421.045	0.000	-0.021
1422.045	0.000	-0.022
1423.045	0.000	-0.023
1424.045	0.000	-0.022
1425.045	0.000	-0.023
1426.045	0.000	-0.022
1427.045	0.000	-0.022
1428.045	0.000	-0.022
1429.045	0.000	-0.022
1430.045	0.000	-0.022
1431.045	0.000	-0.024
1432.045	0.000	-0.023
1433.045	0.000	-0.022
1434.045	0.000	-0.022
1435.045	0.000	-0.021
1436.045	0.000	-0.023
1437.045	0.000	-0.022
1438.045	0.000	-0.023
1439.045	0.000	-0.021
1440.045	0.000	-0.020
1441.045	0.000	-0.022
1442.045	0.000	-0.024
1443.045	0.000	-0.023
1444.045	0.000	-0.021
1445.045	0.000	-0.021
1446.045	0.000	-0.021
1447.045	0.000	-0.021
1448.045	0.000	-0.023
1449.045	0.000	-0.024
1450.045	0.000	-0.022
1451.045	0.000	-0.022
1452.045	0.000	-0.022
1453.045	0.000	-0.021
1454.045	0.000	-0.023
1455.045	0.000	-0.023
1456.045	0.000	-0.022
1457.045	0.000	-0.022
1458.045	0.000	-0.022
1459.045	0.000	-0.022
1460.045	0.000	-0.022
1461.045	0.000	-0.022
1462.045	0.000	-0.022
1463.045	0.000	-0.021
1464.045	0.000	-0.022
1465.045	0.000	-0.021
1466.045	0.000	-0.022
1467.045	0.000	-0.024
1468.045	0.000	-0.022
1469.045	0.000	-0.021
1470.045	0.000	-0.021
1471.045	0.000	-0.022
1472.045	0.000	-0.023
1473.045	0.000	-0.022
1474.045	0.000	-0.022
1475.045	0.000	-0.021
1476.045	0.000	-0.021
1477.045	0.000	-0.022
1478.045	0.000	-0.023
1479.045	0.000	-0.023
1480.045	0.000	-0.022
1481.045	0.000	-0.023
1482.045	0.000	-0.021
1483.045	0.000	-0.021
1484.045	0.000	-0.023
1485.045	0.000	-0.023
1486.045	0.000	-0.023
1487.045	0.000	-0.022
1488.045	0.000	-0.023
1489.045	0.000	-0.022
1490.045	0.000	-0.024
1491.045	0.000	-0.022
1492.045	0.000	-0.022
1493.045	0.000	-0.022
1494.045	0.000	-0.022
1495.045	0.000	-0.022
1496.045	0.000	-0.022
1497.045	0.000	-0.022
1498.045	0.000	-0.022
1499.045	0.000	-0.022
1500.045	0.000	-0.022
1501.045	0.000	-0.022
1502.045	0.000	-0.023
1503.045	0.000	-0.023
1504.045	0.000	-0.022
1505.045	0.000	-0.022
1506.045	0.000	-0.022
1507.045	0.000	-0.022
1508.045	0.000	-0.024
1509.045	0.000	-0.024
1510.045	0.000	-0.022
1511.045	0.000	-0.022
1512.045	0.000	-0.022
1513.045	0.000	-0.023
1514.045	0.000	-0.023
1515.045	0.000	-0.022
1516.045	0.000	-0.022
1517.045	0.000	-0.022
1518.045	0.000	-0.021
1519.045	0.000	-0.021
1520.045	0.000	-0.023
1521.045	0.000	-0.024
1522.045	0.000	-0.022
1523.045	0.000	-0.022
1524.045	0.000	-0.023
1525.045	0.000	-0.023
1526.045	0.000	-0.023
1527.045	0.000	-0.023
1528.045	0.000	-0.022
1529.045	0.000	-0.022
1530.045	0.000	-0.021
1531.045	0.000	-0.021
1532.045	0.000	-0.023
1533.045	0.000	-0.023
1534.045	0.000	-0.025
1535.045	0.000	-0.022
1536.045	0.000	-0.021
1537.045	0.000	-0.021
1538.045	0.000	-0.021
1539.045	0.000	-0.022
1540.045	0.000	-0.022
1541.045	0.000	-0.022
1542.045	0.000	-0.023
1543.045	0.000	-0.021
1544.045	0.000	-0.020
1545.045	0.000	-0.022
1546.045	0.000	-0.024
1547.045	0.000	-0.022
1548.045	0.000	-0.021
1549.045	0.000	-0.022
1550.045	0.000	-0.022
1551.045	0.000	-0.023
1552.045	0.000	-0.023
1553.045	0.000	-0.021
1554.045	0.000	-0.022
1555.045	0.000	-0.023
1556.045	0.000	-0.022
1557.045	0.000	-0.023
1558.045	0.000	-0.024
1559.045	0.000	-0.023
1560.045	0.000	-0.021
1561.045	0.000	-0.022
1562.045	0.000	-0.024
1563.045	0.000	-0.024
1564.045	0.000	-0.024
1565.045	0.000	-0.023
1566.045	0.000	-0.022
1567.045	0.000	-0.022
1568.045	0.000	-0.023
1569.045	0.000	-0.023
1570.045	0.000	-0.023
1571.045	0.000	-0.022
1572.045	0.000	-0.022
1573.045	0.000	-0.022
1574.045	0.000	-0.023
1575.045	0.000	-0.025
1576.045	0.000	-0.023
1577.045	0.000	-0.022
1578.045	0.000	-0.022
1579.045	0.000	-0.022
1580.045	0.000	-0.022
1581.045	0.000	-0.024
1582.045	0.000	-0.022
1583.045	0.000	-0.022
1584.045	0.000	-0.022
1585.045	0.000	-0.023
1586.045	0.000	-0.024
1587.045	0.000	-0.023
1588.045	0.000	-0.025
1589.045	0.000	-0.023
1590.045	0.000	-0.022
1591.045	0.000	-0.022
1592.045	0.000	-0.023
1593.045	0.000	-0.023
1594.045	0.000	-0.023
1595.045	0.000	-0.023
1596.045	0.000	-0.022
1597.045	0.000	-0.023
1598.045	0.000	-0.022
1599.045	0.000	-0.024
1600.045	0.000	-0.024
1601.045	0.000	-0.024
1602.045	0.000	-0.021
1603.045	0.000	-0.023
1604.045	0.000	-0.023
1605.045	0.000	-0.023
1606.045	0.000	-0.023
1607.045	0.000	-0.022
1608.045	0.000	-0.022
1609.045	0.000	-0.022
1610.045	0.000	-0.022
1611.045	0.000	-0.023
1612.045	0.000	-0.023
1613.045	0.000	-0.023
1614.045	0.000	-0.022
1615.045	0.000	-0.022
