2.960	1.531	19.518
3.960	1.531	19.574
4.960	1.531	19.621
5.960	1.531	19.665
6.960	1.531	19.702
7.960	1.531	19.739
8.960	1.531	19.769
9.960	1.531	19.798
10.960	1.531	19.826
11.960	1.531	19.852
12.960	1.531	19.875
13.960	1.531	19.899
14.964	1.531	19.920
16.017	1.531	19.940
16.960	1.531	19.958
17.960	1.531	19.976
18.960	1.531	19.994
19.960	1.530	20.011
20.960	1.531	20.026
21.960	1.530	20.042
22.960	1.530	20.055
23.960	1.530	20.071
24.960	1.530	20.083
25.960	1.530	20.096
26.960	1.530	20.107
27.960	1.530	20.119
28.974	1.530	20.131
29.960	1.530	20.142
30.960	1.530	20.154
31.960	1.530	20.165
32.960	1.530	20.174
33.960	1.530	20.184
34.960	1.530	20.193
35.960	1.530	20.203
36.960	1.530	20.213
37.960	1.530	20.220
38.960	1.530	20.229
39.960	1.530	20.237
40.960	1.530	20.245
41.960	1.530	20.253
42.960	1.530	20.262
43.960	1.530	20.270
44.960	1.530	20.277
45.960	1.530	20.283
46.960	1.530	20.291
47.960	1.530	20.298
48.960	1.530	20.306
49.960	1.530	20.312
50.960	1.530	20.319
51.960	1.530	20.325
52.960	1.530	20.331
53.960	1.530	20.338
54.960	1.530	20.345
55.960	1.530	20.350
56.960	1.530	20.356
57.960	1.530	20.361
58.960	1.530	20.367
59.960	1.529	20.372
60.960	1.530	20.379
61.960	1.529	20.385
62.960	1.529	20.390
63.960	1.529	20.394
64.960	1.529	20.399
65.960	1.529	20.404
66.960	1.529	20.410
67.960	1.529	20.414
68.960	1.529	20.420
69.960	1.529	20.425
70.960	1.529	20.428
71.960	1.529	20.434
72.960	1.529	20.439
73.960	1.529	20.443
74.960	1.529	20.448
75.960	1.529	20.452
76.960	1.529	20.456
77.960	1.529	20.460
78.960	1.529	20.465
79.960	1.529	20.469
80.960	1.529	20.472
81.960	1.529	20.476
82.960	1.529	20.480
83.960	1.529	20.483
84.960	1.529	20.487
85.960	1.529	20.491
86.960	1.529	20.495
87.960	1.529	20.497
88.960	1.529	20.501
89.960	1.529	20.505
90.960	1.529	20.509
91.960	1.529	20.512
92.960	1.529	20.515
93.960	1.529	20.519
94.960	1.529	20.522
95.960	1.529	20.524
96.960	1.529	20.528
97.960	1.529	20.533
98.960	1.529	20.536
99.960	1.529	20.538
100.960	1.529	20.541
101.960	1.529	20.545
102.960	1.529	20.547
103.960	1.529	20.552
104.960	1.529	20.554
105.960	1.529	20.556
106.960	1.529	20.560
107.960	1.529	20.563
108.960	1.529	20.565
109.960	1.529	20.570
110.960	1.529	20.574
111.960	1.529	20.575
112.960	1.529	20.577
113.960	1.529	20.580
114.960	1.529	20.583
115.960	1.529	20.586
116.960	1.529	20.589
117.960	1.529	20.592
118.960	1.529	20.595
119.960	1.529	20.598
120.960	1.529	20.600
121.960	1.529	20.604
122.960	1.529	20.607
123.960	1.529	20.609
124.960	1.529	20.611
125.960	1.529	20.614
126.960	1.529	20.617
127.960	1.529	20.620
128.960	1.529	20.623
129.960	1.529	20.625
130.960	1.529	20.626
131.960	1.529	20.629
132.960	1.529	20.633
133.960	1.529	20.635
134.960	1.529	20.638
135.960	1.529	20.640
136.960	1.529	20.643
137.960	1.529	20.644
138.960	1.529	20.646
139.960	1.529	20.650
140.960	1.529	20.652
141.961	1.529	20.654
142.960	1.529	20.657
143.960	1.529	20.658
144.960	1.529	20.661
145.960	1.529	20.664
146.960	1.529	20.665
147.960	1.529	20.667
148.960	1.529	20.670
149.960	1.529	20.672
150.960	1.529	20.674
151.960	1.529	20.676
152.960	1.529	20.678
153.960	1.529	20.681
154.960	1.529	20.682
155.960	1.529	20.684
156.960	1.529	20.686
157.960	1.529	20.690
158.960	1.529	20.692
159.960	1.528	20.693
160.960	1.529	20.695
161.960	1.529	20.697
162.960	1.529	20.698
163.960	1.529	20.701
164.960	1.529	20.702
165.960	1.528	20.706
166.960	1.529	20.707
167.960	1.529	20.708
168.960	1.529	20.709
169.960	1.529	20.712
170.960	1.529	20.715
171.960	1.529	20.716
172.960	1.529	20.718
173.960	1.529	20.719
174.960	1.529	20.722
175.960	1.529	20.723
176.960	1.529	20.726
177.960	1.529	20.728
178.960	1.529	20.729
179.960	1.529	20.731
180.960	1.529	20.732
181.960	1.529	20.735
182.960	1.529	20.736
183.960	1.529	20.739
184.960	1.529	20.741
185.960	1.529	20.742
186.960	1.529	20.743
187.960	1.529	20.745
188.960	1.529	20.747
189.960	1.529	20.749
190.960	1.529	20.752
191.960	1.529	20.752
192.960	1.529	20.755
193.960	1.529	20.756
194.960	1.529	20.757
195.960	1.529	20.760
196.960	1.529	20.761
197.960	1.529	20.764
198.960	1.529	20.764
199.960	1.529	20.766
200.964	1.529	20.768
201.960	1.529	20.770
202.960	1.529	20.772
203.960	1.529	20.773
204.960	1.529	20.775
205.960	1.529	20.776
206.960	1.529	20.778
207.960	1.529	20.780
208.960	1.529	20.782
209.960	1.529	20.783
210.960	1.529	20.784
211.960	1.529	20.785
212.960	1.529	20.788
213.960	1.529	20.789
214.960	1.529	20.791
215.960	1.529	20.792
216.960	1.529	20.793
217.960	1.529	20.794
218.960	1.529	20.795
219.960	1.529	20.799
220.960	1.529	20.800
221.960	1.529	20.801
222.960	1.529	20.802
223.960	1.529	20.804
224.960	1.529	20.805
225.960	1.529	20.806
226.960	1.529	20.808
227.961	1.529	20.810
228.960	1.528	20.811
229.960	1.529	20.811
230.960	1.529	20.814
231.960	1.529	20.814
232.960	1.528	20.817
233.960	1.529	20.818
234.960	1.529	20.819
235.960	1.528	20.821
236.960	1.528	20.821
237.960	1.529	20.825
238.960	1.529	20.825
239.960	1.528	20.826
240.960	1.528	20.827
241.960	1.528	20.829
242.960	1.528	20.829
243.960	1.528	20.832
244.960	1.528	20.834
245.960	1.528	20.834
246.960	1.529	20.833
247.960	1.529	20.837
248.960	1.529	20.837
249.960	1.528	20.840
250.960	1.528	20.841
251.960	1.528	20.842
252.960	1.528	20.844
253.960	1.529	20.844
254.960	1.529	20.846
255.960	1.529	20.847
256.960	1.529	20.848
257.960	1.529	20.849
258.960	1.529	20.850
259.960	1.529	20.852
260.960	1.529	20.853
261.960	1.529	20.854
262.960	1.529	20.856
263.960	1.529	20.857
264.960	1.529	20.857
265.960	1.529	20.859
266.960	1.529	20.860
267.960	1.528	20.863
268.960	1.529	20.863
269.960	1.528	20.865
270.960	1.528	20.865
271.960	1.528	20.866
272.960	1.529	20.867
273.960	1.528	20.869
274.960	1.528	20.870
275.960	1.528	20.871
276.960	1.528	20.873
277.960	1.528	20.873
278.960	1.528	20.875
279.960	1.528	20.876
280.960	1.529	20.879
281.960	1.528	20.880
282.960	1.528	20.879
283.960	1.528	20.880
284.960	1.529	20.881
285.960	1.528	20.884
286.960	1.528	20.884
287.960	1.528	20.886
288.960	1.528	20.886
289.960	1.528	20.887
290.960	1.528	20.888
291.960	1.528	20.889
292.960	1.528	20.892
293.960	1.528	20.893
294.960	1.528	20.892
295.960	1.529	20.894
296.960	1.528	20.893
297.960	1.528	20.897
298.960	1.528	20.898
299.961	1.528	20.898
300.960	1.529	20.899
301.960	1.529	20.900
302.960	1.529	20.901
303.960	1.529	20.904
304.960	1.528	20.904
305.960	1.528	20.905
306.960	1.528	20.905
307.960	1.528	20.907
308.960	1.528	20.907
309.960	1.528	20.909
310.960	1.528	20.910
311.960	1.528	20.911
312.960	1.528	20.911
313.960	1.528	20.912
314.960	1.528	20.914
315.960	1.528	20.915
316.960	1.528	20.915
317.960	1.528	20.917
318.960	1.528	20.919
319.960	1.528	20.919
320.960	1.528	20.920
321.960	1.529	20.920
322.960	1.529	20.921
323.960	1.529	20.923
324.960	1.528	20.925
325.960	1.529	20.925
326.960	1.529	20.926
327.960	1.528	20.925
328.960	1.529	20.927
329.960	1.528	20.928
330.960	1.528	20.930
331.960	1.528	20.931
332.960	1.529	20.932
333.960	1.528	20.932
334.960	1.528	20.933
335.960	1.528	20.933
336.960	1.529	20.936
337.960	1.528	20.937
338.960	1.528	20.938
339.960	1.528	20.937
340.960	1.528	20.939
341.960	1.529	20.939
342.960	1.529	20.941
343.960	1.529	20.942
344.960	1.528	20.943
345.960	1.528	20.943
346.960	1.528	20.944
347.960	1.529	20.945
348.960	1.528	20.947
349.960	1.528	20.948
350.960	1.528	20.949
351.960	1.528	20.949
352.960	1.528	20.950
353.960	1.528	20.951
354.960	1.528	20.953
355.960	1.529	20.953
356.960	1.528	20.954
357.960	1.528	20.954
358.960	1.529	20.956
359.960	1.528	20.957
360.960	1.528	20.958
361.960	1.528	20.959
362.960	1.528	20.958
363.960	1.528	20.959
364.960	1.529	20.960
365.960	1.528	20.961
366.960	1.528	20.964
367.960	1.528	20.964
368.970	1.528	20.964
369.970	1.528	20.965
370.970	1.528	20.966
371.960	1.528	20.967
372.960	1.528	20.968
373.970	1.528	20.969
374.960	1.529	20.971
375.960	1.529	20.971
376.960	1.529	20.970
377.960	1.528	20.972
378.960	1.528	20.973
379.960	1.529	20.974
380.960	1.529	20.975
381.960	1.529	20.974
382.960	1.529	20.976
383.960	1.528	20.976
384.960	1.529	20.978
385.960	1.529	20.980
386.960	1.528	20.980
387.960	1.528	20.980
388.960	1.528	20.980
389.960	1.529	20.982
390.960	1.528	20.984
391.960	1.528	20.985
392.960	1.528	20.985
393.960	1.528	20.985
394.960	1.528	20.986
395.960	1.528	20.987
396.960	1.528	20.989
397.960	1.528	20.989
398.960	1.528	20.989
399.960	1.528	20.990
400.960	1.528	20.991
401.960	1.528	20.990
402.960	1.528	20.993
403.960	1.528	20.994
404.960	1.528	20.995
405.960	1.528	20.994
406.960	1.528	20.995
407.960	1.528	20.996
408.960	1.528	20.998
409.960	1.528	20.999
410.960	1.528	21.000
411.960	1.528	21.000
412.960	1.528	21.000
413.960	1.528	21.001
414.960	1.528	21.002
415.960	1.528	21.003
416.960	1.528	21.002
417.960	1.529	21.002
418.960	1.529	21.002
419.960	1.529	21.003
420.964	1.529	21.005
421.960	1.529	21.005
422.960	1.529	21.005
423.960	1.529	21.006
424.960	1.529	21.006
425.960	1.529	21.005
426.960	1.529	21.006
427.960	1.529	21.007
428.960	1.529	21.008
429.960	1.529	21.008
430.960	1.529	21.008
431.960	1.529	21.007
432.960	1.529	21.011
433.960	1.529	21.011
434.960	1.529	21.011
435.960	1.529	21.012
436.960	1.529	21.012
437.960	1.529	21.013
438.960	1.529	21.015
439.960	1.529	21.016
440.960	1.529	21.018
441.960	1.529	21.017
442.960	1.529	21.017
443.960	1.529	21.018
444.960	1.529	21.019
445.960	1.529	21.020
446.960	1.529	21.021
447.960	1.529	21.021
448.960	1.529	21.022
449.960	1.529	21.023
450.960	1.529	21.024
451.960	1.529	21.026
452.960	1.529	21.026
453.960	1.529	21.027
454.960	1.529	21.026
455.960	1.529	21.027
456.960	1.529	21.028
457.960	1.529	21.029
458.960	1.529	21.031
459.960	1.529	21.032
460.960	1.529	21.031
461.960	1.529	21.032
462.960	1.529	21.033
463.960	1.529	21.034
464.960	1.529	21.035
465.960	1.529	21.035
466.960	1.529	21.036
467.960	1.529	21.036
468.960	1.529	21.037
469.960	1.529	21.038
470.960	1.529	21.040
471.960	1.529	21.040
472.960	1.529	21.041
473.960	1.529	21.041
474.960	1.529	21.043
475.960	1.529	21.043
476.960	1.529	21.043
477.960	1.529	21.044
478.960	1.529	21.044
479.960	1.529	21.045
480.960	1.529	21.046
481.960	1.529	21.047
482.960	1.529	21.048
483.960	1.529	21.047
484.960	1.529	21.047
485.960	1.529	21.050
486.960	1.529	21.050
487.960	1.529	21.051
488.960	1.529	21.052
489.960	1.529	21.052
490.960	1.529	21.052
491.960	1.529	21.054
492.960	1.529	21.055
493.960	1.529	21.055
494.960	1.529	21.056
495.960	1.529	21.055
496.960	1.529	21.057
497.960	1.529	21.057
498.960	1.529	21.059
499.960	1.529	21.059
500.960	1.529	21.059
501.960	1.529	21.060
502.960	1.529	21.060
503.960	1.529	21.061
504.960	1.529	21.063
505.960	1.529	21.063
506.960	1.529	21.063
507.960	1.529	21.063
508.960	1.529	21.064
509.960	1.529	21.065
510.960	1.529	21.066
511.960	1.529	21.067
512.960	1.529	21.067
513.960	1.529	21.067
514.960	1.529	21.068
515.960	1.529	21.069
516.960	1.529	21.070
517.960	1.529	21.071
518.960	1.529	21.070
519.960	1.529	21.071
520.960	1.529	21.071
521.960	1.529	21.073
522.960	1.529	21.075
523.960	1.529	21.075
524.960	1.529	21.075
525.960	1.529	21.075
526.960	1.529	21.076
527.960	1.529	21.077
528.960	1.529	21.078
529.960	1.529	21.079
530.960	1.529	21.079
531.960	1.529	21.079
532.960	1.529	21.079
533.960	1.529	21.080
534.960	1.529	21.081
535.960	1.529	21.083
536.960	1.529	21.082
537.960	1.529	21.082
538.960	1.529	21.083
539.960	1.529	21.084
540.960	1.529	21.085
541.960	1.529	21.086
542.960	1.529	21.086
543.960	1.529	21.085
544.960	1.529	21.086
545.960	1.529	21.086
546.960	1.529	21.088
547.960	1.529	21.090
548.960	1.529	21.090
549.960	1.529	21.089
550.960	1.529	21.090
551.960	1.529	21.091
552.960	1.529	21.092
553.960	1.529	21.093
554.960	1.529	21.093
555.960	1.529	21.092
556.960	1.529	21.094
557.960	1.529	21.095
558.960	1.529	21.095
559.960	1.529	21.096
560.960	1.529	21.097
561.960	1.529	21.097
562.960	1.529	21.096
563.960	1.529	21.097
564.960	1.529	21.099
565.960	1.529	21.100
566.960	1.529	21.101
567.960	1.529	21.100
568.960	1.529	21.101
569.960	1.529	21.101
570.960	1.529	21.103
571.960	1.529	21.103
572.960	1.529	21.104
573.960	1.529	21.104
574.960	1.529	21.104
575.960	1.529	21.104
576.960	1.529	21.105
577.960	1.529	21.106
578.960	1.529	21.107
579.960	1.529	21.107
580.960	1.529	21.107
581.960	1.529	21.108
582.960	1.529	21.108
583.960	1.529	21.110
584.960	1.529	21.110
585.960	1.529	21.112
586.960	1.529	21.111
587.960	1.529	21.111
588.960	1.529	21.112
589.960	1.529	21.113
590.960	1.529	21.115
591.960	1.529	21.114
592.960	1.529	21.114
593.960	1.529	21.115
594.960	1.529	21.116
595.960	1.529	21.116
596.960	1.529	21.118
597.960	1.529	21.118
598.960	1.529	21.118
599.960	1.529	21.118
600.960	1.529	21.119
601.960	1.529	21.119
602.960	1.529	21.121
603.960	1.529	21.121
604.960	1.529	21.121
605.960	1.529	21.122
606.960	1.529	21.121
607.960	1.529	21.123
608.960	1.529	21.123
609.960	1.529	21.124
610.960	1.529	21.124
611.960	1.529	21.124
612.960	1.529	21.125
613.960	1.529	21.126
614.960	1.529	21.127
615.960	1.529	21.128
616.960	1.529	21.127
617.960	1.529	21.127
618.960	1.529	21.128
619.960	1.529	21.128
620.960	1.529	21.130
621.960	1.529	21.131
622.960	1.529	21.131
623.960	1.529	21.130
624.960	1.529	21.131
625.960	1.529	21.132
626.960	1.529	21.134
627.960	1.529	21.134
628.960	1.529	21.135
629.960	1.529	21.133
630.960	1.529	21.135
631.960	1.529	21.135
632.960	1.529	21.136
633.961	1.529	21.137
634.960	1.529	21.137
635.960	1.529	21.138
636.960	1.529	21.138
637.960	1.529	21.138
638.960	1.529	21.138
639.960	1.529	21.138
640.960	1.529	21.140
641.960	1.529	21.141
642.960	1.529	21.141
643.960	1.529	21.141
644.960	1.529	21.141
645.960	1.529	21.142
646.960	1.529	21.143
647.960	1.529	21.144
648.960	1.529	21.144
649.960	1.529	21.144
650.960	1.529	21.145
651.960	1.529	21.145
652.960	1.529	21.145
653.960	1.529	21.147
654.960	1.529	21.147
655.960	1.529	21.146
656.960	1.529	21.148
657.960	1.529	21.148
658.960	1.529	21.149
659.960	1.529	21.150
660.960	1.529	21.151
661.960	1.529	21.151
662.960	1.529	21.150
663.960	1.529	21.151
664.960	1.529	21.152
665.960	1.529	21.153
666.960	1.529	21.154
667.960	1.529	21.153
668.960	1.529	21.153
669.960	1.529	21.154
670.960	1.529	21.155
671.960	1.529	21.155
672.960	1.529	21.156
673.960	1.529	21.157
674.960	1.529	21.156
675.960	1.529	21.156
676.960	1.529	21.158
677.960	1.529	21.158
678.960	1.529	21.158
679.960	1.529	21.159
680.960	1.529	21.159
681.960	1.529	21.160
682.960	1.529	21.159
683.960	1.529	21.161
684.960	1.529	21.162
685.960	1.529	21.162
686.960	1.529	21.161
687.960	1.529	21.163
688.960	1.529	21.162
689.960	1.529	21.164
690.960	1.529	21.164
691.960	1.529	21.164
692.960	1.529	21.164
693.960	1.529	21.164
694.960	1.529	21.165
695.960	1.529	21.166
696.960	1.529	21.167
697.960	1.529	21.166
698.960	1.529	21.166
699.960	1.529	21.167
700.960	1.529	21.168
701.960	1.529	21.169
702.960	1.529	21.168
703.960	1.529	21.167
704.960	1.529	21.167
705.960	1.529	21.167
706.960	1.529	21.167
707.960	1.529	21.168
708.960	1.529	21.167
709.960	1.529	21.168
710.960	1.529	21.168
711.960	1.529	21.168
712.960	1.529	21.169
713.960	1.529	21.170
714.960	1.529	21.170
715.960	1.529	21.170
716.960	1.529	21.170
717.960	1.529	21.170
718.960	1.529	21.171
719.960	1.529	21.173
720.960	1.529	21.173
721.960	1.529	21.173
722.960	1.529	21.173
723.960	1.529	21.173
724.960	1.529	21.174
725.960	1.529	21.175
726.960	1.529	21.176
727.960	1.529	21.176
728.960	1.529	21.175
729.960	1.529	21.176
730.960	1.529	21.176
731.960	1.529	21.178
732.960	1.529	21.179
733.960	1.529	21.178
734.960	1.529	21.178
735.960	1.529	21.179
736.960	1.529	21.180
737.960	1.529	21.181
738.960	1.529	21.181
739.960	1.529	21.181
740.960	1.529	21.181
741.960	1.529	21.182
742.960	1.529	21.182
743.960	1.529	21.183
744.960	1.529	21.184
745.960	1.529	21.183
746.960	1.529	21.185
747.960	1.529	21.184
748.960	1.529	21.185
749.960	1.529	21.186
750.960	1.529	21.187
751.960	1.529	21.187
752.960	1.529	21.187
753.960	1.529	21.187
754.960	1.529	21.188
755.960	1.529	21.189
756.960	1.529	21.189
757.960	1.529	21.190
758.960	1.529	21.190
759.960	1.529	21.189
760.960	1.529	21.190
761.960	1.529	21.192
762.960	1.529	21.192
763.960	1.529	21.192
764.960	1.529	21.193
765.960	1.529	21.193
766.960	1.529	21.193
767.960	1.529	21.193
768.960	1.529	21.195
769.960	1.529	21.196
770.960	1.529	21.195
771.960	1.529	21.194
772.960	1.529	21.196
773.960	1.529	21.197
774.960	1.529	21.198
775.960	1.529	21.198
776.960	1.529	21.198
777.960	1.529	21.197
778.960	1.529	21.198
779.960	1.529	21.199
780.960	1.529	21.200
781.960	1.529	21.199
782.960	1.529	21.199
783.960	1.529	21.200
784.960	1.529	21.200
785.960	1.529	21.202
786.960	1.529	21.203
787.960	1.529	21.203
788.960	1.529	21.204
789.960	1.529	21.203
790.960	1.529	21.204
791.960	1.529	21.204
792.960	1.529	21.204
793.960	1.529	21.205
795.002	1.529	21.206
795.960	1.529	21.207
796.960	1.529	21.206
797.960	1.529	21.207
798.960	1.529	21.206
799.960	1.529	21.208
800.960	1.529	21.209
801.960	1.529	21.209
802.985	1.529	21.209
803.964	1.529	21.210
804.960	1.529	21.209
805.960	1.529	21.211
806.977	1.529	21.211
807.972	1.529	21.211
808.960	1.529	21.211
809.960	1.529	21.212
810.960	1.529	21.212
811.970	1.529	21.212
812.960	1.529	21.213
813.960	1.529	21.213
814.960	1.529	21.214
815.960	1.529	21.214
816.960	1.529	21.215
817.960	1.529	21.214
818.960	1.529	21.216
819.970	1.529	21.217
820.960	1.529	21.217
821.960	1.529	21.217
822.970	1.529	21.217
823.960	1.529	21.217
824.960	1.529	21.218
825.960	1.529	21.219
826.974	1.529	21.219
827.960	1.529	21.220
828.960	1.529	21.218
829.961	1.529	21.220
830.960	1.529	21.221
831.982	1.529	21.222
832.960	1.529	21.222
833.960	1.529	21.222
834.960	1.529	21.222
835.960	1.529	21.222
836.960	1.529	21.222
837.960	1.529	21.224
838.960	1.529	21.224
839.960	1.529	21.224
840.970	1.529	21.224
841.970	1.529	21.225
842.960	1.529	21.225
843.978	1.529	21.225
844.960	1.529	21.226
845.970	1.529	21.228
846.970	1.529	21.226
847.960	1.529	21.227
848.970	1.529	21.226
849.970	1.529	21.228
850.990	1.529	21.229
851.970	1.529	21.229
852.960	1.529	21.229
854.002	1.529	21.227
854.986	1.529	21.230
855.970	1.529	21.230
856.960	1.529	21.230
857.970	1.529	21.231
858.976	1.529	21.232
859.981	1.529	21.231
860.977	1.529	21.231
861.970	1.529	21.232
862.960	1.529	21.234
863.960	1.529	21.234
864.980	1.529	21.235
865.960	1.529	21.234
866.960	1.529	21.234
867.960	1.529	21.234
868.960	1.529	21.235
869.960	1.529	21.237
870.960	1.529	21.236
871.960	1.529	21.236
872.960	1.529	21.236
873.960	1.529	21.236
874.970	1.529	21.238
875.960	1.529	21.239
876.970	1.529	21.238
877.960	1.529	21.239
878.960	1.529	21.239
879.960	1.529	21.239
880.960	1.529	21.241
881.960	1.529	21.241
882.960	1.529	21.241
883.960	1.529	21.241
884.960	1.529	21.241
885.960	1.529	21.242
886.960	1.529	21.242
887.960	1.529	21.243
888.971	1.529	21.244
889.960	1.529	21.242
890.960	1.529	21.243
891.960	1.529	21.245
892.960	1.529	21.245
893.974	1.529	21.245
894.960	1.529	21.245
895.960	1.529	21.246
896.967	1.529	21.245
897.991	1.529	21.245
898.960	1.529	21.247
899.960	1.529	21.248
900.960	1.529	21.248
901.960	1.529	21.248
902.960	1.529	21.248
903.970	1.529	21.247
904.960	1.529	21.249
905.960	1.529	21.250
906.960	1.529	21.250
907.960	1.529	21.249
908.960	1.529	21.250
909.960	1.529	21.251
910.960	1.529	21.252
911.960	1.529	21.251
912.960	1.529	21.251
913.960	1.529	21.252
914.960	1.529	21.252
915.960	1.529	21.252
916.960	1.529	21.253
917.960	1.529	21.254
918.960	1.529	21.254
919.960	1.529	21.253
920.965	1.529	21.254
921.960	1.529	21.254
922.963	1.529	21.256
923.960	1.529	21.256
924.960	1.529	21.257
925.960	1.529	21.256
926.960	1.529	21.258
927.960	1.529	21.257
928.960	1.529	21.258
929.960	1.529	21.259
930.960	1.529	21.258
931.960	1.529	21.258
932.960	1.529	21.258
933.960	1.529	21.260
934.960	1.529	21.260
935.960	1.529	21.260
936.960	1.529	21.260
937.960	1.529	21.260
938.960	1.529	21.262
939.960	1.529	21.260
940.960	1.529	21.261
941.960	1.529	21.262
942.960	1.529	21.262
943.960	1.529	21.264
944.960	1.529	21.263
945.960	1.529	21.263
946.960	1.529	21.264
947.960	1.529	21.265
948.960	1.529	21.264
949.963	1.529	21.264
950.960	1.529	21.264
951.960	1.529	21.265
952.960	1.529	21.266
953.960	1.529	21.267
954.960	1.529	21.266
955.960	1.529	21.265
956.960	1.529	21.266
957.960	1.529	21.268
958.960	1.529	21.268
959.960	1.529	21.268
960.960	1.529	21.268
961.960	1.529	21.268
962.960	1.529	21.268
963.960	1.529	21.269
964.960	1.529	21.270
965.960	1.529	21.270
966.960	1.529	21.270
967.960	1.529	21.269
968.960	1.529	21.269
969.960	1.529	21.272
970.960	1.529	21.271
971.960	1.529	21.273
972.961	1.529	21.272
973.970	1.529	21.273
974.960	1.529	21.272
975.960	1.529	21.273
976.960	1.529	21.274
977.960	1.529	21.274
978.960	1.529	21.275
979.960	1.529	21.274
980.960	1.529	21.275
981.960	1.529	21.275
982.960	1.529	21.275
983.960	1.529	21.276
984.960	1.529	21.276
985.960	1.529	21.276
986.960	1.529	21.275
987.960	1.529	21.276
988.960	1.529	21.278
989.960	1.529	21.278
990.966	1.529	21.277
991.960	1.529	21.278
992.960	1.529	21.278
993.960	1.529	21.278
994.960	1.529	21.279
995.960	1.529	21.280
996.960	1.529	21.280
997.960	1.529	21.279
998.960	1.529	21.279
999.972	1.529	21.279
1000.973	1.529	21.279
1001.960	1.529	21.278
1002.960	1.529	21.278
1003.960	1.529	21.278
1004.970	1.529	21.277
1005.960	1.529	21.278
1006.960	1.529	21.277
1007.970	1.529	21.278
1008.960	1.529	21.278
1009.970	1.529	21.279
1010.960	1.529	21.277
1011.970	1.529	21.278
1012.960	1.529	21.278
1013.987	1.529	21.278
1014.984	1.529	21.279
1015.993	1.529	21.280
1016.974	1.529	21.279
1017.960	1.529	21.278
1018.960	1.529	21.280
1019.960	1.529	21.281
1020.960	1.529	21.282
1021.960	1.529	21.279
1022.960	1.529	21.280
1023.960	1.528	21.280
1024.960	1.529	21.282
1025.960	1.528	21.283
1026.960	1.529	21.283
1027.960	1.529	21.283
1028.960	1.529	21.283
1029.960	1.529	21.283
1030.960	1.529	21.284
1031.960	1.529	21.285
1032.960	1.529	21.285
1033.960	1.529	21.286
1034.960	1.529	21.284
1035.970	1.529	21.285
1036.960	1.529	21.287
1037.960	1.529	21.288
1038.968	1.529	21.287
1039.960	1.529	21.287
1040.960	1.529	21.287
1041.960	1.529	21.288
1042.960	1.529	21.289
1043.960	1.529	21.287
1044.960	1.529	21.289
1045.960	1.529	21.289
1047.010	1.529	21.289
1047.960	1.529	21.288
1048.973	1.529	21.290
1049.960	1.529	21.290
1050.960	1.529	21.290
1051.960	1.529	21.291
1052.960	1.529	21.292
1053.960	1.529	21.292
1054.960	1.529	21.292
1055.960	1.529	21.292
1056.960	1.529	21.293
1057.960	1.529	21.292
1058.960	1.529	21.293
1059.960	1.529	21.293
1060.960	1.529	21.294
1061.960	1.529	21.295
1063.002	1.529	21.294
1063.960	1.529	21.294
1064.960	1.529	21.295
1065.960	1.529	21.294
1066.960	1.529	21.296
1067.960	1.529	21.297
1068.960	1.529	21.297
1069.960	1.529	21.297
1070.960	1.529	21.296
1071.960	1.529	21.297
1072.960	1.529	21.297
1073.960	1.529	21.298
1074.960	1.528	21.298
1075.960	1.529	21.299
1076.960	1.529	21.298
1077.960	1.529	21.298
1078.960	1.529	21.298
1079.960	1.529	21.301
1080.960	1.528	21.301
1081.960	1.529	21.301
1082.960	1.529	21.301
1083.960	1.528	21.300
1084.960	1.529	21.300
1085.960	1.528	21.302
1086.960	1.529	21.302
1087.960	1.528	21.304
1088.967	1.528	21.302
1089.960	1.528	21.302
1090.960	1.528	21.302
1091.960	1.529	21.303
1092.960	1.529	21.304
1093.960	1.529	21.304
1094.960	1.529	21.304
1095.960	1.528	21.304
1096.960	1.528	21.304
1097.960	1.529	21.304
1098.960	1.528	21.306
1099.960	1.528	21.307
1100.960	1.528	21.306
1101.960	1.529	21.306
1102.960	1.529	21.307
1103.960	1.528	21.306
1104.960	1.529	21.307
1105.960	1.529	21.308
1106.960	1.529	21.305
1107.960	1.529	21.308
1108.960	1.529	21.308
1109.960	1.528	21.309
1110.960	1.528	21.308
1111.960	1.529	21.309
1112.960	1.528	21.308
1113.960	1.528	21.308
1114.960	1.528	21.311
1115.960	1.528	21.311
1116.960	1.528	21.311
1117.960	1.529	21.310
1118.960	1.529	21.310
1119.960	1.528	21.310
1120.960	1.529	21.312
1121.960	1.529	21.312
1122.960	1.529	21.313
1123.960	1.529	21.311
1124.960	1.529	21.313
1125.960	1.529	21.312
1126.960	1.528	21.314
1127.960	1.529	21.314
1128.960	1.528	21.314
1129.960	1.529	21.314
1130.960	1.529	21.314
1131.960	1.529	21.314
1132.960	1.529	21.315
1133.960	1.529	21.315
1134.960	1.529	21.315
1135.960	1.529	21.316
1136.960	1.529	21.316
1137.960	1.529	21.316
1138.960	1.529	21.316
1139.960	1.529	21.318
1140.960	1.529	21.318
1141.960	1.529	21.318
1142.960	1.529	21.317
1143.960	1.528	21.318
1144.960	1.529	21.317
1145.960	1.529	21.319
1146.960	1.529	21.319
1147.960	1.529	21.319
1148.960	1.529	21.320
1149.960	1.529	21.319
1150.960	1.529	21.320
1151.960	1.529	21.320
1152.960	1.529	21.321
1153.960	1.529	21.321
1154.960	1.529	21.320
1155.960	1.529	21.320
1156.960	1.529	21.321
1157.960	1.529	21.322
1158.960	1.529	21.323
1159.960	1.529	21.322
1160.960	1.529	21.323
1161.960	1.529	21.322
1162.960	1.529	21.324
1163.960	1.529	21.323
1164.960	1.529	21.325
1165.960	1.529	21.325
1166.960	1.529	21.323
1167.960	1.529	21.324
1168.960	1.529	21.324
1169.960	1.529	21.325
1170.960	1.529	21.324
1171.960	1.529	21.326
1172.960	1.529	21.325
1173.960	1.529	21.326
1174.960	1.529	21.327
1175.960	1.529	21.327
1176.960	1.529	21.327
1177.960	1.529	21.328
1178.960	1.529	21.327
1179.960	1.529	21.328
1180.960	1.529	21.327
1181.960	1.529	21.329
1182.960	1.529	21.329
1183.960	1.529	21.329
1184.960	1.529	21.329
1185.960	1.529	21.328
1186.960	1.529	21.329
1187.960	1.529	21.330
1188.960	1.529	21.330
1189.960	1.529	21.331
1190.960	1.529	21.331
1191.960	1.529	21.330
1192.960	1.529	21.330
1193.960	1.529	21.332
1194.960	1.529	21.331
1195.960	1.529	21.332
1196.960	1.529	21.333
1197.960	1.529	21.332
1198.960	1.529	21.333
1199.960	1.529	21.333
1200.960	1.529	21.334
1201.960	1.529	21.334
1202.960	1.529	21.334
1203.960	1.529	21.334
1204.960	1.529	21.333
1205.960	1.529	21.335
1206.960	1.529	21.334
1207.960	1.529	21.336
1208.960	1.529	21.335
1209.960	1.529	21.334
1210.960	1.529	21.335
1211.960	1.529	21.336
1212.960	1.529	21.336
1213.960	1.529	21.336
1214.960	1.529	21.336
1215.960	1.529	21.335
1216.960	1.529	21.336
1217.960	1.529	21.337
1218.960	1.529	21.339
1219.960	1.529	21.339
1220.960	1.529	21.336
1221.960	1.529	21.338
1222.960	1.529	21.338
1223.960	1.529	21.340
1224.960	1.529	21.339
1225.960	1.529	21.338
1226.960	1.529	21.339
1227.960	1.529	21.338
1228.960	1.529	21.338
1229.960	1.529	21.339
1230.960	1.529	21.340
1231.960	1.529	21.341
1232.960	1.529	21.341
1233.960	1.529	21.339
1234.960	1.529	21.340
1235.960	1.529	21.341
1236.960	1.529	21.342
1237.960	1.529	21.342
1238.960	1.529	21.341
1239.960	1.529	21.342
1240.960	1.529	21.342
1241.960	1.529	21.343
1242.960	1.529	21.343
1243.960	1.529	21.345
1244.960	1.529	21.343
1245.960	1.529	21.343
1246.960	1.529	21.344
1247.960	1.529	21.344
1248.960	1.529	21.344
1249.960	1.529	21.346
1250.960	1.529	21.346
1251.960	1.529	21.345
1252.960	1.529	21.347
1253.960	1.529	21.346
1254.960	1.529	21.347
1255.960	1.529	21.347
1256.960	1.529	21.346
1257.960	1.529	21.347
1258.960	1.529	21.346
1259.960	1.529	21.347
1260.960	1.529	21.348
1261.962	1.529	21.347
1262.960	1.529	21.349
1263.960	1.529	21.348
1264.960	1.529	21.349
1265.960	1.529	21.349
1266.960	1.529	21.350
1267.960	1.529	21.349
1268.960	1.529	21.349
1269.970	1.529	21.348
1270.960	1.529	21.350
1271.960	1.529	21.350
1272.960	1.529	21.350
1273.960	1.529	21.350
1274.960	1.529	21.351
1275.960	1.529	21.351
1276.960	1.529	21.352
1277.960	1.529	21.352
1278.960	1.529	21.351
1279.960	1.529	21.352
1280.960	1.529	21.352
1281.960	1.529	21.352
1282.970	1.529	21.353
1283.960	1.529	21.354
1284.960	1.529	21.353
1285.960	1.529	21.355
1286.960	1.529	21.353
1287.960	1.529	21.354
1288.960	1.529	21.355
1289.960	1.529	21.355
1290.960	1.529	21.355
1291.960	1.529	21.355
1292.960	1.529	21.355
1293.960	1.529	21.354
1294.960	1.529	21.356
1295.960	1.529	21.356
1296.960	1.529	21.357
1297.960	1.529	21.356
1298.960	1.529	21.357
1299.960	1.529	21.356
1300.960	1.529	21.357
1301.960	1.529	21.357
1302.960	1.529	21.357
1303.960	1.529	21.358
1304.960	1.529	21.358
1305.960	1.529	21.358
1306.960	1.529	21.359
1307.986	1.529	21.359
1308.974	1.529	21.360
1309.960	1.529	21.359
1310.960	1.529	21.359
1311.960	1.529	21.358
1312.960	1.529	21.360
1313.960	1.529	21.359
1314.960	1.529	21.361
1315.960	1.529	21.359
1316.960	1.529	21.361
1317.963	1.529	21.361
1318.960	1.529	21.361
1319.960	1.529	21.362
1320.960	1.529	21.362
1322.002	1.529	21.363
1322.970	1.529	21.361
1323.970	1.529	21.363
1324.960	1.529	21.362
1325.960	1.529	21.364
1326.960	1.529	21.364
1327.960	1.529	21.363
1328.960	1.529	21.363
1329.960	1.529	21.363
1330.960	1.529	21.364
1332.002	1.529	21.364
1332.960	1.529	21.364
1333.960	1.529	21.364
1334.960	1.529	21.364
1335.970	1.529	21.364
1336.960	1.529	21.366
1337.960	1.529	21.366
1338.960	1.529	21.367
1339.960	1.529	21.366
1340.960	1.529	21.367
1341.960	1.529	21.366
1342.960	1.529	21.366
1343.960	1.529	21.368
1344.960	1.529	21.367
1345.960	1.529	21.367
1346.986	1.529	21.367
1347.960	1.530	21.368
1348.960	1.530	21.369
1349.960	1.530	21.369
1350.960	1.530	21.369
1351.960	1.530	21.369
1352.960	1.530	21.369
1353.960	1.529	21.368
1354.960	1.530	21.369
1355.960	1.530	21.370
1356.969	1.530	21.370
1357.960	1.529	21.370
1358.960	1.529	21.371
1359.960	1.529	21.371
1360.960	1.529	21.370
1361.960	1.529	21.371
1362.960	1.530	21.372
1363.960	1.530	21.373
1364.960	1.529	21.371
1365.960	1.529	21.372
1366.960	1.530	21.371
1367.960	1.530	21.373
1368.960	1.530	21.372
1369.960	1.530	21.373
1370.960	1.530	21.373
1371.960	1.529	21.373
1372.960	1.530	21.373
1373.960	1.530	21.374
1374.960	1.530	21.373
1375.960	1.530	21.375
1376.960	1.530	21.374
1377.960	1.530	21.375
1378.960	1.529	21.375
1379.960	1.530	21.375
1380.960	1.530	21.375
1381.960	1.530	21.376
1382.960	1.530	21.375
1383.960	1.530	21.376
1384.960	1.529	21.376
1385.960	1.529	21.377
1386.960	1.529	21.376
1387.960	1.529	21.379
1388.960	1.529	21.377
1389.960	1.529	21.376
1390.960	1.529	21.377
1391.960	1.530	21.378
1392.960	1.530	21.379
1393.960	1.530	21.380
1394.960	1.530	21.379
1395.960	1.530	21.379
1396.960	1.530	21.379
1397.960	1.530	21.379
1398.960	1.530	21.380
1399.960	1.530	21.380
1400.960	1.529	21.381
1401.963	1.530	21.380
1402.960	1.530	21.379
1403.960	1.530	21.381
1404.960	1.530	21.382
1405.960	1.529	21.382
1406.960	1.529	21.382
1407.960	1.529	21.381
1408.960	1.530	21.381
1409.960	1.529	21.381
1410.960	1.530	21.383
1411.960	1.530	21.383
1412.960	1.530	21.382
1413.960	1.530	21.381
1414.960	1.530	21.383
1415.960	1.530	21.382
1416.960	1.530	21.384
1417.960	1.530	21.383
1418.960	1.530	21.385
1419.960	1.530	21.385
1420.960	1.530	21.383
1421.960	1.529	21.384
1422.960	1.530	21.385
1423.960	1.530	21.386
1424.960	1.530	21.386
1425.960	1.530	21.385
1426.960	1.530	21.385
1427.960	1.529	21.385
1428.960	1.530	21.386
1429.960	1.530	21.387
1430.960	1.530	21.388
1431.960	1.530	21.387
1432.960	1.530	21.386
1433.960	1.530	21.387
1434.960	1.529	21.388
1435.960	1.530	21.389
1436.960	1.530	21.389
1437.960	1.530	21.388
1438.960	1.529	21.387
1439.960	1.529	21.388
1440.960	1.529	21.388
1441.960	1.530	21.389
1442.960	1.529	21.390
1443.960	1.530	21.389
1444.960	1.529	21.389
1445.960	1.530	21.389
1446.960	1.529	21.390
1447.960	1.529	21.390
1448.960	1.530	21.390
1449.960	1.530	21.391
1450.960	1.530	21.391
1451.960	1.530	21.390
1452.960	1.530	21.391
1453.960	1.529	21.391
1454.960	1.529	21.393
1455.960	1.530	21.393
1456.960	1.530	21.392
1457.960	1.530	21.392
1458.960	1.530	21.392
1459.962	1.530	21.391
1460.960	1.529	21.393
1461.960	1.529	21.393
1462.960	1.530	21.394
1463.960	1.529	21.393
1464.960	1.529	21.394
1465.960	1.530	21.393
1466.960	1.530	21.392
1467.960	1.530	21.395
1468.960	1.530	21.395
1469.960	1.530	21.394
1470.960	1.530	21.396
1471.960	1.530	21.394
1472.960	1.530	21.395
1473.960	1.530	21.397
1474.960	1.530	21.396
1475.960	1.530	21.395
1476.960	1.530	21.396
1477.960	1.530	21.396
1478.960	1.530	21.396
1479.960	1.530	21.396
1480.960	1.530	21.398
1481.960	1.530	21.399
1482.960	1.529	21.397
1483.960	1.530	21.397
1484.960	1.530	21.396
1485.960	1.530	21.398
1486.960	1.530	21.399
1487.960	1.530	21.399
1488.960	1.530	21.398
1489.960	1.530	21.398
1490.960	1.530	21.399
1491.960	1.529	21.399
1492.960	1.530	21.400
1493.960	1.529	21.400
1494.960	1.529	21.400
1495.960	1.530	21.400
1496.960	1.529	21.400
1497.960	1.530	21.399
1498.960	1.530	21.401
1499.960	1.530	21.402
1500.960	1.530	21.401
1501.960	1.530	21.401
1502.960	1.530	21.402
1503.960	1.530	21.401
1504.960	1.530	21.402
1505.960	1.530	21.401
1506.960	1.530	21.402
1507.960	1.530	21.402
1508.960	1.530	21.401
1509.960	1.529	21.402
1510.960	1.529	21.401
1511.960	1.530	21.401
1512.960	1.530	21.401
1513.960	1.529	21.400
1514.960	1.530	21.402
1515.960	1.529	21.400
1516.960	1.529	21.401
1517.960	1.530	21.400
1518.960	1.529	21.401
1519.960	1.530	21.401
1520.960	1.529	21.400
1521.960	1.529	21.401
1522.960	1.529	21.402
1523.960	1.529	21.402
1524.960	1.529	21.401
1525.960	1.529	21.401
1526.960	1.529	21.402
1527.960	1.529	21.402
1528.960	1.530	21.403
1529.960	1.529	21.403
1530.960	1.530	21.402
1531.960	1.529	21.402
1532.960	1.529	21.402
1533.960	1.529	21.403
1534.960	1.529	21.404
1535.960	1.529	21.404
1536.960	1.529	21.404
1537.960	1.529	21.403
1538.960	1.529	21.403
1539.960	1.529	21.404
1540.960	1.529	21.404
1541.960	1.529	21.405
1542.960	1.529	21.404
1543.960	1.529	21.404
1544.960	1.529	21.405
1545.960	1.529	21.406
1546.960	1.529	21.406
1547.960	1.529	21.407
1548.960	1.529	21.407
1549.960	1.529	21.405
1550.960	1.529	21.406
1551.960	1.529	21.407
1552.960	1.530	21.408
1553.960	1.529	21.408
1554.960	1.529	21.408
1555.960	1.529	21.407
1556.960	1.529	21.408
1557.960	1.529	21.409
1558.960	1.529	21.410
1559.960	1.529	21.409
1560.960	1.529	21.410
1561.960	1.529	21.410
1562.960	1.529	21.408
1563.960	1.529	21.409
1564.960	1.529	21.411
1565.960	1.529	21.410
1566.960	1.529	21.410
1567.960	1.529	21.409
1568.960	1.529	21.409
1569.960	1.529	21.410
1570.960	1.529	21.411
1571.960	1.529	21.412
1572.960	1.529	21.411
1573.960	1.529	21.412
1574.960	1.529	21.410
1575.960	1.529	21.410
1576.960	1.529	21.412
1577.960	1.529	21.413
1578.960	1.529	21.414
1579.960	1.529	21.413
1580.960	1.529	21.414
1581.960	1.529	21.413
1582.960	1.529	21.413
1583.960	1.529	21.413
1584.960	1.529	21.415
1585.960	1.529	21.415
1586.960	1.529	21.414
1587.960	1.529	21.414
1588.960	1.529	21.413
1589.960	1.529	21.414
1590.960	1.529	21.416
1591.960	1.529	21.416
1592.960	1.529	21.415
1593.960	1.529	21.415
1594.960	1.529	21.415
1595.960	1.529	21.416
1596.960	1.529	21.416
1597.960	1.529	21.417
1598.960	1.529	21.417
1599.960	1.529	21.416
1600.960	1.529	21.416
1601.960	1.529	21.416
1602.960	1.529	21.416
1603.960	1.529	21.418
1604.960	1.529	21.417
1605.960	1.529	21.418
1606.960	1.529	21.416
1607.960	1.529	21.418
1608.960	1.529	21.418
1609.960	1.528	21.420
1610.960	1.529	21.419
1611.960	1.529	21.419
1612.960	1.529	21.417
1613.970	1.528	21.418
1614.960	1.528	21.420
1615.960	1.528	21.421
1616.960	1.528	21.421
1617.960	1.528	21.419
1618.960	1.528	21.420
1619.960	1.528	21.419
1620.960	1.528	21.421
1621.960	1.529	21.420
1622.960	1.528	21.421
1623.960	1.528	21.421
1624.960	1.528	21.419
1625.960	1.529	21.421
1626.960	1.528	21.421
1627.970	1.528	21.422
1628.960	1.528	21.423
1629.960	1.528	21.421
1630.960	1.528	21.421
1631.960	1.528	21.421
1632.960	1.528	21.422
1633.960	1.528	21.423
1634.960	1.528	21.423
1635.960	1.528	21.422
1636.960	1.528	21.423
1637.960	1.528	21.423
1638.960	1.528	21.423
1639.960	1.528	21.424
1640.960	1.528	21.424
1641.960	1.528	21.425
1642.960	1.528	21.424
1643.960	1.528	21.424
1644.960	1.528	21.425
1645.960	1.528	21.425
1646.960	1.528	21.426
1647.960	1.528	21.425
1648.960	1.528	21.425
1649.960	1.528	21.425
1650.960	1.528	21.425
1651.960	1.528	21.425
1652.960	1.528	21.426
1653.960	1.528	21.427
1654.960	1.528	21.426
1655.960	1.528	21.426
1656.960	1.528	21.427
1657.960	1.528	21.428
1658.960	1.528	21.429
1659.960	1.528	21.428
1660.960	1.528	21.426
1661.960	1.528	21.427
1662.960	1.528	21.427
1663.960	1.528	21.428
1664.960	1.528	21.428
1665.960	1.528	21.427
1666.960	1.528	21.428
1667.960	1.528	21.428
1668.960	1.528	21.428
1669.960	1.528	21.428
1670.960	1.528	21.429
1671.960	1.528	21.430
1672.960	1.528	21.428
1673.960	1.528	21.429
1674.960	1.528	21.429
1675.960	1.528	21.431
1676.960	1.528	21.431
1677.960	1.528	21.430
1678.960	1.528	21.429
1679.960	1.528	21.431
1680.960	1.529	21.430
1681.960	1.529	21.431
1682.960	1.529	21.432
1683.960	1.528	21.432
1684.960	1.529	21.429
1685.960	1.528	21.431
1686.960	1.528	21.431
1687.960	1.528	21.433
1688.960	1.528	21.432
1689.960	1.528	21.433
1690.960	1.528	21.433
1691.960	1.528	21.432
1692.960	1.528	21.432
1693.960	1.528	21.433
1694.960	1.528	21.434
1695.960	1.528	21.433
1696.960	1.528	21.434
1697.960	1.528	21.433
1698.960	1.529	21.432
1699.960	1.528	21.434
1700.960	1.529	21.435
1701.960	1.529	21.435
1702.960	1.529	21.435
1703.960	1.529	21.434
1704.960	1.529	21.435
1705.960	1.529	21.434
1706.960	1.529	21.435
1707.960	1.529	21.435
1708.960	1.529	21.435
1709.960	1.529	21.435
1710.960	1.529	21.435
1711.960	1.529	21.437
1712.960	1.529	21.436
1713.960	1.529	21.436
1714.960	1.529	21.436
1715.960	1.528	21.435
1716.960	1.529	21.437
1717.960	1.529	21.437
1718.960	1.528	21.437
1719.960	1.528	21.438
1720.960	1.529	21.436
1721.960	1.529	21.437
1722.960	1.528	21.437
1723.960	1.528	21.438
1724.960	1.528	21.439
1725.960	1.528	21.437
1726.960	1.528	21.438
1727.960	1.528	21.438
1728.960	1.528	21.439
1729.960	1.528	21.439
1730.960	1.528	21.439
1731.960	1.528	21.441
1732.960	1.528	21.441
1733.960	1.528	21.439
1734.960	1.528	21.439
1735.960	1.528	21.441
1736.960	1.528	21.440
1737.960	1.528	21.440
1738.960	1.528	21.439
1739.960	1.528	21.440
1740.960	1.528	21.441
1741.960	1.528	21.441
1742.960	1.528	21.442
1743.960	1.528	21.441
1744.960	1.528	21.440
1745.960	1.528	21.440
1746.960	1.528	21.442
1747.960	1.528	21.442
1748.960	1.528	21.442
1749.960	1.528	21.441
1750.960	1.528	21.442
1751.960	1.528	21.442
1752.960	1.528	21.442
1753.960	1.528	21.443
1754.960	1.528	21.443
1755.960	1.528	21.443
1756.960	1.528	21.443
1757.960	1.528	21.444
1758.960	1.528	21.444
1759.960	1.528	21.445
1760.960	1.528	21.445
1761.960	1.528	21.445
1762.960	1.528	21.443
1763.960	1.528	21.444
1764.960	1.528	21.444
1765.960	1.528	21.444
1766.960	1.528	21.445
1767.960	1.528	21.445
1768.960	1.528	21.445
1769.960	1.528	21.445
1770.960	1.528	21.443
1771.960	1.529	21.446
1772.960	1.529	21.445
1773.960	1.528	21.448
1774.960	1.528	21.446
1775.960	1.528	21.445
1776.960	1.528	21.446
1777.960	1.528	21.448
1778.960	1.528	21.447
1779.960	1.529	21.447
1780.960	1.528	21.446
1781.960	1.529	21.447
1782.960	1.529	21.447
1783.960	1.529	21.449
1784.960	1.528	21.448
1785.960	1.528	21.448
1786.960	1.528	21.448
1787.960	1.528	21.448
1788.960	1.528	21.448
1789.960	1.528	21.449
1790.960	1.528	21.450
1791.960	1.528	21.449
1792.960	1.528	21.449
1793.960	1.528	21.449
1794.960	1.528	21.449
1795.960	1.528	21.449
1796.960	1.528	21.449
1797.960	1.528	21.450
1798.960	1.528	21.450
1799.960	1.528	21.450
1800.960	1.528	21.450
1801.960	1.528	21.450
1802.960	1.528	21.451
1803.960	1.528	21.451
1804.960	1.528	21.450
1805.960	1.528	21.451
1806.960	1.528	21.451
1807.960	1.528	21.451
1808.960	1.528	21.452
1809.960	1.528	21.452
1810.960	1.528	21.451
1811.960	1.528	21.452
1812.960	1.528	21.452
1813.960	1.528	21.453
1814.960	1.528	21.453
1815.960	1.528	21.453
1816.960	1.528	21.452
1817.960	1.528	21.452
1818.960	1.528	21.452
1819.960	1.528	21.453
1820.960	1.528	21.453
1821.960	1.528	21.454
1822.960	1.528	21.452
1823.960	1.528	21.453
1824.960	1.528	21.453
1825.960	1.528	21.454
1826.960	1.528	21.455
1827.960	1.528	21.455
1828.960	1.528	21.454
1829.960	1.528	21.453
1830.960	1.528	21.454
1831.960	1.528	21.455
1832.960	1.528	21.455
1833.960	1.528	21.455
1834.960	1.529	21.454
1835.960	1.528	21.454
1836.960	1.528	21.455
1837.960	1.528	21.454
1838.960	1.528	21.457
1839.960	1.528	21.456
1840.960	1.528	21.455
1841.960	1.528	21.453
1842.960	1.528	21.453
1843.960	1.528	21.454
1844.960	1.528	21.455
1845.960	1.528	21.454
1846.960	1.528	21.453
1847.960	1.528	21.453
1848.960	1.528	21.452
1849.960	1.528	21.455
1850.960	1.528	21.454
1851.960	1.528	21.455
1852.960	1.528	21.455
1853.960	1.528	21.455
1854.960	1.528	21.454
1855.960	1.528	21.454
1856.960	1.528	21.455
1857.960	1.528	21.455
1858.960	1.528	21.455
1859.960	1.528	21.455
1860.960	1.528	21.455
1861.960	1.528	21.454
1862.960	1.528	21.456
1863.960	1.528	21.456
1864.960	1.528	21.456
1865.960	1.528	21.456
1866.970	1.528	21.456
1868.002	1.528	21.455
1868.960	1.528	21.457
1869.960	1.528	21.457
1870.960	1.528	21.457
1871.960	1.528	21.457
1872.960	1.528	21.456
1873.960	1.528	21.457
1874.960	1.528	21.458
1875.960	1.528	21.458
1876.960	1.528	21.458
1877.960	1.528	21.457
1878.960	1.528	21.458
1879.960	1.528	21.458
1880.960	1.528	21.459
1881.960	1.528	21.457
1882.960	1.528	21.459
1883.960	1.528	21.457
1884.960	1.528	21.460
1885.960	1.528	21.458
1886.960	1.528	21.459
1887.960	1.528	21.460
1888.960	1.528	21.460
1889.960	1.528	21.460
1890.960	1.528	21.461
1891.960	1.528	21.460
1892.960	1.528	21.460
1893.960	1.528	21.459
1894.960	1.528	21.459
1895.960	1.528	21.460
1896.960	1.528	21.461
1897.960	1.528	21.461
1898.960	1.528	21.461
1899.960	1.528	21.461
1900.960	1.528	21.462
1901.960	1.528	21.462
1902.960	1.528	21.462
1903.960	1.528	21.463
1904.960	1.528	21.462
1905.960	1.528	21.462
1906.960	1.528	21.462
1907.960	1.528	21.463
1908.960	1.528	21.462
1909.960	1.528	21.464
1910.960	1.528	21.462
1911.960	1.528	21.463
1912.960	1.528	21.464
1913.960	1.528	21.464
1914.960	1.528	21.465
1915.960	1.528	21.465
1916.960	1.528	21.465
1917.960	1.528	21.464
1918.960	1.528	21.463
1919.960	1.528	21.464
1920.960	1.528	21.464
1921.960	1.528	21.466
1922.960	1.528	21.466
1923.960	1.529	21.465
1924.960	1.528	21.465
1925.960	1.528	21.465
1926.960	1.528	21.465
1927.960	1.528	21.466
1928.960	1.528	21.466
1929.960	1.528	21.466
1930.960	1.528	21.466
1931.960	1.528	21.466
1932.960	1.528	21.467
1933.960	1.528	21.467
1934.960	1.529	21.469
1935.960	1.528	21.467
1936.960	1.528	21.467
1937.960	1.528	21.467
1938.960	1.528	21.468
1939.960	1.528	21.469
1940.960	1.528	21.468
1941.960	1.528	21.467
1942.960	1.528	21.468
1943.960	1.528	21.469
1944.960	1.528	21.468
1945.960	1.528	21.469
1946.960	1.528	21.469
1947.960	1.528	21.469
1948.960	1.528	21.468
1949.960	1.528	21.469
1950.960	1.528	21.470
1951.960	1.528	21.469
1952.960	1.528	21.470
1953.960	1.528	21.470
1954.960	1.528	21.469
1955.960	1.528	21.469
1956.960	1.529	21.472
1957.960	1.528	21.471
1958.960	1.528	21.471
1959.960	1.528	21.470
1960.960	1.528	21.470
1961.960	1.528	21.470
1962.960	1.528	21.471
1963.960	1.529	21.472
1964.960	1.529	21.472
1965.960	1.529	21.471
1966.960	1.529	21.471
1967.960	1.529	21.472
1968.960	1.529	21.472
1969.960	1.529	21.472
1970.960	1.529	21.472
1971.960	1.529	21.471
1972.960	1.529	21.472
1973.960	1.529	21.473
1974.960	1.529	21.474
1975.960	1.529	21.474
1976.960	1.529	21.474
1977.960	1.529	21.474
1978.960	1.529	21.473
1979.960	1.528	21.473
1980.960	1.529	21.474
1981.960	1.529	21.474
1982.960	1.529	21.475
1983.960	1.529	21.475
1984.960	1.529	21.473
1985.960	1.529	21.474
1986.960	1.528	21.476
1987.960	1.529	21.476
1988.960	1.528	21.476
1989.960	1.529	21.475
1990.960	1.529	21.476
1991.960	1.529	21.475
1992.960	1.529	21.475
1993.960	1.529	21.477
1994.960	1.529	21.477
1995.960	1.529	21.475
1996.960	1.529	21.476
1997.960	1.528	21.476
1998.960	1.528	21.477
1999.960	1.528	21.479
2000.960	1.529	21.477
2001.960	1.529	21.476
2002.960	1.529	21.477
2003.960	1.529	21.477
2004.960	1.528	21.478
2005.960	1.528	21.478
2006.960	1.528	21.478
2007.960	1.528	21.477
2008.960	1.529	21.477
2009.960	1.529	21.477
2010.960	1.528	21.478
2011.960	1.528	21.480
2012.960	1.528	21.479
2013.960	1.528	21.479
2014.960	1.528	21.478
2015.960	1.528	21.479
2016.960	1.528	21.479
2017.960	1.528	21.479
2018.960	1.528	21.479
2019.960	1.528	21.479
2020.960	1.528	21.479
2021.960	1.528	21.480
2022.960	1.528	21.482
2023.960	1.528	21.481
2024.960	1.528	21.481
2025.960	1.528	21.480
2026.960	1.528	21.480
2027.960	1.528	21.480
2028.960	1.528	21.482
2029.960	1.528	21.481
2030.960	1.528	21.482
2031.960	1.528	21.481
2032.960	1.528	21.482
2033.960	1.528	21.481
2034.960	1.528	21.482
2035.960	1.528	21.482
2036.960	1.528	21.483
2037.960	1.528	21.482
2038.960	1.528	21.482
2039.960	1.529	21.481
2040.960	1.528	21.483
2041.960	1.528	21.483
2042.960	1.528	21.483
2043.960	1.528	21.483
2044.960	1.529	21.483
2045.960	1.528	21.483
2046.960	1.529	21.483
2047.960	1.529	21.483
2048.960	1.529	21.484
2049.960	1.529	21.485
2050.960	1.529	21.485
2051.960	1.529	21.485
2052.960	1.528	21.484
2053.960	1.528	21.484
2054.960	1.529	21.484
2055.960	1.529	21.483
2056.960	1.529	21.485
2057.960	1.529	21.484
2058.960	1.529	21.485
2059.960	1.528	21.485
2060.960	1.528	21.485
2061.960	1.529	21.486
2062.960	1.529	21.485
2063.970	1.529	21.485
2064.960	1.529	21.486
2065.960	1.528	21.486
2066.960	1.529	21.486
2067.960	1.529	21.486
2068.960	1.529	21.486
2069.960	1.529	21.487
2070.960	1.529	21.487
2071.960	1.529	21.487
2072.960	1.529	21.486
2073.960	1.528	21.487
2074.960	1.529	21.487
2075.960	1.528	21.488
2076.960	1.529	21.487
2077.960	1.528	21.489
2078.960	1.529	21.487
2079.960	1.528	21.487
2080.960	1.529	21.489
2081.960	1.529	21.489
2082.960	1.528	21.489
2083.960	1.529	21.488
2084.960	1.529	21.488
2085.960	1.529	21.488
2086.960	1.529	21.489
2087.960	1.529	21.488
2088.960	1.529	21.490
2089.960	1.529	21.489
2090.960	1.529	21.488
2091.960	1.529	21.489
2092.960	1.529	21.489
2093.960	1.529	21.490
2094.960	1.528	21.490
2095.960	1.528	21.490
2096.960	1.529	21.490
2097.960	1.529	21.489
2098.960	1.528	21.490
2099.960	1.528	21.491
2100.960	1.529	21.491
2101.960	1.528	21.491
2102.960	1.528	21.490
2103.960	1.528	21.490
2104.960	1.528	21.491
2105.960	1.528	21.491
2106.960	1.528	21.491
2107.960	1.528	21.491
2108.960	1.528	21.491
2109.960	1.528	21.492
2110.960	1.528	21.492
2111.960	1.528	21.491
2112.960	1.528	21.492
2113.960	1.528	21.492
2114.960	1.528	21.492
2115.960	1.528	21.491
2116.960	1.528	21.493
2117.960	1.528	21.493
2118.960	1.528	21.493
2119.960	1.528	21.493
2120.960	1.528	21.492
2121.960	1.528	21.493
2122.960	1.528	21.493
2123.960	1.528	21.493
2124.960	1.528	21.494
2125.960	1.528	21.493
2126.960	1.528	21.493
2127.960	1.528	21.493
2128.960	1.528	21.493
2129.960	1.528	21.494
2130.960	1.528	21.494
2131.960	1.528	21.493
2132.960	1.528	21.493
2133.960	1.528	21.493
2134.960	1.529	21.494
2135.960	1.529	21.496
2136.960	1.529	21.496
2137.960	1.528	21.495
2138.960	1.528	21.494
2139.960	1.529	21.495
2140.960	1.529	21.495
2141.960	1.528	21.495
2142.960	1.528	21.496
2143.960	1.528	21.495
2144.960	1.529	21.495
2145.960	1.529	21.496
2146.960	1.529	21.495
2147.960	1.529	21.496
2148.960	1.529	21.496
2149.960	1.529	21.497
2150.960	1.529	21.495
2151.960	1.528	21.496
2152.960	1.529	21.496
2153.960	1.528	21.497
2154.960	1.529	21.498
2155.960	1.529	21.498
2156.960	1.529	21.496
2157.960	1.528	21.497
2158.960	1.528	21.498
2159.960	1.529	21.499
2160.960	1.529	21.497
2161.960	1.529	21.498
2162.960	1.529	21.498
2163.960	1.529	21.497
2164.960	1.529	21.498
2165.960	1.528	21.498
2166.960	1.529	21.499
2167.960	1.529	21.499
2168.960	1.529	21.499
2169.960	1.529	21.498
2170.960	1.529	21.498
2171.960	1.529	21.499
2172.960	1.529	21.500
2173.960	1.529	21.500
2174.960	1.528	21.499
2175.960	1.529	21.499
2176.960	1.529	21.499
2177.960	1.528	21.500
2178.981	1.529	21.501
2179.960	1.528	21.501
2180.960	1.528	21.500
2181.960	1.528	21.499
2182.960	1.528	21.500
2183.960	1.528	21.502
2184.960	1.528	21.500
2185.960	1.528	21.501
2186.960	1.528	21.502
2187.960	1.529	21.501
2188.960	1.529	21.500
2189.960	1.529	21.502
2190.960	1.528	21.502
2191.960	1.528	21.502
2192.960	1.528	21.502
2193.960	1.529	21.501
2194.960	1.528	21.502
2195.960	1.528	21.502
2196.960	1.528	21.502
2197.960	1.529	21.503
2198.960	1.529	21.502
2199.960	1.529	21.503
2200.960	1.528	21.502
2201.960	1.529	21.503
2202.960	1.528	21.503
2203.960	1.529	21.505
2204.960	1.528	21.503
2205.960	1.529	21.502
2206.960	1.529	21.503
2207.960	1.528	21.504
2208.960	1.528	21.505
2209.960	1.528	21.504
2210.960	1.529	21.505
2211.960	1.529	21.505
2212.960	1.528	21.505
2213.960	1.529	21.504
2214.960	1.529	21.504
2215.960	1.529	21.504
2216.960	1.529	21.506
2217.960	1.528	21.505
2218.960	1.528	21.506
2219.960	1.528	21.505
2220.960	1.528	21.504
2221.960	1.528	21.505
2222.960	1.528	21.505
2223.960	1.529	21.506
2224.960	1.529	21.507
2225.960	1.528	21.506
2226.960	1.528	21.505
2227.960	1.528	21.507
2228.960	1.528	21.506
2229.960	1.528	21.506
2230.960	1.528	21.507
2231.960	1.528	21.507
2232.960	1.528	21.507
2233.960	1.529	21.506
2234.960	1.528	21.507
2235.960	1.528	21.507
2236.960	1.528	21.507
2237.960	1.528	21.507
2238.960	1.528	21.507
2239.960	1.528	21.507
2240.960	1.528	21.507
2241.960	1.528	21.509
2242.960	1.528	21.509
2243.960	1.528	21.508
2244.960	1.528	21.508
2245.960	1.528	21.507
2246.960	1.528	21.509
2247.960	1.528	21.509
2248.960	1.528	21.510
2249.960	1.528	21.508
2250.960	1.528	21.508
2251.960	1.529	21.508
2252.960	1.529	21.508
2253.960	1.528	21.509
2254.960	1.529	21.509
2255.960	1.529	21.510
2256.960	1.529	21.509
2257.960	1.529	21.509
2258.960	1.529	21.510
2259.960	1.528	21.510
2260.960	1.528	21.510
2261.960	1.528	21.511
2262.960	1.528	21.509
2263.960	1.528	21.510
2264.960	1.529	21.510
2265.960	1.529	21.510
2266.960	1.529	21.511
2267.960	1.529	21.511
2268.960	1.529	21.511
2269.960	1.528	21.511
2270.960	1.529	21.511
2271.960	1.528	21.512
2272.960	1.529	21.512
2273.960	1.528	21.512
2274.960	1.528	21.511
2275.960	1.528	21.510
2276.960	1.528	21.511
2277.960	1.528	21.512
2278.960	1.528	21.512
2279.960	1.528	21.512
2280.960	1.528	21.513
2281.960	1.528	21.512
2282.960	1.528	21.512
2283.960	1.528	21.513
2284.960	1.528	21.513
2285.960	1.528	21.515
2286.960	1.528	21.513
2287.960	1.528	21.512
2288.960	1.528	21.513
2289.960	1.528	21.513
2290.960	1.528	21.513
2291.960	1.528	21.515
2292.960	1.528	21.514
2293.960	1.529	21.514
2294.960	1.529	21.514
2295.960	1.528	21.514
2296.960	1.528	21.515
2297.960	1.528	21.515
2298.960	1.528	21.515
2299.960	1.528	21.513
2300.960	1.528	21.514
2301.960	1.528	21.514
2302.960	1.528	21.515
2303.960	1.529	21.517
2304.960	1.529	21.516
2305.960	1.528	21.515
2306.960	1.528	21.516
2307.960	1.528	21.516
2308.960	1.528	21.516
2309.960	1.528	21.516
2310.960	1.528	21.516
2311.960	1.528	21.515
2312.960	1.529	21.516
2313.960	1.528	21.515
2314.960	1.528	21.518
2315.960	1.528	21.517
2316.960	1.528	21.517
2317.960	1.528	21.517
2318.960	1.528	21.516
2319.960	1.528	21.517
2320.960	1.528	21.518
2321.960	1.528	21.518
2322.960	1.528	21.518
2323.960	1.528	21.518
2324.960	1.528	21.517
2325.960	1.528	21.517
2326.960	1.528	21.518
2327.960	1.528	21.519
2328.960	1.528	21.518
2329.960	1.528	21.517
2330.960	1.528	21.517
2331.960	1.528	21.519
2332.960	1.528	21.519
2333.960	1.528	21.518
2334.960	1.528	21.519
2335.960	1.528	21.520
2336.960	1.528	21.518
2337.960	1.528	21.518
2338.960	1.528	21.520
2339.960	1.528	21.520
2340.960	1.528	21.521
2341.960	1.528	21.520
2342.960	1.528	21.519
2343.960	1.528	21.518
2344.960	1.528	21.520
2345.960	1.528	21.519
2346.960	1.528	21.520
2347.960	1.528	21.520
2348.960	1.528	21.520
2349.960	1.528	21.520
2350.960	1.528	21.521
2351.960	1.529	21.521
2352.960	1.528	21.521
2353.960	1.528	21.521
2354.960	1.528	21.520
2355.960	1.528	21.521
2356.960	1.528	21.522
2357.960	1.528	21.522
2358.960	1.528	21.522
2359.960	1.528	21.521
2360.960	1.528	21.522
2361.960	1.529	21.521
2362.960	1.528	21.521
2363.960	1.529	21.523
2364.960	1.529	21.522
2365.960	1.528	21.523
2366.960	1.528	21.522
2367.960	1.528	21.521
2368.960	1.529	21.522
2369.960	1.529	21.524
2370.960	1.529	21.523
2371.960	1.528	21.524
2372.960	1.528	21.523
2373.960	1.528	21.523
2374.960	1.529	21.523
2375.960	1.528	21.523
2376.960	1.529	21.524
2377.960	1.528	21.525
2378.960	1.528	21.525
2379.960	1.528	21.525
2380.960	1.528	21.523
2381.960	1.528	21.524
2382.960	1.528	21.523
2383.960	1.528	21.524
2384.960	1.528	21.525
2385.960	1.528	21.524
2386.960	1.528	21.525
2387.960	1.528	21.524
2388.960	1.528	21.525
2389.960	1.528	21.525
2390.960	1.528	21.525
2391.960	1.528	21.526
2392.960	1.528	21.526
2393.960	1.528	21.525
2394.960	1.528	21.525
2395.960	1.528	21.524
2396.960	1.528	21.526
2397.960	1.528	21.526
2398.960	1.528	21.526
2399.960	1.528	21.526
2400.960	1.528	21.527
2401.960	1.528	21.525
2402.960	1.528	21.526
2403.960	1.528	21.527
2404.960	1.528	21.527
2405.960	1.528	21.525
2406.960	1.528	21.526
2407.960	1.528	21.526
2408.960	1.529	21.527
2409.960	1.528	21.528
2410.960	1.528	21.528
2411.960	1.528	21.526
2412.960	1.528	21.526
2413.960	1.528	21.527
2414.960	1.529	21.528
2415.960	1.528	21.529
2416.960	1.528	21.529
2417.960	1.528	21.528
2418.960	1.529	21.527
2419.960	1.529	21.528
2420.960	1.529	21.528
2421.960	1.528	21.528
2422.960	1.528	21.529
2423.960	1.528	21.529
2424.960	1.528	21.529
2425.960	1.528	21.529
2426.960	1.528	21.529
2427.960	1.528	21.529
2428.960	1.528	21.529
2429.960	1.528	21.529
2430.960	1.528	21.529
2431.960	1.528	21.529
2432.960	1.528	21.529
2433.960	1.528	21.530
2434.960	1.528	21.531
2435.960	1.528	21.531
2436.960	1.528	21.529
2437.960	1.528	21.530
2438.960	1.528	21.530
2439.960	1.528	21.530
2440.960	1.528	21.531
2441.960	1.528	21.530
2442.960	1.528	21.531
2443.960	1.528	21.530
2444.960	1.528	21.530
2445.960	1.528	21.530
2446.960	1.528	21.531
2447.960	1.528	21.531
2448.960	1.528	21.530
2449.960	1.528	21.530
2450.960	1.528	21.531
2451.960	1.528	21.532
2452.960	1.528	21.531
2453.960	1.528	21.532
2454.960	1.528	21.531
2455.960	1.528	21.530
2456.960	1.528	21.530
2457.960	1.528	21.532
2458.960	1.528	21.533
2459.960	1.528	21.533
2460.960	1.528	21.532
2461.960	1.528	21.532
2462.960	1.528	21.532
2463.960	1.528	21.533
2464.960	1.528	21.534
2465.960	1.528	21.533
2466.960	1.528	21.532
2467.960	1.528	21.533
2468.960	1.528	21.533
2469.960	1.528	21.534
2470.960	1.528	21.534
2471.960	1.528	21.534
2472.960	1.528	21.533
2473.960	1.528	21.532
2474.960	1.528	21.533
2475.960	1.528	21.534
2476.960	1.528	21.535
2477.960	1.528	21.534
2478.960	1.528	21.534
2479.960	1.528	21.534
2480.960	1.528	21.534
2481.960	1.528	21.534
2482.960	1.528	21.536
2483.960	1.528	21.535
2484.960	1.528	21.535
2485.961	1.528	21.534
2486.960	1.528	21.534
2487.960	1.528	21.536
2488.960	1.528	21.536
2489.960	1.528	21.536
2490.960	1.528	21.535
2491.960	1.528	21.535
2492.960	1.528	21.536
2493.960	1.528	21.536
2494.960	1.528	21.537
2495.960	1.528	21.537
2496.960	1.528	21.536
2497.960	1.528	21.536
2498.960	1.528	21.536
2499.960	1.528	21.536
2500.960	1.528	21.537
2501.960	1.528	21.537
2502.960	1.528	21.537
2503.960	1.528	21.537
2504.960	1.529	21.538
2505.960	1.528	21.538
2506.960	1.528	21.538
2507.960	1.528	21.539
2508.960	1.528	21.538
2509.960	1.528	21.537
2510.960	1.528	21.537
2511.960	1.528	21.538
2512.960	1.528	21.538
2513.960	1.528	21.539
2514.960	1.528	21.538
2515.960	1.528	21.537
2516.960	1.528	21.538
2517.960	1.528	21.538
2518.960	1.528	21.539
2519.960	1.528	21.539
2520.960	1.528	21.539
2521.960	1.528	21.539
2522.960	1.528	21.539
2523.960	1.528	21.540
2524.960	1.528	21.537
2525.960	1.528	21.539
2526.960	1.528	21.539
2527.960	1.528	21.540
2528.960	1.528	21.540
2529.960	1.528	21.540
2530.960	1.528	21.538
2531.960	1.528	21.540
2532.960	1.528	21.541
2533.960	1.528	21.541
2534.960	1.528	21.540
2535.960	1.528	21.539
2536.960	1.528	21.541
2537.960	1.528	21.540
2538.960	1.528	21.541
2539.960	1.528	21.541
2540.960	1.528	21.541
2541.960	1.528	21.541
2542.960	1.528	21.541
2543.960	1.528	21.540
2544.960	1.528	21.542
2545.960	1.528	21.542
2546.960	1.528	21.542
2547.960	1.528	21.542
2548.960	1.528	21.542
2549.960	1.529	21.542
2550.960	1.529	21.542
2551.960	1.528	21.543
2552.960	1.529	21.542
2553.960	1.529	21.542
2554.960	1.528	21.543
2555.960	1.528	21.543
2556.960	1.529	21.543
2557.960	1.528	21.545
2558.960	1.528	21.542
2559.960	1.529	21.543
2560.960	1.528	21.543
2561.960	1.528	21.544
2562.960	1.528	21.543
2563.960	1.528	21.545
2564.960	1.528	21.544
2565.960	1.528	21.543
2566.960	1.528	21.542
2567.960	1.529	21.544
2568.960	1.528	21.545
2569.960	1.528	21.545
2570.960	1.528	21.544
2571.960	1.528	21.544
2572.960	1.528	21.545
2573.960	1.528	21.545
2574.960	1.529	21.545
2575.960	1.528	21.545
2576.960	1.528	21.544
2577.960	1.528	21.545
2578.960	1.528	21.544
2579.960	1.528	21.546
2580.960	1.528	21.546
2581.960	1.529	21.546
2582.960	1.528	21.545
2583.960	1.529	21.545
2584.960	1.529	21.544
2585.960	1.528	21.545
2586.960	1.528	21.545
2587.960	1.529	21.545
2588.960	1.528	21.545
2589.960	1.529	21.545
2590.960	1.529	21.543
2591.960	1.529	21.545
2592.960	1.528	21.545
2593.960	1.528	21.544
2594.960	1.528	21.543
2595.960	1.528	21.544
2596.960	1.528	21.544
2597.960	1.528	21.544
2598.960	1.528	21.546
2599.960	1.528	21.545
2600.960	1.529	21.543
2601.960	1.528	21.545
2602.960	1.529	21.544
2603.960	1.529	21.547
2604.960	1.529	21.547
2605.960	1.529	21.545
2606.960	1.529	21.544
2607.960	1.528	21.545
2608.960	1.529	21.546
2609.960	1.528	21.546
2610.960	1.528	21.545
2611.960	1.528	21.545
2612.960	1.528	21.544
2613.960	1.528	21.545
2614.960	1.528	21.545
2615.960	1.528	21.546
2616.960	1.528	21.546
2617.960	1.528	21.544
2618.960	1.528	21.545
2619.960	1.528	21.545
2620.960	1.528	21.546
2621.960	1.528	21.546
2622.960	1.528	21.546
2623.960	1.528	21.546
2624.960	1.528	21.546
2625.960	1.527	21.547
2626.960	1.528	21.547
2627.960	1.528	21.548
2628.960	1.527	21.547
2629.960	1.528	21.545
2630.960	1.528	21.545
2631.960	1.528	21.546
2632.960	1.527	21.547
2633.960	1.528	21.547
2634.960	1.528	21.547
2635.960	1.528	21.546
2636.960	1.528	21.547
2637.960	1.528	21.548
2638.960	1.528	21.547
2639.960	1.528	21.548
2640.960	1.527	21.548
2641.960	1.527	21.548
2642.960	1.528	21.548
2643.960	1.528	21.548
2644.960	1.528	21.549
2645.960	1.527	21.549
2646.960	1.527	21.548
2647.960	1.527	21.548
2648.960	1.527	21.549
2649.960	1.528	21.549
2650.960	1.528	21.549
2651.960	1.527	21.549
2652.960	1.527	21.548
2653.960	1.528	21.549
2654.960	1.528	21.549
2655.960	1.528	21.550
2656.960	1.527	21.552
2657.960	1.527	21.551
2658.960	1.528	21.550
2659.960	1.527	21.549
2660.960	1.527	21.551
2661.960	1.527	21.549
2662.960	1.527	21.550
2663.960	1.527	21.551
2664.960	1.528	21.551
2666.033	1.527	21.551
2666.960	1.527	21.550
2667.960	1.527	21.551
2668.960	1.528	21.551
2669.960	1.528	21.552
2670.960	1.528	21.552
2671.960	1.528	21.552
2672.960	1.528	21.552
2673.960	1.528	21.551
2674.960	1.528	21.552
2675.960	1.528	21.553
2676.960	1.527	21.552
2677.986	1.528	21.552
2679.002	1.527	21.553
2679.960	1.527	21.553
2680.960	1.527	21.553
2681.960	1.528	21.553
2682.960	1.528	21.552
2683.960	1.528	21.553
2684.960	1.528	21.553
2685.960	1.528	21.553
2686.960	1.528	21.554
2687.972	1.528	21.552
2688.960	1.528	21.553
2689.960	1.528	21.553
2690.960	1.528	21.554
2691.960	1.528	21.554
2692.960	1.527	21.554
2693.960	1.528	21.555
2694.970	1.528	21.555
2695.960	1.528	21.553
2697.048	1.528	21.553
2697.960	1.528	21.555
2698.960	1.528	21.555
2699.960	1.528	21.555
2700.960	1.528	21.554
2701.960	1.527	21.555
2702.960	1.527	21.555
2703.960	1.527	21.556
2704.960	1.527	21.556
2705.960	1.527	21.556
2706.960	1.527	21.555
2707.960	1.528	21.555
2708.960	1.528	21.555
2709.960	1.527	21.556
2710.960	1.528	21.557
2711.960	1.527	21.558
2712.960	1.527	21.556
2713.960	1.528	21.555
2714.960	1.528	21.555
2715.960	1.528	21.557
2716.960	1.528	21.557
2717.960	1.527	21.556
2718.960	1.527	21.557
2719.960	1.527	21.557
2720.960	1.528	21.555
2721.960	1.528	21.557
2722.960	1.527	21.558
2723.960	1.527	21.558
2724.960	1.527	21.557
2725.960	1.528	21.556
2726.960	1.528	21.556
2727.960	1.527	21.557
2728.960	1.527	21.557
2729.960	1.527	21.558
2730.960	1.527	21.558
2731.960	1.527	21.557
2732.960	1.527	21.557
2733.960	1.527	21.558
2734.960	1.527	21.559
2735.960	1.527	21.558
2736.960	1.527	21.559
2737.960	1.527	21.558
2738.960	1.527	21.559
2739.960	1.527	21.558
2740.960	1.528	21.559
2741.960	1.527	21.559
2742.960	1.527	21.559
2743.960	1.527	21.559
2744.960	1.527	21.559
2745.960	1.527	21.559
2746.960	1.527	21.560
2747.960	1.527	21.560
2748.960	1.527	21.560
2749.960	1.528	21.558
2750.960	1.527	21.559
2751.960	1.527	21.559
2752.960	1.527	21.561
2753.960	1.528	21.561
2754.960	1.528	21.560
2755.960	1.528	21.560
2756.960	1.527	21.560
2757.960	1.527	21.560
2758.960	1.527	21.561
2759.960	1.528	21.561
2760.960	1.527	21.560
2761.960	1.527	21.561
2762.960	1.527	21.559
2763.960	1.527	21.561
2764.960	1.527	21.562
2765.960	1.528	21.561
2766.960	1.528	21.561
2767.960	1.528	21.561
2768.960	1.527	21.562
2769.960	1.528	21.562
2770.960	1.527	21.562
2771.960	1.527	21.562
2772.960	1.528	21.562
2773.960	1.527	21.562
2774.960	1.528	21.563
2775.960	1.527	21.563
2776.960	1.527	21.563
2777.960	1.527	21.563
2778.960	1.527	21.562
2779.960	1.527	21.562
2780.960	1.528	21.563
2781.960	1.527	21.563
2782.960	1.527	21.564
2783.960	1.528	21.564
2784.960	1.527	21.563
2785.960	1.528	21.562
2786.960	1.527	21.563
2787.960	1.527	21.563
2788.960	1.527	21.565
2789.960	1.527	21.565
2790.960	1.527	21.564
2791.960	1.527	21.563
2792.960	1.527	21.564
2793.960	1.527	21.564
2794.960	1.527	21.564
2795.960	1.528	21.565
2796.960	1.528	21.564
2797.960	1.527	21.565
2798.960	1.527	21.563
2799.960	1.528	21.563
2800.960	1.528	21.565
2801.960	1.528	21.566
2802.960	1.527	21.564
2803.960	1.527	21.564
2804.960	1.527	21.564
2805.960	1.527	21.564
2806.960	1.527	21.566
2807.960	1.527	21.566
2808.960	1.527	21.566
2809.960	1.527	21.566
2810.960	1.528	21.566
2811.960	1.528	21.566
2812.960	1.528	21.565
2813.960	1.528	21.567
2814.960	1.528	21.567
2815.960	1.528	21.566
2816.960	1.527	21.567
2817.960	1.527	21.567
2818.960	1.528	21.567
2819.960	1.527	21.567
2820.960	1.528	21.566
2821.960	1.527	21.567
2822.960	1.528	21.566
2823.960	1.528	21.565
2824.960	1.527	21.568
2825.960	1.528	21.567
2826.960	1.528	21.569
2827.960	1.528	21.567
2828.960	1.528	21.566
2829.960	1.528	21.567
2830.960	1.528	21.568
2831.960	1.528	21.568
2832.960	1.528	21.568
2833.960	1.528	21.568
2834.960	1.527	21.568
2835.960	1.527	21.567
2836.960	1.527	21.568
2837.960	1.527	21.568
2838.960	1.527	21.569
2839.960	1.527	21.569
2840.960	1.528	21.569
2841.960	1.528	21.568
2842.960	1.528	21.568
2843.960	1.528	21.569
2844.960	1.528	21.570
2845.960	1.527	21.570
2846.960	1.528	21.569
2847.960	1.528	21.568
2848.960	1.528	21.568
2849.960	1.527	21.569
2850.960	1.528	21.570
2851.960	1.528	21.570
2852.960	1.528	21.570
2853.960	1.528	21.570
2854.960	1.528	21.570
2855.960	1.528	21.569
2856.960	1.528	21.570
2857.960	1.528	21.570
2858.960	1.527	21.570
2859.960	1.528	21.571
2860.960	1.527	21.570
2861.960	1.527	21.570
2862.960	1.528	21.570
2863.960	1.528	21.571
2864.960	1.528	21.572
2865.960	1.528	21.570
2866.960	1.528	21.572
2867.960	1.528	21.570
2868.960	1.528	21.571
2869.960	1.528	21.571
2870.960	1.528	21.572
2871.960	1.528	21.572
2872.960	1.528	21.571
2873.960	1.528	21.571
2874.960	1.528	21.572
2875.960	1.528	21.571
2876.960	1.528	21.572
2877.960	1.528	21.573
2878.960	1.528	21.572
2879.960	1.528	21.572
2880.960	1.528	21.571
2881.960	1.528	21.573
2882.960	1.528	21.574
2883.960	1.528	21.573
2884.960	1.528	21.572
2885.960	1.528	21.572
2886.960	1.528	21.572
2887.960	1.528	21.573
2888.960	1.528	21.572
2889.960	1.528	21.574
2890.960	1.528	21.574
2891.960	1.528	21.571
2892.960	1.528	21.573
2893.960	1.528	21.573
2894.960	1.528	21.574
2895.960	1.528	21.574
2896.960	1.528	21.574
2897.960	1.528	21.573
2898.960	1.528	21.573
2899.960	1.528	21.573
2900.960	1.528	21.575
2901.960	1.528	21.575
2902.960	1.528	21.576
2903.960	1.527	21.574
2904.960	1.527	21.574
2905.960	1.528	21.573
2906.960	1.528	21.576
2907.960	1.528	21.576
2908.960	1.528	21.575
2909.960	1.528	21.574
2910.960	1.528	21.574
2911.960	1.528	21.574
2912.960	1.528	21.575
2913.960	1.528	21.576
2914.960	1.528	21.576
2915.960	1.528	21.575
2916.960	1.528	21.576
2917.960	1.528	21.574
2918.960	1.528	21.576
2919.960	1.528	21.577
2920.960	1.528	21.576
2921.960	1.528	21.575
2922.960	1.528	21.574
2923.960	1.528	21.575
2924.960	1.528	21.577
2925.960	1.528	21.576
2926.960	1.528	21.577
2927.960	1.528	21.577
2928.960	1.528	21.577
2929.960	1.528	21.576
2930.960	1.528	21.577
2931.960	1.528	21.577
2932.970	1.528	21.576
2933.960	1.528	21.576
2934.960	1.528	21.577
2935.960	1.528	21.576
2936.960	1.528	21.577
2937.960	1.528	21.578
2938.960	1.528	21.577
2939.960	1.528	21.578
2940.960	1.528	21.577
2941.960	1.528	21.577
2942.960	1.528	21.578
2943.960	1.528	21.578
2944.960	1.528	21.577
2945.960	1.528	21.579
2946.960	1.528	21.576
2947.960	1.528	21.577
2948.960	1.528	21.578
2949.960	1.528	21.579
2950.960	1.528	21.580
2951.960	1.528	21.579
2952.960	1.528	21.578
2953.960	1.528	21.578
2954.960	1.528	21.579
2955.960	1.528	21.580
2956.960	1.528	21.580
2957.960	1.528	21.580
2958.960	1.528	21.578
2959.960	1.528	21.578
2960.960	1.528	21.580
2961.960	1.528	21.580
2962.960	1.528	21.580
2963.960	1.528	21.580
2964.960	1.528	21.578
2965.960	1.528	21.579
2966.960	1.528	21.579
2967.960	1.528	21.581
2968.960	1.528	21.580
2969.960	1.528	21.581
2970.960	1.528	21.580
2971.960	1.528	21.579
2972.960	1.528	21.579
2973.960	1.528	21.581
2974.960	1.528	21.581
2975.960	1.528	21.581
2976.960	1.528	21.580
2977.960	1.528	21.580
2978.960	1.528	21.580
2979.960	1.528	21.581
2980.960	1.528	21.583
2981.960	1.528	21.582
2982.960	1.528	21.582
2983.960	1.528	21.581
2984.960	1.528	21.581
2985.960	1.528	21.582
2986.960	1.528	21.583
2987.960	1.528	21.582
2988.960	1.528	21.581
2989.960	1.528	21.581
2990.960	1.528	21.580
2991.960	1.528	21.581
2992.960	1.528	21.583
2993.960	1.528	21.582
2994.960	1.528	21.581
2995.960	1.528	21.581
2996.960	1.528	21.582
2997.960	1.528	21.582
2998.960	1.528	21.582
2999.960	1.528	21.582
3000.960	1.528	21.581
3001.960	1.528	21.583
3002.960	1.528	21.583
3003.960	1.528	21.584
3004.960	1.528	21.583
3005.960	1.528	21.583
3006.960	1.528	21.583
3007.960	1.528	21.584
3008.960	1.528	21.583
3009.960	1.528	21.584
3010.960	1.528	21.584
3011.960	1.528	21.582
3012.960	1.528	21.583
3013.960	1.528	21.584
3014.960	1.528	21.584
3015.960	1.528	21.584
3016.960	1.528	21.585
3017.960	1.527	21.583
3018.960	1.528	21.583
3019.960	1.528	21.582
3020.960	1.528	21.584
3021.960	1.528	21.584
3022.960	1.528	21.584
3023.960	1.528	21.584
3024.960	1.528	21.583
3025.960	1.528	21.584
3026.960	1.528	21.584
3027.960	1.528	21.585
3028.960	1.528	21.586
3029.960	1.528	21.583
3030.960	1.527	21.584
3031.960	1.528	21.584
3032.960	1.527	21.585
3033.960	1.528	21.586
3034.960	1.528	21.586
3035.960	1.528	21.586
3036.960	1.528	21.584
3037.960	1.528	21.584
3038.960	1.528	21.585
3039.960	1.528	21.586
3040.960	1.528	21.586
3041.960	1.528	21.586
3042.960	1.528	21.585
3043.960	1.528	21.585
3044.960	1.528	21.585
3045.960	1.527	21.585
3046.960	1.527	21.587
3047.960	1.528	21.585
3048.960	1.528	21.586
3049.960	1.528	21.586
3050.960	1.527	21.587
3051.960	1.528	21.587
3052.960	1.527	21.588
3053.960	1.528	21.587
3054.960	1.528	21.585
3055.960	1.528	21.586
3056.960	1.528	21.586
3057.960	1.527	21.587
3058.960	1.528	21.587
3059.960	1.528	21.587
3060.960	1.528	21.586
3061.960	1.528	21.587
3062.960	1.528	21.587
3063.960	1.528	21.587
3064.960	1.528	21.588
3065.960	1.528	21.589
3066.960	1.528	21.588
3067.960	1.527	21.586
3068.960	1.528	21.586
3069.960	1.527	21.588
3070.960	1.528	21.588
3071.960	1.527	21.589
3072.960	1.528	21.587
3073.960	1.527	21.587
3074.960	1.528	21.587
3075.960	1.527	21.589
3076.960	1.527	21.589
3077.960	1.528	21.589
3078.960	1.527	21.589
3079.960	1.527	21.588
3080.960	1.527	21.586
3081.960	1.528	21.589
3082.960	1.528	21.590
3083.960	1.528	21.590
3084.960	1.527	21.588
3085.960	1.528	21.589
3086.960	1.528	21.589
3087.960	1.528	21.589
3088.960	1.527	21.589
3089.960	1.528	21.589
3090.960	1.528	21.588
3091.960	1.528	21.589
3092.961	1.528	21.589
3093.960	1.528	21.589
3094.960	1.528	21.590
3095.960	1.528	21.590
3096.960	1.528	21.589
3097.960	1.528	21.589
3098.960	1.527	21.589
3099.960	1.528	21.589
3100.960	1.527	21.591
3101.960	1.527	21.590
3102.960	1.527	21.590
3103.960	1.528	21.589
3104.960	1.527	21.590
3105.960	1.528	21.592
3106.960	1.528	21.591
3107.960	1.528	21.592
3108.960	1.528	21.589
3109.960	1.527	21.589
3110.960	1.527	21.590
3111.960	1.528	21.593
3112.960	1.527	21.591
3113.960	1.528	21.591
3114.960	1.528	21.590
3115.960	1.528	21.590
3116.960	1.528	21.590
3117.960	1.527	21.592
3118.960	1.527	21.591
3119.960	1.527	21.592
3120.960	1.527	21.591
3121.960	1.527	21.590
3122.960	1.527	21.591
3123.960	1.527	21.593
3124.960	1.527	21.592
3125.970	1.527	21.593
3126.960	1.527	21.592
3127.960	1.527	21.591
3128.960	1.527	21.593
3129.960	1.527	21.592
3130.960	1.527	21.594
3131.960	1.528	21.593
3132.960	1.527	21.593
3133.960	1.528	21.592
3134.960	1.527	21.592
3135.960	1.528	21.594
3136.960	1.527	21.593
3137.960	1.527	21.593
3138.960	1.528	21.593
3139.960	1.527	21.592
3140.960	1.527	21.592
3141.960	1.527	21.594
3142.960	1.527	21.594
3143.960	1.527	21.594
3144.960	1.527	21.593
3145.960	1.528	21.594
3146.960	1.528	21.594
3147.960	1.528	21.594
3148.960	1.528	21.594
3149.960	1.528	21.594
3150.960	1.528	21.595
3151.960	1.527	21.593
3152.960	1.527	21.594
3153.960	1.527	21.594
3154.960	1.528	21.593
3155.960	1.527	21.594
3156.960	1.528	21.595
3157.960	1.528	21.595
3158.960	1.528	21.594
3159.960	1.528	21.595
3160.960	1.528	21.595
3161.960	1.528	21.595
3162.960	1.528	21.596
3163.960	1.528	21.595
3164.960	1.528	21.595
3165.960	1.528	21.596
3166.960	1.528	21.594
3167.960	1.528	21.595
3168.960	1.528	21.596
3169.960	1.528	21.597
3170.960	1.528	21.596
3171.960	1.528	21.596
3172.960	1.528	21.595
3173.960	1.528	21.596
3174.960	1.528	21.596
3175.960	1.528	21.597
3176.960	1.528	21.596
3177.960	1.528	21.596
3178.960	1.528	21.595
3179.960	1.528	21.596
3180.960	1.528	21.597
3181.960	1.528	21.597
3182.960	1.528	21.598
3183.960	1.528	21.596
3184.960	1.528	21.596
3185.960	1.528	21.597
3186.960	1.528	21.598
3187.960	1.528	21.598
3188.960	1.528	21.597
3189.960	1.528	21.598
3190.960	1.528	21.598
3191.960	1.528	21.598
3192.960	1.528	21.599
3193.960	1.528	21.597
3194.960	1.528	21.597
3195.960	1.528	21.598
3196.960	1.528	21.598
3197.960	1.528	21.599
3198.960	1.527	21.599
3199.960	1.527	21.599
3200.960	1.527	21.598
3201.960	1.528	21.598
3202.960	1.528	21.597
3203.960	1.528	21.600
3204.960	1.528	21.598
3205.960	1.528	21.600
3206.960	1.528	21.598
3207.960	1.528	21.598
3208.960	1.528	21.598
3209.960	1.528	21.599
3210.960	1.528	21.599
3211.960	1.528	21.600
3212.960	1.528	21.599
3213.960	1.528	21.599
3214.960	1.528	21.598
3215.960	1.528	21.600
3216.960	1.528	21.600
3217.960	1.528	21.601
3218.960	1.528	21.600
3219.960	1.528	21.600
3220.960	1.528	21.600
3221.960	1.528	21.601
3222.960	1.528	21.602
3223.960	1.528	21.601
3224.960	1.528	21.598
3225.960	1.528	21.599
3226.960	1.528	21.601
3227.960	1.528	21.601
3228.960	1.528	21.601
3229.960	1.528	21.601
3230.960	1.528	21.601
3231.960	1.528	21.601
3232.960	1.528	21.601
3233.960	1.528	21.601
3234.960	1.528	21.602
3235.960	1.528	21.601
3236.960	1.528	21.601
3237.960	1.528	21.601
3238.960	1.528	21.601
3239.960	1.528	21.602
3240.960	1.528	21.602
3241.960	1.528	21.602
3242.960	1.528	21.602
3243.960	1.528	21.602
3244.960	1.528	21.601
3245.960	1.528	21.602
3246.960	1.528	21.604
3247.960	1.528	21.603
3248.960	1.528	21.602
3249.960	1.528	21.602
3250.960	1.528	21.602
3251.960	1.528	21.601
3252.960	1.528	21.603
3253.960	1.528	21.603
3254.960	1.528	21.602
3255.960	1.528	21.602
3256.960	1.528	21.602
3257.960	1.528	21.603
3258.960	1.528	21.602
3259.960	1.528	21.603
3260.960	1.528	21.603
3261.960	1.528	21.604
3262.960	1.528	21.602
3263.960	1.528	21.603
3264.960	1.528	21.605
3265.960	1.528	21.605
3266.960	1.528	21.604
3267.960	1.528	21.603
3268.960	1.528	21.603
3269.960	1.528	21.604
3270.960	1.528	21.604
3271.960	1.528	21.604
3272.960	1.528	21.604
3273.960	1.528	21.604
3274.960	1.528	21.604
3275.960	1.528	21.604
3276.960	1.528	21.605
3277.960	1.528	21.605
3278.960	1.528	21.604
3279.960	1.528	21.604
3280.960	1.528	21.603
3281.960	1.528	21.604
3282.960	1.528	21.604
3283.960	1.528	21.605
3284.960	1.528	21.606
3285.960	1.528	21.605
3286.960	1.528	21.604
3287.960	1.528	21.604
3288.960	1.528	21.606
3289.960	1.528	21.605
3290.960	1.528	21.605
3291.960	1.528	21.605
3292.960	1.528	21.605
3293.960	1.528	21.605
3294.960	1.528	21.605
3295.960	1.528	21.606
3296.960	1.528	21.606
3297.960	1.528	21.607
3298.960	1.528	21.605
3299.960	1.528	21.606
3300.960	1.528	21.605
3301.960	1.528	21.607
3302.960	1.528	21.607
3303.960	1.528	21.607
3304.960	1.528	21.605
3305.960	1.528	21.605
3306.960	1.528	21.606
3307.960	1.528	21.607
3308.960	1.528	21.607
3309.960	1.528	21.607
3310.960	1.528	21.607
3311.960	1.528	21.607
3312.960	1.527	21.607
3313.960	1.528	21.607
3314.960	1.527	21.605
3315.960	1.528	21.607
3316.960	1.528	21.608
3317.960	1.527	21.608
3318.960	1.528	21.608
3319.960	1.528	21.607
3320.960	1.528	21.606
3321.960	1.527	21.607
3322.960	1.528	21.607
3323.960	1.528	21.609
3324.960	1.528	21.608
3325.960	1.528	21.608
3326.960	1.528	21.607
3327.960	1.528	21.607
3328.960	1.528	21.607
3329.960	1.528	21.608
3330.960	1.528	21.609
3331.960	1.528	21.609
3332.960	1.528	21.607
3333.960	1.528	21.608
3334.960	1.528	21.607
3335.960	1.528	21.609
3336.960	1.528	21.609
3337.960	1.528	21.609
3338.960	1.528	21.608
3339.960	1.528	21.609
3340.960	1.528	21.608
3341.960	1.528	21.609
3342.960	1.528	21.610
3343.960	1.528	21.608
3344.960	1.528	21.608
3345.960	1.528	21.608
3346.960	1.528	21.609
3347.960	1.528	21.609
3348.960	1.528	21.610
3349.960	1.528	21.609
3350.960	1.528	21.609
3351.960	1.527	21.609
3352.960	1.528	21.608
3353.960	1.528	21.609
3354.960	1.528	21.611
3355.960	1.528	21.611
3356.960	1.528	21.609
3357.960	1.528	21.610
3358.960	1.528	21.609
3359.960	1.528	21.610
3360.960	1.528	21.610
3361.960	1.527	21.611
3362.960	1.528	21.610
3363.960	1.528	21.609
3364.960	1.528	21.610
3365.960	1.528	21.610
3366.960	1.527	21.611
3367.960	1.528	21.610
3368.960	1.527	21.610
3369.960	1.528	21.611
3370.960	1.527	21.610
3371.960	1.527	21.611
3372.960	1.527	21.612
3373.960	1.527	21.611
3374.960	1.527	21.610
3375.960	1.527	21.610
3376.960	1.527	21.610
3377.960	1.527	21.611
3378.960	1.527	21.612
3379.960	1.527	21.611
3380.960	1.527	21.610
3381.960	1.527	21.611
3382.960	1.527	21.611
3383.960	1.527	21.612
3384.960	1.527	21.612
3385.960	1.527	21.612
3386.960	1.527	21.611
3387.960	1.527	21.612
3388.960	1.527	21.612
3389.960	1.527	21.613
3390.960	1.527	21.612
3391.960	1.527	21.612
3392.960	1.527	21.612
3393.960	1.527	21.612
3394.960	1.528	21.612
3395.960	1.527	21.612
3396.960	1.528	21.613
3397.960	1.527	21.613
3398.960	1.528	21.612
3399.960	1.528	21.613
3400.960	1.527	21.613
3401.960	1.528	21.613
3402.960	1.528	21.613
3403.960	1.527	21.613
3404.960	1.527	21.614
3405.960	1.527	21.614
3406.960	1.527	21.613
3407.960	1.527	21.613
3408.960	1.527	21.613
3409.960	1.528	21.614
3410.960	1.527	21.613
3411.960	1.528	21.614
3412.960	1.528	21.614
3413.960	1.527	21.614
3414.960	1.527	21.614
3415.960	1.528	21.614
3416.960	1.527	21.613
3417.960	1.527	21.613
3418.960	1.528	21.614
3419.960	1.528	21.615
3420.960	1.528	21.615
3421.960	1.528	21.614
3422.960	1.528	21.614
3423.960	1.528	21.614
3424.960	1.528	21.615
3425.960	1.528	21.615
3426.960	1.527	21.616
3427.960	1.528	21.615
3428.960	1.528	21.614
3429.960	1.528	21.615
3430.960	1.527	21.614
3431.960	1.527	21.615
3432.960	1.527	21.615
3433.960	1.527	21.615
3434.960	1.527	21.615
3435.960	1.528	21.615
3436.960	1.527	21.616
3437.960	1.528	21.617
3438.960	1.528	21.617
3439.960	1.528	21.616
3440.960	1.527	21.616
3441.960	1.527	21.616
3442.960	1.527	21.616
3443.960	1.527	21.616
3444.960	1.527	21.617
3445.960	1.527	21.616
3446.960	1.527	21.616
3447.960	1.527	21.616
3448.960	1.527	21.616
3449.960	1.527	21.617
3450.960	1.527	21.617
3451.960	1.527	21.617
3452.960	1.528	21.617
3453.960	1.527	21.616
3454.960	1.527	21.616
3455.960	1.527	21.617
3456.960	1.527	21.617
3457.960	1.528	21.617
3458.960	1.527	21.616
3459.960	1.527	21.616
3460.960	1.527	21.617
3461.960	1.527	21.618
3462.960	1.527	21.618
3463.960	1.527	21.618
3464.960	1.528	21.618
3465.960	1.528	21.617
3466.960	1.528	21.617
3467.960	1.528	21.617
3468.962	1.528	21.618
3469.960	1.528	21.619
3470.960	1.528	21.619
3471.960	1.528	21.619
3472.960	1.528	21.617
3473.960	1.528	21.618
3474.960	1.528	21.618
3475.960	1.527	21.618
3476.960	1.527	21.619
3477.960	1.528	21.619
3478.960	1.528	21.619
3479.960	1.528	21.620
3480.960	1.528	21.618
3481.960	1.528	21.618
3482.960	1.528	21.618
3483.962	1.528	21.619
3484.960	1.528	21.620
3485.960	1.528	21.619
3486.960	1.527	21.620
3487.960	1.528	21.619
3488.960	1.528	21.619
3489.960	1.528	21.619
3490.960	1.527	21.620
3491.960	1.527	21.620
3492.960	1.528	21.620
3493.960	1.527	21.619
3494.960	1.527	21.620
3495.960	1.528	21.620
3496.960	1.528	21.620
3497.960	1.528	21.621
3498.960	1.528	21.621
3499.960	1.528	21.620
3500.960	1.528	21.620
3501.960	1.528	21.620
3502.960	1.528	21.621
3503.960	1.528	21.621
3504.960	1.528	21.621
3505.960	1.528	21.621
3506.960	1.528	21.622
3507.960	1.528	21.621
3508.960	1.528	21.622
3509.960	1.528	21.621
3510.960	1.528	21.622
3511.960	1.528	21.622
3512.960	1.528	21.621
3513.960	1.528	21.622
3514.960	1.528	21.622
3515.960	1.528	21.623
3516.960	1.528	21.623
3517.960	1.528	21.622
3518.960	1.528	21.622
3519.960	1.528	21.622
3520.960	1.528	21.623
3521.960	1.528	21.622
3522.960	1.528	21.622
3523.960	1.528	21.623
3524.960	1.528	21.623
3525.960	1.528	21.622
3526.960	1.528	21.623
3527.996	1.528	21.624
3528.960	1.528	21.624
3529.960	1.528	21.623
3530.960	1.528	21.622
3531.960	1.528	21.623
3532.960	1.528	21.623
3533.960	1.528	21.624
3534.960	1.528	21.624
3535.960	1.528	21.624
3536.960	1.528	21.624
3537.960	1.528	21.623
3538.960	1.528	21.623
3539.960	1.528	21.624
3540.960	1.528	21.624
3541.960	1.528	21.624
3542.960	1.528	21.625
3543.960	1.528	21.624
3544.960	1.528	21.623
3545.960	1.528	21.626
3546.960	1.528	21.625
3547.960	1.528	21.625
3548.960	1.528	21.624
3549.960	1.528	21.624
3550.960	1.528	21.625
3551.960	1.528	21.625
3552.960	1.528	21.626
3553.960	1.528	21.626
3554.960	1.528	21.625
3555.960	1.528	21.624
3556.960	1.528	21.624
3557.960	1.528	21.625
3558.960	1.528	21.626
3559.960	1.528	21.625
3560.960	1.528	21.626
3561.960	1.528	21.626
3562.960	1.528	21.625
3563.960	1.528	21.625
3564.960	1.528	21.626
3565.960	1.528	21.626
3566.960	1.528	21.627
3567.960	1.528	21.626
3568.960	1.528	21.625
3569.960	1.528	21.625
3570.960	1.528	21.628
3571.960	1.528	21.627
3572.960	1.528	21.627
3573.960	1.528	21.626
3574.960	1.528	21.626
3575.960	1.528	21.626
3576.960	1.528	21.627
3577.960	1.528	21.628
3578.960	1.528	21.627
3579.960	1.528	21.627
3580.960	1.528	21.625
3581.960	1.528	21.625
3582.960	1.528	21.628
3583.960	1.528	21.627
3584.960	1.528	21.628
3585.960	1.528	21.627
3586.960	1.528	21.627
3587.960	1.528	21.626
3588.960	1.528	21.627
3589.960	1.528	21.627
3590.960	1.528	21.629
3591.960	1.528	21.628
3592.960	1.528	21.628
3593.960	1.528	21.627
3594.960	1.528	21.628
3595.960	1.528	21.629
3596.960	1.528	21.628
3597.960	1.528	21.628
3598.960	1.528	21.628
3599.960	1.528	21.628
3600.960	1.528	21.628
3601.960	1.528	21.628
3602.960	1.528	21.628
3603.960	1.528	21.628
3604.960	1.528	21.628
3605.960	1.528	21.628
3606.960	1.528	21.628
3607.960	1.528	21.629
3608.960	1.528	21.629
3609.960	1.528	21.630
3610.960	1.528	21.629
3611.960	1.528	21.628
3612.960	1.528	21.630
3613.960	1.528	21.629
3614.960	1.528	21.629
3615.960	1.528	21.630
3616.960	1.528	21.629
3617.960	1.528	21.628
3618.960	1.528	21.629
3619.960	1.528	21.629
3620.960	1.528	21.630
3621.960	1.528	21.630
3622.960	1.528	21.630
3623.960	1.528	21.629
3624.960	1.528	21.630
3625.960	1.528	21.630
3626.960	1.528	21.629
3627.960	1.528	21.630
3628.960	1.528	21.631
3629.960	1.528	21.631
3630.960	1.528	21.631
3631.960	1.528	21.631
3632.960	1.528	21.632
3633.960	1.528	21.630
3634.960	1.528	21.631
3635.960	1.528	21.631
3636.960	1.527	21.630
3637.960	1.528	21.631
3638.960	1.528	21.630
3639.960	1.528	21.630
3640.960	1.528	21.631
3641.960	1.528	21.632
3642.960	1.528	21.631
3643.960	1.528	21.631
3644.960	1.528	21.631
3645.960	1.528	21.631
3646.960	1.528	21.632
3647.960	1.528	21.632
3648.960	1.528	21.631
3649.960	1.528	21.631
3650.960	1.527	21.631
3651.960	1.528	21.632
3652.960	1.528	21.632
3653.960	1.528	21.632
3654.960	1.528	21.633
3655.960	1.528	21.632
3656.960	1.527	21.631
3657.960	1.528	21.631
3658.960	1.527	21.633
3659.960	1.527	21.633
3660.960	1.528	21.631
