0.000000	-0.000000
0.000000	-0.000000
0.000000	-0.000000
0.000000	-0.000000
0.000000	-0.000000
0.000000	-0.000000
0.000000	-0.000000
0.000000	-0.000000
0.000000	-0.000000
0.000000	-0.000000
0.000000	-0.000000
0.000000	-0.010000
0.000000	-0.000000
0.000000	-0.000000
0.000000	-0.000000
0.000000	-0.000000
0.000000	-0.000000
0.000000	-0.000000
0.000000	-0.000000
0.000000	-0.010000
0.000000	-0.000000
0.000000	-0.000000
0.000000	-0.000000
0.000000	-0.010000
0.000000	-0.010000
0.000000	-0.010000
0.000000	-0.000000
0.000000	-0.010000
0.000000	-0.000000
0.000000	-0.010000
0.000000	-0.010000
0.000000	-0.000000
0.000000	-0.020000
0.000000	-0.010000
0.000000	-0.010000
0.000000	-0.000000
0.000000	-0.010000
0.000000	-0.020000
0.000000	-0.010000
0.000000	0.390000
0.000000	0.410000
0.000000	0.410000
0.000000	0.410000
0.000000	0.410000
0.000000	0.410000
0.000000	0.410000
0.000000	0.410000
0.000000	0.410000
0.000000	0.410000
-0.000000	0.410000
0.001000	0.400000
0.003000	0.390000
0.005000	0.380000
0.010000	0.360000
0.016000	0.340000
0.024000	0.320000
0.028000	0.290000
0.036000	0.260000
0.046000	0.210000
0.055000	0.170000
0.064000	0.140000
0.074000	0.090000
0.084000	0.050000
0.094000	0.000000
0.099000	-0.040000
0.109000	-0.080000
0.120000	-0.130000
0.129000	-0.150000
0.140000	-0.200000
0.150000	-0.240000
0.161000	-0.280000
0.171000	-0.310000
0.176000	-0.350000
0.187000	-0.390000
0.196000	-0.420000
0.207000	-0.460000
0.217000	-0.500000
0.227000	-0.530000
0.237000	-0.570000
0.247000	-0.600000
0.252000	-0.640000
0.263000	-0.680000
0.273000	-0.710000
0.284000	-0.750000
0.294000	-0.780000
0.304000	-0.810000
0.314000	-0.850000
0.324000	-0.890000
0.330000	-0.920000
0.340000	-0.950000
0.351000	-0.990000
0.361000	-1.030000
0.372000	-1.060000
0.382000	-1.100000
0.392000	-1.130000
0.402000	-1.170000
0.408000	-1.200000
0.417000	-1.240000
0.428000	-1.280000
0.439000	-1.310000
0.449000	-1.340000
0.460000	-1.380000
0.470000	-1.420000
0.481000	-1.450000
0.486000	-1.490000
0.496000	-1.520000
0.507000	-1.560000
0.518000	-1.590000
0.528000	-1.630000
0.538000	-1.670000
0.548000	-1.700000
0.559000	-1.740000
0.564000	-1.770000
0.574000	-1.810000
0.585000	-1.840000
0.595000	-1.880000
0.606000	-1.920000
0.617000	-1.950000
0.627000	-1.990000
0.638000	-2.030000
0.643000	-2.060000
0.653000	-2.100000
0.664000	-2.130000
0.675000	-2.170000
0.685000	-2.210000
0.695000	-2.240000
0.705000	-2.280000
0.716000	-2.320000
0.726000	-2.360000
0.732000	-2.400000
0.743000	-2.440000
0.753000	-2.470000
0.763000	-2.510000
0.774000	-2.540000
0.785000	-2.580000
0.795000	-2.620000
0.801000	-2.660000
0.811000	-2.700000
0.821000	-2.750000
0.832000	-2.780000
0.842000	-2.820000
0.853000	-2.870000
0.864000	-2.910000
0.874000	-2.950000
0.880000	-2.990000
0.890000	-3.040000
0.900000	-3.060000
0.911000	-3.120000
0.921000	-3.160000
0.932000	-3.210000
0.943000	-3.260000
0.953000	-3.290000
0.963000	-3.340000
0.968000	-3.380000
0.979000	-3.430000
0.990000	-3.470000
1.000000	-3.520000
1.011000	-3.570000
1.022000	-3.610000
1.032000	-3.660000
1.037000	-3.710000
1.049000	-3.750000
1.059000	-3.800000
1.069000	-3.850000
1.080000	-3.900000
1.091000	-3.950000
1.101000	-4.000000
1.111000	-4.050000
1.118000	-4.090000
1.128000	-4.140000
1.139000	-4.190000
1.149000	-4.250000
1.160000	-4.290000
1.171000	-4.350000
1.180000	-4.400000
1.190000	-4.450000
1.196000	-4.490000
1.207000	-4.550000
1.217000	-4.600000
1.228000	-4.650000
1.238000	-4.700000
1.248000	-4.760000
1.259000	-4.810000
1.270000	-4.870000
1.275000	-4.920000
1.286000	-4.970000
1.296000	-5.020000
1.307000	-5.080000
1.317000	-5.140000
1.328000	-5.200000
1.339000	-5.250000
1.349000	-5.300000
1.354000	-5.360000
1.365000	-5.420000
1.375000	-5.470000
1.386000	-5.530000
1.397000	-5.590000
1.407000	-5.650000
1.418000	-5.710000
1.428000	-5.770000
1.434000	-5.830000
1.444000	-5.890000
1.455000	-5.940000
1.466000	-6.000000
1.477000	-6.070000
1.487000	-6.120000
1.498000	-6.190000
1.508000	-6.250000
1.514000	-6.310000
1.524000	-6.370000
1.535000	-6.440000
1.546000	-6.500000
1.556000	-6.560000
1.567000	-6.620000
1.578000	-6.680000
1.587000	-6.750000
1.593000	-6.800000
1.604000	-6.870000
1.614000	-6.940000
1.625000	-7.000000
1.636000	-7.060000
1.646000	-7.130000
1.657000	-7.200000
1.667000	-7.260000
1.673000	-7.330000
1.684000	-7.400000
1.694000	-7.460000
1.705000	-7.530000
1.715000	-7.590000
1.726000	-7.650000
1.737000	-7.730000
1.748000	-7.800000
1.753000	-7.870000
1.763000	-7.930000
1.774000	-8.000000
1.785000	-8.060000
1.795000	-8.130000
1.806000	-8.200000
1.817000	-8.280000
1.827000	-8.340000
1.837000	-8.400000
1.843000	-8.480000
1.854000	-8.550000
1.864000	-8.620000
1.875000	-8.690000
1.885000	-8.770000
1.896000	-8.830000
1.906000	-8.900000
1.912000	-8.980000
1.923000	-9.040000
1.933000	-9.110000
1.944000	-9.190000
1.955000	-9.260000
1.965000	-9.330000
1.976000	-9.410000
1.986000	-9.480000
1.992000	-9.560000
2.003000	-9.620000
2.013000	-9.690000
2.024000	-9.780000
2.034000	-9.850000
2.045000	-9.920000
2.055000	-10.000000
2.066000	-10.060000
2.071000	-10.150000
2.082000	-10.210000
2.093000	-10.300000
2.103000	-10.380000
2.114000	-10.450000
2.124000	-10.530000
2.135000	-10.610000
2.145000	-10.680000
2.150000	-10.760000
2.162000	-10.840000
2.172000	-10.920000
2.183000	-10.990000
2.194000	-11.070000
2.204000	-11.140000
2.214000	-11.220000
2.225000	-11.300000
2.230000	-11.390000
2.241000	-11.450000
2.252000	-11.510000
2.262000	-11.630000
2.273000	-11.700000
2.283000	-11.780000
2.293000	-11.850000
2.304000	-11.940000
2.309000	-12.020000
2.320000	-12.100000
2.331000	-12.180000
2.341000	-12.260000
2.352000	-12.350000
2.362000	-12.430000
2.373000	-12.520000
2.384000	-12.600000
2.389000	-12.680000
2.400000	-12.760000
2.411000	-12.840000
2.421000	-12.940000
2.432000	-13.020000
2.442000	-13.110000
2.453000	-13.190000
2.463000	-13.280000
2.469000	-13.360000
2.480000	-13.440000
2.490000	-13.550000
2.501000	-13.620000
2.511000	-13.720000
2.522000	-13.800000
2.532000	-13.880000
2.542000	-13.980000
2.548000	-14.060000
2.559000	-14.160000
2.570000	-14.240000
2.580000	-14.320000
2.592000	-14.410000
2.602000	-14.510000
2.613000	-14.610000
2.618000	-14.690000
2.629000	-14.790000
2.639000	-14.870000
2.650000	-14.970000
2.661000	-15.050000
2.671000	-15.150000
2.682000	-15.240000
2.692000	-15.330000
2.697000	-15.420000
2.708000	-15.520000
2.719000	-15.610000
2.730000	-15.700000
2.740000	-15.790000
2.751000	-15.900000
2.762000	-15.980000
2.772000	-16.090000
2.782000	-16.180000
2.788000	-16.270000
2.798000	-16.370000
2.809000	-16.460000
2.820000	-16.560000
2.830000	-16.650000
2.841000	-16.740000
2.852000	-16.860000
2.862000	-16.950000
2.868000	-17.040000
2.878000	-17.140000
2.889000	-17.240000
2.900000	-17.340000
2.911000	-17.440000
2.920000	-17.540000
2.931000	-17.630000
2.941000	-17.740000
2.947000	-17.840000
2.957000	-17.930000
2.969000	-18.050000
2.979000	-18.140000
2.989000	-18.240000
3.000000	-18.350000
3.011000	-18.460000
3.021000	-18.570000
3.027000	-18.660000
3.038000	-18.770000
3.048000	-18.860000
3.058000	-18.970000
3.069000	-19.070000
3.080000	-19.190000
3.091000	-19.220000
3.101000	-19.330000
3.106000	-19.440000
3.117000	-19.540000
3.128000	-19.670000
3.138000	-19.750000
3.149000	-19.870000
3.160000	-19.980000
3.170000	-20.080000
3.181000	-20.190000
3.186000	-20.300000
3.197000	-20.420000
3.207000	-20.510000
3.219000	-20.630000
3.229000	-20.760000
3.240000	-20.880000
3.251000	-20.990000
3.261000	-21.120000
3.266000	-21.210000
3.277000	-21.340000
3.287000	-21.450000
3.298000	-21.560000
3.308000	-21.630000
3.319000	-21.770000
3.330000	-21.890000
3.340000	-22.010000
3.346000	-22.040000
3.357000	-22.170000
3.367000	-22.270000
3.378000	-22.390000
3.388000	-22.510000
3.399000	-22.620000
3.409000	-22.740000
3.420000	-22.860000
3.426000	-22.970000
3.436000	-23.090000
3.448000	-23.210000
3.458000	-23.330000
3.469000	-23.450000
3.479000	-23.560000
3.490000	-23.680000
3.501000	-23.790000
3.506000	-23.910000
3.516000	-24.020000
3.527000	-24.140000
3.538000	-24.260000
3.549000	-24.380000
3.559000	-24.510000
3.570000	-24.620000
3.580000	-24.760000
3.586000	-24.890000
3.596000	-25.000000
3.607000	-25.130000
3.618000	-25.260000
3.628000	-25.380000
3.639000	-25.500000
3.650000	-25.620000
3.660000	-25.750000
3.666000	-25.870000
3.676000	-26.000000
3.686000	-26.120000
3.696000	-26.250000
3.708000	-26.380000
3.719000	-26.520000
3.729000	-26.730000
3.734000	-26.790000
3.745000	-26.910000
3.756000	-27.030000
3.767000	-27.160000
3.777000	-27.290000
3.788000	-27.430000
3.798000	-27.560000
3.809000	-27.690000
3.819000	-27.820000
3.825000	-27.960000
3.836000	-28.080000
3.846000	-28.210000
3.857000	-28.350000
3.867000	-28.490000
3.878000	-28.630000
3.888000	-28.760000
3.899000	-28.890000
3.905000	-29.020000
3.915000	-29.150000
3.926000	-29.290000
3.937000	-29.430000
3.947000	-29.560000
3.958000	-29.700000
3.969000	-29.850000
3.978000	-29.980000
3.984000	-30.100000
3.995000	-30.300000
4.006000	-30.400000
4.017000	-30.500000
4.027000	-30.700000
4.038000	-30.800000
4.049000	-30.900000
4.059000	-31.100000
4.064000	-31.200000
4.075000	-31.400000
4.086000	-31.500000
4.097000	-31.700000
4.107000	-31.800000
4.118000	-32.000000
4.129000	-32.100000
4.139000	-32.200000
4.145000	-32.400000
4.156000	-32.500000
4.167000	-32.700000
4.177000	-32.800000
4.187000	-33.000000
4.198000	-33.100000
4.209000	-33.300000
4.219000	-33.400000
4.225000	-33.500000
4.235000	-33.700000
4.245000	-33.800000
4.256000	-34.000000
4.267000	-34.100000
4.278000	-34.300000
4.288000	-34.400000
4.299000	-34.600000
4.305000	-34.700000
4.315000	-34.900000
4.326000	-35.000000
4.336000	-35.200000
4.346000	-35.300000
4.357000	-35.500000
4.368000	-35.600000
4.378000	-35.800000
4.384000	-36.000000
4.394000	-36.100000
4.405000	-36.200000
4.416000	-36.400000
4.427000	-36.500000
4.437000	-36.700000
4.448000	-36.800000
4.458000	-37.000000
4.464000	-37.100000
4.474000	-37.200000
4.485000	-37.400000
4.496000	-37.500000
4.506000	-37.600000
4.516000	-37.800000
4.527000	-37.900000
4.537000	-38.100000
4.547000	-38.200000
4.553000	-38.400000
4.564000	-38.500000
4.575000	-38.700000
4.586000	-38.800000
4.596000	-39.000000
4.607000	-39.100000
4.617000	-39.300000
4.623000	-39.400000
4.633000	-39.600000
4.644000	-39.700000
4.655000	-39.900000
4.666000	-40.000000
4.676000	-40.200000
4.687000	-40.400000
4.697000	-40.500000
4.703000	-40.700000
4.713000	-40.900000
4.724000	-41.000000
4.735000	-40.900000
4.745000	-41.100000
4.756000	-41.300000
4.767000	-41.400000
4.772000	-41.200000
4.782000	-41.300000
4.793000	-41.700000
4.803000	-39.600000
4.814000	-39.500000
4.825000	-39.600000
4.836000	-39.600000
4.846000	-39.600000
4.851000	-39.900000
4.862000	-40.100000
4.873000	-40.200000
4.883000	-40.300000
4.894000	-40.300000
4.905000	-40.400000
4.915000	-40.400000
4.926000	-40.500000
4.936000	-40.600000
4.942000	-40.700000
4.953000	-40.800000
4.963000	-40.800000
4.974000	-40.900000
4.985000	-41.000000
4.995000	-41.100000
5.005000	-41.300000
5.016000	-41.300000
5.021000	-41.400000
5.033000	-41.500000
5.043000	-41.600000
5.054000	-41.800000
5.065000	-41.900000
5.075000	-42.100000
5.086000	-42.100000
5.096000	-42.300000
5.102000	-42.400000
5.112000	-42.500000
5.123000	-42.600000
5.134000	-42.700000
5.144000	-42.800000
5.155000	-43.000000
5.166000	-43.000000
5.176000	-43.200000
5.181000	-43.300000
5.192000	-43.500000
5.203000	-43.500000
5.214000	-43.700000
5.224000	-43.900000
5.235000	-44.100000
5.246000	-44.200000
5.256000	-44.300000
5.261000	-44.400000
5.272000	-44.200000
5.282000	-44.700000
5.293000	-44.800000
5.304000	-44.900000
5.315000	-45.100000
5.325000	-45.200000
5.336000	-45.400000
5.341000	-45.500000
5.353000	-45.700000
5.363000	-45.800000
5.373000	-46.000000
5.384000	-46.000000
5.395000	-46.200000
5.405000	-46.300000
5.416000	-46.500000
5.421000	-46.500000
5.432000	-46.900000
5.442000	-46.600000
5.453000	-46.700000
5.464000	-46.600000
5.474000	-46.600000
5.485000	-46.800000
5.495000	-46.800000
5.501000	-46.900000
5.512000	-46.600000
5.522000	-46.900000
5.533000	-47.000000
5.544000	-47.100000
5.554000	-47.200000
5.565000	-47.100000
5.576000	-47.200000
5.581000	-46.900000
5.592000	-47.000000
5.602000	-47.100000
5.613000	-47.300000
5.623000	-48.000000
5.634000	-48.100000
5.644000	-48.200000
5.654000	-48.400000
5.660000	-48.500000
5.671000	-48.500000
5.681000	-48.900000
5.692000	-48.900000
5.703000	-49.000000
5.714000	-48.700000
5.725000	-48.600000
5.735000	-49.000000
5.740000	-49.200000
5.751000	-49.300000
5.762000	-49.300000
5.773000	-49.200000
5.783000	-49.200000
5.794000	-50.000000
5.804000	-50.100000
5.815000	-50.200000
5.821000	-50.400000
5.831000	-50.300000
5.842000	-50.400000
5.852000	-50.600000
5.863000	-50.700000
5.874000	-50.800000
5.884000	-50.900000
5.894000	-51.300000
5.901000	-51.200000
5.911000	-51.700000
5.921000	-51.600000
5.932000	-52.000000
5.943000	-52.200000
5.954000	-52.400000
5.964000	-52.100000
5.975000	-52.700000
5.980000	-52.200000
5.991000	-52.800000
6.001000	-52.500000
6.012000	-53.000000
6.023000	-53.100000
6.034000	-53.400000
6.044000	-53.400000
6.055000	-53.400000
6.060000	-53.400000
6.071000	-53.300000
6.081000	-54.000000
6.092000	-53.600000
6.103000	-53.900000
6.113000	-54.000000
6.124000	-54.100000
6.134000	-52.900000
6.140000	-52.900000
6.150000	-53.000000
6.161000	-51.200000
6.172000	-51.300000
6.182000	-51.500000
6.193000	-51.200000
6.203000	-51.200000
6.213000	-51.200000
6.219000	-51.300000
6.230000	-51.400000
6.241000	-51.500000
6.252000	-51.700000
6.262000	-51.800000
6.272000	-51.900000
6.283000	-52.000000
6.293000	-52.000000
6.299000	-52.100000
6.310000	-52.100000
6.320000	-52.300000
6.331000	-52.300000
6.341000	-52.400000
6.352000	-52.500000
6.363000	-52.600000
6.373000	-52.800000
6.379000	-52.900000
6.390000	-53.100000
6.400000	-53.100000
6.411000	-53.400000
6.422000	-53.500000
6.432000	-53.700000
6.443000	-53.700000
6.453000	-53.900000
6.459000	-54.000000
6.469000	-54.200000
6.480000	-54.200000
6.491000	-54.700000
6.501000	-54.800000
6.512000	-55.200000
6.522000	-54.900000
6.533000	-54.800000
6.539000	-54.900000
6.549000	-55.000000
6.559000	-55.100000
6.571000	-54.900000
6.581000	-55.300000
6.592000	-55.300000
6.601000	-55.300000
6.613000	-55.300000
6.619000	-55.500000
6.629000	-55.800000
6.641000	-55.600000
6.651000	-55.700000
6.662000	-55.700000
6.672000	-55.700000
6.682000	-55.800000
6.693000	-55.900000
6.703000	-55.900000
6.708000	-55.900000
6.720000	-56.100000
6.731000	-56.000000
6.741000	-56.200000
6.751000	-56.100000
6.762000	-56.300000
6.768000	-56.200000
6.778000	-56.400000
6.789000	-56.400000
6.800000	-56.500000
6.811000	-56.500000
6.820000	-56.600000
6.831000	-56.700000
6.842000	-56.800000
6.852000	-56.900000
6.863000	-57.100000
6.869000	-57.500000
6.880000	-57.500000
6.891000	-57.900000
6.901000	-57.900000
6.912000	-58.100000
6.922000	-58.100000
6.927000	-58.300000
6.938000	-58.300000
6.949000	-58.100000
6.960000	-58.300000
6.971000	-58.200000
6.981000	-58.200000
6.992000	-58.500000
7.003000	-58.100000
7.013000	-58.400000
7.018000	-58.400000
7.030000	-58.600000
7.040000	-58.500000
7.050000	-58.700000
7.061000	-58.600000
7.071000	-58.600000
7.082000	-58.700000
7.092000	-58.800000
7.098000	-59.000000
7.109000	-59.100000
7.119000	-59.100000
7.130000	-59.300000
7.140000	-59.500000
7.151000	-59.500000
7.162000	-59.700000
7.172000	-59.800000
7.178000	-59.800000
7.188000	-60.000000
7.199000	-60.100000
7.210000	-60.300000
7.220000	-60.300000
7.231000	-60.600000
7.242000	-60.600000
7.252000	-60.900000
7.258000	-60.900000
7.268000	-61.100000
7.279000	-61.200000
7.290000	-61.500000
7.300000	-61.800000
7.311000	-61.900000
7.321000	-62.600000
7.332000	-62.700000
7.338000	-62.100000
7.348000	-63.200000
7.358000	-63.300000
7.369000	-63.400000
7.380000	-63.700000
7.391000	-64.000000
7.401000	-64.100000
7.412000	-64.200000
7.417000	-64.300000
7.428000	-64.400000
7.439000	-64.500000
7.449000	-64.600000
7.459000	-64.700000
7.471000	-64.900000
7.482000	-64.900000
7.492000	-65.100000
7.497000	-65.100000
7.508000	-65.200000
7.519000	-65.300000
7.530000	-65.400000
7.540000	-65.500000
7.551000	-65.700000
7.561000	-65.800000
7.572000	-65.800000
7.577000	-65.900000
7.588000	-66.100000
7.599000	-66.200000
7.610000	-66.400000
7.621000	-66.200000
7.631000	-66.300000
7.641000	-66.300000
7.652000	-66.500000
7.657000	-66.600000
7.668000	-66.700000
7.679000	-66.800000
7.690000	-66.900000
7.700000	-67.000000
7.710000	-67.200000
7.721000	-67.300000
7.726000	-67.500000
7.737000	-67.600000
7.748000	-67.500000
7.758000	-67.600000
7.769000	-67.700000
7.780000	-67.800000
7.790000	-67.900000
7.801000	-68.000000
7.807000	-68.100000
7.817000	-68.200000
7.828000	-68.400000
7.838000	-68.400000
7.849000	-68.500000
7.860000	-68.700000
7.870000	-68.800000
7.881000	-68.800000
7.886000	-68.900000
7.896000	-69.000000
7.907000	-69.200000
7.918000	-69.300000
7.929000	-69.400000
7.939000	-69.500000
7.949000	-69.700000
7.961000	-69.800000
7.966000	-69.900000
7.977000	-70.000000
7.987000	-70.100000
7.998000	-70.200000
8.009000	-70.300000
8.019000	-70.400000
8.030000	-70.600000
8.040000	-70.700000
8.046000	-70.800000
8.057000	-70.900000
8.068000	-71.100000
8.079000	-71.100000
8.089000	-71.200000
8.099000	-71.400000
8.110000	-71.500000
8.120000	-71.600000
8.125000	-71.700000
8.137000	-71.800000
8.147000	-71.900000
8.158000	-72.100000
8.169000	-72.200000
8.179000	-72.300000
8.190000	-72.400000
8.201000	-72.500000
8.211000	-72.600000
8.217000	-72.800000
8.227000	-72.900000
8.238000	-73.000000
8.249000	-73.100000
8.260000	-73.200000
8.271000	-73.400000
8.281000	-73.500000
8.292000	-73.500000
8.298000	-73.700000
8.308000	-73.800000
8.318000	-73.900000
8.328000	-74.100000
8.339000	-74.200000
8.349000	-74.200000
8.360000	-74.300000
8.371000	-74.400000
8.376000	-74.500000
8.388000	-74.500000
8.398000	-74.600000
8.409000	-74.600000
8.420000	-74.700000
8.431000	-74.800000
8.441000	-74.900000
8.452000	-75.000000
8.457000	-75.200000
8.467000	-75.200000
8.478000	-75.300000
8.489000	-75.400000
8.500000	-75.500000
8.510000	-75.600000
8.522000	-75.600000
8.531000	-75.700000
8.537000	-75.800000
8.548000	-75.900000
8.558000	-76.000000
8.569000	-76.100000
8.580000	-76.200000
8.590000	-76.200000
8.601000	-76.300000
8.611000	-76.200000
8.617000	-76.200000
8.628000	-76.300000
8.638000	-76.400000
8.648000	-76.500000
8.659000	-76.600000
8.670000	-76.800000
8.681000	-76.900000
8.692000	-77.000000
8.697000	-77.200000
8.708000	-77.200000
8.718000	-77.300000
8.729000	-77.400000
8.740000	-77.500000
8.750000	-77.600000
8.761000	-77.700000
8.771000	-77.900000
8.777000	-78.000000
8.787000	-78.200000
8.798000	-78.200000
8.809000	-78.200000
8.820000	-78.200000
8.830000	-78.300000
8.840000	-78.500000
8.851000	-78.500000
8.857000	-78.600000
8.867000	-78.700000
8.878000	-78.700000
8.889000	-78.900000
8.899000	-79.000000
8.910000	-79.000000
8.920000	-79.200000
8.931000	-79.300000
8.937000	-79.300000
8.947000	-79.400000
8.958000	-79.500000
8.968000	-79.600000
8.979000	-79.600000
8.989000	-79.800000
9.000000	-79.800000
9.010000	-79.900000
9.016000	-80.100000
9.026000	-80.200000
9.037000	-80.200000
9.048000	-80.300000
9.059000	-80.400000
9.070000	-80.600000
9.080000	-80.700000
9.091000	-80.800000
9.096000	-80.900000
9.106000	-81.000000
9.117000	-81.100000
9.128000	-81.200000
9.138000	-81.300000
9.149000	-81.300000
9.160000	-81.200000
9.170000	-81.200000
9.176000	-81.300000
9.187000	-81.400000
9.198000	-81.500000
9.208000	-81.500000
9.219000	-81.700000
9.229000	-81.900000
9.240000	-81.800000
9.251000	-81.700000
9.256000	-81.700000
9.267000	-81.800000
9.277000	-81.900000
9.288000	-82.100000
9.299000	-81.500000
9.309000	-81.500000
9.320000	-81.600000
9.330000	-81.700000
9.336000	-81.900000
9.347000	-81.900000
9.357000	-82.600000
9.368000	-82.000000
9.378000	-81.900000
9.389000	-82.100000
9.399000	-82.200000
9.410000	-82.400000
9.416000	-83.000000
9.427000	-83.000000
9.437000	-82.600000
9.447000	-82.700000
9.458000	-82.700000
9.469000	-83.600000
9.480000	-83.600000
9.490000	-83.500000
9.496000	-83.100000
9.506000	-83.900000
9.517000	-83.300000
9.528000	-83.400000
9.538000	-83.500000
9.548000	-84.100000
9.559000	-84.200000
9.570000	-84.500000
9.576000	-83.900000
9.586000	-84.000000
9.597000	-84.100000
9.607000	-84.300000
9.618000	-84.400000
9.629000	-85.100000
9.640000	-84.600000
9.650000	-84.700000
9.655000	-84.800000
9.666000	-84.800000
9.677000	-85.100000
9.688000	-85.200000
9.698000	-85.200000
9.709000	-85.300000
9.720000	-85.300000
9.730000	-85.900000
9.736000	-86.100000
9.747000	-86.000000
9.757000	-86.200000
9.768000	-86.100000
9.779000	-86.100000
9.789000	-86.200000
9.799000	-86.300000
9.810000	-86.400000
9.815000	-86.400000
9.826000	-86.500000
9.837000	-86.700000
9.847000	-86.700000
9.858000	-86.800000
9.869000	-86.900000
9.879000	-86.900000
9.890000	-87.100000
9.895000	-87.200000
9.906000	-87.300000
9.917000	-87.400000
9.926000	-87.500000
9.937000	-87.500000
9.948000	-87.600000
9.958000	-87.700000
9.969000	-87.900000
9.975000	-88.100000
9.985000	-88.100000
9.991000	-88.200000
9.991000	-88.200000
9.992000	-88.400000
9.993000	-88.300000
9.993000	-88.400000
9.994000	-88.400000
9.994000	-88.500000
9.995000	-88.500000
9.996000	-88.500000
9.996000	-88.500000
9.997000	-88.600000
9.997000	-88.600000
9.997000	-88.600000
9.998000	-88.600000
9.998000	-88.700000
9.998000	-88.700000
9.999000	-88.700000
9.988000	-88.700000
9.978000	-88.600000
9.967000	-88.600000
9.956000	-88.600000
9.945000	-88.600000
9.941000	-88.500000
9.929000	-88.500000
9.919000	-88.600000
9.908000	-88.400000
9.898000	-88.400000
9.887000	-88.400000
9.877000	-88.400000
9.866000	-88.400000
9.861000	-88.300000
9.850000	-88.400000
9.839000	-88.300000
9.828000	-88.300000
9.817000	-88.300000
9.806000	-88.300000
9.796000	-88.200000
9.785000	-88.300000
9.780000	-88.200000
9.770000	-88.200000
9.759000	-88.100000
9.748000	-88.100000
9.737000	-88.100000
9.727000	-88.100000
9.716000	-88.100000
9.705000	-88.100000
9.701000	-88.000000
9.690000	-88.000000
9.679000	-88.000000
9.668000	-88.000000
9.657000	-87.900000
9.646000	-88.000000
9.636000	-87.900000
9.625000	-88.000000
9.620000	-87.900000
9.610000	-87.900000
9.599000	-87.800000
9.589000	-87.800000
9.578000	-87.800000
9.567000	-87.800000
9.557000	-87.700000
9.545000	-87.800000
9.540000	-87.800000
9.530000	-87.800000
9.520000	-87.800000
9.508000	-87.800000
9.498000	-87.800000
9.487000	-87.700000
9.477000	-87.600000
9.466000	-87.700000
9.461000	-87.700000
9.450000	-87.700000
9.440000	-87.600000
9.429000	-87.600000
9.418000	-87.600000
9.407000	-87.600000
9.396000	-87.500000
9.386000	-87.500000
9.380000	-87.400000
9.370000	-87.500000
9.359000	-87.500000
9.349000	-87.400000
9.339000	-87.400000
9.328000	-87.300000
9.316000	-87.400000
9.312000	-87.300000
9.301000	-87.300000
9.290000	-87.300000
9.279000	-87.300000
9.269000	-87.200000
9.258000	-87.300000
9.247000	-87.200000
9.236000	-87.100000
9.231000	-87.200000
9.221000	-87.100000
9.211000	-87.100000
9.200000	-87.200000
9.189000	-87.200000
9.179000	-87.100000
9.167000	-87.100000
9.157000	-87.100000
9.151000	-87.000000
9.141000	-87.000000
9.130000	-87.100000
9.119000	-87.100000
9.109000	-87.000000
9.098000	-87.000000
9.087000	-86.900000
9.076000	-87.000000
9.066000	-87.000000
9.061000	-86.900000
9.050000	-86.900000
9.039000	-86.800000
9.029000	-86.900000
9.018000	-86.800000
9.007000	-86.800000
8.997000	-86.700000
8.986000	-86.700000
8.981000	-86.600000
8.970000	-86.700000
8.960000	-86.600000
8.949000	-86.600000
8.939000	-86.600000
8.928000	-86.700000
8.917000	-86.600000
8.906000	-86.600000
8.901000	-86.500000
8.891000	-86.500000
8.880000	-86.400000
8.870000	-86.400000
8.858000	-86.400000
8.848000	-86.400000
8.838000	-86.300000
8.832000	-86.300000
8.822000	-86.400000
8.811000	-86.300000
8.800000	-86.200000
8.789000	-86.100000
8.779000	-86.200000
8.768000	-86.200000
8.758000	-86.000000
8.752000	-86.100000
8.742000	-86.000000
8.731000	-86.100000
8.720000	-86.000000
8.709000	-86.000000
8.699000	-85.900000
8.688000	-85.900000
8.677000	-85.800000
8.667000	-85.900000
8.662000	-85.900000
8.650000	-85.800000
8.640000	-85.800000
8.629000	-85.800000
8.619000	-85.700000
8.608000	-85.800000
8.597000	-85.700000
8.586000	-85.700000
8.581000	-85.700000
8.571000	-85.600000
8.560000	-85.500000
8.550000	-85.500000
8.539000	-85.400000
8.528000	-85.500000
8.517000	-85.500000
8.506000	-85.400000
8.501000	-85.300000
8.490000	-85.300000
8.480000	-85.300000
8.470000	-85.300000
8.459000	-85.300000
8.448000	-85.300000
8.437000	-85.200000
8.426000	-85.200000
8.422000	-85.200000
8.411000	-85.200000
8.401000	-85.100000
8.390000	-85.100000
8.379000	-85.000000
8.368000	-85.000000
8.358000	-84.900000
8.347000	-84.900000
8.342000	-84.900000
8.332000	-84.800000
8.321000	-84.800000
8.310000	-84.800000
8.299000	-84.700000
8.288000	-84.700000
8.279000	-84.700000
8.267000	-84.600000
8.262000	-84.600000
8.252000	-84.600000
8.241000	-84.500000
8.231000	-84.400000
8.220000	-84.400000
8.209000	-84.400000
8.198000	-84.400000
8.188000	-84.300000
8.183000	-84.300000
8.172000	-84.300000
8.161000	-84.200000
8.151000	-84.200000
8.140000	-84.200000
8.129000	-84.100000
8.119000	-84.100000
8.108000	-84.100000
8.103000	-84.000000
8.093000	-84.000000
8.082000	-84.000000
8.072000	-83.900000
8.061000	-83.900000
8.050000	-83.800000
8.039000	-83.800000
8.028000	-83.800000
8.024000	-83.700000
8.013000	-83.800000
8.003000	-83.700000
7.992000	-83.700000
7.981000	-83.600000
7.970000	-83.600000
7.959000	-83.500000
7.948000	-83.400000
7.943000	-83.400000
7.933000	-83.400000
7.922000	-83.300000
7.911000	-83.300000
7.901000	-83.300000
7.890000	-83.300000
7.880000	-83.200000
7.874000	-83.200000
7.864000	-83.100000
7.853000	-83.100000
7.842000	-83.000000
7.831000	-83.000000
7.821000	-82.900000
7.810000	-82.900000
7.799000	-82.900000
7.788000	-82.800000
7.784000	-82.800000
7.773000	-82.800000
7.762000	-82.700000
7.751000	-82.700000
7.741000	-82.700000
7.730000	-82.600000
7.719000	-82.600000
7.714000	-82.600000
7.703000	-82.400000
7.693000	-82.400000
7.682000	-82.400000
7.672000	-82.300000
7.661000	-82.400000
7.650000	-82.300000
7.639000	-82.200000
7.628000	-82.200000
7.624000	-82.200000
7.613000	-82.100000
7.602000	-82.100000
7.591000	-82.000000
7.581000	-82.000000
7.570000	-82.000000
7.559000	-81.900000
7.549000	-81.900000
7.544000	-81.900000
7.533000	-81.800000
7.522000	-81.800000
7.512000	-81.800000
7.501000	-81.800000
7.489000	-81.700000
7.479000	-81.700000
7.468000	-81.600000
7.464000	-81.500000
7.452000	-81.500000
7.442000	-81.400000
7.431000	-81.400000
7.420000	-81.400000
7.409000	-81.300000
7.398000	-81.300000
7.388000	-81.200000
7.383000	-81.200000
7.373000	-81.200000
7.363000	-81.100000
7.352000	-81.100000
7.341000	-81.000000
7.330000	-81.000000
7.320000	-81.000000
7.309000	-80.900000
7.304000	-80.900000
7.293000	-80.800000
7.282000	-80.800000
7.272000	-80.700000
7.261000	-80.700000
7.250000	-80.600000
7.239000	-80.600000
7.228000	-80.600000
7.223000	-80.500000
7.213000	-80.500000
7.202000	-80.500000
7.191000	-80.400000
7.180000	-80.400000
7.170000	-80.300000
7.159000	-80.200000
7.148000	-80.200000
7.143000	-80.200000
7.133000	-80.100000
7.122000	-80.100000
7.112000	-80.000000
7.101000	-80.000000
7.090000	-80.000000
7.079000	-79.900000
7.069000	-79.800000
7.064000	-79.800000
7.053000	-79.800000
7.043000	-79.700000
7.032000	-79.700000
7.021000	-79.600000
7.010000	-79.600000
6.999000	-79.500000
6.988000	-79.500000
6.984000	-79.500000
6.973000	-79.400000
6.962000	-79.400000
6.952000	-79.300000
6.941000	-79.300000
6.930000	-79.200000
6.920000	-79.200000
6.909000	-79.100000
6.904000	-79.100000
6.893000	-79.000000
6.882000	-79.000000
6.872000	-78.900000
6.861000	-78.900000
6.850000	-78.800000
6.840000	-78.800000
6.829000	-78.700000
6.824000	-78.700000
6.813000	-78.600000
6.803000	-78.600000
6.792000	-78.600000
6.781000	-78.500000
6.771000	-78.500000
6.759000	-78.500000
6.749000	-78.400000
6.743000	-78.300000
6.733000	-78.300000
6.723000	-78.300000
6.712000	-78.200000
6.701000	-78.200000
6.691000	-78.100000
6.680000	-78.100000
6.669000	-78.000000
6.663000	-77.700000
6.653000	-77.700000
6.642000	-77.700000
6.632000	-77.600000
6.621000	-77.600000
6.611000	-77.600000
6.600000	-77.500000
6.588000	-77.400000
6.583000	-77.400000
6.573000	-77.400000
6.561000	-77.400000
6.551000	-77.300000
6.541000	-77.300000
6.530000	-77.300000
6.519000	-77.200000
6.509000	-77.200000
6.504000	-77.100000
6.492000	-77.100000
6.482000	-77.100000
6.471000	-77.000000
6.461000	-76.900000
6.450000	-76.900000
6.439000	-76.800000
6.435000	-76.800000
6.424000	-76.800000
6.414000	-76.800000
6.403000	-76.700000
6.393000	-76.700000
6.382000	-76.700000
6.371000	-76.600000
6.361000	-76.500000
6.350000	-76.500000
6.345000	-76.400000
6.334000	-76.400000
6.323000	-76.300000
6.312000	-76.300000
6.302000	-76.300000
6.291000	-76.200000
6.281000	-76.100000
6.270000	-76.100000
6.264000	-76.100000
6.254000	-76.000000
6.243000	-76.000000
6.233000	-75.900000
6.222000	-75.900000
6.211000	-75.800000
6.200000	-75.800000
6.189000	-75.700000
6.185000	-75.700000
6.174000	-75.700000
6.164000	-75.600000
6.153000	-75.600000
6.143000	-75.500000
6.132000	-75.500000
6.121000	-75.400000
6.110000	-75.400000
6.105000	-75.300000
6.095000	-75.300000
6.084000	-75.300000
6.073000	-75.200000
6.062000	-75.100000
6.052000	-75.100000
6.041000	-75.100000
6.030000	-75.000000
6.025000	-75.000000
6.014000	-74.900000
6.004000	-74.900000
5.993000	-74.800000
5.982000	-74.800000
5.971000	-74.700000
5.961000	-74.700000
5.955000	-74.700000
5.945000	-74.600000
5.934000	-74.600000
5.923000	-74.500000
5.913000	-74.500000
5.902000	-74.300000
5.892000	-74.300000
5.881000	-74.300000
5.876000	-74.200000
5.865000	-74.100000
5.855000	-74.100000
5.844000	-74.100000
5.834000	-74.000000
5.823000	-74.000000
5.812000	-73.900000
5.801000	-73.900000
5.791000	-73.800000
5.786000	-73.800000
5.775000	-73.700000
5.765000	-73.700000
5.754000	-73.600000
5.743000	-73.600000
5.732000	-73.500000
5.721000	-73.500000
5.711000	-73.500000
5.706000	-73.400000
5.695000	-73.300000
5.684000	-73.300000
5.674000	-73.200000
5.663000	-73.200000
5.652000	-73.100000
5.642000	-73.100000
5.631000	-73.000000
5.626000	-73.000000
5.615000	-72.900000
5.605000	-72.900000
5.594000	-72.800000
5.583000	-72.700000
5.573000	-72.700000
5.561000	-72.700000
5.551000	-72.600000
5.546000	-72.600000
5.535000	-72.500000
5.524000	-72.400000
5.514000	-72.400000
5.503000	-72.300000
5.493000	-72.300000
5.482000	-72.200000
5.476000	-72.200000
5.466000	-72.100000
5.456000	-72.100000
5.445000	-72.000000
5.434000	-72.000000
5.424000	-71.900000
5.413000	-71.900000
5.402000	-71.800000
5.391000	-71.800000
5.386000	-71.700000
5.376000	-71.700000
5.365000	-71.600000
5.355000	-71.600000
5.344000	-71.500000
5.333000	-71.400000
5.322000	-71.400000
5.312000	-71.300000
5.306000	-71.300000
5.296000	-71.200000
5.285000	-71.200000
5.274000	-71.200000
5.263000	-71.100000
5.252000	-71.100000
5.242000	-71.000000
5.237000	-70.900000
5.226000	-70.900000
5.216000	-70.800000
5.205000	-70.800000
5.194000	-70.700000
5.183000	-70.700000
5.172000	-70.600000
5.162000	-70.600000
5.156000	-70.500000
5.146000	-70.500000
5.135000	-70.400000
5.125000	-70.300000
5.115000	-70.300000
5.104000	-70.200000
5.093000	-70.200000
5.083000	-70.200000
5.077000	-70.100000
5.067000	-70.000000
5.056000	-70.000000
5.045000	-69.900000
5.034000	-69.900000
5.023000	-69.800000
5.013000	-69.700000
5.003000	-69.700000
4.992000	-69.600000
4.987000	-69.600000
4.976000	-69.600000
4.966000	-69.500000
4.955000	-69.400000
4.944000	-69.400000
4.933000	-69.300000
4.923000	-69.300000
4.917000	-69.200000
4.907000	-69.200000
4.897000	-69.100000
4.885000	-69.000000
4.875000	-69.000000
4.864000	-68.900000
4.854000	-68.900000
4.843000	-68.900000
4.832000	-68.800000
4.827000	-68.700000
4.817000	-68.700000
4.806000	-68.600000
4.795000	-68.500000
4.786000	-68.500000
4.774000	-68.400000
4.763000	-68.400000
4.752000	-68.300000
4.747000	-68.300000
4.736000	-68.200000
4.725000	-68.200000
4.715000	-68.100000
4.705000	-68.000000
4.694000	-68.000000
4.683000	-67.900000
4.672000	-67.900000
4.668000	-67.800000
4.657000	-67.700000
4.646000	-67.600000
4.636000	-67.600000
4.625000	-67.500000
4.614000	-67.500000
4.604000	-67.400000
4.594000	-67.300000
4.588000	-67.300000
4.578000	-67.300000
4.566000	-67.200000
4.556000	-67.200000
4.545000	-67.100000
4.534000	-67.000000
4.524000	-67.000000
4.513000	-67.000000
4.508000	-66.900000
4.497000	-66.800000
4.487000	-66.700000
4.476000	-66.600000
4.466000	-66.600000
4.455000	-66.500000
4.444000	-66.400000
4.433000	-66.400000
4.429000	-66.400000
4.418000	-66.300000
4.407000	-66.200000
4.396000	-66.200000
4.386000	-66.200000
4.375000	-66.100000
4.364000	-66.000000
4.354000	-66.000000
4.349000	-65.900000
4.338000	-65.900000
4.327000	-65.800000
4.317000	-65.800000
4.307000	-65.800000
4.296000	-65.700000
4.285000	-65.600000
4.273000	-65.500000
4.269000	-65.500000
4.258000	-65.400000
4.247000	-65.400000
4.237000	-65.300000
4.226000	-65.200000
4.215000	-65.200000
4.205000	-65.200000
4.195000	-65.100000
4.190000	-65.000000
4.179000	-65.000000
4.168000	-64.900000
4.157000	-64.900000
4.147000	-64.800000
4.136000	-64.800000
4.126000	-64.700000
4.115000	-64.600000
4.110000	-64.600000
4.099000	-64.500000
4.088000	-64.500000
4.078000	-64.400000
4.067000	-64.400000
4.056000	-64.300000
4.045000	-64.200000
4.035000	-64.200000
4.029000	-64.100000
4.019000	-64.100000
4.009000	-64.000000
3.998000	-63.900000
3.988000	-63.900000
3.977000	-63.800000
3.966000	-63.700000
3.955000	-63.700000
3.950000	-63.600000
3.939000	-63.600000
3.929000	-63.500000
3.918000	-63.500000
3.907000	-63.400000
3.897000	-63.300000
3.886000	-63.300000
3.875000	-63.200000
3.870000	-63.100000
3.859000	-63.100000
3.848000	-63.000000
3.837000	-63.000000
3.827000	-62.900000
3.816000	-62.800000
3.806000	-62.800000
3.795000	-62.700000
3.790000	-62.700000
3.779000	-62.600000
3.769000	-62.500000
3.758000	-62.500000
3.747000	-62.400000
3.737000	-62.300000
3.726000	-62.300000
3.715000	-62.200000
3.710000	-62.200000
3.700000	-62.100000
3.689000	-62.000000
3.678000	-62.000000
3.668000	-61.900000
3.657000	-61.800000
3.647000	-61.800000
3.641000	-61.700000
3.631000	-61.700000
3.620000	-61.600000
3.609000	-61.500000
3.599000	-61.400000
3.589000	-61.400000
3.577000	-61.300000
3.567000	-61.300000
3.562000	-61.200000
3.551000	-61.100000
3.541000	-61.100000
3.530000	-61.000000
3.519000	-60.900000
3.508000	-60.900000
3.498000	-60.800000
3.487000	-60.800000
3.482000	-60.700000
3.471000	-60.600000
3.460000	-60.600000
3.450000	-60.500000
3.438000	-60.400000
3.427000	-60.300000
3.417000	-60.300000
3.406000	-60.200000
3.401000	-60.100000
3.391000	-60.100000
3.380000	-60.000000
3.370000	-59.900000
3.359000	-59.900000
3.348000	-59.800000
3.337000	-59.700000
3.327000	-59.700000
3.321000	-59.600000
3.311000	-59.500000
3.300000	-59.500000
3.290000	-59.400000
3.279000	-59.400000
3.268000	-59.300000
3.256000	-59.200000
3.247000	-59.200000
3.241000	-59.100000
3.231000	-59.000000
3.220000	-58.900000
3.209000	-58.900000
3.199000	-58.800000
3.188000	-58.700000
3.178000	-58.700000
3.167000	-58.600000
3.162000	-58.500000
3.151000	-58.400000
3.140000	-58.400000
3.130000	-58.300000
3.119000	-58.200000
3.109000	-58.200000
3.098000	-58.100000
3.087000	-58.000000
3.076000	-58.000000
3.071000	-57.900000
3.061000	-57.800000
3.050000	-57.800000
3.040000	-57.700000
3.029000	-57.600000
3.018000	-57.600000
3.007000	-57.500000
2.997000	-57.400000
2.992000	-57.400000
2.981000	-57.300000
2.970000	-57.200000
2.960000	-57.200000
2.948000	-57.100000
2.938000	-57.000000
2.928000	-57.000000
2.922000	-56.900000
2.912000	-56.800000
2.901000	-56.700000
2.890000	-56.700000
2.880000	-56.600000
2.869000	-56.600000
2.859000	-56.500000
2.848000	-56.400000
2.837000	-56.300000
2.832000	-56.200000
2.822000	-56.100000
2.811000	-56.100000
2.800000	-56.000000
2.790000	-55.900000
2.779000	-55.900000
2.768000	-55.800000
2.758000	-55.700000
2.753000	-55.700000
2.742000	-55.600000
2.732000	-55.500000
2.721000	-55.500000
2.710000	-55.400000
2.699000	-55.300000
2.688000	-55.300000
2.678000	-55.200000
2.674000	-55.100000
2.662000	-55.000000
2.652000	-55.000000
2.641000	-54.900000
2.630000	-54.800000
2.620000	-54.700000
2.609000	-54.700000
2.604000	-54.600000
2.594000	-54.500000
2.583000	-54.500000
2.572000	-54.400000
2.562000	-54.300000
2.551000	-54.200000
2.540000	-54.200000
2.530000	-54.100000
2.519000	-54.000000
2.514000	-54.000000
2.503000	-53.900000
2.492000	-53.800000
2.482000	-53.700000
2.471000	-53.700000
2.460000	-53.600000
2.450000	-53.500000
2.438000	-53.400000
2.434000	-53.400000
2.423000	-53.300000
2.412000	-53.200000
2.402000	-53.100000
2.391000	-53.100000
2.381000	-53.000000
2.369000	-52.900000
2.359000	-52.800000
2.354000	-52.800000
2.343000	-52.700000
2.333000	-52.600000
2.323000	-52.500000
2.312000	-52.500000
2.301000	-52.400000
2.290000	-52.300000
2.285000	-52.300000
2.274000	-52.200000
2.264000	-52.100000
2.254000	-52.000000
2.242000	-52.000000
2.232000	-51.900000
2.221000	-51.800000
2.211000	-51.700000
2.199000	-51.700000
2.195000	-51.600000
2.184000	-51.500000
2.174000	-51.400000
2.163000	-51.400000
2.152000	-51.300000
2.142000	-51.200000
2.131000	-51.100000
2.125000	-51.100000
2.115000	-51.000000
2.105000	-50.900000
2.094000	-50.800000
2.084000	-50.700000
2.073000	-50.700000
2.062000	-50.600000
2.052000	-50.500000
2.046000	-50.400000
2.036000	-50.400000
2.026000	-50.300000
2.015000	-50.200000
2.004000	-50.100000
1.993000	-50.100000
1.982000	-50.000000
1.972000	-49.900000
1.961000	-49.800000
1.956000	-49.700000
1.946000	-49.700000
1.935000	-49.600000
1.924000	-49.500000
1.914000	-49.400000
1.903000	-49.300000
1.892000	-49.300000
1.887000	-49.200000
1.877000	-49.100000
1.866000	-49.000000
1.855000	-48.900000
1.845000	-48.800000
1.834000	-48.800000
1.823000	-48.700000
1.813000	-48.600000
1.808000	-48.500000
1.797000	-48.400000
1.787000	-48.400000
1.776000	-48.300000
1.765000	-48.200000
1.755000	-48.100000
1.744000	-48.000000
1.733000	-48.000000
1.722000	-47.900000
1.717000	-47.800000
1.707000	-47.700000
1.696000	-47.600000
1.686000	-47.500000
1.675000	-47.400000
1.664000	-47.300000
1.654000	-47.300000
1.643000	-47.200000
1.638000	-47.100000
1.628000	-47.000000
1.617000	-46.900000
1.607000	-46.900000
1.596000	-46.800000
1.585000	-46.700000
1.574000	-46.600000
1.564000	-46.600000
1.558000	-46.500000
1.548000	-46.400000
1.537000	-46.300000
1.527000	-46.200000
1.517000	-46.100000
1.506000	-46.100000
1.495000	-46.000000
1.484000	-45.900000
1.479000	-45.800000
1.469000	-45.700000
1.458000	-45.700000
1.447000	-45.600000
1.437000	-45.500000
1.426000	-45.400000
1.416000	-45.400000
1.404000	-45.300000
1.399000	-45.200000
1.390000	-45.100000
1.379000	-45.000000
1.369000	-44.900000
1.358000	-44.900000
1.347000	-44.800000
1.336000	-44.700000
1.325000	-44.700000
1.321000	-44.600000
1.310000	-44.500000
1.299000	-44.400000
1.289000	-44.300000
1.278000	-44.200000
1.267000	-44.200000
1.257000	-44.100000
1.246000	-44.000000
1.241000	-44.000000
1.231000	-43.900000
1.221000	-43.800000
1.210000	-43.700000
1.199000	-43.600000
1.188000	-43.600000
1.178000	-43.500000
1.167000	-43.400000
1.162000	-43.300000
1.151000	-43.200000
1.141000	-43.200000
1.131000	-43.100000
1.120000	-43.000000
1.109000	-42.900000
1.099000	-42.800000
1.088000	-42.800000
1.083000	-42.700000
1.073000	-42.600000
1.062000	-42.500000
1.052000	-42.400000
1.041000	-42.300000
1.030000	-42.300000
1.020000	-42.200000
1.009000	-42.100000
1.004000	-42.000000
0.993000	-41.900000
0.983000	-41.800000
0.973000	-41.800000
0.962000	-41.700000
0.951000	-41.600000
0.941000	-41.500000
0.930000	-41.400000
0.925000	-41.400000
0.915000	-41.300000
0.904000	-41.200000
0.893000	-41.100000
0.883000	-41.000000
0.872000	-40.900000
0.861000	-40.900000
0.851000	-40.800000
0.846000	-40.700000
0.835000	-40.600000
0.825000	-40.500000
0.814000	-40.400000
0.804000	-40.400000
0.793000	-40.300000
0.782000	-40.200000
0.772000	-40.100000
0.767000	-40.000000
0.757000	-39.900000
0.746000	-39.900000
0.736000	-39.800000
0.725000	-39.700000
0.714000	-39.600000
0.704000	-39.500000
0.694000	-39.500000
0.689000	-39.400000
0.678000	-39.300000
0.668000	-39.200000
0.657000	-39.100000
0.646000	-39.000000
0.635000	-39.000000
0.626000	-38.900000
0.615000	-38.800000
0.610000	-38.700000
0.599000	-38.600000
0.589000	-38.500000
0.578000	-38.400000
0.568000	-38.400000
0.558000	-38.300000
0.547000	-38.200000
0.536000	-38.100000
0.531000	-38.000000
0.521000	-37.900000
0.511000	-37.900000
0.500000	-37.800000
0.490000	-37.700000
0.479000	-37.600000
0.469000	-37.500000
0.458000	-37.400000
0.447000	-37.300000
0.442000	-37.200000
0.432000	-37.200000
0.422000	-37.100000
0.411000	-37.000000
0.401000	-36.900000
0.391000	-36.800000
0.380000	-36.800000
0.370000	-36.700000
0.364000	-36.600000
0.354000	-36.500000
0.343000	-36.400000
0.334000	-36.300000
0.323000	-36.200000
0.313000	-36.100000
0.303000	-36.100000
0.298000	-36.000000
0.288000	-35.900000
0.277000	-35.800000
0.267000	-35.700000
0.257000	-35.600000
0.246000	-35.600000
0.236000	-35.500000
0.226000	-35.400000
0.221000	-35.300000
0.211000	-35.200000
0.200000	-35.100000
0.190000	-35.000000
0.180000	-34.900000
0.170000	-34.900000
0.160000	-34.800000
0.149000	-34.700000
0.144000	-34.600000
0.134000	-34.500000
0.124000	-34.500000
0.113000	-34.400000
0.104000	-34.300000
0.093000	-34.200000
0.083000	-34.100000
0.074000	-34.100000
0.069000	-34.000000
0.059000	-33.900000
0.051000	-33.800000
0.041000	-33.700000
0.033000	-33.700000
0.025000	-33.600000
0.018000	-33.500000
0.012000	-33.500000
0.009000	-33.400000
0.009000	-33.400000
0.008000	-33.300000
0.008000	-33.300000
0.007000	-33.300000
0.007000	-33.300000
0.006000	-33.300000
0.006000	-33.300000
0.005000	-33.200000
0.005000	-33.200000
0.005000	-33.200000
0.004000	-33.200000
0.004000	-33.200000
0.004000	-33.200000
0.003000	-33.200000
0.003000	-33.200000
0.003000	-33.200000
0.003000	-33.200000
0.003000	-33.200000
0.003000	-33.200000
0.002000	-33.100000
0.002000	-33.100000
0.002000	-33.100000
0.002000	-33.100000
0.002000	-33.100000
0.002000	-33.100000
0.002000	-33.100000
0.002000	-33.100000
0.001000	-33.100000
0.001000	-33.100000
0.001000	-33.100000
0.001000	-33.100000
0.001000	-33.100000
0.001000	-33.100000
0.001000	-33.100000
0.001000	-33.100000
0.001000	-33.100000
0.000000	-33.100000
0.000000	-33.100000
0.000000	-33.100000
0.000000	-33.100000
0.000000	-33.100000
0.000000	-33.100000
0.000000	-33.100000
0.000000	-33.000000
0.000000	-33.000000
0.000000	-33.000000
0.000000	-33.000000
0.000000	-33.000000
0.000000	-33.000000
0.000000	-33.000000
0.000000	-33.000000
0.000000	-33.200000
0.000000	-32.900000
0.000000	-33.000000
0.000000	-33.000000
0.000000	-33.000000
0.000000	-33.000000
0.000000	-33.000000
0.000000	-33.000000
0.000000	-33.000000
0.000000	-33.000000
0.000000	-33.000000
0.000000	-33.000000
0.000000	-33.000000
0.000000	-33.000000
0.000000	-33.000000
0.000000	-33.000000
0.000000	-32.900000
0.000000	-32.900000
0.000000	-33.100000
0.000000	-33.100000
0.000000	-33.100000
0.000000	-33.000000
0.000000	-33.000000
0.000000	-33.000000
0.000000	-33.000000
0.000000	-33.000000
