# Gaussmeter 1
# VISA Name: COM3
# Probe Type: 51
# Probe Serial Number: 67249     
# Field Compensation On: TRUE
# Field Range: 3
# Field Units: 2
# Auto Range On: TRUE
# Moving: FALSE
# x: 0.000000
# y: 0.000000
# z: 0.000000
#
# Gaussmeter 2
# VISA Name: COM4
# Probe Type: 51
# Probe Serial Number: 061292   
# Field Compensation On: TRUE
# Field Range: 3
# Field Units: 2
# Auto Range On: TRUE
# Moving: FALSE
# x: 0.000000
# y: 0.000000
# z: 0.000000
#
# Gaussmeter 3
# VISA Name: COM9
# Probe Type: 51
# Probe Serial Number: 67248     
# Field Compensation On: TRUE
# Field Range: 3
# Field Units: 2
# Auto Range On: TRUE
# Moving: FALSE
# x: 0.000000
# y: 0.000000
# z: 0.000000
#
time/F:x:y:z:B1:B1range:B2:B2range:B3:B3range:multi:temp1:temp2:temp3:temp4:temp5:temp6:temp7:temp8
0.002922	0.000000	0.000000	0.000000	-1020.900000	3.000000	992.500000	3.000000	-760.800000	3.000000	NaN	NaN	NaN	NaN	NaN	NaN	NaN	NaN	NaN
1.003007	0.000000	0.000000	0.000000	-1021.600000	3.000000	992.500000	3.000000	-762.700000	3.000000	NaN	NaN	NaN	NaN	NaN	NaN	NaN	NaN	NaN
2.003022	0.000000	0.000000	0.000000	-1021.500000	3.000000	992.500000	3.000000	-762.600000	3.000000	NaN	NaN	NaN	NaN	NaN	NaN	NaN	NaN	NaN
3.003030	0.000000	0.000000	0.000000	-1021.300000	3.000000	992.500000	3.000000	-761.200000	3.000000	NaN	NaN	NaN	NaN	NaN	NaN	NaN	NaN	NaN
4.003070	0.000000	0.000000	0.000000	-1021.000000	3.000000	992.400000	3.000000	-762.000000	3.000000	NaN	NaN	NaN	NaN	NaN	NaN	NaN	NaN	NaN
5.003067	0.000000	0.000000	0.000000	-1020.700000	3.000000	992.500000	3.000000	-762.300000	3.000000	NaN	NaN	NaN	NaN	NaN	NaN	NaN	NaN	NaN
6.002139	0.000000	0.000000	0.000000	-1021.000000	3.000000	992.500000	3.000000	-761.000000	3.000000	NaN	NaN	NaN	NaN	NaN	NaN	NaN	NaN	NaN
7.002137	0.000000	0.000000	0.000000	-1020.700000	3.000000	992.500000	3.000000	-761.700000	3.000000	NaN	NaN	NaN	NaN	NaN	NaN	NaN	NaN	NaN
8.002179	0.000000	0.000000	0.000000	-1019.800000	3.000000	992.500000	3.000000	-761.600000	3.000000	NaN	NaN	NaN	NaN	NaN	NaN	NaN	NaN	NaN
9.002155	0.000000	0.000000	0.000000	-1019.900000	3.000000	992.500000	3.000000	-762.200000	3.000000	NaN	NaN	NaN	NaN	NaN	NaN	NaN	NaN	NaN
10.002214	0.000000	0.000000	0.000000	-1020.300000	3.000000	992.400000	3.000000	-763.200000	3.000000	NaN	NaN	NaN	NaN	NaN	NaN	NaN	NaN	NaN
11.002353	0.000000	0.000000	0.000000	-1019.800000	3.000000	992.500000	3.000000	-763.000000	3.000000	NaN	NaN	NaN	NaN	NaN	NaN	NaN	NaN	NaN
12.002315	0.000000	0.000000	0.000000	-1020.000000	3.000000	992.400000	3.000000	-762.800000	3.000000	NaN	NaN	NaN	NaN	NaN	NaN	NaN	NaN	NaN
13.002321	0.000000	0.000000	0.000000	-1020.000000	3.000000	992.400000	3.000000	-762.600000	3.000000	NaN	NaN	NaN	NaN	NaN	NaN	NaN	NaN	NaN
14.002360	0.000000	0.000000	0.000000	-1020.100000	3.000000	992.500000	3.000000	-762.700000	3.000000	NaN	NaN	NaN	NaN	NaN	NaN	NaN	NaN	NaN
15.002434	0.000000	0.000000	0.000000	-1019.900000	3.000000	992.500000	3.000000	-764.200000	3.000000	NaN	NaN	NaN	NaN	NaN	NaN	NaN	NaN	NaN
16.002417	0.000000	0.000000	0.000000	-1020.100000	3.000000	992.500000	3.000000	-764.100000	3.000000	NaN	NaN	NaN	NaN	NaN	NaN	NaN	NaN	NaN
17.002449	0.000000	0.000000	0.000000	-1019.400000	3.000000	992.500000	3.000000	-763.000000	3.000000	NaN	NaN	NaN	NaN	NaN	NaN	NaN	NaN	NaN
18.002402	0.000000	0.000000	0.000000	-1019.000000	3.000000	992.500000	3.000000	-763.100000	3.000000	NaN	NaN	NaN	NaN	NaN	NaN	NaN	NaN	NaN
19.002434	0.000000	0.000000	0.000000	-1018.600000	3.000000	992.400000	3.000000	-763.500000	3.000000	NaN	NaN	NaN	NaN	NaN	NaN	NaN	NaN	NaN
20.002556	0.000000	0.000000	0.000000	-1019.100000	3.000000	992.500000	3.000000	-764.200000	3.000000	NaN	NaN	NaN	NaN	NaN	NaN	NaN	NaN	NaN
21.002520	0.000000	0.000000	0.000000	-1020.100000	3.000000	992.400000	3.000000	-764.200000	3.000000	NaN	NaN	NaN	NaN	NaN	NaN	NaN	NaN	NaN
22.002574	0.000000	0.000000	0.000000	-1019.200000	3.000000	992.500000	3.000000	-764.400000	3.000000	NaN	NaN	NaN	NaN	NaN	NaN	NaN	NaN	NaN
23.002610	0.000000	0.000000	0.000000	-1019.600000	3.000000	992.400000	3.000000	-764.200000	3.000000	NaN	NaN	NaN	NaN	NaN	NaN	NaN	NaN	NaN
24.001601	0.000000	0.000000	0.000000	-1019.100000	3.000000	992.400000	3.000000	-764.000000	3.000000	NaN	NaN	NaN	NaN	NaN	NaN	NaN	NaN	NaN
25.001658	0.000000	0.000000	0.000000	-1018.000000	3.000000	992.400000	3.000000	-764.500000	3.000000	NaN	NaN	NaN	NaN	NaN	NaN	NaN	NaN	NaN
26.001656	0.000000	0.000000	0.000000	-1018.500000	3.000000	992.500000	3.000000	-764.300000	3.000000	NaN	NaN	NaN	NaN	NaN	NaN	NaN	NaN	NaN
27.001756	0.000000	0.000000	0.000000	-1018.700000	3.000000	992.500000	3.000000	-764.000000	3.000000	NaN	NaN	NaN	NaN	NaN	NaN	NaN	NaN	NaN
28.001678	0.000000	0.000000	0.000000	-1019.700000	3.000000	992.500000	3.000000	-764.300000	3.000000	NaN	NaN	NaN	NaN	NaN	NaN	NaN	NaN	NaN
29.001705	0.000000	0.000000	0.000000	-1018.300000	3.000000	992.500000	3.000000	-763.900000	3.000000	NaN	NaN	NaN	NaN	NaN	NaN	NaN	NaN	NaN
30.001757	0.000000	0.000000	0.000000	-1018.500000	3.000000	992.500000	3.000000	-764.100000	3.000000	NaN	NaN	NaN	NaN	NaN	NaN	NaN	NaN	NaN
31.001814	0.000000	0.000000	0.000000	-1019.500000	3.000000	992.500000	3.000000	-764.500000	3.000000	NaN	NaN	NaN	NaN	NaN	NaN	NaN	NaN	NaN
32.001820	0.000000	0.000000	0.000000	-1019.500000	3.000000	992.500000	3.000000	-764.300000	3.000000	NaN	NaN	NaN	NaN	NaN	NaN	NaN	NaN	NaN
33.001877	0.000000	0.000000	0.000000	-1020.300000	3.000000	992.500000	3.000000	-764.200000	3.000000	NaN	NaN	NaN	NaN	NaN	NaN	NaN	NaN	NaN
34.001953	0.000000	0.000000	0.000000	-1020.400000	3.000000	992.500000	3.000000	-764.400000	3.000000	NaN	NaN	NaN	NaN	NaN	NaN	NaN	NaN	NaN
35.001970	0.000000	0.000000	0.000000	-1018.700000	3.000000	992.400000	3.000000	-764.000000	3.000000	NaN	NaN	NaN	NaN	NaN	NaN	NaN	NaN	NaN
36.001968	0.000000	0.000000	0.000000	-1020.100000	3.000000	992.500000	3.000000	-764.100000	3.000000	NaN	NaN	NaN	NaN	NaN	NaN	NaN	NaN	NaN
37.002027	0.000000	0.000000	0.000000	-1019.700000	3.000000	992.500000	3.000000	-764.300000	3.000000	NaN	NaN	NaN	NaN	NaN	NaN	NaN	NaN	NaN
38.001991	0.000000	0.000000	0.000000	-1019.400000	3.000000	992.500000	3.000000	-763.800000	3.000000	NaN	NaN	NaN	NaN	NaN	NaN	NaN	NaN	NaN
39.002027	0.000000	0.000000	0.000000	-1020.300000	3.000000	992.500000	3.000000	-764.000000	3.000000	NaN	NaN	NaN	NaN	NaN	NaN	NaN	NaN	NaN
40.002056	0.000000	0.000000	0.000000	-1020.700000	3.000000	992.500000	3.000000	-763.700000	3.000000	NaN	NaN	NaN	NaN	NaN	NaN	NaN	NaN	NaN
41.001143	0.000000	0.000000	0.000000	-1021.200000	3.000000	992.500000	3.000000	-763.500000	3.000000	NaN	NaN	NaN	NaN	NaN	NaN	NaN	NaN	NaN
42.001154	0.000000	0.000000	0.000000	-1021.700000	3.000000	992.500000	3.000000	-763.500000	3.000000	NaN	NaN	NaN	NaN	NaN	NaN	NaN	NaN	NaN
43.001105	0.000000	0.000000	0.000000	-1021.700000	3.000000	992.500000	3.000000	-763.100000	3.000000	NaN	NaN	NaN	NaN	NaN	NaN	NaN	NaN	NaN
44.001181	0.000000	0.000000	0.000000	-1021.300000	3.000000	992.500000	3.000000	-763.100000	3.000000	NaN	NaN	NaN	NaN	NaN	NaN	NaN	NaN	NaN
45.001209	0.000000	0.000000	0.000000	-1020.100000	3.000000	992.600000	3.000000	-764.300000	3.000000	NaN	NaN	NaN	NaN	NaN	NaN	NaN	NaN	NaN
46.001273	0.000000	0.000000	0.000000	-1020.400000	3.000000	992.600000	3.000000	-764.400000	3.000000	NaN	NaN	NaN	NaN	NaN	NaN	NaN	NaN	NaN
47.001265	0.000000	0.000000	0.000000	-1020.600000	3.000000	992.500000	3.000000	-764.400000	3.000000	NaN	NaN	NaN	NaN	NaN	NaN	NaN	NaN	NaN
48.001302	0.000000	0.000000	0.000000	-1019.600000	3.000000	992.600000	3.000000	-763.500000	3.000000	NaN	NaN	NaN	NaN	NaN	NaN	NaN	NaN	NaN
49.001280	0.000000	0.000000	0.000000	-1020.300000	3.000000	992.600000	3.000000	-762.800000	3.000000	NaN	NaN	NaN	NaN	NaN	NaN	NaN	NaN	NaN
50.001295	0.000000	0.000000	0.000000	-1019.400000	3.000000	992.600000	3.000000	-763.100000	3.000000	NaN	NaN	NaN	NaN	NaN	NaN	NaN	NaN	NaN
51.001294	0.000000	0.000000	0.000000	-1018.600000	3.000000	992.500000	3.000000	-762.700000	3.000000	NaN	NaN	NaN	NaN	NaN	NaN	NaN	NaN	NaN
52.001384	0.000000	0.000000	0.000000	-1019.300000	3.000000	992.500000	3.000000	-763.600000	3.000000	NaN	NaN	NaN	NaN	NaN	NaN	NaN	NaN	NaN
53.001396	0.000000	0.000000	0.000000	-1018.700000	3.000000	992.500000	3.000000	-764.200000	3.000000	NaN	NaN	NaN	NaN	NaN	NaN	NaN	NaN	NaN
54.001418	0.000000	0.000000	0.000000	-1019.700000	3.000000	992.500000	3.000000	-763.900000	3.000000	NaN	NaN	NaN	NaN	NaN	NaN	NaN	NaN	NaN
55.001485	0.000000	0.000000	0.000000	-1019.500000	3.000000	992.400000	3.000000	-763.900000	3.000000	NaN	NaN	NaN	NaN	NaN	NaN	NaN	NaN	NaN
56.001506	0.000000	0.000000	0.000000	-1019.700000	3.000000	992.400000	3.000000	-764.900000	3.000000	NaN	NaN	NaN	NaN	NaN	NaN	NaN	NaN	NaN
57.001509	0.000000	0.000000	0.000000	-1019.800000	3.000000	992.400000	3.000000	-764.700000	3.000000	NaN	NaN	NaN	NaN	NaN	NaN	NaN	NaN	NaN
58.001615	0.000000	0.000000	0.000000	-1019.000000	3.000000	992.400000	3.000000	-764.700000	3.000000	NaN	NaN	NaN	NaN	NaN	NaN	NaN	NaN	NaN
59.000616	0.000000	0.000000	0.000000	-1019.200000	3.000000	992.400000	3.000000	-764.900000	3.000000	NaN	NaN	NaN	NaN	NaN	NaN	NaN	NaN	NaN
60.000600	0.000000	0.000000	0.000000	-1019.700000	3.000000	992.400000	3.000000	-765.000000	3.000000	NaN	NaN	NaN	NaN	NaN	NaN	NaN	NaN	NaN
61.000602	0.000000	0.000000	0.000000	-1020.200000	3.000000	992.300000	3.000000	-764.700000	3.000000	NaN	NaN	NaN	NaN	NaN	NaN	NaN	NaN	NaN
62.000602	0.000000	0.000000	0.000000	-1020.200000	3.000000	992.400000	3.000000	-764.400000	3.000000	NaN	NaN	NaN	NaN	NaN	NaN	NaN	NaN	NaN
63.000684	0.000000	0.000000	0.000000	-1020.200000	3.000000	992.300000	3.000000	-765.100000	3.000000	NaN	NaN	NaN	NaN	NaN	NaN	NaN	NaN	NaN
64.000732	0.000000	0.000000	0.000000	-1019.900000	3.000000	992.300000	3.000000	-765.900000	3.000000	NaN	NaN	NaN	NaN	NaN	NaN	NaN	NaN	NaN
65.000724	0.000000	0.000000	0.000000	-1020.100000	3.000000	992.400000	3.000000	-765.200000	3.000000	NaN	NaN	NaN	NaN	NaN	NaN	NaN	NaN	NaN
66.000759	0.000000	0.000000	0.000000	-1019.600000	3.000000	992.400000	3.000000	-764.000000	3.000000	NaN	NaN	NaN	NaN	NaN	NaN	NaN	NaN	NaN
67.000847	0.000000	0.000000	0.000000	-1020.100000	3.000000	992.300000	3.000000	-763.900000	3.000000	NaN	NaN	NaN	NaN	NaN	NaN	NaN	NaN	NaN
68.000859	0.000000	0.000000	0.000000	-1020.700000	3.000000	992.400000	3.000000	-763.900000	3.000000	NaN	NaN	NaN	NaN	NaN	NaN	NaN	NaN	NaN
69.000891	0.000000	0.000000	0.000000	-1020.700000	3.000000	992.300000	3.000000	-763.900000	3.000000	NaN	NaN	NaN	NaN	NaN	NaN	NaN	NaN	NaN
70.000877	0.000000	0.000000	0.000000	-1021.000000	3.000000	992.400000	3.000000	-763.500000	3.000000	NaN	NaN	NaN	NaN	NaN	NaN	NaN	NaN	NaN
71.000856	0.000000	0.000000	0.000000	-1020.100000	3.000000	992.300000	3.000000	-763.900000	3.000000	NaN	NaN	NaN	NaN	NaN	NaN	NaN	NaN	NaN
72.000913	0.000000	0.000000	0.000000	-1019.600000	3.000000	992.400000	3.000000	-764.000000	3.000000	NaN	NaN	NaN	NaN	NaN	NaN	NaN	NaN	NaN
73.000959	0.000000	0.000000	0.000000	-1019.700000	3.000000	992.400000	3.000000	-764.300000	3.000000	NaN	NaN	NaN	NaN	NaN	NaN	NaN	NaN	NaN
74.000993	0.000000	0.000000	0.000000	-1019.200000	3.000000	992.400000	3.000000	-764.200000	3.000000	NaN	NaN	NaN	NaN	NaN	NaN	NaN	NaN	NaN
75.001002	0.000000	0.000000	0.000000	-1020.700000	3.000000	992.400000	3.000000	-764.400000	3.000000	NaN	NaN	NaN	NaN	NaN	NaN	NaN	NaN	NaN
76.000063	0.000000	0.000000	0.000000	-1019.800000	3.000000	992.400000	3.000000	-764.100000	3.000000	NaN	NaN	NaN	NaN	NaN	NaN	NaN	NaN	NaN
77.000087	0.000000	0.000000	0.000000	-1020.000000	3.000000	992.400000	3.000000	-764.300000	3.000000	NaN	NaN	NaN	NaN	NaN	NaN	NaN	NaN	NaN
78.000085	0.000000	0.000000	0.000000	-1019.500000	3.000000	992.300000	3.000000	-763.900000	3.000000	NaN	NaN	NaN	NaN	NaN	NaN	NaN	NaN	NaN
79.000144	0.000000	0.000000	0.000000	-1020.200000	3.000000	992.400000	3.000000	-764.400000	3.000000	NaN	NaN	NaN	NaN	NaN	NaN	NaN	NaN	NaN
80.000174	0.000000	0.000000	0.000000	-1020.100000	3.000000	992.400000	3.000000	-764.600000	3.000000	NaN	NaN	NaN	NaN	NaN	NaN	NaN	NaN	NaN
81.000196	0.000000	0.000000	0.000000	-1019.500000	3.000000	992.400000	3.000000	-765.000000	3.000000	NaN	NaN	NaN	NaN	NaN	NaN	NaN	NaN	NaN
82.000177	0.000000	0.000000	0.000000	-1020.400000	3.000000	992.400000	3.000000	-765.200000	3.000000	NaN	NaN	NaN	NaN	NaN	NaN	NaN	NaN	NaN
83.000209	0.000000	0.000000	0.000000	-1020.200000	3.000000	992.400000	3.000000	-764.800000	3.000000	NaN	NaN	NaN	NaN	NaN	NaN	NaN	NaN	NaN
84.000231	0.000000	0.000000	0.000000	-1018.900000	3.000000	992.400000	3.000000	-765.500000	3.000000	NaN	NaN	NaN	NaN	NaN	NaN	NaN	NaN	NaN
85.000256	0.000000	0.000000	0.000000	-1019.700000	3.000000	992.400000	3.000000	-765.100000	3.000000	NaN	NaN	NaN	NaN	NaN	NaN	NaN	NaN	NaN
86.000342	0.000000	0.000000	0.000000	-1018.800000	3.000000	992.400000	3.000000	-765.100000	3.000000	NaN	NaN	NaN	NaN	NaN	NaN	NaN	NaN	NaN
87.000333	0.000000	0.000000	0.000000	-1019.000000	3.000000	992.400000	3.000000	-764.700000	3.000000	NaN	NaN	NaN	NaN	NaN	NaN	NaN	NaN	NaN
88.000433	0.000000	0.000000	0.000000	-1019.200000	3.000000	992.400000	3.000000	-764.400000	3.000000	NaN	NaN	NaN	NaN	NaN	NaN	NaN	NaN	NaN
89.000351	0.000000	0.000000	0.000000	-1019.600000	3.000000	992.400000	3.000000	-764.900000	3.000000	NaN	NaN	NaN	NaN	NaN	NaN	NaN	NaN	NaN
90.000478	0.000000	0.000000	0.000000	-1019.300000	3.000000	992.400000	3.000000	-765.200000	3.000000	NaN	NaN	NaN	NaN	NaN	NaN	NaN	NaN	NaN
91.000479	0.000000	0.000000	0.000000	-1019.000000	3.000000	992.400000	3.000000	-764.500000	3.000000	NaN	NaN	NaN	NaN	NaN	NaN	NaN	NaN	NaN
92.000426	0.000000	0.000000	0.000000	-1018.600000	3.000000	992.400000	3.000000	-765.200000	3.000000	NaN	NaN	NaN	NaN	NaN	NaN	NaN	NaN	NaN
93.000466	0.000000	0.000000	0.000000	-1018.400000	3.000000	992.400000	3.000000	-765.500000	3.000000	NaN	NaN	NaN	NaN	NaN	NaN	NaN	NaN	NaN
93.999555	0.000000	0.000000	0.000000	-1018.400000	3.000000	992.400000	3.000000	-765.800000	3.000000	NaN	NaN	NaN	NaN	NaN	NaN	NaN	NaN	NaN
94.999548	0.000000	0.000000	0.000000	-1018.300000	3.000000	992.400000	3.000000	-764.800000	3.000000	NaN	NaN	NaN	NaN	NaN	NaN	NaN	NaN	NaN
95.999640	0.000000	0.000000	0.000000	-1017.900000	3.000000	992.400000	3.000000	-764.900000	3.000000	NaN	NaN	NaN	NaN	NaN	NaN	NaN	NaN	NaN
96.999614	0.000000	0.000000	0.000000	-1017.800000	3.000000	992.400000	3.000000	-764.600000	3.000000	NaN	NaN	NaN	NaN	NaN	NaN	NaN	NaN	NaN
97.999665	0.000000	0.000000	0.000000	-1018.400000	3.000000	992.400000	3.000000	-764.800000	3.000000	NaN	NaN	NaN	NaN	NaN	NaN	NaN	NaN	NaN
98.999664	0.000000	0.000000	0.000000	-1018.100000	3.000000	992.400000	3.000000	-763.100000	3.000000	NaN	NaN	NaN	NaN	NaN	NaN	NaN	NaN	NaN
99.999687	0.000000	0.000000	0.000000	-1018.700000	3.000000	992.400000	3.000000	-762.800000	3.000000	NaN	NaN	NaN	NaN	NaN	NaN	NaN	NaN	NaN
100.999806	0.000000	0.000000	0.000000	-1019.300000	3.000000	992.400000	3.000000	-764.000000	3.000000	NaN	NaN	NaN	NaN	NaN	NaN	NaN	NaN	NaN
101.999747	0.000000	0.000000	0.000000	-1019.500000	3.000000	992.400000	3.000000	-763.100000	3.000000	NaN	NaN	NaN	NaN	NaN	NaN	NaN	NaN	NaN
102.999730	0.000000	0.000000	0.000000	-1019.600000	3.000000	992.400000	3.000000	-763.600000	3.000000	NaN	NaN	NaN	NaN	NaN	NaN	NaN	NaN	NaN
103.999828	0.000000	0.000000	0.000000	-1019.400000	3.000000	992.400000	3.000000	-763.400000	3.000000	NaN	NaN	NaN	NaN	NaN	NaN	NaN	NaN	NaN
104.999819	0.000000	0.000000	0.000000	-1019.500000	3.000000	992.400000	3.000000	-763.600000	3.000000	NaN	NaN	NaN	NaN	NaN	NaN	NaN	NaN	NaN
105.999847	0.000000	0.000000	0.000000	-1020.000000	3.000000	992.400000	3.000000	-764.100000	3.000000	NaN	NaN	NaN	NaN	NaN	NaN	NaN	NaN	NaN
106.999950	0.000000	0.000000	0.000000	-1018.600000	3.000000	992.400000	3.000000	-764.200000	3.000000	NaN	NaN	NaN	NaN	NaN	NaN	NaN	NaN	NaN
107.999985	0.000000	0.000000	0.000000	-1018.900000	3.000000	992.500000	3.000000	-764.100000	3.000000	NaN	NaN	NaN	NaN	NaN	NaN	NaN	NaN	NaN
108.999933	0.000000	0.000000	0.000000	-1018.100000	3.000000	992.400000	3.000000	-763.700000	3.000000	NaN	NaN	NaN	NaN	NaN	NaN	NaN	NaN	NaN
109.999963	0.000000	0.000000	0.000000	-1019.400000	3.000000	992.400000	3.000000	-764.500000	3.000000	NaN	NaN	NaN	NaN	NaN	NaN	NaN	NaN	NaN
110.999023	0.000000	0.000000	0.000000	-1020.600000	3.000000	992.400000	3.000000	-764.900000	3.000000	NaN	NaN	NaN	NaN	NaN	NaN	NaN	NaN	NaN
111.999083	0.000000	0.000000	0.000000	-1020.400000	3.000000	992.500000	3.000000	-764.900000	3.000000	NaN	NaN	NaN	NaN	NaN	NaN	NaN	NaN	NaN
112.999060	0.000000	0.000000	0.000000	-1021.000000	3.000000	992.400000	3.000000	-764.100000	3.000000	NaN	NaN	NaN	NaN	NaN	NaN	NaN	NaN	NaN
113.999054	0.000000	0.000000	0.000000	-1021.800000	3.000000	992.500000	3.000000	-764.100000	3.000000	NaN	NaN	NaN	NaN	NaN	NaN	NaN	NaN	NaN
114.999179	0.000000	0.000000	0.000000	-1022.000000	3.000000	992.500000	3.000000	-764.100000	3.000000	NaN	NaN	NaN	NaN	NaN	NaN	NaN	NaN	NaN
115.999131	0.000000	0.000000	0.000000	-1021.000000	3.000000	992.500000	3.000000	-763.700000	3.000000	NaN	NaN	NaN	NaN	NaN	NaN	NaN	NaN	NaN
116.999176	0.000000	0.000000	0.000000	-1021.400000	3.000000	992.400000	3.000000	-763.500000	3.000000	NaN	NaN	NaN	NaN	NaN	NaN	NaN	NaN	NaN
117.999281	0.000000	0.000000	0.000000	-1021.000000	3.000000	992.400000	3.000000	-763.500000	3.000000	NaN	NaN	NaN	NaN	NaN	NaN	NaN	NaN	NaN
118.999294	0.000000	0.000000	0.000000	-1021.300000	3.000000	992.400000	3.000000	-764.000000	3.000000	NaN	NaN	NaN	NaN	NaN	NaN	NaN	NaN	NaN
119.999304	0.000000	0.000000	0.000000	-1020.900000	3.000000	992.400000	3.000000	-764.000000	3.000000	NaN	NaN	NaN	NaN	NaN	NaN	NaN	NaN	NaN
120.999334	0.000000	0.000000	0.000000	-1021.300000	3.000000	992.300000	3.000000	-764.500000	3.000000	NaN	NaN	NaN	NaN	NaN	NaN	NaN	NaN	NaN
121.999374	0.000000	0.000000	0.000000	-1020.600000	3.000000	992.300000	3.000000	-764.000000	3.000000	NaN	NaN	NaN	NaN	NaN	NaN	NaN	NaN	NaN
122.999332	0.000000	0.000000	0.000000	-1020.000000	3.000000	992.300000	3.000000	-763.900000	3.000000	NaN	NaN	NaN	NaN	NaN	NaN	NaN	NaN	NaN
123.999345	0.000000	0.000000	0.000000	-1019.900000	3.000000	992.300000	3.000000	-764.100000	3.000000	NaN	NaN	NaN	NaN	NaN	NaN	NaN	NaN	NaN
124.999443	0.000000	0.000000	0.000000	-1019.700000	3.000000	992.200000	3.000000	-764.500000	3.000000	NaN	NaN	NaN	NaN	NaN	NaN	NaN	NaN	NaN
125.999402	0.000000	0.000000	0.000000	-1020.000000	3.000000	992.200000	3.000000	-764.700000	3.000000	NaN	NaN	NaN	NaN	NaN	NaN	NaN	NaN	NaN
126.999422	0.000000	0.000000	0.000000	-1020.400000	3.000000	992.200000	3.000000	-765.100000	3.000000	NaN	NaN	NaN	NaN	NaN	NaN	NaN	NaN	NaN
127.999482	0.000000	0.000000	0.000000	-1020.600000	3.000000	992.100000	3.000000	-765.200000	3.000000	NaN	NaN	NaN	NaN	NaN	NaN	NaN	NaN	NaN
128.998545	0.000000	0.000000	0.000000	-1021.100000	3.000000	992.100000	3.000000	-765.700000	3.000000	NaN	NaN	NaN	NaN	NaN	NaN	NaN	NaN	NaN
129.998555	0.000000	0.000000	0.000000	-1020.700000	3.000000	992.100000	3.000000	-765.800000	3.000000	NaN	NaN	NaN	NaN	NaN	NaN	NaN	NaN	NaN
130.998571	0.000000	0.000000	0.000000	-1020.700000	3.000000	992.100000	3.000000	-765.600000	3.000000	NaN	NaN	NaN	NaN	NaN	NaN	NaN	NaN	NaN
131.998597	0.000000	0.000000	0.000000	-1019.800000	3.000000	992.100000	3.000000	-765.800000	3.000000	NaN	NaN	NaN	NaN	NaN	NaN	NaN	NaN	NaN
132.998655	0.000000	0.000000	0.000000	-1019.700000	3.000000	992.000000	3.000000	-765.600000	3.000000	NaN	NaN	NaN	NaN	NaN	NaN	NaN	NaN	NaN
133.998628	0.000000	0.000000	0.000000	-1020.200000	3.000000	991.900000	3.000000	-765.100000	3.000000	NaN	NaN	NaN	NaN	NaN	NaN	NaN	NaN	NaN
134.998651	0.000000	0.000000	0.000000	-1021.200000	3.000000	991.900000	3.000000	-765.900000	3.000000	NaN	NaN	NaN	NaN	NaN	NaN	NaN	NaN	NaN
135.998675	0.000000	0.000000	0.000000	-1020.600000	3.000000	991.900000	3.000000	-765.600000	3.000000	NaN	NaN	NaN	NaN	NaN	NaN	NaN	NaN	NaN
136.998738	0.000000	0.000000	0.000000	-1020.200000	3.000000	991.900000	3.000000	-766.200000	3.000000	NaN	NaN	NaN	NaN	NaN	NaN	NaN	NaN	NaN
137.998725	0.000000	0.000000	0.000000	-1021.100000	3.000000	991.800000	3.000000	-766.300000	3.000000	NaN	NaN	NaN	NaN	NaN	NaN	NaN	NaN	NaN
138.998793	0.000000	0.000000	0.000000	-1020.500000	3.000000	991.900000	3.000000	-765.800000	3.000000	NaN	NaN	NaN	NaN	NaN	NaN	NaN	NaN	NaN
139.998843	0.000000	0.000000	0.000000	-1019.800000	3.000000	991.800000	3.000000	-765.700000	3.000000	NaN	NaN	NaN	NaN	NaN	NaN	NaN	NaN	NaN
140.998846	0.000000	0.000000	0.000000	-1019.500000	3.000000	991.900000	3.000000	-765.700000	3.000000	NaN	NaN	NaN	NaN	NaN	NaN	NaN	NaN	NaN
141.998871	0.000000	0.000000	0.000000	-1020.000000	3.000000	991.800000	3.000000	-765.500000	3.000000	NaN	NaN	NaN	NaN	NaN	NaN	NaN	NaN	NaN
142.998967	0.000000	0.000000	0.000000	-1020.100000	3.000000	991.800000	3.000000	-765.300000	3.000000	NaN	NaN	NaN	NaN	NaN	NaN	NaN	NaN	NaN
143.998862	0.000000	0.000000	0.000000	-1020.400000	3.000000	991.800000	3.000000	-765.700000	3.000000	NaN	NaN	NaN	NaN	NaN	NaN	NaN	NaN	NaN
144.998886	0.000000	0.000000	0.000000	-1019.300000	3.000000	991.800000	3.000000	-765.300000	3.000000	NaN	NaN	NaN	NaN	NaN	NaN	NaN	NaN	NaN
145.997952	0.000000	0.000000	0.000000	-1019.500000	3.000000	991.800000	3.000000	-765.700000	3.000000	NaN	NaN	NaN	NaN	NaN	NaN	NaN	NaN	NaN
146.998016	0.000000	0.000000	0.000000	-1019.300000	3.000000	991.700000	3.000000	-764.900000	3.000000	NaN	NaN	NaN	NaN	NaN	NaN	NaN	NaN	NaN
147.998032	0.000000	0.000000	0.000000	-1019.100000	3.000000	991.600000	3.000000	-763.800000	3.000000	NaN	NaN	NaN	NaN	NaN	NaN	NaN	NaN	NaN
148.998027	0.000000	0.000000	0.000000	-1020.000000	3.000000	991.600000	3.000000	-763.100000	3.000000	NaN	NaN	NaN	NaN	NaN	NaN	NaN	NaN	NaN
149.998058	0.000000	0.000000	0.000000	-1019.000000	3.000000	991.500000	3.000000	-763.600000	3.000000	NaN	NaN	NaN	NaN	NaN	NaN	NaN	NaN	NaN
150.998141	0.000000	0.000000	0.000000	-1019.200000	3.000000	991.500000	3.000000	-763.900000	3.000000	NaN	NaN	NaN	NaN	NaN	NaN	NaN	NaN	NaN
151.998111	0.000000	0.000000	0.000000	-1019.000000	3.000000	991.500000	3.000000	-764.300000	3.000000	NaN	NaN	NaN	NaN	NaN	NaN	NaN	NaN	NaN
152.998179	0.000000	0.000000	0.000000	-1019.400000	3.000000	991.400000	3.000000	-764.600000	3.000000	NaN	NaN	NaN	NaN	NaN	NaN	NaN	NaN	NaN
153.998203	0.000000	0.000000	0.000000	-1020.400000	3.000000	991.400000	3.000000	-764.600000	3.000000	NaN	NaN	NaN	NaN	NaN	NaN	NaN	NaN	NaN
154.998181	0.000000	0.000000	0.000000	-1019.400000	3.000000	991.400000	3.000000	-763.200000	3.000000	NaN	NaN	NaN	NaN	NaN	NaN	NaN	NaN	NaN
155.998194	0.000000	0.000000	0.000000	-1019.500000	3.000000	991.400000	3.000000	-764.000000	3.000000	NaN	NaN	NaN	NaN	NaN	NaN	NaN	NaN	NaN
156.998329	0.000000	0.000000	0.000000	-1018.600000	3.000000	991.400000	3.000000	-763.800000	3.000000	NaN	NaN	NaN	NaN	NaN	NaN	NaN	NaN	NaN
157.998298	0.000000	0.000000	0.000000	-1019.200000	3.000000	991.300000	3.000000	-764.000000	3.000000	NaN	NaN	NaN	NaN	NaN	NaN	NaN	NaN	NaN
158.998346	0.000000	0.000000	0.000000	-1019.100000	3.000000	991.300000	3.000000	-764.400000	3.000000	NaN	NaN	NaN	NaN	NaN	NaN	NaN	NaN	NaN
159.998376	0.000000	0.000000	0.000000	-1020.200000	3.000000	991.300000	3.000000	-764.100000	3.000000	NaN	NaN	NaN	NaN	NaN	NaN	NaN	NaN	NaN
160.998393	0.000000	0.000000	0.000000	-1019.000000	3.000000	991.200000	3.000000	-765.000000	3.000000	NaN	NaN	NaN	NaN	NaN	NaN	NaN	NaN	NaN
161.998429	0.000000	0.000000	0.000000	-1019.600000	3.000000	991.200000	3.000000	-764.500000	3.000000	NaN	NaN	NaN	NaN	NaN	NaN	NaN	NaN	NaN
162.998441	0.000000	0.000000	0.000000	-1020.400000	3.000000	991.200000	3.000000	-764.400000	3.000000	NaN	NaN	NaN	NaN	NaN	NaN	NaN	NaN	NaN
163.997494	0.000000	0.000000	0.000000	-1020.300000	3.000000	991.400000	3.000000	-765.000000	3.000000	NaN	NaN	NaN	NaN	NaN	NaN	NaN	NaN	NaN
164.997469	0.000000	0.000000	0.000000	-1019.800000	3.000000	991.700000	3.000000	-764.300000	3.000000	NaN	NaN	NaN	NaN	NaN	NaN	NaN	NaN	NaN
165.997496	0.000000	0.000000	0.000000	-1019.900000	3.000000	992.000000	3.000000	-765.400000	3.000000	NaN	NaN	NaN	NaN	NaN	NaN	NaN	NaN	NaN
166.997501	0.000000	0.000000	0.000000	-1020.200000	3.000000	992.300000	3.000000	-765.400000	3.000000	NaN	NaN	NaN	NaN	NaN	NaN	NaN	NaN	NaN
167.997621	0.000000	0.000000	0.000000	-1022.000000	3.000000	992.600000	3.000000	-764.900000	3.000000	NaN	NaN	NaN	NaN	NaN	NaN	NaN	NaN	NaN
168.997654	0.000000	0.000000	0.000000	-1021.400000	3.000000	992.900000	3.000000	-765.000000	3.000000	NaN	NaN	NaN	NaN	NaN	NaN	NaN	NaN	NaN
169.997623	0.000000	0.000000	0.000000	-1024.500000	3.000000	993.200000	3.000000	-765.300000	3.000000	NaN	NaN	NaN	NaN	NaN	NaN	NaN	NaN	NaN
170.997634	0.000000	0.000000	0.000000	-1022.800000	3.000000	993.600000	3.000000	-765.200000	3.000000	NaN	NaN	NaN	NaN	NaN	NaN	NaN	NaN	NaN
171.997685	0.000000	0.000000	0.000000	-1024.100000	3.000000	993.900000	3.000000	-765.300000	3.000000	NaN	NaN	NaN	NaN	NaN	NaN	NaN	NaN	NaN
172.997727	0.000000	0.000000	0.000000	-1024.700000	3.000000	994.200000	3.000000	-765.200000	3.000000	NaN	NaN	NaN	NaN	NaN	NaN	NaN	NaN	NaN
173.997764	0.000000	0.000000	0.000000	-1024.500000	3.000000	994.500000	3.000000	-764.500000	3.000000	NaN	NaN	NaN	NaN	NaN	NaN	NaN	NaN	NaN
174.997806	0.000000	0.000000	0.000000	-1025.700000	3.000000	994.800000	3.000000	-764.300000	3.000000	NaN	NaN	NaN	NaN	NaN	NaN	NaN	NaN	NaN
175.997764	0.000000	0.000000	0.000000	-1024.900000	3.000000	995.100000	3.000000	-764.700000	3.000000	NaN	NaN	NaN	NaN	NaN	NaN	NaN	NaN	NaN
176.997768	0.000000	0.000000	0.000000	-1026.400000	3.000000	995.400000	3.000000	-764.100000	3.000000	NaN	NaN	NaN	NaN	NaN	NaN	NaN	NaN	NaN
177.997945	0.000000	0.000000	0.000000	-1024.500000	3.000000	995.800000	3.000000	-763.500000	3.000000	NaN	NaN	NaN	NaN	NaN	NaN	NaN	NaN	NaN
178.997830	0.000000	0.000000	0.000000	-1024.500000	3.000000	996.100000	3.000000	-763.900000	3.000000	NaN	NaN	NaN	NaN	NaN	NaN	NaN	NaN	NaN
179.997909	0.000000	0.000000	0.000000	-1023.600000	3.000000	996.500000	3.000000	-764.200000	3.000000	NaN	NaN	NaN	NaN	NaN	NaN	NaN	NaN	NaN
180.996979	0.000000	0.000000	0.000000	-1025.800000	3.000000	996.800000	3.000000	-765.300000	3.000000	NaN	NaN	NaN	NaN	NaN	NaN	NaN	NaN	NaN
181.996969	0.000000	0.000000	0.000000	-1024.900000	3.000000	997.100000	3.000000	-764.900000	3.000000	NaN	NaN	NaN	NaN	NaN	NaN	NaN	NaN	NaN
182.996958	0.000000	0.000000	0.000000	-1025.800000	3.000000	997.500000	3.000000	-766.200000	3.000000	NaN	NaN	NaN	NaN	NaN	NaN	NaN	NaN	NaN
183.997030	0.000000	0.000000	0.000000	-1026.000000	3.000000	997.800000	3.000000	-767.400000	3.000000	NaN	NaN	NaN	NaN	NaN	NaN	NaN	NaN	NaN
184.997124	0.000000	0.000000	0.000000	-1026.500000	3.000000	998.200000	3.000000	-767.200000	3.000000	NaN	NaN	NaN	NaN	NaN	NaN	NaN	NaN	NaN
185.997203	0.000000	0.000000	0.000000	-1027.300000	3.000000	998.600000	3.000000	-766.900000	3.000000	NaN	NaN	NaN	NaN	NaN	NaN	NaN	NaN	NaN
186.997038	0.000000	0.000000	0.000000	-1026.400000	3.000000	998.900000	3.000000	-766.000000	3.000000	NaN	NaN	NaN	NaN	NaN	NaN	NaN	NaN	NaN
187.997095	0.000000	0.000000	0.000000	-1027.300000	3.000000	999.200000	3.000000	-766.400000	3.000000	NaN	NaN	NaN	NaN	NaN	NaN	NaN	NaN	NaN
188.997141	0.000000	0.000000	0.000000	-1027.100000	3.000000	999.600000	3.000000	-766.100000	3.000000	NaN	NaN	NaN	NaN	NaN	NaN	NaN	NaN	NaN
189.997157	0.000000	0.000000	0.000000	-1027.700000	3.000000	1000.000000	3.000000	-766.000000	3.000000	NaN	NaN	NaN	NaN	NaN	NaN	NaN	NaN	NaN
190.997178	0.000000	0.000000	0.000000	-1028.900000	3.000000	1000.300000	3.000000	-764.800000	3.000000	NaN	NaN	NaN	NaN	NaN	NaN	NaN	NaN	NaN
191.997240	0.000000	0.000000	0.000000	-1028.800000	3.000000	1000.700000	3.000000	-766.400000	3.000000	NaN	NaN	NaN	NaN	NaN	NaN	NaN	NaN	NaN
192.997239	0.000000	0.000000	0.000000	-1029.500000	3.000000	1001.000000	3.000000	-766.700000	3.000000	NaN	NaN	NaN	NaN	NaN	NaN	NaN	NaN	NaN
193.997283	0.000000	0.000000	0.000000	-1030.600000	3.000000	1001.400000	3.000000	-766.200000	3.000000	NaN	NaN	NaN	NaN	NaN	NaN	NaN	NaN	NaN
194.997341	0.000000	0.000000	0.000000	-1028.300000	3.000000	1001.700000	3.000000	-766.200000	3.000000	NaN	NaN	NaN	NaN	NaN	NaN	NaN	NaN	NaN
195.997286	0.000000	0.000000	0.000000	-1031.100000	3.000000	1002.100000	3.000000	-766.200000	3.000000	NaN	NaN	NaN	NaN	NaN	NaN	NaN	NaN	NaN
196.997332	0.000000	0.000000	0.000000	-1031.700000	3.000000	1002.500000	3.000000	-765.700000	3.000000	NaN	NaN	NaN	NaN	NaN	NaN	NaN	NaN	NaN
197.997355	0.000000	0.000000	0.000000	-1029.700000	3.000000	1002.900000	3.000000	-765.600000	3.000000	NaN	NaN	NaN	NaN	NaN	NaN	NaN	NaN	NaN
198.996411	0.000000	0.000000	0.000000	-1032.100000	3.000000	1003.200000	3.000000	-764.600000	3.000000	NaN	NaN	NaN	NaN	NaN	NaN	NaN	NaN	NaN
199.996408	0.000000	0.000000	0.000000	-1031.100000	3.000000	1003.500000	3.000000	-764.900000	3.000000	NaN	NaN	NaN	NaN	NaN	NaN	NaN	NaN	NaN
200.996479	0.000000	0.000000	0.000000	-1029.100000	3.000000	1003.800000	3.000000	-765.100000	3.000000	NaN	NaN	NaN	NaN	NaN	NaN	NaN	NaN	NaN
201.996500	0.000000	0.000000	0.000000	-1031.700000	3.000000	1004.100000	3.000000	-765.100000	3.000000	NaN	NaN	NaN	NaN	NaN	NaN	NaN	NaN	NaN
202.996560	0.000000	0.000000	0.000000	-1030.800000	3.000000	1004.400000	3.000000	-764.800000	3.000000	NaN	NaN	NaN	NaN	NaN	NaN	NaN	NaN	NaN
203.996568	0.000000	0.000000	0.000000	-1032.100000	3.000000	1004.800000	3.000000	-765.700000	3.000000	NaN	NaN	NaN	NaN	NaN	NaN	NaN	NaN	NaN
204.996609	0.000000	0.000000	0.000000	-1034.600000	3.000000	1005.000000	3.000000	-765.100000	3.000000	NaN	NaN	NaN	NaN	NaN	NaN	NaN	NaN	NaN
205.996626	0.000000	0.000000	0.000000	-1035.600000	3.000000	1005.400000	3.000000	-765.500000	3.000000	NaN	NaN	NaN	NaN	NaN	NaN	NaN	NaN	NaN
206.996590	0.000000	0.000000	0.000000	-1035.400000	3.000000	1005.700000	3.000000	-765.100000	3.000000	NaN	NaN	NaN	NaN	NaN	NaN	NaN	NaN	NaN
207.996664	0.000000	0.000000	0.000000	-1035.500000	3.000000	1006.000000	3.000000	-765.500000	3.000000	NaN	NaN	NaN	NaN	NaN	NaN	NaN	NaN	NaN
208.996687	0.000000	0.000000	0.000000	-1035.400000	3.000000	1006.300000	3.000000	-765.500000	3.000000	NaN	NaN	NaN	NaN	NaN	NaN	NaN	NaN	NaN
209.996697	0.000000	0.000000	0.000000	-1035.100000	3.000000	1006.500000	3.000000	-765.500000	3.000000	NaN	NaN	NaN	NaN	NaN	NaN	NaN	NaN	NaN
210.996745	0.000000	0.000000	0.000000	-1036.100000	3.000000	1006.700000	3.000000	-765.300000	3.000000	NaN	NaN	NaN	NaN	NaN	NaN	NaN	NaN	NaN
211.996772	0.000000	0.000000	0.000000	-1035.700000	3.000000	1007.100000	3.000000	-764.700000	3.000000	NaN	NaN	NaN	NaN	NaN	NaN	NaN	NaN	NaN
212.996851	0.000000	0.000000	0.000000	-1034.600000	3.000000	1007.300000	3.000000	-764.500000	3.000000	NaN	NaN	NaN	NaN	NaN	NaN	NaN	NaN	NaN
213.996886	0.000000	0.000000	0.000000	-1036.300000	3.000000	1007.600000	3.000000	-764.300000	3.000000	NaN	NaN	NaN	NaN	NaN	NaN	NaN	NaN	NaN
214.996819	0.000000	0.000000	0.000000	-1036.300000	3.000000	1007.900000	3.000000	-762.600000	3.000000	NaN	NaN	NaN	NaN	NaN	NaN	NaN	NaN	NaN
215.995871	0.000000	0.000000	0.000000	-1036.400000	3.000000	1008.200000	3.000000	-761.700000	3.000000	NaN	NaN	NaN	NaN	NaN	NaN	NaN	NaN	NaN
216.995897	0.000000	0.000000	0.000000	-1036.700000	3.000000	1008.600000	3.000000	-762.700000	3.000000	NaN	NaN	NaN	NaN	NaN	NaN	NaN	NaN	NaN
217.996007	0.000000	0.000000	0.000000	-1035.900000	3.000000	1009.000000	3.000000	-762.400000	3.000000	NaN	NaN	NaN	NaN	NaN	NaN	NaN	NaN	NaN
218.995955	0.000000	0.000000	0.000000	-1035.500000	3.000000	1009.300000	3.000000	-763.000000	3.000000	NaN	NaN	NaN	NaN	NaN	NaN	NaN	NaN	NaN
219.995938	0.000000	0.000000	0.000000	-1035.800000	3.000000	1009.700000	3.000000	-763.300000	3.000000	NaN	NaN	NaN	NaN	NaN	NaN	NaN	NaN	NaN
220.996036	0.000000	0.000000	0.000000	-1036.900000	3.000000	1010.000000	3.000000	-762.900000	3.000000	NaN	NaN	NaN	NaN	NaN	NaN	NaN	NaN	NaN
221.996053	0.000000	0.000000	0.000000	-1038.300000	3.000000	1010.300000	3.000000	-762.300000	3.000000	NaN	NaN	NaN	NaN	NaN	NaN	NaN	NaN	NaN
222.996075	0.000000	0.000000	0.000000	-1037.400000	3.000000	1010.700000	3.000000	-762.900000	3.000000	NaN	NaN	NaN	NaN	NaN	NaN	NaN	NaN	NaN
223.996108	0.000000	0.000000	0.000000	-1038.900000	3.000000	1011.100000	3.000000	-762.400000	3.000000	NaN	NaN	NaN	NaN	NaN	NaN	NaN	NaN	NaN
224.996133	0.000000	0.000000	0.000000	-1038.700000	3.000000	1011.400000	3.000000	-762.800000	3.000000	NaN	NaN	NaN	NaN	NaN	NaN	NaN	NaN	NaN
225.996144	0.000000	0.000000	0.000000	-1039.200000	3.000000	1011.800000	3.000000	-763.100000	3.000000	NaN	NaN	NaN	NaN	NaN	NaN	NaN	NaN	NaN
226.996207	0.000000	0.000000	0.000000	-1039.900000	3.000000	1012.200000	3.000000	-762.100000	3.000000	NaN	NaN	NaN	NaN	NaN	NaN	NaN	NaN	NaN
227.996195	0.000000	0.000000	0.000000	-1040.100000	3.000000	1012.400000	3.000000	-760.100000	3.000000	NaN	NaN	NaN	NaN	NaN	NaN	NaN	NaN	NaN
228.996219	0.000000	0.000000	0.000000	-1040.400000	3.000000	1012.800000	3.000000	-759.200000	3.000000	NaN	NaN	NaN	NaN	NaN	NaN	NaN	NaN	NaN
229.996213	0.000000	0.000000	0.000000	-1040.400000	3.000000	1013.100000	3.000000	-760.500000	3.000000	NaN	NaN	NaN	NaN	NaN	NaN	NaN	NaN	NaN
230.996264	0.000000	0.000000	0.000000	-1041.000000	3.000000	1013.500000	3.000000	-762.600000	3.000000	NaN	NaN	NaN	NaN	NaN	NaN	NaN	NaN	NaN
231.996346	0.000000	0.000000	0.000000	-1040.600000	3.000000	1013.800000	3.000000	-762.500000	3.000000	NaN	NaN	NaN	NaN	NaN	NaN	NaN	NaN	NaN
232.996373	0.000000	0.000000	0.000000	-1040.700000	3.000000	1014.200000	3.000000	-764.700000	3.000000	NaN	NaN	NaN	NaN	NaN	NaN	NaN	NaN	NaN
233.995403	0.000000	0.000000	0.000000	-1041.400000	3.000000	1014.600000	3.000000	-765.000000	3.000000	NaN	NaN	NaN	NaN	NaN	NaN	NaN	NaN	NaN
234.995430	0.000000	0.000000	0.000000	-1045.800000	3.000000	1014.800000	3.000000	-766.400000	3.000000	NaN	NaN	NaN	NaN	NaN	NaN	NaN	NaN	NaN
235.995521	0.000000	0.000000	0.000000	-1044.800000	3.000000	1015.300000	3.000000	-767.700000	3.000000	NaN	NaN	NaN	NaN	NaN	NaN	NaN	NaN	NaN
236.995497	0.000000	0.000000	0.000000	-1047.000000	3.000000	1015.600000	3.000000	-764.400000	3.000000	NaN	NaN	NaN	NaN	NaN	NaN	NaN	NaN	NaN
237.995457	0.000000	0.000000	0.000000	-1047.000000	3.000000	1016.000000	3.000000	-765.700000	3.000000	NaN	NaN	NaN	NaN	NaN	NaN	NaN	NaN	NaN
238.995503	0.000000	0.000000	0.000000	-1046.400000	3.000000	1016.400000	3.000000	-765.600000	3.000000	NaN	NaN	NaN	NaN	NaN	NaN	NaN	NaN	NaN
239.995499	0.000000	0.000000	0.000000	-1044.400000	3.000000	1016.800000	3.000000	-765.400000	3.000000	NaN	NaN	NaN	NaN	NaN	NaN	NaN	NaN	NaN
240.995599	0.000000	0.000000	0.000000	-1043.800000	3.000000	1017.200000	3.000000	-765.600000	3.000000	NaN	NaN	NaN	NaN	NaN	NaN	NaN	NaN	NaN
241.995576	0.000000	0.000000	0.000000	-1043.700000	3.000000	1017.500000	3.000000	-766.400000	3.000000	NaN	NaN	NaN	NaN	NaN	NaN	NaN	NaN	NaN
242.995663	0.000000	0.000000	0.000000	-1044.300000	3.000000	1017.700000	3.000000	-766.300000	3.000000	NaN	NaN	NaN	NaN	NaN	NaN	NaN	NaN	NaN
243.995658	0.000000	0.000000	0.000000	-1044.400000	3.000000	1018.100000	3.000000	-765.900000	3.000000	NaN	NaN	NaN	NaN	NaN	NaN	NaN	NaN	NaN
244.995697	0.000000	0.000000	0.000000	-1044.200000	3.000000	1018.300000	3.000000	-767.200000	3.000000	NaN	NaN	NaN	NaN	NaN	NaN	NaN	NaN	NaN
245.995796	0.000000	0.000000	0.000000	-1044.300000	3.000000	1018.700000	3.000000	-768.500000	3.000000	NaN	NaN	NaN	NaN	NaN	NaN	NaN	NaN	NaN
246.995722	0.000000	0.000000	0.000000	-1044.900000	3.000000	1019.000000	3.000000	-768.100000	3.000000	NaN	NaN	NaN	NaN	NaN	NaN	NaN	NaN	NaN
247.995835	0.000000	0.000000	0.000000	-1046.500000	3.000000	1019.300000	3.000000	-769.100000	3.000000	NaN	NaN	NaN	NaN	NaN	NaN	NaN	NaN	NaN
248.995739	0.000000	0.000000	0.000000	-1045.800000	3.000000	1019.500000	3.000000	-769.300000	3.000000	NaN	NaN	NaN	NaN	NaN	NaN	NaN	NaN	NaN
249.995810	0.000000	0.000000	0.000000	-1045.900000	3.000000	1019.900000	3.000000	-769.700000	3.000000	NaN	NaN	NaN	NaN	NaN	NaN	NaN	NaN	NaN
250.994834	0.000000	0.000000	0.000000	-1045.900000	3.000000	1020.200000	3.000000	-769.700000	3.000000	NaN	NaN	NaN	NaN	NaN	NaN	NaN	NaN	NaN
251.994865	0.000000	0.000000	0.000000	-1046.800000	3.000000	1020.500000	3.000000	-770.800000	3.000000	NaN	NaN	NaN	NaN	NaN	NaN	NaN	NaN	NaN
252.994972	0.000000	0.000000	0.000000	-1045.400000	3.000000	1020.700000	3.000000	-769.700000	3.000000	NaN	NaN	NaN	NaN	NaN	NaN	NaN	NaN	NaN
253.994996	0.000000	0.000000	0.000000	-1046.100000	3.000000	1021.000000	3.000000	-770.000000	3.000000	NaN	NaN	NaN	NaN	NaN	NaN	NaN	NaN	NaN
254.994990	0.000000	0.000000	0.000000	-1045.500000	3.000000	1021.300000	3.000000	-769.700000	3.000000	NaN	NaN	NaN	NaN	NaN	NaN	NaN	NaN	NaN
255.995043	0.000000	0.000000	0.000000	-1046.500000	3.000000	1021.700000	3.000000	-771.100000	3.000000	NaN	NaN	NaN	NaN	NaN	NaN	NaN	NaN	NaN
256.995060	0.000000	0.000000	0.000000	-1046.200000	3.000000	1022.000000	3.000000	-770.700000	3.000000	NaN	NaN	NaN	NaN	NaN	NaN	NaN	NaN	NaN
257.995057	0.000000	0.000000	0.000000	-1048.200000	3.000000	1022.300000	3.000000	-770.900000	3.000000	NaN	NaN	NaN	NaN	NaN	NaN	NaN	NaN	NaN
258.995129	0.000000	0.000000	0.000000	-1048.200000	3.000000	1022.600000	3.000000	-771.000000	3.000000	NaN	NaN	NaN	NaN	NaN	NaN	NaN	NaN	NaN
259.995126	0.000000	0.000000	0.000000	-1048.400000	3.000000	1023.000000	3.000000	-770.300000	3.000000	NaN	NaN	NaN	NaN	NaN	NaN	NaN	NaN	NaN
260.995115	0.000000	0.000000	0.000000	-1048.900000	3.000000	1023.200000	3.000000	-770.200000	3.000000	NaN	NaN	NaN	NaN	NaN	NaN	NaN	NaN	NaN
261.995193	0.000000	0.000000	0.000000	-1049.300000	3.000000	1023.500000	3.000000	-769.700000	3.000000	NaN	NaN	NaN	NaN	NaN	NaN	NaN	NaN	NaN
262.995199	0.000000	0.000000	0.000000	-1050.800000	3.000000	1023.800000	3.000000	-770.500000	3.000000	NaN	NaN	NaN	NaN	NaN	NaN	NaN	NaN	NaN
263.995218	0.000000	0.000000	0.000000	-1049.600000	3.000000	1024.200000	3.000000	-771.000000	3.000000	NaN	NaN	NaN	NaN	NaN	NaN	NaN	NaN	NaN
264.995282	0.000000	0.000000	0.000000	-1050.300000	3.000000	1024.500000	3.000000	-770.600000	3.000000	NaN	NaN	NaN	NaN	NaN	NaN	NaN	NaN	NaN
265.995356	0.000000	0.000000	0.000000	-1050.300000	3.000000	1024.800000	3.000000	-770.400000	3.000000	NaN	NaN	NaN	NaN	NaN	NaN	NaN	NaN	NaN
266.995326	0.000000	0.000000	0.000000	-1049.900000	3.000000	1025.100000	3.000000	-772.000000	3.000000	NaN	NaN	NaN	NaN	NaN	NaN	NaN	NaN	NaN
267.995339	0.000000	0.000000	0.000000	-1050.400000	3.000000	1025.500000	3.000000	-771.700000	3.000000	NaN	NaN	NaN	NaN	NaN	NaN	NaN	NaN	NaN
268.994337	0.000000	0.000000	0.000000	-1052.300000	3.000000	1025.800000	3.000000	-771.700000	3.000000	NaN	NaN	NaN	NaN	NaN	NaN	NaN	NaN	NaN
269.994390	0.000000	0.000000	0.000000	-1053.200000	3.000000	1026.000000	3.000000	-771.600000	3.000000	NaN	NaN	NaN	NaN	NaN	NaN	NaN	NaN	NaN
270.994372	0.000000	0.000000	0.000000	-1050.200000	3.000000	1026.400000	3.000000	-771.300000	3.000000	NaN	NaN	NaN	NaN	NaN	NaN	NaN	NaN	NaN
271.994370	0.000000	0.000000	0.000000	-1050.400000	3.000000	1026.700000	3.000000	-771.200000	3.000000	NaN	NaN	NaN	NaN	NaN	NaN	NaN	NaN	NaN
272.994471	0.000000	0.000000	0.000000	-1051.500000	3.000000	1027.100000	3.000000	-770.700000	3.000000	NaN	NaN	NaN	NaN	NaN	NaN	NaN	NaN	NaN
273.994456	0.000000	0.000000	0.000000	-1054.100000	3.000000	1027.400000	3.000000	-771.900000	3.000000	NaN	NaN	NaN	NaN	NaN	NaN	NaN	NaN	NaN
274.994522	0.000000	0.000000	0.000000	-1052.700000	3.000000	1027.800000	3.000000	-772.500000	3.000000	NaN	NaN	NaN	NaN	NaN	NaN	NaN	NaN	NaN
275.994596	0.000000	0.000000	0.000000	-1052.500000	3.000000	1028.100000	3.000000	-773.000000	3.000000	NaN	NaN	NaN	NaN	NaN	NaN	NaN	NaN	NaN
276.994579	0.000000	0.000000	0.000000	-1052.700000	3.000000	1028.300000	3.000000	-773.100000	3.000000	NaN	NaN	NaN	NaN	NaN	NaN	NaN	NaN	NaN
277.994644	0.000000	0.000000	0.000000	-1052.800000	3.000000	1028.600000	3.000000	-772.800000	3.000000	NaN	NaN	NaN	NaN	NaN	NaN	NaN	NaN	NaN
278.994674	0.000000	0.000000	0.000000	-1053.800000	3.000000	1029.100000	3.000000	-772.700000	3.000000	NaN	NaN	NaN	NaN	NaN	NaN	NaN	NaN	NaN
279.994663	0.000000	0.000000	0.000000	-1054.500000	3.000000	1029.400000	3.000000	-773.100000	3.000000	NaN	NaN	NaN	NaN	NaN	NaN	NaN	NaN	NaN
280.994651	0.000000	0.000000	0.000000	-1054.100000	3.000000	1029.800000	3.000000	-773.000000	3.000000	NaN	NaN	NaN	NaN	NaN	NaN	NaN	NaN	NaN
281.994671	0.000000	0.000000	0.000000	-1054.400000	3.000000	1030.000000	3.000000	-772.300000	3.000000	NaN	NaN	NaN	NaN	NaN	NaN	NaN	NaN	NaN
282.994791	0.000000	0.000000	0.000000	-1054.700000	3.000000	1030.400000	3.000000	-773.700000	3.000000	NaN	NaN	NaN	NaN	NaN	NaN	NaN	NaN	NaN
283.994787	0.000000	0.000000	0.000000	-1055.300000	3.000000	1030.700000	3.000000	-774.200000	3.000000	NaN	NaN	NaN	NaN	NaN	NaN	NaN	NaN	NaN
284.994799	0.000000	0.000000	0.000000	-1055.600000	3.000000	1031.000000	3.000000	-773.800000	3.000000	NaN	NaN	NaN	NaN	NaN	NaN	NaN	NaN	NaN
285.993813	0.000000	0.000000	0.000000	-1056.100000	3.000000	1031.400000	3.000000	-774.800000	3.000000	NaN	NaN	NaN	NaN	NaN	NaN	NaN	NaN	NaN
286.993824	0.000000	0.000000	0.000000	-1056.300000	3.000000	1031.700000	3.000000	-774.400000	3.000000	NaN	NaN	NaN	NaN	NaN	NaN	NaN	NaN	NaN
287.993846	0.000000	0.000000	0.000000	-1056.100000	3.000000	1032.000000	3.000000	-774.400000	3.000000	NaN	NaN	NaN	NaN	NaN	NaN	NaN	NaN	NaN
288.993954	0.000000	0.000000	0.000000	-1056.200000	3.000000	1032.300000	3.000000	-774.600000	3.000000	NaN	NaN	NaN	NaN	NaN	NaN	NaN	NaN	NaN
289.993902	0.000000	0.000000	0.000000	-1056.700000	3.000000	1032.600000	3.000000	-775.100000	3.000000	NaN	NaN	NaN	NaN	NaN	NaN	NaN	NaN	NaN
290.993923	0.000000	0.000000	0.000000	-1057.400000	3.000000	1033.000000	3.000000	-775.300000	3.000000	NaN	NaN	NaN	NaN	NaN	NaN	NaN	NaN	NaN
291.993972	0.000000	0.000000	0.000000	-1057.500000	3.000000	1033.200000	3.000000	-775.500000	3.000000	NaN	NaN	NaN	NaN	NaN	NaN	NaN	NaN	NaN
292.993980	0.000000	0.000000	0.000000	-1056.700000	3.000000	1033.600000	3.000000	-776.500000	3.000000	NaN	NaN	NaN	NaN	NaN	NaN	NaN	NaN	NaN
293.994017	0.000000	0.000000	0.000000	-1058.500000	3.000000	1033.900000	3.000000	-776.700000	3.000000	NaN	NaN	NaN	NaN	NaN	NaN	NaN	NaN	NaN
294.994045	0.000000	0.000000	0.000000	-1058.800000	3.000000	1034.300000	3.000000	-776.100000	3.000000	NaN	NaN	NaN	NaN	NaN	NaN	NaN	NaN	NaN
295.994067	0.000000	0.000000	0.000000	-1058.500000	3.000000	1034.600000	3.000000	-777.000000	3.000000	NaN	NaN	NaN	NaN	NaN	NaN	NaN	NaN	NaN
296.994124	0.000000	0.000000	0.000000	-1058.700000	3.000000	1034.900000	3.000000	-777.200000	3.000000	NaN	NaN	NaN	NaN	NaN	NaN	NaN	NaN	NaN
297.994141	0.000000	0.000000	0.000000	-1059.500000	3.000000	1035.200000	3.000000	-777.800000	3.000000	NaN	NaN	NaN	NaN	NaN	NaN	NaN	NaN	NaN
298.994183	0.000000	0.000000	0.000000	-1059.400000	3.000000	1035.500000	3.000000	-777.800000	3.000000	NaN	NaN	NaN	NaN	NaN	NaN	NaN	NaN	NaN
299.994314	0.000000	0.000000	0.000000	-1059.900000	3.000000	1035.800000	3.000000	-779.000000	3.000000	NaN	NaN	NaN	NaN	NaN	NaN	NaN	NaN	NaN
300.994251	0.000000	0.000000	0.000000	-1062.900000	3.000000	1035.900000	3.000000	-778.900000	3.000000	NaN	NaN	NaN	NaN	NaN	NaN	NaN	NaN	NaN
301.994824	0.000000	0.000000	0.000000	-1062.200000	3.000000	1036.300000	3.000000	-778.900000	3.000000	NaN	NaN	NaN	NaN	NaN	NaN	NaN	NaN	NaN
302.994224	0.000000	0.000000	0.000000	-1062.000000	3.000000	1036.900000	3.000000	-780.200000	3.000000	NaN	NaN	NaN	NaN	NaN	NaN	NaN	NaN	NaN
303.993282	0.000000	0.000000	0.000000	-1062.600000	3.000000	1037.400000	3.000000	-780.700000	3.000000	NaN	NaN	NaN	NaN	NaN	NaN	NaN	NaN	NaN
304.993356	0.000000	0.000000	0.000000	-1062.800000	3.000000	1037.700000	3.000000	-780.700000	3.000000	NaN	NaN	NaN	NaN	NaN	NaN	NaN	NaN	NaN
305.993373	0.000000	0.000000	0.000000	-1062.500000	3.000000	1038.100000	3.000000	-781.000000	3.000000	NaN	NaN	NaN	NaN	NaN	NaN	NaN	NaN	NaN
306.993401	0.000000	0.000000	0.000000	-1062.800000	3.000000	1038.300000	3.000000	-781.400000	3.000000	NaN	NaN	NaN	NaN	NaN	NaN	NaN	NaN	NaN
307.993426	0.000000	0.000000	0.000000	-1063.100000	3.000000	1038.600000	3.000000	-782.000000	3.000000	NaN	NaN	NaN	NaN	NaN	NaN	NaN	NaN	NaN
308.993471	0.000000	0.000000	0.000000	-1062.800000	3.000000	1038.900000	3.000000	-782.400000	3.000000	NaN	NaN	NaN	NaN	NaN	NaN	NaN	NaN	NaN
309.993451	0.000000	0.000000	0.000000	-1064.100000	3.000000	1039.300000	3.000000	-782.800000	3.000000	NaN	NaN	NaN	NaN	NaN	NaN	NaN	NaN	NaN
310.993515	0.000000	0.000000	0.000000	-1064.800000	3.000000	1039.600000	3.000000	-783.700000	3.000000	NaN	NaN	NaN	NaN	NaN	NaN	NaN	NaN	NaN
311.993561	0.000000	0.000000	0.000000	-1064.500000	3.000000	1040.000000	3.000000	-783.200000	3.000000	NaN	NaN	NaN	NaN	NaN	NaN	NaN	NaN	NaN
312.993529	0.000000	0.000000	0.000000	-1066.000000	3.000000	1040.300000	3.000000	-783.400000	3.000000	NaN	NaN	NaN	NaN	NaN	NaN	NaN	NaN	NaN
313.993559	0.000000	0.000000	0.000000	-1067.900000	3.000000	1040.700000	3.000000	-784.400000	3.000000	NaN	NaN	NaN	NaN	NaN	NaN	NaN	NaN	NaN
314.993595	0.000000	0.000000	0.000000	-1066.500000	3.000000	1040.900000	3.000000	-785.100000	3.000000	NaN	NaN	NaN	NaN	NaN	NaN	NaN	NaN	NaN
315.993643	0.000000	0.000000	0.000000	-1065.300000	3.000000	1041.200000	3.000000	-786.000000	3.000000	NaN	NaN	NaN	NaN	NaN	NaN	NaN	NaN	NaN
316.993707	0.000000	0.000000	0.000000	-1065.800000	3.000000	1041.500000	3.000000	-784.800000	3.000000	NaN	NaN	NaN	NaN	NaN	NaN	NaN	NaN	NaN
317.993669	0.000000	0.000000	0.000000	-1066.000000	3.000000	1041.900000	3.000000	-785.200000	3.000000	NaN	NaN	NaN	NaN	NaN	NaN	NaN	NaN	NaN
318.993727	0.000000	0.000000	0.000000	-1066.600000	3.000000	1042.200000	3.000000	-786.100000	3.000000	NaN	NaN	NaN	NaN	NaN	NaN	NaN	NaN	NaN
319.993752	0.000000	0.000000	0.000000	-1066.600000	3.000000	1042.500000	3.000000	-786.500000	3.000000	NaN	NaN	NaN	NaN	NaN	NaN	NaN	NaN	NaN
320.992776	0.000000	0.000000	0.000000	-1066.900000	3.000000	1042.800000	3.000000	-785.800000	3.000000	NaN	NaN	NaN	NaN	NaN	NaN	NaN	NaN	NaN
321.992860	0.000000	0.000000	0.000000	-1069.000000	3.000000	1043.000000	3.000000	-785.300000	3.000000	NaN	NaN	NaN	NaN	NaN	NaN	NaN	NaN	NaN
322.992829	0.000000	0.000000	0.000000	-1069.400000	3.000000	1043.300000	3.000000	-785.500000	3.000000	NaN	NaN	NaN	NaN	NaN	NaN	NaN	NaN	NaN
323.992815	0.000000	0.000000	0.000000	-1068.500000	3.000000	1043.700000	3.000000	-785.800000	3.000000	NaN	NaN	NaN	NaN	NaN	NaN	NaN	NaN	NaN
324.992858	0.000000	0.000000	0.000000	-1068.900000	3.000000	1043.900000	3.000000	-786.600000	3.000000	NaN	NaN	NaN	NaN	NaN	NaN	NaN	NaN	NaN
325.992897	0.000000	0.000000	0.000000	-1069.800000	3.000000	1044.200000	3.000000	-787.700000	3.000000	NaN	NaN	NaN	NaN	NaN	NaN	NaN	NaN	NaN
326.992924	0.000000	0.000000	0.000000	-1069.300000	3.000000	1044.600000	3.000000	-788.000000	3.000000	NaN	NaN	NaN	NaN	NaN	NaN	NaN	NaN	NaN
327.992989	0.000000	0.000000	0.000000	-1070.000000	3.000000	1044.900000	3.000000	-788.000000	3.000000	NaN	NaN	NaN	NaN	NaN	NaN	NaN	NaN	NaN
328.992979	0.000000	0.000000	0.000000	-1071.100000	3.000000	1045.200000	3.000000	-789.400000	3.000000	NaN	NaN	NaN	NaN	NaN	NaN	NaN	NaN	NaN
329.993039	0.000000	0.000000	0.000000	-1072.800000	3.000000	1045.500000	3.000000	-789.500000	3.000000	NaN	NaN	NaN	NaN	NaN	NaN	NaN	NaN	NaN
330.993038	0.000000	0.000000	0.000000	-1072.800000	3.000000	1045.800000	3.000000	-789.400000	3.000000	NaN	NaN	NaN	NaN	NaN	NaN	NaN	NaN	NaN
331.993057	0.000000	0.000000	0.000000	-1073.200000	3.000000	1046.200000	3.000000	-789.600000	3.000000	NaN	NaN	NaN	NaN	NaN	NaN	NaN	NaN	NaN
332.993116	0.000000	0.000000	0.000000	-1073.500000	3.000000	1046.500000	3.000000	-788.600000	3.000000	NaN	NaN	NaN	NaN	NaN	NaN	NaN	NaN	NaN
333.993139	0.000000	0.000000	0.000000	-1074.900000	3.000000	1046.800000	3.000000	-788.600000	3.000000	NaN	NaN	NaN	NaN	NaN	NaN	NaN	NaN	NaN
334.993149	0.000000	0.000000	0.000000	-1074.200000	3.000000	1047.200000	3.000000	-790.300000	3.000000	NaN	NaN	NaN	NaN	NaN	NaN	NaN	NaN	NaN
335.993239	0.000000	0.000000	0.000000	-1074.000000	3.000000	1047.400000	3.000000	-791.500000	3.000000	NaN	NaN	NaN	NaN	NaN	NaN	NaN	NaN	NaN
336.993193	0.000000	0.000000	0.000000	-1072.800000	3.000000	1047.800000	3.000000	-791.200000	3.000000	NaN	NaN	NaN	NaN	NaN	NaN	NaN	NaN	NaN
337.993328	0.000000	0.000000	0.000000	-1072.800000	3.000000	1048.100000	3.000000	-790.300000	3.000000	NaN	NaN	NaN	NaN	NaN	NaN	NaN	NaN	NaN
338.992268	0.000000	0.000000	0.000000	-1072.600000	3.000000	1048.400000	3.000000	-789.100000	3.000000	NaN	NaN	NaN	NaN	NaN	NaN	NaN	NaN	NaN
339.992269	0.000000	0.000000	0.000000	-1073.800000	3.000000	1048.700000	3.000000	-789.300000	3.000000	NaN	NaN	NaN	NaN	NaN	NaN	NaN	NaN	NaN
340.992383	0.000000	0.000000	0.000000	-1073.900000	3.000000	1049.100000	3.000000	-790.700000	3.000000	NaN	NaN	NaN	NaN	NaN	NaN	NaN	NaN	NaN
341.992328	0.000000	0.000000	0.000000	-1075.100000	3.000000	1049.500000	3.000000	-791.700000	3.000000	NaN	NaN	NaN	NaN	NaN	NaN	NaN	NaN	NaN
342.992404	0.000000	0.000000	0.000000	-1076.800000	3.000000	1049.800000	3.000000	-791.300000	3.000000	NaN	NaN	NaN	NaN	NaN	NaN	NaN	NaN	NaN
343.992381	0.000000	0.000000	0.000000	-1076.800000	3.000000	1050.100000	3.000000	-792.200000	3.000000	NaN	NaN	NaN	NaN	NaN	NaN	NaN	NaN	NaN
344.992376	0.000000	0.000000	0.000000	-1078.100000	3.000000	1050.500000	3.000000	-792.200000	3.000000	NaN	NaN	NaN	NaN	NaN	NaN	NaN	NaN	NaN
345.992512	0.000000	0.000000	0.000000	-1077.800000	3.000000	1050.700000	3.000000	-793.200000	3.000000	NaN	NaN	NaN	NaN	NaN	NaN	NaN	NaN	NaN
346.992480	0.000000	0.000000	0.000000	-1077.500000	3.000000	1051.000000	3.000000	-793.900000	3.000000	NaN	NaN	NaN	NaN	NaN	NaN	NaN	NaN	NaN
347.992521	0.000000	0.000000	0.000000	-1078.800000	3.000000	1051.400000	3.000000	-794.300000	3.000000	NaN	NaN	NaN	NaN	NaN	NaN	NaN	NaN	NaN
348.992515	0.000000	0.000000	0.000000	-1077.500000	3.000000	1051.700000	3.000000	-794.900000	3.000000	NaN	NaN	NaN	NaN	NaN	NaN	NaN	NaN	NaN
349.992537	0.000000	0.000000	0.000000	-1077.400000	3.000000	1051.900000	3.000000	-796.300000	3.000000	NaN	NaN	NaN	NaN	NaN	NaN	NaN	NaN	NaN
350.992610	0.000000	0.000000	0.000000	-1077.900000	3.000000	1052.300000	3.000000	-794.800000	3.000000	NaN	NaN	NaN	NaN	NaN	NaN	NaN	NaN	NaN
351.992605	0.000000	0.000000	0.000000	-1079.600000	3.000000	1052.700000	3.000000	-794.800000	3.000000	NaN	NaN	NaN	NaN	NaN	NaN	NaN	NaN	NaN
352.992693	0.000000	0.000000	0.000000	-1080.600000	3.000000	1053.000000	3.000000	-794.900000	3.000000	NaN	NaN	NaN	NaN	NaN	NaN	NaN	NaN	NaN
353.992709	0.000000	0.000000	0.000000	-1080.200000	3.000000	1053.300000	3.000000	-795.800000	3.000000	NaN	NaN	NaN	NaN	NaN	NaN	NaN	NaN	NaN
354.992685	0.000000	0.000000	0.000000	-1081.600000	3.000000	1053.700000	3.000000	-795.800000	3.000000	NaN	NaN	NaN	NaN	NaN	NaN	NaN	NaN	NaN
355.991707	0.000000	0.000000	0.000000	-1082.600000	3.000000	1053.900000	3.000000	-797.100000	3.000000	NaN	NaN	NaN	NaN	NaN	NaN	NaN	NaN	NaN
356.991691	0.000000	0.000000	0.000000	-1082.300000	3.000000	1054.200000	3.000000	-799.000000	3.000000	NaN	NaN	NaN	NaN	NaN	NaN	NaN	NaN	NaN
357.991819	0.000000	0.000000	0.000000	-1082.900000	3.000000	1054.500000	3.000000	-799.400000	3.000000	NaN	NaN	NaN	NaN	NaN	NaN	NaN	NaN	NaN
358.991833	0.000000	0.000000	0.000000	-1082.600000	3.000000	1054.900000	3.000000	-799.800000	3.000000	NaN	NaN	NaN	NaN	NaN	NaN	NaN	NaN	NaN
359.991916	0.000000	0.000000	0.000000	-1083.400000	3.000000	1055.100000	3.000000	-800.100000	3.000000	NaN	NaN	NaN	NaN	NaN	NaN	NaN	NaN	NaN
360.991856	0.000000	0.000000	0.000000	-1082.900000	3.000000	1055.400000	3.000000	-801.200000	3.000000	NaN	NaN	NaN	NaN	NaN	NaN	NaN	NaN	NaN
361.991931	0.000000	0.000000	0.000000	-1083.500000	3.000000	1055.800000	3.000000	-800.600000	3.000000	NaN	NaN	NaN	NaN	NaN	NaN	NaN	NaN	NaN
362.991926	0.000000	0.000000	0.000000	-1083.900000	3.000000	1056.100000	3.000000	-800.900000	3.000000	NaN	NaN	NaN	NaN	NaN	NaN	NaN	NaN	NaN
363.991958	0.000000	0.000000	0.000000	-1084.400000	3.000000	1056.500000	3.000000	-801.500000	3.000000	NaN	NaN	NaN	NaN	NaN	NaN	NaN	NaN	NaN
364.991974	0.000000	0.000000	0.000000	-1085.100000	3.000000	1056.900000	3.000000	-800.900000	3.000000	NaN	NaN	NaN	NaN	NaN	NaN	NaN	NaN	NaN
365.991986	0.000000	0.000000	0.000000	-1085.700000	3.000000	1057.200000	3.000000	-801.800000	3.000000	NaN	NaN	NaN	NaN	NaN	NaN	NaN	NaN	NaN
366.992009	0.000000	0.000000	0.000000	-1086.800000	3.000000	1057.600000	3.000000	-802.100000	3.000000	NaN	NaN	NaN	NaN	NaN	NaN	NaN	NaN	NaN
367.992077	0.000000	0.000000	0.000000	-1087.500000	3.000000	1057.900000	3.000000	-803.300000	3.000000	NaN	NaN	NaN	NaN	NaN	NaN	NaN	NaN	NaN
368.992066	0.000000	0.000000	0.000000	-1087.200000	3.000000	1058.200000	3.000000	-802.600000	3.000000	NaN	NaN	NaN	NaN	NaN	NaN	NaN	NaN	NaN
369.992132	0.000000	0.000000	0.000000	-1086.700000	3.000000	1058.500000	3.000000	-803.600000	3.000000	NaN	NaN	NaN	NaN	NaN	NaN	NaN	NaN	NaN
370.992174	0.000000	0.000000	0.000000	-1087.100000	3.000000	1058.800000	3.000000	-805.500000	3.000000	NaN	NaN	NaN	NaN	NaN	NaN	NaN	NaN	NaN
371.992154	0.000000	0.000000	0.000000	-1087.400000	3.000000	1059.100000	3.000000	-806.700000	3.000000	NaN	NaN	NaN	NaN	NaN	NaN	NaN	NaN	NaN
372.992215	0.000000	0.000000	0.000000	-1088.200000	3.000000	1059.500000	3.000000	-806.200000	3.000000	NaN	NaN	NaN	NaN	NaN	NaN	NaN	NaN	NaN
373.991255	0.000000	0.000000	0.000000	-1088.300000	3.000000	1059.800000	3.000000	-807.200000	3.000000	NaN	NaN	NaN	NaN	NaN	NaN	NaN	NaN	NaN
374.991237	0.000000	0.000000	0.000000	-1088.800000	3.000000	1060.100000	3.000000	-806.600000	3.000000	NaN	NaN	NaN	NaN	NaN	NaN	NaN	NaN	NaN
375.991485	0.000000	0.000000	0.000000	-1090.000000	3.000000	1060.400000	3.000000	-807.700000	3.000000	NaN	NaN	NaN	NaN	NaN	NaN	NaN	NaN	NaN
376.991302	0.000000	0.000000	0.000000	-1089.400000	3.000000	1060.800000	3.000000	-809.000000	3.000000	NaN	NaN	NaN	NaN	NaN	NaN	NaN	NaN	NaN
377.991314	0.000000	0.000000	0.000000	-1089.900000	3.000000	1061.000000	3.000000	-808.200000	3.000000	NaN	NaN	NaN	NaN	NaN	NaN	NaN	NaN	NaN
378.991360	0.000000	0.000000	0.000000	-1089.500000	3.000000	1061.300000	3.000000	-808.900000	3.000000	NaN	NaN	NaN	NaN	NaN	NaN	NaN	NaN	NaN
379.991393	0.000000	0.000000	0.000000	-1088.300000	3.000000	1061.700000	3.000000	-809.600000	3.000000	NaN	NaN	NaN	NaN	NaN	NaN	NaN	NaN	NaN
380.991422	0.000000	0.000000	0.000000	-1088.500000	3.000000	1062.100000	3.000000	-810.300000	3.000000	NaN	NaN	NaN	NaN	NaN	NaN	NaN	NaN	NaN
381.991390	0.000000	0.000000	0.000000	-1089.900000	3.000000	1062.400000	3.000000	-809.400000	3.000000	NaN	NaN	NaN	NaN	NaN	NaN	NaN	NaN	NaN
382.991487	0.000000	0.000000	0.000000	-1090.100000	3.000000	1062.700000	3.000000	-811.500000	3.000000	NaN	NaN	NaN	NaN	NaN	NaN	NaN	NaN	NaN
383.991466	0.000000	0.000000	0.000000	-1090.800000	3.000000	1063.100000	3.000000	-810.500000	3.000000	NaN	NaN	NaN	NaN	NaN	NaN	NaN	NaN	NaN
384.991547	0.000000	0.000000	0.000000	-1090.100000	3.000000	1063.400000	3.000000	-811.200000	3.000000	NaN	NaN	NaN	NaN	NaN	NaN	NaN	NaN	NaN
385.991526	0.000000	0.000000	0.000000	-1091.700000	3.000000	1063.700000	3.000000	-811.600000	3.000000	NaN	NaN	NaN	NaN	NaN	NaN	NaN	NaN	NaN
386.991576	0.000000	0.000000	0.000000	-1090.400000	3.000000	1064.000000	3.000000	-811.700000	3.000000	NaN	NaN	NaN	NaN	NaN	NaN	NaN	NaN	NaN
387.991569	0.000000	0.000000	0.000000	-1091.600000	3.000000	1064.400000	3.000000	-811.900000	3.000000	NaN	NaN	NaN	NaN	NaN	NaN	NaN	NaN	NaN
388.991647	0.000000	0.000000	0.000000	-1091.200000	3.000000	1064.700000	3.000000	-811.200000	3.000000	NaN	NaN	NaN	NaN	NaN	NaN	NaN	NaN	NaN
389.991647	0.000000	0.000000	0.000000	-1092.300000	3.000000	1064.900000	3.000000	-810.300000	3.000000	NaN	NaN	NaN	NaN	NaN	NaN	NaN	NaN	NaN
390.990692	0.000000	0.000000	0.000000	-1091.800000	3.000000	1065.300000	3.000000	-811.300000	3.000000	NaN	NaN	NaN	NaN	NaN	NaN	NaN	NaN	NaN
391.990709	0.000000	0.000000	0.000000	-1092.400000	3.000000	1065.500000	3.000000	-811.700000	3.000000	NaN	NaN	NaN	NaN	NaN	NaN	NaN	NaN	NaN
392.990775	0.000000	0.000000	0.000000	-1093.400000	3.000000	1065.800000	3.000000	-812.500000	3.000000	NaN	NaN	NaN	NaN	NaN	NaN	NaN	NaN	NaN
393.990760	0.000000	0.000000	0.000000	-1093.900000	3.000000	1066.100000	3.000000	-814.000000	3.000000	NaN	NaN	NaN	NaN	NaN	NaN	NaN	NaN	NaN
394.990811	0.000000	0.000000	0.000000	-1094.200000	3.000000	1066.500000	3.000000	-814.600000	3.000000	NaN	NaN	NaN	NaN	NaN	NaN	NaN	NaN	NaN
395.990789	0.000000	0.000000	0.000000	-1094.300000	3.000000	1066.800000	3.000000	-815.200000	3.000000	NaN	NaN	NaN	NaN	NaN	NaN	NaN	NaN	NaN
396.990801	0.000000	0.000000	0.000000	-1095.800000	3.000000	1067.100000	3.000000	-814.500000	3.000000	NaN	NaN	NaN	NaN	NaN	NaN	NaN	NaN	NaN
397.991826	0.000000	0.000000	0.000000	-1095.500000	3.000000	1067.300000	3.000000	-816.100000	3.000000	NaN	NaN	NaN	NaN	NaN	NaN	NaN	NaN	NaN
398.990885	0.000000	0.000000	0.000000	-1096.200000	3.000000	1067.700000	3.000000	-815.800000	3.000000	NaN	NaN	NaN	NaN	NaN	NaN	NaN	NaN	NaN
399.990935	0.000000	0.000000	0.000000	-1097.000000	3.000000	1068.000000	3.000000	-815.400000	3.000000	NaN	NaN	NaN	NaN	NaN	NaN	NaN	NaN	NaN
400.990978	0.000000	0.000000	0.000000	-1096.700000	3.000000	1068.400000	3.000000	-816.400000	3.000000	NaN	NaN	NaN	NaN	NaN	NaN	NaN	NaN	NaN
401.991000	0.000000	0.000000	0.000000	-1097.000000	3.000000	1068.700000	3.000000	-817.800000	3.000000	NaN	NaN	NaN	NaN	NaN	NaN	NaN	NaN	NaN
402.991036	0.000000	0.000000	0.000000	-1097.400000	3.000000	1069.000000	3.000000	-818.300000	3.000000	NaN	NaN	NaN	NaN	NaN	NaN	NaN	NaN	NaN
403.991033	0.000000	0.000000	0.000000	-1096.200000	3.000000	1069.400000	3.000000	-819.200000	3.000000	NaN	NaN	NaN	NaN	NaN	NaN	NaN	NaN	NaN
404.991094	0.000000	0.000000	0.000000	-1096.900000	3.000000	1069.600000	3.000000	-817.900000	3.000000	NaN	NaN	NaN	NaN	NaN	NaN	NaN	NaN	NaN
405.991167	0.000000	0.000000	0.000000	-1097.800000	3.000000	1070.000000	3.000000	-818.700000	3.000000	NaN	NaN	NaN	NaN	NaN	NaN	NaN	NaN	NaN
406.991108	0.000000	0.000000	0.000000	-1097.100000	3.000000	1070.300000	3.000000	-820.300000	3.000000	NaN	NaN	NaN	NaN	NaN	NaN	NaN	NaN	NaN
407.991104	0.000000	0.000000	0.000000	-1098.400000	3.000000	1070.600000	3.000000	-821.300000	3.000000	NaN	NaN	NaN	NaN	NaN	NaN	NaN	NaN	NaN
408.990161	0.000000	0.000000	0.000000	-1098.700000	3.000000	1071.000000	3.000000	-820.500000	3.000000	NaN	NaN	NaN	NaN	NaN	NaN	NaN	NaN	NaN
409.990225	0.000000	0.000000	0.000000	-1099.300000	3.000000	1071.200000	3.000000	-822.000000	3.000000	NaN	NaN	NaN	NaN	NaN	NaN	NaN	NaN	NaN
410.990169	0.000000	0.000000	0.000000	-1099.000000	3.000000	1071.500000	3.000000	-822.900000	3.000000	NaN	NaN	NaN	NaN	NaN	NaN	NaN	NaN	NaN
411.990204	0.000000	0.000000	0.000000	-1099.500000	3.000000	1071.800000	3.000000	-822.900000	3.000000	NaN	NaN	NaN	NaN	NaN	NaN	NaN	NaN	NaN
412.990267	0.000000	0.000000	0.000000	-1099.800000	3.000000	1072.200000	3.000000	-822.700000	3.000000	NaN	NaN	NaN	NaN	NaN	NaN	NaN	NaN	NaN
413.990381	0.000000	0.000000	0.000000	-1099.800000	3.000000	1072.500000	3.000000	-824.800000	3.000000	NaN	NaN	NaN	NaN	NaN	NaN	NaN	NaN	NaN
414.990406	0.000000	0.000000	0.000000	-1099.700000	3.000000	1072.800000	3.000000	-825.800000	3.000000	NaN	NaN	NaN	NaN	NaN	NaN	NaN	NaN	NaN
415.990397	0.000000	0.000000	0.000000	-1100.400000	3.000000	1073.000000	3.000000	-826.700000	3.000000	NaN	NaN	NaN	NaN	NaN	NaN	NaN	NaN	NaN
416.990448	0.000000	0.000000	0.000000	-1101.400000	3.000000	1073.400000	3.000000	-825.700000	3.000000	NaN	NaN	NaN	NaN	NaN	NaN	NaN	NaN	NaN
417.990443	0.000000	0.000000	0.000000	-1101.200000	3.000000	1073.800000	3.000000	-827.400000	3.000000	NaN	NaN	NaN	NaN	NaN	NaN	NaN	NaN	NaN
418.990441	0.000000	0.000000	0.000000	-1101.600000	3.000000	1074.100000	3.000000	-827.000000	3.000000	NaN	NaN	NaN	NaN	NaN	NaN	NaN	NaN	NaN
419.990509	0.000000	0.000000	0.000000	-1102.200000	3.000000	1074.300000	3.000000	-826.700000	3.000000	NaN	NaN	NaN	NaN	NaN	NaN	NaN	NaN	NaN
420.990528	0.000000	0.000000	0.000000	-1102.500000	3.000000	1074.700000	3.000000	-825.300000	3.000000	NaN	NaN	NaN	NaN	NaN	NaN	NaN	NaN	NaN
421.990608	0.000000	0.000000	0.000000	-1102.100000	3.000000	1075.000000	3.000000	-826.200000	3.000000	NaN	NaN	NaN	NaN	NaN	NaN	NaN	NaN	NaN
422.990617	0.000000	0.000000	0.000000	-1102.000000	3.000000	1075.300000	3.000000	-826.400000	3.000000	NaN	NaN	NaN	NaN	NaN	NaN	NaN	NaN	NaN
423.990657	0.000000	0.000000	0.000000	-1102.700000	3.000000	1075.700000	3.000000	-828.200000	3.000000	NaN	NaN	NaN	NaN	NaN	NaN	NaN	NaN	NaN
424.990648	0.000000	0.000000	0.000000	-1103.000000	3.000000	1076.100000	3.000000	-829.200000	3.000000	NaN	NaN	NaN	NaN	NaN	NaN	NaN	NaN	NaN
425.989677	0.000000	0.000000	0.000000	-1103.400000	3.000000	1076.300000	3.000000	-829.600000	3.000000	NaN	NaN	NaN	NaN	NaN	NaN	NaN	NaN	NaN
426.989721	0.000000	0.000000	0.000000	-1103.800000	3.000000	1076.600000	3.000000	-829.500000	3.000000	NaN	NaN	NaN	NaN	NaN	NaN	NaN	NaN	NaN
427.989746	0.000000	0.000000	0.000000	-1103.600000	3.000000	1076.900000	3.000000	-831.700000	3.000000	NaN	NaN	NaN	NaN	NaN	NaN	NaN	NaN	NaN
428.989715	0.000000	0.000000	0.000000	-1104.600000	3.000000	1077.200000	3.000000	-830.300000	3.000000	NaN	NaN	NaN	NaN	NaN	NaN	NaN	NaN	NaN
429.989750	0.000000	0.000000	0.000000	-1106.000000	3.000000	1077.600000	3.000000	-831.000000	3.000000	NaN	NaN	NaN	NaN	NaN	NaN	NaN	NaN	NaN
430.989778	0.000000	0.000000	0.000000	-1105.900000	3.000000	1077.900000	3.000000	-831.200000	3.000000	NaN	NaN	NaN	NaN	NaN	NaN	NaN	NaN	NaN
431.989803	0.000000	0.000000	0.000000	-1106.700000	3.000000	1078.200000	3.000000	-832.600000	3.000000	NaN	NaN	NaN	NaN	NaN	NaN	NaN	NaN	NaN
432.989825	0.000000	0.000000	0.000000	-1106.700000	3.000000	1078.600000	3.000000	-832.700000	3.000000	NaN	NaN	NaN	NaN	NaN	NaN	NaN	NaN	NaN
433.989948	0.000000	0.000000	0.000000	-1106.700000	3.000000	1078.800000	3.000000	-831.600000	3.000000	NaN	NaN	NaN	NaN	NaN	NaN	NaN	NaN	NaN
434.989912	0.000000	0.000000	0.000000	-1106.200000	3.000000	1079.100000	3.000000	-833.900000	3.000000	NaN	NaN	NaN	NaN	NaN	NaN	NaN	NaN	NaN
435.989952	0.000000	0.000000	0.000000	-1107.100000	3.000000	1079.400000	3.000000	-832.600000	3.000000	NaN	NaN	NaN	NaN	NaN	NaN	NaN	NaN	NaN
436.990007	0.000000	0.000000	0.000000	-1107.200000	3.000000	1079.700000	3.000000	-833.400000	3.000000	NaN	NaN	NaN	NaN	NaN	NaN	NaN	NaN	NaN
437.990002	0.000000	0.000000	0.000000	-1107.500000	3.000000	1080.100000	3.000000	-835.900000	3.000000	NaN	NaN	NaN	NaN	NaN	NaN	NaN	NaN	NaN
438.990063	0.000000	0.000000	0.000000	-1107.800000	3.000000	1080.400000	3.000000	-836.000000	3.000000	NaN	NaN	NaN	NaN	NaN	NaN	NaN	NaN	NaN
439.990044	0.000000	0.000000	0.000000	-1108.100000	3.000000	1080.700000	3.000000	-837.700000	3.000000	NaN	NaN	NaN	NaN	NaN	NaN	NaN	NaN	NaN
440.990097	0.000000	0.000000	0.000000	-1108.500000	3.000000	1081.000000	3.000000	-838.000000	3.000000	NaN	NaN	NaN	NaN	NaN	NaN	NaN	NaN	NaN
441.990155	0.000000	0.000000	0.000000	-1109.000000	3.000000	1081.500000	3.000000	-837.700000	3.000000	NaN	NaN	NaN	NaN	NaN	NaN	NaN	NaN	NaN
442.990139	0.000000	0.000000	0.000000	-1109.200000	3.000000	1081.600000	3.000000	-837.500000	3.000000	NaN	NaN	NaN	NaN	NaN	NaN	NaN	NaN	NaN
443.989167	0.000000	0.000000	0.000000	-1109.200000	3.000000	1082.100000	3.000000	-838.900000	3.000000	NaN	NaN	NaN	NaN	NaN	NaN	NaN	NaN	NaN
444.989199	0.000000	0.000000	0.000000	-1109.300000	3.000000	1082.400000	3.000000	-839.900000	3.000000	NaN	NaN	NaN	NaN	NaN	NaN	NaN	NaN	NaN
445.989194	0.000000	0.000000	0.000000	-1109.900000	3.000000	1082.800000	3.000000	-839.400000	3.000000	NaN	NaN	NaN	NaN	NaN	NaN	NaN	NaN	NaN
446.989286	0.000000	0.000000	0.000000	-1109.800000	3.000000	1083.000000	3.000000	-837.300000	3.000000	NaN	NaN	NaN	NaN	NaN	NaN	NaN	NaN	NaN
447.989315	0.000000	0.000000	0.000000	-1110.100000	3.000000	1083.300000	3.000000	-840.500000	3.000000	NaN	NaN	NaN	NaN	NaN	NaN	NaN	NaN	NaN
448.989306	0.000000	0.000000	0.000000	-1111.000000	3.000000	1083.700000	3.000000	-841.000000	3.000000	NaN	NaN	NaN	NaN	NaN	NaN	NaN	NaN	NaN
449.989369	0.000000	0.000000	0.000000	-1111.900000	3.000000	1083.900000	3.000000	-840.100000	3.000000	NaN	NaN	NaN	NaN	NaN	NaN	NaN	NaN	NaN
450.989409	0.000000	0.000000	0.000000	-1112.900000	3.000000	1084.200000	3.000000	-841.300000	3.000000	NaN	NaN	NaN	NaN	NaN	NaN	NaN	NaN	NaN
451.989387	0.000000	0.000000	0.000000	-1112.800000	3.000000	1084.600000	3.000000	-842.300000	3.000000	NaN	NaN	NaN	NaN	NaN	NaN	NaN	NaN	NaN
452.989445	0.000000	0.000000	0.000000	-1113.700000	3.000000	1084.900000	3.000000	-842.600000	3.000000	NaN	NaN	NaN	NaN	NaN	NaN	NaN	NaN	NaN
453.989403	0.000000	0.000000	0.000000	-1113.600000	3.000000	1085.300000	3.000000	-842.100000	3.000000	NaN	NaN	NaN	NaN	NaN	NaN	NaN	NaN	NaN
454.989576	0.000000	0.000000	0.000000	-1114.900000	3.000000	1085.600000	3.000000	-842.400000	3.000000	NaN	NaN	NaN	NaN	NaN	NaN	NaN	NaN	NaN
455.989525	0.000000	0.000000	0.000000	-1113.100000	3.000000	1085.900000	3.000000	-843.900000	3.000000	NaN	NaN	NaN	NaN	NaN	NaN	NaN	NaN	NaN
456.989522	0.000000	0.000000	0.000000	-1113.500000	3.000000	1086.100000	3.000000	-844.800000	3.000000	NaN	NaN	NaN	NaN	NaN	NaN	NaN	NaN	NaN
457.989554	0.000000	0.000000	0.000000	-1113.300000	3.000000	1086.400000	3.000000	-844.400000	3.000000	NaN	NaN	NaN	NaN	NaN	NaN	NaN	NaN	NaN
458.989538	0.000000	0.000000	0.000000	-1114.500000	3.000000	1086.600000	3.000000	-845.000000	3.000000	NaN	NaN	NaN	NaN	NaN	NaN	NaN	NaN	NaN
459.989676	0.000000	0.000000	0.000000	-1114.800000	3.000000	1086.800000	3.000000	-845.100000	3.000000	NaN	NaN	NaN	NaN	NaN	NaN	NaN	NaN	NaN
460.988636	0.000000	0.000000	0.000000	-1114.100000	3.000000	1087.100000	3.000000	-847.400000	3.000000	NaN	NaN	NaN	NaN	NaN	NaN	NaN	NaN	NaN
461.988701	0.000000	0.000000	0.000000	-1114.600000	3.000000	1087.200000	3.000000	-848.200000	3.000000	NaN	NaN	NaN	NaN	NaN	NaN	NaN	NaN	NaN
462.988734	0.000000	0.000000	0.000000	-1115.100000	3.000000	1087.500000	3.000000	-849.000000	3.000000	NaN	NaN	NaN	NaN	NaN	NaN	NaN	NaN	NaN
463.988763	0.000000	0.000000	0.000000	-1114.800000	3.000000	1087.700000	3.000000	-847.900000	3.000000	NaN	NaN	NaN	NaN	NaN	NaN	NaN	NaN	NaN
464.988812	0.000000	0.000000	0.000000	-1115.900000	3.000000	1087.900000	3.000000	-847.800000	3.000000	NaN	NaN	NaN	NaN	NaN	NaN	NaN	NaN	NaN
465.988756	0.000000	0.000000	0.000000	-1116.000000	3.000000	1088.100000	3.000000	-847.700000	3.000000	NaN	NaN	NaN	NaN	NaN	NaN	NaN	NaN	NaN
466.988769	0.000000	0.000000	0.000000	-1115.300000	3.000000	1088.200000	3.000000	-848.200000	3.000000	NaN	NaN	NaN	NaN	NaN	NaN	NaN	NaN	NaN
467.988830	0.000000	0.000000	0.000000	-1115.600000	3.000000	1088.300000	3.000000	-847.300000	3.000000	NaN	NaN	NaN	NaN	NaN	NaN	NaN	NaN	NaN
468.988819	0.000000	0.000000	0.000000	-1115.900000	3.000000	1088.500000	3.000000	-851.000000	3.000000	NaN	NaN	NaN	NaN	NaN	NaN	NaN	NaN	NaN
469.988875	0.000000	0.000000	0.000000	-1116.200000	3.000000	1088.700000	3.000000	-849.200000	3.000000	NaN	NaN	NaN	NaN	NaN	NaN	NaN	NaN	NaN
470.988943	0.000000	0.000000	0.000000	-1115.100000	3.000000	1088.900000	3.000000	-849.100000	3.000000	NaN	NaN	NaN	NaN	NaN	NaN	NaN	NaN	NaN
471.988945	0.000000	0.000000	0.000000	-1116.700000	3.000000	1089.100000	3.000000	-848.700000	3.000000	NaN	NaN	NaN	NaN	NaN	NaN	NaN	NaN	NaN
472.988907	0.000000	0.000000	0.000000	-1118.100000	3.000000	1089.200000	3.000000	-849.900000	3.000000	NaN	NaN	NaN	NaN	NaN	NaN	NaN	NaN	NaN
473.988954	0.000000	0.000000	0.000000	-1118.500000	3.000000	1089.300000	3.000000	-853.100000	3.000000	NaN	NaN	NaN	NaN	NaN	NaN	NaN	NaN	NaN
474.989020	0.000000	0.000000	0.000000	-1117.700000	3.000000	1089.500000	3.000000	-851.700000	3.000000	NaN	NaN	NaN	NaN	NaN	NaN	NaN	NaN	NaN
475.989003	0.000000	0.000000	0.000000	-1119.500000	3.000000	1089.600000	3.000000	-850.800000	3.000000	NaN	NaN	NaN	NaN	NaN	NaN	NaN	NaN	NaN
476.989073	0.000000	0.000000	0.000000	-1118.000000	3.000000	1089.800000	3.000000	-848.900000	3.000000	NaN	NaN	NaN	NaN	NaN	NaN	NaN	NaN	NaN
477.988051	0.000000	0.000000	0.000000	-1119.700000	3.000000	1089.900000	3.000000	-850.100000	3.000000	NaN	NaN	NaN	NaN	NaN	NaN	NaN	NaN	NaN
478.988093	0.000000	0.000000	0.000000	-1120.200000	3.000000	1090.100000	3.000000	-849.700000	3.000000	NaN	NaN	NaN	NaN	NaN	NaN	NaN	NaN	NaN
479.988129	0.000000	0.000000	0.000000	-1120.800000	3.000000	1090.300000	3.000000	-850.100000	3.000000	NaN	NaN	NaN	NaN	NaN	NaN	NaN	NaN	NaN
480.988194	0.000000	0.000000	0.000000	-1121.000000	3.000000	1090.400000	3.000000	-851.700000	3.000000	NaN	NaN	NaN	NaN	NaN	NaN	NaN	NaN	NaN
481.988156	0.000000	0.000000	0.000000	-1120.100000	3.000000	1090.500000	3.000000	-851.800000	3.000000	NaN	NaN	NaN	NaN	NaN	NaN	NaN	NaN	NaN
482.988184	0.000000	0.000000	0.000000	-1121.000000	3.000000	1090.600000	3.000000	-851.700000	3.000000	NaN	NaN	NaN	NaN	NaN	NaN	NaN	NaN	NaN
483.988225	0.000000	0.000000	0.000000	-1120.900000	3.000000	1090.700000	3.000000	-853.500000	3.000000	NaN	NaN	NaN	NaN	NaN	NaN	NaN	NaN	NaN
484.988266	0.000000	0.000000	0.000000	-1121.300000	3.000000	1090.800000	3.000000	-852.800000	3.000000	NaN	NaN	NaN	NaN	NaN	NaN	NaN	NaN	NaN
485.988289	0.000000	0.000000	0.000000	-1121.200000	3.000000	1090.900000	3.000000	-853.600000	3.000000	NaN	NaN	NaN	NaN	NaN	NaN	NaN	NaN	NaN
486.988357	0.000000	0.000000	0.000000	-1121.100000	3.000000	1091.000000	3.000000	-853.800000	3.000000	NaN	NaN	NaN	NaN	NaN	NaN	NaN	NaN	NaN
487.988351	0.000000	0.000000	0.000000	-1122.000000	3.000000	1091.100000	3.000000	-855.500000	3.000000	NaN	NaN	NaN	NaN	NaN	NaN	NaN	NaN	NaN
488.988427	0.000000	0.000000	0.000000	-1123.600000	3.000000	1091.200000	3.000000	-855.700000	3.000000	NaN	NaN	NaN	NaN	NaN	NaN	NaN	NaN	NaN
489.988397	0.000000	0.000000	0.000000	-1123.500000	3.000000	1091.300000	3.000000	-854.400000	3.000000	NaN	NaN	NaN	NaN	NaN	NaN	NaN	NaN	NaN
490.988484	0.000000	0.000000	0.000000	-1124.800000	3.000000	1091.400000	3.000000	-854.700000	3.000000	NaN	NaN	NaN	NaN	NaN	NaN	NaN	NaN	NaN
491.988434	0.000000	0.000000	0.000000	-1125.400000	3.000000	1091.400000	3.000000	-855.500000	3.000000	NaN	NaN	NaN	NaN	NaN	NaN	NaN	NaN	NaN
492.988457	0.000000	0.000000	0.000000	-1125.100000	3.000000	1091.500000	3.000000	-855.100000	3.000000	NaN	NaN	NaN	NaN	NaN	NaN	NaN	NaN	NaN
493.988555	0.000000	0.000000	0.000000	-1125.200000	3.000000	1091.600000	3.000000	-856.500000	3.000000	NaN	NaN	NaN	NaN	NaN	NaN	NaN	NaN	NaN
494.988548	0.000000	0.000000	0.000000	-1125.300000	3.000000	1091.700000	3.000000	-855.700000	3.000000	NaN	NaN	NaN	NaN	NaN	NaN	NaN	NaN	NaN
495.987591	0.000000	0.000000	0.000000	-1124.600000	3.000000	1091.700000	3.000000	-857.100000	3.000000	NaN	NaN	NaN	NaN	NaN	NaN	NaN	NaN	NaN
496.987629	0.000000	0.000000	0.000000	-1123.900000	3.000000	1091.900000	3.000000	-856.800000	3.000000	NaN	NaN	NaN	NaN	NaN	NaN	NaN	NaN	NaN
497.987613	0.000000	0.000000	0.000000	-1124.500000	3.000000	1092.000000	3.000000	-857.900000	3.000000	NaN	NaN	NaN	NaN	NaN	NaN	NaN	NaN	NaN
498.987670	0.000000	0.000000	0.000000	-1124.500000	3.000000	1092.000000	3.000000	-858.300000	3.000000	NaN	NaN	NaN	NaN	NaN	NaN	NaN	NaN	NaN
499.987701	0.000000	0.000000	0.000000	-1123.200000	3.000000	1092.100000	3.000000	-858.200000	3.000000	NaN	NaN	NaN	NaN	NaN	NaN	NaN	NaN	NaN
500.987731	0.000000	0.000000	0.000000	-1123.800000	3.000000	1092.200000	3.000000	-858.800000	3.000000	NaN	NaN	NaN	NaN	NaN	NaN	NaN	NaN	NaN
501.988539	0.000000	0.000000	0.000000	-1124.200000	3.000000	1092.300000	3.000000	-859.900000	3.000000	NaN	NaN	NaN	NaN	NaN	NaN	NaN	NaN	NaN
502.987729	0.000000	0.000000	0.000000	-1124.600000	3.000000	1092.300000	3.000000	-860.000000	3.000000	NaN	NaN	NaN	NaN	NaN	NaN	NaN	NaN	NaN
503.987771	0.000000	0.000000	0.000000	-1125.200000	3.000000	1092.400000	3.000000	-859.800000	3.000000	NaN	NaN	NaN	NaN	NaN	NaN	NaN	NaN	NaN
504.987849	0.000000	0.000000	0.000000	-1124.100000	3.000000	1092.500000	3.000000	-860.500000	3.000000	NaN	NaN	NaN	NaN	NaN	NaN	NaN	NaN	NaN
505.987838	0.000000	0.000000	0.000000	-1124.000000	3.000000	1092.600000	3.000000	-860.600000	3.000000	NaN	NaN	NaN	NaN	NaN	NaN	NaN	NaN	NaN
506.987900	0.000000	0.000000	0.000000	-1124.400000	3.000000	1092.800000	3.000000	-860.000000	3.000000	NaN	NaN	NaN	NaN	NaN	NaN	NaN	NaN	NaN
507.987935	0.000000	0.000000	0.000000	-1125.900000	3.000000	1093.100000	3.000000	-861.300000	3.000000	NaN	NaN	NaN	NaN	NaN	NaN	NaN	NaN	NaN
508.987946	0.000000	0.000000	0.000000	-1125.000000	3.000000	1093.200000	3.000000	-860.800000	3.000000	NaN	NaN	NaN	NaN	NaN	NaN	NaN	NaN	NaN
509.987990	0.000000	0.000000	0.000000	-1124.300000	3.000000	1093.200000	3.000000	-859.500000	3.000000	NaN	NaN	NaN	NaN	NaN	NaN	NaN	NaN	NaN
510.987998	0.000000	0.000000	0.000000	-1122.900000	3.000000	1093.200000	3.000000	-860.000000	3.000000	NaN	NaN	NaN	NaN	NaN	NaN	NaN	NaN	NaN
511.988036	0.000000	0.000000	0.000000	-1123.600000	3.000000	1093.200000	3.000000	-860.800000	3.000000	NaN	NaN	NaN	NaN	NaN	NaN	NaN	NaN	NaN
512.987023	0.000000	0.000000	0.000000	-1123.100000	3.000000	1093.200000	3.000000	-861.900000	3.000000	NaN	NaN	NaN	NaN	NaN	NaN	NaN	NaN	NaN
513.987013	0.000000	0.000000	0.000000	-1124.700000	3.000000	1093.200000	3.000000	-862.600000	3.000000	NaN	NaN	NaN	NaN	NaN	NaN	NaN	NaN	NaN
514.987052	0.000000	0.000000	0.000000	-1124.200000	3.000000	1093.200000	3.000000	-863.800000	3.000000	NaN	NaN	NaN	NaN	NaN	NaN	NaN	NaN	NaN
515.987136	0.000000	0.000000	0.000000	-1124.500000	3.000000	1093.100000	3.000000	-861.100000	3.000000	NaN	NaN	NaN	NaN	NaN	NaN	NaN	NaN	NaN
516.987163	0.000000	0.000000	0.000000	-1125.100000	3.000000	1093.100000	3.000000	-861.700000	3.000000	NaN	NaN	NaN	NaN	NaN	NaN	NaN	NaN	NaN
517.987172	0.000000	0.000000	0.000000	-1124.000000	3.000000	1093.100000	3.000000	-861.600000	3.000000	NaN	NaN	NaN	NaN	NaN	NaN	NaN	NaN	NaN
518.987188	0.000000	0.000000	0.000000	-1124.400000	3.000000	1093.100000	3.000000	-861.200000	3.000000	NaN	NaN	NaN	NaN	NaN	NaN	NaN	NaN	NaN
519.987252	0.000000	0.000000	0.000000	-1123.600000	3.000000	1093.100000	3.000000	-862.900000	3.000000	NaN	NaN	NaN	NaN	NaN	NaN	NaN	NaN	NaN
520.987317	0.000000	0.000000	0.000000	-1123.200000	3.000000	1093.100000	3.000000	-862.800000	3.000000	NaN	NaN	NaN	NaN	NaN	NaN	NaN	NaN	NaN
521.987310	0.000000	0.000000	0.000000	-1123.900000	3.000000	1093.200000	3.000000	-862.800000	3.000000	NaN	NaN	NaN	NaN	NaN	NaN	NaN	NaN	NaN
522.987290	0.000000	0.000000	0.000000	-1124.900000	3.000000	1093.200000	3.000000	-862.800000	3.000000	NaN	NaN	NaN	NaN	NaN	NaN	NaN	NaN	NaN
523.987318	0.000000	0.000000	0.000000	-1124.300000	3.000000	1093.200000	3.000000	-864.600000	3.000000	NaN	NaN	NaN	NaN	NaN	NaN	NaN	NaN	NaN
524.987355	0.000000	0.000000	0.000000	-1123.400000	3.000000	1093.100000	3.000000	-865.400000	3.000000	NaN	NaN	NaN	NaN	NaN	NaN	NaN	NaN	NaN
525.987432	0.000000	0.000000	0.000000	-1124.900000	3.000000	1093.200000	3.000000	-864.800000	3.000000	NaN	NaN	NaN	NaN	NaN	NaN	NaN	NaN	NaN
526.987405	0.000000	0.000000	0.000000	-1123.600000	3.000000	1093.100000	3.000000	-864.800000	3.000000	NaN	NaN	NaN	NaN	NaN	NaN	NaN	NaN	NaN
527.987482	0.000000	0.000000	0.000000	-1125.100000	3.000000	1093.100000	3.000000	-863.700000	3.000000	NaN	NaN	NaN	NaN	NaN	NaN	NaN	NaN	NaN
528.987503	0.000000	0.000000	0.000000	-1124.300000	3.000000	1093.100000	3.000000	-865.600000	3.000000	NaN	NaN	NaN	NaN	NaN	NaN	NaN	NaN	NaN
529.987527	0.000000	0.000000	0.000000	-1124.600000	3.000000	1093.100000	3.000000	-866.000000	3.000000	NaN	NaN	NaN	NaN	NaN	NaN	NaN	NaN	NaN
530.986591	0.000000	0.000000	0.000000	-1124.000000	3.000000	1093.200000	3.000000	-865.300000	3.000000	NaN	NaN	NaN	NaN	NaN	NaN	NaN	NaN	NaN
531.986588	0.000000	0.000000	0.000000	-1123.900000	3.000000	1093.200000	3.000000	-865.600000	3.000000	NaN	NaN	NaN	NaN	NaN	NaN	NaN	NaN	NaN
532.986580	0.000000	0.000000	0.000000	-1123.500000	3.000000	1093.200000	3.000000	-864.400000	3.000000	NaN	NaN	NaN	NaN	NaN	NaN	NaN	NaN	NaN
533.986598	0.000000	0.000000	0.000000	-1123.800000	3.000000	1093.200000	3.000000	-866.600000	3.000000	NaN	NaN	NaN	NaN	NaN	NaN	NaN	NaN	NaN
534.986637	0.000000	0.000000	0.000000	-1124.000000	3.000000	1093.200000	3.000000	-865.400000	3.000000	NaN	NaN	NaN	NaN	NaN	NaN	NaN	NaN	NaN
535.986646	0.000000	0.000000	0.000000	-1124.100000	3.000000	1093.100000	3.000000	-865.100000	3.000000	NaN	NaN	NaN	NaN	NaN	NaN	NaN	NaN	NaN
536.986673	0.000000	0.000000	0.000000	-1125.400000	3.000000	1093.100000	3.000000	-864.500000	3.000000	NaN	NaN	NaN	NaN	NaN	NaN	NaN	NaN	NaN
537.986747	0.000000	0.000000	0.000000	-1125.800000	3.000000	1093.100000	3.000000	-865.900000	3.000000	NaN	NaN	NaN	NaN	NaN	NaN	NaN	NaN	NaN
538.986827	0.000000	0.000000	0.000000	-1127.700000	3.000000	1093.100000	3.000000	-864.500000	3.000000	NaN	NaN	NaN	NaN	NaN	NaN	NaN	NaN	NaN
539.986808	0.000000	0.000000	0.000000	-1125.700000	3.000000	1093.200000	3.000000	-865.900000	3.000000	NaN	NaN	NaN	NaN	NaN	NaN	NaN	NaN	NaN
540.986831	0.000000	0.000000	0.000000	-1127.800000	3.000000	1093.100000	3.000000	-866.200000	3.000000	NaN	NaN	NaN	NaN	NaN	NaN	NaN	NaN	NaN
541.986865	0.000000	0.000000	0.000000	-1127.000000	3.000000	1093.000000	3.000000	-866.100000	3.000000	NaN	NaN	NaN	NaN	NaN	NaN	NaN	NaN	NaN
542.986873	0.000000	0.000000	0.000000	-1127.000000	3.000000	1093.000000	3.000000	-867.000000	3.000000	NaN	NaN	NaN	NaN	NaN	NaN	NaN	NaN	NaN
543.986885	0.000000	0.000000	0.000000	-1127.100000	3.000000	1093.100000	3.000000	-866.500000	3.000000	NaN	NaN	NaN	NaN	NaN	NaN	NaN	NaN	NaN
544.986884	0.000000	0.000000	0.000000	-1125.700000	3.000000	1093.000000	3.000000	-868.200000	3.000000	NaN	NaN	NaN	NaN	NaN	NaN	NaN	NaN	NaN
545.986928	0.000000	0.000000	0.000000	-1126.700000	3.000000	1093.100000	3.000000	-866.900000	3.000000	NaN	NaN	NaN	NaN	NaN	NaN	NaN	NaN	NaN
546.986948	0.000000	0.000000	0.000000	-1127.800000	3.000000	1093.100000	3.000000	-867.800000	3.000000	NaN	NaN	NaN	NaN	NaN	NaN	NaN	NaN	NaN
547.986012	0.000000	0.000000	0.000000	-1126.600000	3.000000	1093.100000	3.000000	-868.000000	3.000000	NaN	NaN	NaN	NaN	NaN	NaN	NaN	NaN	NaN
548.986075	0.000000	0.000000	0.000000	-1127.100000	3.000000	1093.100000	3.000000	-867.500000	3.000000	NaN	NaN	NaN	NaN	NaN	NaN	NaN	NaN	NaN
549.986040	0.000000	0.000000	0.000000	-1126.900000	3.000000	1093.100000	3.000000	-868.200000	3.000000	NaN	NaN	NaN	NaN	NaN	NaN	NaN	NaN	NaN
550.986101	0.000000	0.000000	0.000000	-1126.700000	3.000000	1093.100000	3.000000	-867.500000	3.000000	NaN	NaN	NaN	NaN	NaN	NaN	NaN	NaN	NaN
551.986131	0.000000	0.000000	0.000000	-1127.100000	3.000000	1093.000000	3.000000	-868.300000	3.000000	NaN	NaN	NaN	NaN	NaN	NaN	NaN	NaN	NaN
552.986121	0.000000	0.000000	0.000000	-1127.600000	3.000000	1093.100000	3.000000	-870.600000	3.000000	NaN	NaN	NaN	NaN	NaN	NaN	NaN	NaN	NaN
553.986213	0.000000	0.000000	0.000000	-1127.700000	3.000000	1093.100000	3.000000	-867.000000	3.000000	NaN	NaN	NaN	NaN	NaN	NaN	NaN	NaN	NaN
554.986238	0.000000	0.000000	0.000000	-1126.800000	3.000000	1093.100000	3.000000	-868.500000	3.000000	NaN	NaN	NaN	NaN	NaN	NaN	NaN	NaN	NaN
555.986201	0.000000	0.000000	0.000000	-1127.700000	3.000000	1093.100000	3.000000	-868.900000	3.000000	NaN	NaN	NaN	NaN	NaN	NaN	NaN	NaN	NaN
556.986230	0.000000	0.000000	0.000000	-1127.100000	3.000000	1093.100000	3.000000	-866.800000	3.000000	NaN	NaN	NaN	NaN	NaN	NaN	NaN	NaN	NaN
557.986236	0.000000	0.000000	0.000000	-1127.600000	3.000000	1093.100000	3.000000	-868.300000	3.000000	NaN	NaN	NaN	NaN	NaN	NaN	NaN	NaN	NaN
558.986269	0.000000	0.000000	0.000000	-1127.700000	3.000000	1093.000000	3.000000	-868.800000	3.000000	NaN	NaN	NaN	NaN	NaN	NaN	NaN	NaN	NaN
559.986347	0.000000	0.000000	0.000000	-1127.400000	3.000000	1093.000000	3.000000	-868.400000	3.000000	NaN	NaN	NaN	NaN	NaN	NaN	NaN	NaN	NaN
560.986373	0.000000	0.000000	0.000000	-1127.400000	3.000000	1093.100000	3.000000	-868.400000	3.000000	NaN	NaN	NaN	NaN	NaN	NaN	NaN	NaN	NaN
561.986433	0.000000	0.000000	0.000000	-1127.900000	3.000000	1093.100000	3.000000	-870.100000	3.000000	NaN	NaN	NaN	NaN	NaN	NaN	NaN	NaN	NaN
562.986431	0.000000	0.000000	0.000000	-1128.200000	3.000000	1093.000000	3.000000	-872.600000	3.000000	NaN	NaN	NaN	NaN	NaN	NaN	NaN	NaN	NaN
563.986468	0.000000	0.000000	0.000000	-1127.400000	3.000000	1093.100000	3.000000	-870.000000	3.000000	NaN	NaN	NaN	NaN	NaN	NaN	NaN	NaN	NaN
564.986447	0.000000	0.000000	0.000000	-1127.200000	3.000000	1093.100000	3.000000	-870.200000	3.000000	NaN	NaN	NaN	NaN	NaN	NaN	NaN	NaN	NaN
565.985450	0.000000	0.000000	0.000000	-1126.900000	3.000000	1093.200000	3.000000	-870.800000	3.000000	NaN	NaN	NaN	NaN	NaN	NaN	NaN	NaN	NaN
566.985506	0.000000	0.000000	0.000000	-1127.200000	3.000000	1093.200000	3.000000	-870.200000	3.000000	NaN	NaN	NaN	NaN	NaN	NaN	NaN	NaN	NaN
567.985575	0.000000	0.000000	0.000000	-1126.800000	3.000000	1093.200000	3.000000	-869.400000	3.000000	NaN	NaN	NaN	NaN	NaN	NaN	NaN	NaN	NaN
568.985543	0.000000	0.000000	0.000000	-1127.600000	3.000000	1093.200000	3.000000	-871.200000	3.000000	NaN	NaN	NaN	NaN	NaN	NaN	NaN	NaN	NaN
569.985588	0.000000	0.000000	0.000000	-1127.500000	3.000000	1093.100000	3.000000	-873.400000	3.000000	NaN	NaN	NaN	NaN	NaN	NaN	NaN	NaN	NaN
570.985614	0.000000	0.000000	0.000000	-1127.400000	3.000000	1093.100000	3.000000	-870.100000	3.000000	NaN	NaN	NaN	NaN	NaN	NaN	NaN	NaN	NaN
571.985653	0.000000	0.000000	0.000000	-1127.300000	3.000000	1093.100000	3.000000	-870.200000	3.000000	NaN	NaN	NaN	NaN	NaN	NaN	NaN	NaN	NaN
572.985705	0.000000	0.000000	0.000000	-1127.100000	3.000000	1093.200000	3.000000	-869.500000	3.000000	NaN	NaN	NaN	NaN	NaN	NaN	NaN	NaN	NaN
573.985679	0.000000	0.000000	0.000000	-1126.900000	3.000000	1093.200000	3.000000	-873.700000	3.000000	NaN	NaN	NaN	NaN	NaN	NaN	NaN	NaN	NaN
574.985723	0.000000	0.000000	0.000000	-1126.900000	3.000000	1093.100000	3.000000	-873.900000	3.000000	NaN	NaN	NaN	NaN	NaN	NaN	NaN	NaN	NaN
575.985782	0.000000	0.000000	0.000000	-1127.300000	3.000000	1093.200000	3.000000	-870.800000	3.000000	NaN	NaN	NaN	NaN	NaN	NaN	NaN	NaN	NaN
576.985777	0.000000	0.000000	0.000000	-1128.200000	3.000000	1093.100000	3.000000	-872.600000	3.000000	NaN	NaN	NaN	NaN	NaN	NaN	NaN	NaN	NaN
577.985822	0.000000	0.000000	0.000000	-1127.400000	3.000000	1093.200000	3.000000	-871.300000	3.000000	NaN	NaN	NaN	NaN	NaN	NaN	NaN	NaN	NaN
578.985819	0.000000	0.000000	0.000000	-1127.700000	3.000000	1093.200000	3.000000	-874.600000	3.000000	NaN	NaN	NaN	NaN	NaN	NaN	NaN	NaN	NaN
579.985885	0.000000	0.000000	0.000000	-1127.300000	3.000000	1093.300000	3.000000	-871.100000	3.000000	NaN	NaN	NaN	NaN	NaN	NaN	NaN	NaN	NaN
580.985894	0.000000	0.000000	0.000000	-1128.000000	3.000000	1093.200000	3.000000	-871.400000	3.000000	NaN	NaN	NaN	NaN	NaN	NaN	NaN	NaN	NaN
581.985946	0.000000	0.000000	0.000000	-1127.500000	3.000000	1093.200000	3.000000	-874.600000	3.000000	NaN	NaN	NaN	NaN	NaN	NaN	NaN	NaN	NaN
582.984975	0.000000	0.000000	0.000000	-1127.300000	3.000000	1093.300000	3.000000	-874.800000	3.000000	NaN	NaN	NaN	NaN	NaN	NaN	NaN	NaN	NaN
583.985040	0.000000	0.000000	0.000000	-1127.300000	3.000000	1093.300000	3.000000	-875.300000	3.000000	NaN	NaN	NaN	NaN	NaN	NaN	NaN	NaN	NaN
584.985068	0.000000	0.000000	0.000000	-1126.800000	3.000000	1093.200000	3.000000	-876.400000	3.000000	NaN	NaN	NaN	NaN	NaN	NaN	NaN	NaN	NaN
585.985066	0.000000	0.000000	0.000000	-1126.800000	3.000000	1093.100000	3.000000	-872.900000	3.000000	NaN	NaN	NaN	NaN	NaN	NaN	NaN	NaN	NaN
586.985052	0.000000	0.000000	0.000000	-1126.500000	3.000000	1093.100000	3.000000	-872.000000	3.000000	NaN	NaN	NaN	NaN	NaN	NaN	NaN	NaN	NaN
587.985074	0.000000	0.000000	0.000000	-1126.800000	3.000000	1093.100000	3.000000	-872.800000	3.000000	NaN	NaN	NaN	NaN	NaN	NaN	NaN	NaN	NaN
588.985084	0.000000	0.000000	0.000000	-1127.000000	3.000000	1093.100000	3.000000	-873.200000	3.000000	NaN	NaN	NaN	NaN	NaN	NaN	NaN	NaN	NaN
589.985154	0.000000	0.000000	0.000000	-1127.100000	3.000000	1093.200000	3.000000	-873.000000	3.000000	NaN	NaN	NaN	NaN	NaN	NaN	NaN	NaN	NaN
590.985190	0.000000	0.000000	0.000000	-1127.200000	3.000000	1093.200000	3.000000	-875.000000	3.000000	NaN	NaN	NaN	NaN	NaN	NaN	NaN	NaN	NaN
591.985240	0.000000	0.000000	0.000000	-1127.000000	3.000000	1093.200000	3.000000	-874.700000	3.000000	NaN	NaN	NaN	NaN	NaN	NaN	NaN	NaN	NaN
592.985220	0.000000	0.000000	0.000000	-1127.200000	3.000000	1093.200000	3.000000	-873.000000	3.000000	NaN	NaN	NaN	NaN	NaN	NaN	NaN	NaN	NaN
593.985289	0.000000	0.000000	0.000000	-1127.900000	3.000000	1093.200000	3.000000	-873.400000	3.000000	NaN	NaN	NaN	NaN	NaN	NaN	NaN	NaN	NaN
594.985310	0.000000	0.000000	0.000000	-1126.300000	3.000000	1093.200000	3.000000	-871.800000	3.000000	NaN	NaN	NaN	NaN	NaN	NaN	NaN	NaN	NaN
595.985387	0.000000	0.000000	0.000000	-1126.800000	3.000000	1093.100000	3.000000	-871.900000	3.000000	NaN	NaN	NaN	NaN	NaN	NaN	NaN	NaN	NaN
596.985473	0.000000	0.000000	0.000000	-1127.300000	3.000000	1093.100000	3.000000	-876.700000	3.000000	NaN	NaN	NaN	NaN	NaN	NaN	NaN	NaN	NaN
597.985354	0.000000	0.000000	0.000000	-1127.200000	3.000000	1093.100000	3.000000	-876.100000	3.000000	NaN	NaN	NaN	NaN	NaN	NaN	NaN	NaN	NaN
598.985332	0.000000	0.000000	0.000000	-1127.200000	3.000000	1093.200000	3.000000	-875.800000	3.000000	NaN	NaN	NaN	NaN	NaN	NaN	NaN	NaN	NaN
599.985466	0.000000	0.000000	0.000000	-1127.300000	3.000000	1093.100000	3.000000	-875.800000	3.000000	NaN	NaN	NaN	NaN	NaN	NaN	NaN	NaN	NaN
600.984471	0.000000	0.000000	0.000000	-1127.600000	3.000000	1093.200000	3.000000	-877.900000	3.000000	NaN	NaN	NaN	NaN	NaN	NaN	NaN	NaN	NaN
601.984515	0.000000	0.000000	0.000000	-1127.500000	3.000000	1093.300000	3.000000	-878.000000	3.000000	NaN	NaN	NaN	NaN	NaN	NaN	NaN	NaN	NaN
602.984497	0.000000	0.000000	0.000000	-1127.300000	3.000000	1093.300000	3.000000	-876.000000	3.000000	NaN	NaN	NaN	NaN	NaN	NaN	NaN	NaN	NaN
603.984564	0.000000	0.000000	0.000000	-1127.500000	3.000000	1093.300000	3.000000	-875.200000	3.000000	NaN	NaN	NaN	NaN	NaN	NaN	NaN	NaN	NaN
604.984651	0.000000	0.000000	0.000000	-1127.100000	3.000000	1093.300000	3.000000	-876.900000	3.000000	NaN	NaN	NaN	NaN	NaN	NaN	NaN	NaN	NaN
605.984626	0.000000	0.000000	0.000000	-1126.700000	3.000000	1093.200000	3.000000	-878.400000	3.000000	NaN	NaN	NaN	NaN	NaN	NaN	NaN	NaN	NaN
606.984671	0.000000	0.000000	0.000000	-1126.900000	3.000000	1093.300000	3.000000	-877.000000	3.000000	NaN	NaN	NaN	NaN	NaN	NaN	NaN	NaN	NaN
607.984661	0.000000	0.000000	0.000000	-1127.100000	3.000000	1093.300000	3.000000	-879.100000	3.000000	NaN	NaN	NaN	NaN	NaN	NaN	NaN	NaN	NaN
608.984630	0.000000	0.000000	0.000000	-1127.000000	3.000000	1093.300000	3.000000	-876.600000	3.000000	NaN	NaN	NaN	NaN	NaN	NaN	NaN	NaN	NaN
609.984732	0.000000	0.000000	0.000000	-1126.600000	3.000000	1093.200000	3.000000	-878.200000	3.000000	NaN	NaN	NaN	NaN	NaN	NaN	NaN	NaN	NaN
610.984730	0.000000	0.000000	0.000000	-1126.700000	3.000000	1093.200000	3.000000	-876.000000	3.000000	NaN	NaN	NaN	NaN	NaN	NaN	NaN	NaN	NaN
611.984787	0.000000	0.000000	0.000000	-1126.700000	3.000000	1093.300000	3.000000	-877.300000	3.000000	NaN	NaN	NaN	NaN	NaN	NaN	NaN	NaN	NaN
612.984820	0.000000	0.000000	0.000000	-1126.400000	3.000000	1093.300000	3.000000	-875.900000	3.000000	NaN	NaN	NaN	NaN	NaN	NaN	NaN	NaN	NaN
613.984832	0.000000	0.000000	0.000000	-1126.400000	3.000000	1093.300000	3.000000	-874.500000	3.000000	NaN	NaN	NaN	NaN	NaN	NaN	NaN	NaN	NaN
614.984853	0.000000	0.000000	0.000000	-1126.200000	3.000000	1093.300000	3.000000	-876.500000	3.000000	NaN	NaN	NaN	NaN	NaN	NaN	NaN	NaN	NaN
615.984883	0.000000	0.000000	0.000000	-1126.300000	3.000000	1093.200000	3.000000	-874.000000	3.000000	NaN	NaN	NaN	NaN	NaN	NaN	NaN	NaN	NaN
616.984913	0.000000	0.000000	0.000000	-1126.400000	3.000000	1093.200000	3.000000	-875.800000	3.000000	NaN	NaN	NaN	NaN	NaN	NaN	NaN	NaN	NaN
617.983958	0.000000	0.000000	0.000000	-1126.300000	3.000000	1093.300000	3.000000	-874.200000	3.000000	NaN	NaN	NaN	NaN	NaN	NaN	NaN	NaN	NaN
618.983904	0.000000	0.000000	0.000000	-1126.300000	3.000000	1093.300000	3.000000	-876.800000	3.000000	NaN	NaN	NaN	NaN	NaN	NaN	NaN	NaN	NaN
619.983959	0.000000	0.000000	0.000000	-1126.400000	3.000000	1093.300000	3.000000	-876.300000	3.000000	NaN	NaN	NaN	NaN	NaN	NaN	NaN	NaN	NaN
620.984004	0.000000	0.000000	0.000000	-1126.700000	3.000000	1093.200000	3.000000	-876.400000	3.000000	NaN	NaN	NaN	NaN	NaN	NaN	NaN	NaN	NaN
621.984040	0.000000	0.000000	0.000000	-1126.800000	3.000000	1093.200000	3.000000	-876.700000	3.000000	NaN	NaN	NaN	NaN	NaN	NaN	NaN	NaN	NaN
622.984079	0.000000	0.000000	0.000000	-1126.700000	3.000000	1093.300000	3.000000	-876.100000	3.000000	NaN	NaN	NaN	NaN	NaN	NaN	NaN	NaN	NaN
623.984126	0.000000	0.000000	0.000000	-1126.900000	3.000000	1093.400000	3.000000	-878.500000	3.000000	NaN	NaN	NaN	NaN	NaN	NaN	NaN	NaN	NaN
624.984190	0.000000	0.000000	0.000000	-1126.600000	3.000000	1093.300000	3.000000	-876.900000	3.000000	NaN	NaN	NaN	NaN	NaN	NaN	NaN	NaN	NaN
625.984205	0.000000	0.000000	0.000000	-1127.000000	3.000000	1093.300000	3.000000	-877.100000	3.000000	NaN	NaN	NaN	NaN	NaN	NaN	NaN	NaN	NaN
626.984143	0.000000	0.000000	0.000000	-1126.900000	3.000000	1093.200000	3.000000	-878.800000	3.000000	NaN	NaN	NaN	NaN	NaN	NaN	NaN	NaN	NaN
627.984222	0.000000	0.000000	0.000000	-1126.800000	3.000000	1093.300000	3.000000	-878.300000	3.000000	NaN	NaN	NaN	NaN	NaN	NaN	NaN	NaN	NaN
628.984183	0.000000	0.000000	0.000000	-1126.800000	3.000000	1093.300000	3.000000	-879.000000	3.000000	NaN	NaN	NaN	NaN	NaN	NaN	NaN	NaN	NaN
629.984202	0.000000	0.000000	0.000000	-1126.700000	3.000000	1093.300000	3.000000	-878.200000	3.000000	NaN	NaN	NaN	NaN	NaN	NaN	NaN	NaN	NaN
630.984282	0.000000	0.000000	0.000000	-1127.400000	3.000000	1093.300000	3.000000	-878.400000	3.000000	NaN	NaN	NaN	NaN	NaN	NaN	NaN	NaN	NaN
631.984317	0.000000	0.000000	0.000000	-1127.000000	3.000000	1093.400000	3.000000	-878.700000	3.000000	NaN	NaN	NaN	NaN	NaN	NaN	NaN	NaN	NaN
632.984339	0.000000	0.000000	0.000000	-1127.000000	3.000000	1093.300000	3.000000	-877.800000	3.000000	NaN	NaN	NaN	NaN	NaN	NaN	NaN	NaN	NaN
633.984373	0.000000	0.000000	0.000000	-1126.800000	3.000000	1093.300000	3.000000	-879.400000	3.000000	NaN	NaN	NaN	NaN	NaN	NaN	NaN	NaN	NaN
634.984382	0.000000	0.000000	0.000000	-1126.700000	3.000000	1093.200000	3.000000	-877.800000	3.000000	NaN	NaN	NaN	NaN	NaN	NaN	NaN	NaN	NaN
635.983529	0.000000	0.000000	0.000000	-1127.000000	3.000000	1093.300000	3.000000	-876.800000	3.000000	NaN	NaN	NaN	NaN	NaN	NaN	NaN	NaN	NaN
636.983421	0.000000	0.000000	0.000000	-1126.600000	3.000000	1093.300000	3.000000	-878.200000	3.000000	NaN	NaN	NaN	NaN	NaN	NaN	NaN	NaN	NaN
637.983490	0.000000	0.000000	0.000000	-1127.200000	3.000000	1093.300000	3.000000	-878.100000	3.000000	NaN	NaN	NaN	NaN	NaN	NaN	NaN	NaN	NaN
638.983802	0.000000	0.000000	0.000000	-1126.400000	3.000000	1093.300000	3.000000	-879.700000	3.000000	NaN	NaN	NaN	NaN	NaN	NaN	NaN	NaN	NaN
639.983499	0.000000	0.000000	0.000000	-1126.400000	3.000000	1093.300000	3.000000	-879.400000	3.000000	NaN	NaN	NaN	NaN	NaN	NaN	NaN	NaN	NaN
640.983520	0.000000	0.000000	0.000000	-1125.800000	3.000000	1093.300000	3.000000	-879.400000	3.000000	NaN	NaN	NaN	NaN	NaN	NaN	NaN	NaN	NaN
641.983620	0.000000	0.000000	0.000000	-1126.200000	3.000000	1093.300000	3.000000	-881.100000	3.000000	NaN	NaN	NaN	NaN	NaN	NaN	NaN	NaN	NaN
642.983620	0.000000	0.000000	0.000000	-1126.200000	3.000000	1093.400000	3.000000	-880.300000	3.000000	NaN	NaN	NaN	NaN	NaN	NaN	NaN	NaN	NaN
643.983670	0.000000	0.000000	0.000000	-1126.300000	3.000000	1093.300000	3.000000	-880.000000	3.000000	NaN	NaN	NaN	NaN	NaN	NaN	NaN	NaN	NaN
644.983718	0.000000	0.000000	0.000000	-1126.100000	3.000000	1093.400000	3.000000	-879.300000	3.000000	NaN	NaN	NaN	NaN	NaN	NaN	NaN	NaN	NaN
645.983709	0.000000	0.000000	0.000000	-1126.700000	3.000000	1093.400000	3.000000	-879.500000	3.000000	NaN	NaN	NaN	NaN	NaN	NaN	NaN	NaN	NaN
646.983736	0.000000	0.000000	0.000000	-1125.600000	3.000000	1093.500000	3.000000	-879.600000	3.000000	NaN	NaN	NaN	NaN	NaN	NaN	NaN	NaN	NaN
647.983764	0.000000	0.000000	0.000000	-1125.300000	3.000000	1093.400000	3.000000	-878.800000	3.000000	NaN	NaN	NaN	NaN	NaN	NaN	NaN	NaN	NaN
648.983722	0.000000	0.000000	0.000000	-1125.800000	3.000000	1093.400000	3.000000	-879.700000	3.000000	NaN	NaN	NaN	NaN	NaN	NaN	NaN	NaN	NaN
649.983777	0.000000	0.000000	0.000000	-1126.500000	3.000000	1093.400000	3.000000	-878.600000	3.000000	NaN	NaN	NaN	NaN	NaN	NaN	NaN	NaN	NaN
650.983803	0.000000	0.000000	0.000000	-1125.800000	3.000000	1093.400000	3.000000	-878.100000	3.000000	NaN	NaN	NaN	NaN	NaN	NaN	NaN	NaN	NaN
651.983843	0.000000	0.000000	0.000000	-1125.400000	3.000000	1093.300000	3.000000	-877.600000	3.000000	NaN	NaN	NaN	NaN	NaN	NaN	NaN	NaN	NaN
652.982940	0.000000	0.000000	0.000000	-1126.400000	3.000000	1093.400000	3.000000	-877.900000	3.000000	NaN	NaN	NaN	NaN	NaN	NaN	NaN	NaN	NaN
653.982932	0.000000	0.000000	0.000000	-1126.200000	3.000000	1093.400000	3.000000	-878.700000	3.000000	NaN	NaN	NaN	NaN	NaN	NaN	NaN	NaN	NaN
654.982922	0.000000	0.000000	0.000000	-1126.100000	3.000000	1093.400000	3.000000	-877.900000	3.000000	NaN	NaN	NaN	NaN	NaN	NaN	NaN	NaN	NaN
655.982995	0.000000	0.000000	0.000000	-1125.800000	3.000000	1093.400000	3.000000	-879.500000	3.000000	NaN	NaN	NaN	NaN	NaN	NaN	NaN	NaN	NaN
656.983014	0.000000	0.000000	0.000000	-1126.200000	3.000000	1093.500000	3.000000	-879.700000	3.000000	NaN	NaN	NaN	NaN	NaN	NaN	NaN	NaN	NaN
657.983035	0.000000	0.000000	0.000000	-1126.300000	3.000000	1093.500000	3.000000	-879.900000	3.000000	NaN	NaN	NaN	NaN	NaN	NaN	NaN	NaN	NaN
658.983023	0.000000	0.000000	0.000000	-1126.400000	3.000000	1093.400000	3.000000	-880.400000	3.000000	NaN	NaN	NaN	NaN	NaN	NaN	NaN	NaN	NaN
659.983532	0.000000	0.000000	0.000000	-1126.600000	3.000000	1093.400000	3.000000	-880.100000	3.000000	NaN	NaN	NaN	NaN	NaN	NaN	NaN	NaN	NaN
660.983078	0.000000	0.000000	0.000000	-1126.800000	3.000000	1093.400000	3.000000	-880.300000	3.000000	NaN	NaN	NaN	NaN	NaN	NaN	NaN	NaN	NaN
661.983086	0.000000	0.000000	0.000000	-1126.500000	3.000000	1093.500000	3.000000	-878.500000	3.000000	NaN	NaN	NaN	NaN	NaN	NaN	NaN	NaN	NaN
662.983163	0.000000	0.000000	0.000000	-1126.300000	3.000000	1093.500000	3.000000	-878.000000	3.000000	NaN	NaN	NaN	NaN	NaN	NaN	NaN	NaN	NaN
663.983145	0.000000	0.000000	0.000000	-1125.100000	3.000000	1093.400000	3.000000	-879.200000	3.000000	NaN	NaN	NaN	NaN	NaN	NaN	NaN	NaN	NaN
664.983195	0.000000	0.000000	0.000000	-1126.500000	3.000000	1093.500000	3.000000	-877.900000	3.000000	NaN	NaN	NaN	NaN	NaN	NaN	NaN	NaN	NaN
665.983277	0.000000	0.000000	0.000000	-1126.100000	3.000000	1093.500000	3.000000	-880.100000	3.000000	NaN	NaN	NaN	NaN	NaN	NaN	NaN	NaN	NaN
666.983298	0.000000	0.000000	0.000000	-1126.500000	3.000000	1093.500000	3.000000	-881.200000	3.000000	NaN	NaN	NaN	NaN	NaN	NaN	NaN	NaN	NaN
667.983377	0.000000	0.000000	0.000000	-1126.600000	3.000000	1093.500000	3.000000	-879.800000	3.000000	NaN	NaN	NaN	NaN	NaN	NaN	NaN	NaN	NaN
668.983269	0.000000	0.000000	0.000000	-1125.900000	3.000000	1093.500000	3.000000	-879.600000	3.000000	NaN	NaN	NaN	NaN	NaN	NaN	NaN	NaN	NaN
669.983363	0.000000	0.000000	0.000000	-1125.900000	3.000000	1093.500000	3.000000	-878.300000	3.000000	NaN	NaN	NaN	NaN	NaN	NaN	NaN	NaN	NaN
670.982370	0.000000	0.000000	0.000000	-1125.600000	3.000000	1093.600000	3.000000	-877.500000	3.000000	NaN	NaN	NaN	NaN	NaN	NaN	NaN	NaN	NaN
671.982431	0.000000	0.000000	0.000000	-1126.300000	3.000000	1093.500000	3.000000	-878.000000	3.000000	NaN	NaN	NaN	NaN	NaN	NaN	NaN	NaN	NaN
672.982434	0.000000	0.000000	0.000000	-1125.100000	3.000000	1093.500000	3.000000	-877.300000	3.000000	NaN	NaN	NaN	NaN	NaN	NaN	NaN	NaN	NaN
673.982482	0.000000	0.000000	0.000000	-1126.700000	3.000000	1093.500000	3.000000	-875.200000	3.000000	NaN	NaN	NaN	NaN	NaN	NaN	NaN	NaN	NaN
674.982467	0.000000	0.000000	0.000000	-1126.700000	3.000000	1093.500000	3.000000	-876.600000	3.000000	NaN	NaN	NaN	NaN	NaN	NaN	NaN	NaN	NaN
675.982511	0.000000	0.000000	0.000000	-1126.200000	3.000000	1093.400000	3.000000	-877.500000	3.000000	NaN	NaN	NaN	NaN	NaN	NaN	NaN	NaN	NaN
676.982555	0.000000	0.000000	0.000000	-1126.300000	3.000000	1093.300000	3.000000	-876.900000	3.000000	NaN	NaN	NaN	NaN	NaN	NaN	NaN	NaN	NaN
677.982587	0.000000	0.000000	0.000000	-1126.500000	3.000000	1093.200000	3.000000	-876.900000	3.000000	NaN	NaN	NaN	NaN	NaN	NaN	NaN	NaN	NaN
678.982539	0.000000	0.000000	0.000000	-1125.900000	3.000000	1093.200000	3.000000	-875.800000	3.000000	NaN	NaN	NaN	NaN	NaN	NaN	NaN	NaN	NaN
679.982639	0.000000	0.000000	0.000000	-1126.400000	3.000000	1093.200000	3.000000	-877.000000	3.000000	NaN	NaN	NaN	NaN	NaN	NaN	NaN	NaN	NaN
680.982911	0.000000	0.000000	0.000000	-1126.100000	3.000000	1093.200000	3.000000	-875.600000	3.000000	NaN	NaN	NaN	NaN	NaN	NaN	NaN	NaN	NaN
681.982624	0.000000	0.000000	0.000000	-1126.000000	3.000000	1093.200000	3.000000	-877.000000	3.000000	NaN	NaN	NaN	NaN	NaN	NaN	NaN	NaN	NaN
682.982657	0.000000	0.000000	0.000000	-1126.200000	3.000000	1093.200000	3.000000	-875.900000	3.000000	NaN	NaN	NaN	NaN	NaN	NaN	NaN	NaN	NaN
683.982718	0.000000	0.000000	0.000000	-1125.700000	3.000000	1093.200000	3.000000	-874.900000	3.000000	NaN	NaN	NaN	NaN	NaN	NaN	NaN	NaN	NaN
684.982738	0.000000	0.000000	0.000000	-1125.100000	3.000000	1093.200000	3.000000	-876.000000	3.000000	NaN	NaN	NaN	NaN	NaN	NaN	NaN	NaN	NaN
685.982833	0.000000	0.000000	0.000000	-1126.400000	3.000000	1093.000000	3.000000	-875.400000	3.000000	NaN	NaN	NaN	NaN	NaN	NaN	NaN	NaN	NaN
686.982817	0.000000	0.000000	0.000000	-1126.600000	3.000000	1093.100000	3.000000	-876.600000	3.000000	NaN	NaN	NaN	NaN	NaN	NaN	NaN	NaN	NaN
687.981883	0.000000	0.000000	0.000000	-1126.300000	3.000000	1093.100000	3.000000	-876.100000	3.000000	NaN	NaN	NaN	NaN	NaN	NaN	NaN	NaN	NaN
688.981802	0.000000	0.000000	0.000000	-1125.400000	3.000000	1093.100000	3.000000	-876.500000	3.000000	NaN	NaN	NaN	NaN	NaN	NaN	NaN	NaN	NaN
689.981928	0.000000	0.000000	0.000000	-1125.700000	3.000000	1093.100000	3.000000	-876.700000	3.000000	NaN	NaN	NaN	NaN	NaN	NaN	NaN	NaN	NaN
690.981940	0.000000	0.000000	0.000000	-1125.900000	3.000000	1093.000000	3.000000	-877.400000	3.000000	NaN	NaN	NaN	NaN	NaN	NaN	NaN	NaN	NaN
691.981944	0.000000	0.000000	0.000000	-1126.700000	3.000000	1093.100000	3.000000	-876.200000	3.000000	NaN	NaN	NaN	NaN	NaN	NaN	NaN	NaN	NaN
692.981930	0.000000	0.000000	0.000000	-1126.300000	3.000000	1093.000000	3.000000	-876.200000	3.000000	NaN	NaN	NaN	NaN	NaN	NaN	NaN	NaN	NaN
693.981980	0.000000	0.000000	0.000000	-1125.900000	3.000000	1093.100000	3.000000	-877.300000	3.000000	NaN	NaN	NaN	NaN	NaN	NaN	NaN	NaN	NaN
694.982019	0.000000	0.000000	0.000000	-1126.500000	3.000000	1093.100000	3.000000	-876.000000	3.000000	NaN	NaN	NaN	NaN	NaN	NaN	NaN	NaN	NaN
695.982077	0.000000	0.000000	0.000000	-1126.200000	3.000000	1093.000000	3.000000	-877.500000	3.000000	NaN	NaN	NaN	NaN	NaN	NaN	NaN	NaN	NaN
696.982095	0.000000	0.000000	0.000000	-1126.400000	3.000000	1093.100000	3.000000	-878.000000	3.000000	NaN	NaN	NaN	NaN	NaN	NaN	NaN	NaN	NaN
697.982088	0.000000	0.000000	0.000000	-1126.900000	3.000000	1093.100000	3.000000	-877.900000	3.000000	NaN	NaN	NaN	NaN	NaN	NaN	NaN	NaN	NaN
698.982148	0.000000	0.000000	0.000000	-1126.700000	3.000000	1093.000000	3.000000	-878.200000	3.000000	NaN	NaN	NaN	NaN	NaN	NaN	NaN	NaN	NaN
699.982243	0.000000	0.000000	0.000000	-1127.300000	3.000000	1093.000000	3.000000	-878.400000	3.000000	NaN	NaN	NaN	NaN	NaN	NaN	NaN	NaN	NaN
700.982242	0.000000	0.000000	0.000000	-1126.300000	3.000000	1093.000000	3.000000	-878.900000	3.000000	NaN	NaN	NaN	NaN	NaN	NaN	NaN	NaN	NaN
701.982215	0.000000	0.000000	0.000000	-1127.000000	3.000000	1093.100000	3.000000	-878.300000	3.000000	NaN	NaN	NaN	NaN	NaN	NaN	NaN	NaN	NaN
702.982250	0.000000	0.000000	0.000000	-1127.000000	3.000000	1093.100000	3.000000	-879.200000	3.000000	NaN	NaN	NaN	NaN	NaN	NaN	NaN	NaN	NaN
703.982445	0.000000	0.000000	0.000000	-1127.200000	3.000000	1093.100000	3.000000	-878.500000	3.000000	NaN	NaN	NaN	NaN	NaN	NaN	NaN	NaN	NaN
704.982327	0.000000	0.000000	0.000000	-1127.400000	3.000000	1093.100000	3.000000	-878.500000	3.000000	NaN	NaN	NaN	NaN	NaN	NaN	NaN	NaN	NaN
705.981321	0.000000	0.000000	0.000000	-1127.200000	3.000000	1093.000000	3.000000	-878.400000	3.000000	NaN	NaN	NaN	NaN	NaN	NaN	NaN	NaN	NaN
706.981360	0.000000	0.000000	0.000000	-1127.000000	3.000000	1093.000000	3.000000	-878.200000	3.000000	NaN	NaN	NaN	NaN	NaN	NaN	NaN	NaN	NaN
707.981452	0.000000	0.000000	0.000000	-1126.900000	3.000000	1093.000000	3.000000	-878.400000	3.000000	NaN	NaN	NaN	NaN	NaN	NaN	NaN	NaN	NaN
708.981406	0.000000	0.000000	0.000000	-1126.700000	3.000000	1093.000000	3.000000	-878.300000	3.000000	NaN	NaN	NaN	NaN	NaN	NaN	NaN	NaN	NaN
709.981456	0.000000	0.000000	0.000000	-1127.100000	3.000000	1093.000000	3.000000	-878.800000	3.000000	NaN	NaN	NaN	NaN	NaN	NaN	NaN	NaN	NaN
710.981494	0.000000	0.000000	0.000000	-1126.900000	3.000000	1093.000000	3.000000	-878.000000	3.000000	NaN	NaN	NaN	NaN	NaN	NaN	NaN	NaN	NaN
711.981530	0.000000	0.000000	0.000000	-1127.300000	3.000000	1093.000000	3.000000	-878.800000	3.000000	NaN	NaN	NaN	NaN	NaN	NaN	NaN	NaN	NaN
712.981498	0.000000	0.000000	0.000000	-1126.800000	3.000000	1093.000000	3.000000	-878.000000	3.000000	NaN	NaN	NaN	NaN	NaN	NaN	NaN	NaN	NaN
