# Gaussmeter 1
# VISA Name: COM3
# Probe Type: 51
# Probe Serial Number: 67249     
# Field Compensation On: TRUE
# Field Range: 3
# Field Units: 2
# Auto Range On: TRUE
# Moving: FALSE
# x: 0.000000
# y: 0.000000
# z: 0.000000
#
# Gaussmeter 2
# VISA Name: COM4
# Probe Type: 51
# Probe Serial Number: 061292   
# Field Compensation On: TRUE
# Field Range: 3
# Field Units: 2
# Auto Range On: TRUE
# Moving: FALSE
# x: 0.000000
# y: 0.000000
# z: 0.000000
#
# Gaussmeter 3
# VISA Name: COM9
# Probe Type: 51
# Probe Serial Number: 67248     
# Field Compensation On: TRUE
# Field Range: 1
# Field Units: 2
# Auto Range On: TRUE
# Moving: FALSE
# x: 0.000000
# y: 0.000000
# z: 0.000000
#
time/F:x:y:z:B1:B1range:B2:B2range:B3:B3range:multi:temp1:temp2:temp3:temp4:temp5:temp6:temp7:temp8
0.001783	0.000000	0.000000	0.000000	-528.300000	3.000000	514.800000	3.000000	-22.817000	1.000000	NaN	NaN	NaN	NaN	NaN	NaN	NaN	NaN	NaN
1.002016	0.000000	0.000000	0.000000	-528.400000	3.000000	514.800000	3.000000	-22.611000	1.000000	NaN	NaN	NaN	NaN	NaN	NaN	NaN	NaN	NaN
2.001929	0.000000	0.000000	0.000000	-528.400000	3.000000	514.700000	3.000000	-22.107000	1.000000	NaN	NaN	NaN	NaN	NaN	NaN	NaN	NaN	NaN
3.001948	0.000000	0.000000	0.000000	-528.500000	3.000000	514.800000	3.000000	-22.196000	1.000000	NaN	NaN	NaN	NaN	NaN	NaN	NaN	NaN	NaN
4.001964	0.000000	0.000000	0.000000	-528.500000	3.000000	514.700000	3.000000	-22.003000	1.000000	NaN	NaN	NaN	NaN	NaN	NaN	NaN	NaN	NaN
5.002020	0.000000	0.000000	0.000000	-528.700000	3.000000	514.800000	3.000000	-21.524000	1.000000	NaN	NaN	NaN	NaN	NaN	NaN	NaN	NaN	NaN
6.002060	0.000000	0.000000	0.000000	-528.900000	3.000000	514.800000	3.000000	-22.273000	1.000000	NaN	NaN	NaN	NaN	NaN	NaN	NaN	NaN	NaN
7.002006	0.000000	0.000000	0.000000	-528.900000	3.000000	514.800000	3.000000	-22.248000	1.000000	NaN	NaN	NaN	NaN	NaN	NaN	NaN	NaN	NaN
8.002160	0.000000	0.000000	0.000000	-528.900000	3.000000	514.800000	3.000000	-22.493000	1.000000	NaN	NaN	NaN	NaN	NaN	NaN	NaN	NaN	NaN
9.002083	0.000000	0.000000	0.000000	-528.800000	3.000000	514.800000	3.000000	-22.469000	1.000000	NaN	NaN	NaN	NaN	NaN	NaN	NaN	NaN	NaN
10.002172	0.000000	0.000000	0.000000	-528.600000	3.000000	514.800000	3.000000	-22.546000	1.000000	NaN	NaN	NaN	NaN	NaN	NaN	NaN	NaN	NaN
11.001209	0.000000	0.000000	0.000000	-528.700000	3.000000	514.800000	3.000000	-22.445000	1.000000	NaN	NaN	NaN	NaN	NaN	NaN	NaN	NaN	NaN
12.001180	0.000000	0.000000	0.000000	-528.600000	3.000000	514.800000	3.000000	-22.539000	1.000000	NaN	NaN	NaN	NaN	NaN	NaN	NaN	NaN	NaN
13.001237	0.000000	0.000000	0.000000	-528.700000	3.000000	514.800000	3.000000	-22.506000	1.000000	NaN	NaN	NaN	NaN	NaN	NaN	NaN	NaN	NaN
14.001249	0.000000	0.000000	0.000000	-528.700000	3.000000	514.800000	3.000000	-22.114000	1.000000	NaN	NaN	NaN	NaN	NaN	NaN	NaN	NaN	NaN
15.001264	0.000000	0.000000	0.000000	-528.600000	3.000000	514.800000	3.000000	-22.576000	1.000000	NaN	NaN	NaN	NaN	NaN	NaN	NaN	NaN	NaN
16.001298	0.000000	0.000000	0.000000	-528.600000	3.000000	514.800000	3.000000	-22.535000	1.000000	NaN	NaN	NaN	NaN	NaN	NaN	NaN	NaN	NaN
17.001305	0.000000	0.000000	0.000000	-528.700000	3.000000	514.800000	3.000000	-22.369000	1.000000	NaN	NaN	NaN	NaN	NaN	NaN	NaN	NaN	NaN
18.001309	0.000000	0.000000	0.000000	-528.700000	3.000000	514.800000	3.000000	-22.607000	1.000000	NaN	NaN	NaN	NaN	NaN	NaN	NaN	NaN	NaN
19.001375	0.000000	0.000000	0.000000	-528.800000	3.000000	514.800000	3.000000	-22.576000	1.000000	NaN	NaN	NaN	NaN	NaN	NaN	NaN	NaN	NaN
20.001399	0.000000	0.000000	0.000000	-528.600000	3.000000	514.800000	3.000000	-22.488000	1.000000	NaN	NaN	NaN	NaN	NaN	NaN	NaN	NaN	NaN
21.001429	0.000000	0.000000	0.000000	-528.500000	3.000000	514.800000	3.000000	-21.691000	1.000000	NaN	NaN	NaN	NaN	NaN	NaN	NaN	NaN	NaN
22.001452	0.000000	0.000000	0.000000	-528.600000	3.000000	514.800000	3.000000	-21.873000	1.000000	NaN	NaN	NaN	NaN	NaN	NaN	NaN	NaN	NaN
23.001481	0.000000	0.000000	0.000000	-528.900000	3.000000	514.800000	3.000000	-23.059000	1.000000	NaN	NaN	NaN	NaN	NaN	NaN	NaN	NaN	NaN
24.001493	0.000000	0.000000	0.000000	-528.600000	3.000000	514.800000	3.000000	-23.080000	1.000000	NaN	NaN	NaN	NaN	NaN	NaN	NaN	NaN	NaN
25.001571	0.000000	0.000000	0.000000	-528.400000	3.000000	514.800000	3.000000	-22.308000	1.000000	NaN	NaN	NaN	NaN	NaN	NaN	NaN	NaN	NaN
26.001573	0.000000	0.000000	0.000000	-528.300000	3.000000	514.800000	3.000000	-21.940000	1.000000	NaN	NaN	NaN	NaN	NaN	NaN	NaN	NaN	NaN
27.001594	0.000000	0.000000	0.000000	-528.700000	3.000000	514.800000	3.000000	-22.720000	1.000000	NaN	NaN	NaN	NaN	NaN	NaN	NaN	NaN	NaN
28.001613	0.000000	0.000000	0.000000	-528.500000	3.000000	514.800000	3.000000	-22.891000	1.000000	NaN	NaN	NaN	NaN	NaN	NaN	NaN	NaN	NaN
29.000643	0.000000	0.000000	0.000000	-528.800000	3.000000	514.800000	3.000000	-22.909000	1.000000	NaN	NaN	NaN	NaN	NaN	NaN	NaN	NaN	NaN
30.000672	0.000000	0.000000	0.000000	-528.600000	3.000000	514.800000	3.000000	-22.414000	1.000000	NaN	NaN	NaN	NaN	NaN	NaN	NaN	NaN	NaN
31.000695	0.000000	0.000000	0.000000	-529.000000	3.000000	514.800000	3.000000	-22.990000	1.000000	NaN	NaN	NaN	NaN	NaN	NaN	NaN	NaN	NaN
32.000779	0.000000	0.000000	0.000000	-529.000000	3.000000	514.800000	3.000000	-22.838000	1.000000	NaN	NaN	NaN	NaN	NaN	NaN	NaN	NaN	NaN
33.000802	0.000000	0.000000	0.000000	-529.100000	3.000000	514.800000	3.000000	-23.752000	1.000000	NaN	NaN	NaN	NaN	NaN	NaN	NaN	NaN	NaN
34.000851	0.000000	0.000000	0.000000	-528.700000	3.000000	514.800000	3.000000	-23.404000	1.000000	NaN	NaN	NaN	NaN	NaN	NaN	NaN	NaN	NaN
35.000867	0.000000	0.000000	0.000000	-528.900000	3.000000	514.800000	3.000000	-23.173000	1.000000	NaN	NaN	NaN	NaN	NaN	NaN	NaN	NaN	NaN
36.000805	0.000000	0.000000	0.000000	-528.500000	3.000000	514.800000	3.000000	-22.482000	1.000000	NaN	NaN	NaN	NaN	NaN	NaN	NaN	NaN	NaN
37.000797	0.000000	0.000000	0.000000	-528.500000	3.000000	514.800000	3.000000	-22.252000	1.000000	NaN	NaN	NaN	NaN	NaN	NaN	NaN	NaN	NaN
38.000893	0.000000	0.000000	0.000000	-529.000000	3.000000	514.800000	3.000000	-22.839000	1.000000	NaN	NaN	NaN	NaN	NaN	NaN	NaN	NaN	NaN
39.000936	0.000000	0.000000	0.000000	-528.600000	3.000000	514.800000	3.000000	-22.173000	1.000000	NaN	NaN	NaN	NaN	NaN	NaN	NaN	NaN	NaN
40.001008	0.000000	0.000000	0.000000	-528.700000	3.000000	514.800000	3.000000	-22.098000	1.000000	NaN	NaN	NaN	NaN	NaN	NaN	NaN	NaN	NaN
41.000982	0.000000	0.000000	0.000000	-528.700000	3.000000	514.800000	3.000000	-22.610000	1.000000	NaN	NaN	NaN	NaN	NaN	NaN	NaN	NaN	NaN
42.001019	0.000000	0.000000	0.000000	-528.400000	3.000000	514.800000	3.000000	-23.140000	1.000000	NaN	NaN	NaN	NaN	NaN	NaN	NaN	NaN	NaN
43.001044	0.000000	0.000000	0.000000	-529.000000	3.000000	514.800000	3.000000	-22.506000	1.000000	NaN	NaN	NaN	NaN	NaN	NaN	NaN	NaN	NaN
44.001058	0.000000	0.000000	0.000000	-529.000000	3.000000	514.800000	3.000000	-22.479000	1.000000	NaN	NaN	NaN	NaN	NaN	NaN	NaN	NaN	NaN
45.001099	0.000000	0.000000	0.000000	-528.900000	3.000000	514.800000	3.000000	-22.730000	1.000000	NaN	NaN	NaN	NaN	NaN	NaN	NaN	NaN	NaN
46.000120	0.000000	0.000000	0.000000	-528.900000	3.000000	514.800000	3.000000	-22.652000	1.000000	NaN	NaN	NaN	NaN	NaN	NaN	NaN	NaN	NaN
47.000149	0.000000	0.000000	0.000000	-529.100000	3.000000	514.800000	3.000000	-22.757000	1.000000	NaN	NaN	NaN	NaN	NaN	NaN	NaN	NaN	NaN
48.000223	0.000000	0.000000	0.000000	-528.800000	3.000000	514.800000	3.000000	-22.687000	1.000000	NaN	NaN	NaN	NaN	NaN	NaN	NaN	NaN	NaN
49.000160	0.000000	0.000000	0.000000	-528.900000	3.000000	514.800000	3.000000	-22.712000	1.000000	NaN	NaN	NaN	NaN	NaN	NaN	NaN	NaN	NaN
50.000165	0.000000	0.000000	0.000000	-529.000000	3.000000	514.800000	3.000000	-22.043000	1.000000	NaN	NaN	NaN	NaN	NaN	NaN	NaN	NaN	NaN
51.000253	0.000000	0.000000	0.000000	-528.800000	3.000000	514.800000	3.000000	-22.211000	1.000000	NaN	NaN	NaN	NaN	NaN	NaN	NaN	NaN	NaN
52.000287	0.000000	0.000000	0.000000	-528.300000	3.000000	514.800000	3.000000	-22.634000	1.000000	NaN	NaN	NaN	NaN	NaN	NaN	NaN	NaN	NaN
53.000256	0.000000	0.000000	0.000000	-528.800000	3.000000	514.800000	3.000000	-22.878000	1.000000	NaN	NaN	NaN	NaN	NaN	NaN	NaN	NaN	NaN
54.000333	0.000000	0.000000	0.000000	-528.700000	3.000000	514.800000	3.000000	-22.564000	1.000000	NaN	NaN	NaN	NaN	NaN	NaN	NaN	NaN	NaN
55.000402	0.000000	0.000000	0.000000	-528.400000	3.000000	514.800000	3.000000	-22.735000	1.000000	NaN	NaN	NaN	NaN	NaN	NaN	NaN	NaN	NaN
56.000391	0.000000	0.000000	0.000000	-528.400000	3.000000	514.800000	3.000000	-22.523000	1.000000	NaN	NaN	NaN	NaN	NaN	NaN	NaN	NaN	NaN
57.000476	0.000000	0.000000	0.000000	-528.300000	3.000000	514.800000	3.000000	-22.534000	1.000000	NaN	NaN	NaN	NaN	NaN	NaN	NaN	NaN	NaN
58.000448	0.000000	0.000000	0.000000	-528.600000	3.000000	514.800000	3.000000	-23.141000	1.000000	NaN	NaN	NaN	NaN	NaN	NaN	NaN	NaN	NaN
59.000477	0.000000	0.000000	0.000000	-528.600000	3.000000	514.800000	3.000000	-22.644000	1.000000	NaN	NaN	NaN	NaN	NaN	NaN	NaN	NaN	NaN
60.000499	0.000000	0.000000	0.000000	-528.600000	3.000000	514.800000	3.000000	-22.630000	1.000000	NaN	NaN	NaN	NaN	NaN	NaN	NaN	NaN	NaN
61.000528	0.000000	0.000000	0.000000	-528.700000	3.000000	514.800000	3.000000	-22.690000	1.000000	NaN	NaN	NaN	NaN	NaN	NaN	NaN	NaN	NaN
62.000544	0.000000	0.000000	0.000000	-528.400000	3.000000	514.800000	3.000000	-22.569000	1.000000	NaN	NaN	NaN	NaN	NaN	NaN	NaN	NaN	NaN
63.000591	0.000000	0.000000	0.000000	-528.400000	3.000000	514.800000	3.000000	-22.822000	1.000000	NaN	NaN	NaN	NaN	NaN	NaN	NaN	NaN	NaN
63.999646	0.000000	0.000000	0.000000	-528.800000	3.000000	514.800000	3.000000	-22.800000	1.000000	NaN	NaN	NaN	NaN	NaN	NaN	NaN	NaN	NaN
64.999614	0.000000	0.000000	0.000000	-528.800000	3.000000	514.800000	3.000000	-22.516000	1.000000	NaN	NaN	NaN	NaN	NaN	NaN	NaN	NaN	NaN
65.999701	0.000000	0.000000	0.000000	-528.400000	3.000000	514.800000	3.000000	-22.737000	1.000000	NaN	NaN	NaN	NaN	NaN	NaN	NaN	NaN	NaN
66.999694	0.000000	0.000000	0.000000	-528.700000	3.000000	514.800000	3.000000	-22.712000	1.000000	NaN	NaN	NaN	NaN	NaN	NaN	NaN	NaN	NaN
67.999716	0.000000	0.000000	0.000000	-528.400000	3.000000	514.800000	3.000000	-21.881000	1.000000	NaN	NaN	NaN	NaN	NaN	NaN	NaN	NaN	NaN
68.999747	0.000000	0.000000	0.000000	-528.500000	3.000000	514.800000	3.000000	-21.982000	1.000000	NaN	NaN	NaN	NaN	NaN	NaN	NaN	NaN	NaN
69.999766	0.000000	0.000000	0.000000	-527.900000	3.000000	514.800000	3.000000	-22.180000	1.000000	NaN	NaN	NaN	NaN	NaN	NaN	NaN	NaN	NaN
70.999889	0.000000	0.000000	0.000000	-528.600000	3.000000	514.800000	3.000000	-22.331000	1.000000	NaN	NaN	NaN	NaN	NaN	NaN	NaN	NaN	NaN
71.999861	0.000000	0.000000	0.000000	-528.400000	3.000000	514.800000	3.000000	-21.930000	1.000000	NaN	NaN	NaN	NaN	NaN	NaN	NaN	NaN	NaN
72.999860	0.000000	0.000000	0.000000	-528.700000	3.000000	514.800000	3.000000	-22.107000	1.000000	NaN	NaN	NaN	NaN	NaN	NaN	NaN	NaN	NaN
73.999916	0.000000	0.000000	0.000000	-528.500000	3.000000	514.800000	3.000000	-22.508000	1.000000	NaN	NaN	NaN	NaN	NaN	NaN	NaN	NaN	NaN
74.999910	0.000000	0.000000	0.000000	-528.300000	3.000000	514.700000	3.000000	-22.496000	1.000000	NaN	NaN	NaN	NaN	NaN	NaN	NaN	NaN	NaN
75.999995	0.000000	0.000000	0.000000	-528.200000	3.000000	514.700000	3.000000	-22.724000	1.000000	NaN	NaN	NaN	NaN	NaN	NaN	NaN	NaN	NaN
77.000020	0.000000	0.000000	0.000000	-528.100000	3.000000	514.700000	3.000000	-22.673000	1.000000	NaN	NaN	NaN	NaN	NaN	NaN	NaN	NaN	NaN
78.000039	0.000000	0.000000	0.000000	-528.400000	3.000000	514.700000	3.000000	-23.057000	1.000000	NaN	NaN	NaN	NaN	NaN	NaN	NaN	NaN	NaN
79.000078	0.000000	0.000000	0.000000	-528.400000	3.000000	514.700000	3.000000	-23.733000	1.000000	NaN	NaN	NaN	NaN	NaN	NaN	NaN	NaN	NaN
80.000074	0.000000	0.000000	0.000000	-528.300000	3.000000	514.700000	3.000000	-23.567000	1.000000	NaN	NaN	NaN	NaN	NaN	NaN	NaN	NaN	NaN
80.999110	0.000000	0.000000	0.000000	-528.400000	3.000000	514.700000	3.000000	-23.654000	1.000000	NaN	NaN	NaN	NaN	NaN	NaN	NaN	NaN	NaN
81.999101	0.000000	0.000000	0.000000	-528.100000	3.000000	514.700000	3.000000	-22.750000	1.000000	NaN	NaN	NaN	NaN	NaN	NaN	NaN	NaN	NaN
82.999197	0.000000	0.000000	0.000000	-528.100000	3.000000	514.700000	3.000000	-22.524000	1.000000	NaN	NaN	NaN	NaN	NaN	NaN	NaN	NaN	NaN
83.999190	0.000000	0.000000	0.000000	-528.100000	3.000000	514.700000	3.000000	-22.918000	1.000000	NaN	NaN	NaN	NaN	NaN	NaN	NaN	NaN	NaN
84.999251	0.000000	0.000000	0.000000	-528.000000	3.000000	514.700000	3.000000	-22.474000	1.000000	NaN	NaN	NaN	NaN	NaN	NaN	NaN	NaN	NaN
85.999215	0.000000	0.000000	0.000000	-528.200000	3.000000	514.800000	3.000000	-22.837000	1.000000	NaN	NaN	NaN	NaN	NaN	NaN	NaN	NaN	NaN
86.999284	0.000000	0.000000	0.000000	-528.300000	3.000000	514.800000	3.000000	-22.878000	1.000000	NaN	NaN	NaN	NaN	NaN	NaN	NaN	NaN	NaN
87.999265	0.000000	0.000000	0.000000	-528.400000	3.000000	514.700000	3.000000	-22.879000	1.000000	NaN	NaN	NaN	NaN	NaN	NaN	NaN	NaN	NaN
88.999332	0.000000	0.000000	0.000000	-528.300000	3.000000	514.800000	3.000000	-23.002000	1.000000	NaN	NaN	NaN	NaN	NaN	NaN	NaN	NaN	NaN
89.999332	0.000000	0.000000	0.000000	-528.100000	3.000000	514.800000	3.000000	-23.187000	1.000000	NaN	NaN	NaN	NaN	NaN	NaN	NaN	NaN	NaN
90.999407	0.000000	0.000000	0.000000	-528.300000	3.000000	514.800000	3.000000	-22.566000	1.000000	NaN	NaN	NaN	NaN	NaN	NaN	NaN	NaN	NaN
91.999442	0.000000	0.000000	0.000000	-528.200000	3.000000	514.800000	3.000000	-23.232000	1.000000	NaN	NaN	NaN	NaN	NaN	NaN	NaN	NaN	NaN
92.999394	0.000000	0.000000	0.000000	-528.100000	3.000000	514.800000	3.000000	-23.221000	1.000000	NaN	NaN	NaN	NaN	NaN	NaN	NaN	NaN	NaN
93.999439	0.000000	0.000000	0.000000	-528.400000	3.000000	514.900000	3.000000	-23.473000	1.000000	NaN	NaN	NaN	NaN	NaN	NaN	NaN	NaN	NaN
94.999507	0.000000	0.000000	0.000000	-528.400000	3.000000	514.800000	3.000000	-23.452000	1.000000	NaN	NaN	NaN	NaN	NaN	NaN	NaN	NaN	NaN
95.999538	0.000000	0.000000	0.000000	-528.200000	3.000000	514.800000	3.000000	-23.483000	1.000000	NaN	NaN	NaN	NaN	NaN	NaN	NaN	NaN	NaN
96.999491	0.000000	0.000000	0.000000	-528.000000	3.000000	514.800000	3.000000	-23.329000	1.000000	NaN	NaN	NaN	NaN	NaN	NaN	NaN	NaN	NaN
97.999541	0.000000	0.000000	0.000000	-528.200000	3.000000	514.700000	3.000000	-23.077000	1.000000	NaN	NaN	NaN	NaN	NaN	NaN	NaN	NaN	NaN
98.998599	0.000000	0.000000	0.000000	-528.200000	3.000000	514.700000	3.000000	-23.341000	1.000000	NaN	NaN	NaN	NaN	NaN	NaN	NaN	NaN	NaN
99.998620	0.000000	0.000000	0.000000	-528.300000	3.000000	514.700000	3.000000	-23.142000	1.000000	NaN	NaN	NaN	NaN	NaN	NaN	NaN	NaN	NaN
100.998662	0.000000	0.000000	0.000000	-528.200000	3.000000	514.700000	3.000000	-22.992000	1.000000	NaN	NaN	NaN	NaN	NaN	NaN	NaN	NaN	NaN
101.998691	0.000000	0.000000	0.000000	-528.100000	3.000000	514.800000	3.000000	-23.041000	1.000000	NaN	NaN	NaN	NaN	NaN	NaN	NaN	NaN	NaN
102.998717	0.000000	0.000000	0.000000	-528.000000	3.000000	514.800000	3.000000	-23.042000	1.000000	NaN	NaN	NaN	NaN	NaN	NaN	NaN	NaN	NaN
103.998745	0.000000	0.000000	0.000000	-528.000000	3.000000	514.800000	3.000000	-23.143000	1.000000	NaN	NaN	NaN	NaN	NaN	NaN	NaN	NaN	NaN
104.998767	0.000000	0.000000	0.000000	-528.300000	3.000000	514.800000	3.000000	-23.638000	1.000000	NaN	NaN	NaN	NaN	NaN	NaN	NaN	NaN	NaN
105.998814	0.000000	0.000000	0.000000	-528.200000	3.000000	514.800000	3.000000	-24.320000	1.000000	NaN	NaN	NaN	NaN	NaN	NaN	NaN	NaN	NaN
106.998831	0.000000	0.000000	0.000000	-528.100000	3.000000	514.700000	3.000000	-23.845000	1.000000	NaN	NaN	NaN	NaN	NaN	NaN	NaN	NaN	NaN
107.998851	0.000000	0.000000	0.000000	-528.100000	3.000000	514.700000	3.000000	-23.667000	1.000000	NaN	NaN	NaN	NaN	NaN	NaN	NaN	NaN	NaN
108.998894	0.000000	0.000000	0.000000	-528.400000	3.000000	514.700000	3.000000	-23.357000	1.000000	NaN	NaN	NaN	NaN	NaN	NaN	NaN	NaN	NaN
109.998894	0.000000	0.000000	0.000000	-528.400000	3.000000	514.700000	3.000000	-23.649000	1.000000	NaN	NaN	NaN	NaN	NaN	NaN	NaN	NaN	NaN
110.998911	0.000000	0.000000	0.000000	-528.200000	3.000000	514.700000	3.000000	-23.688000	1.000000	NaN	NaN	NaN	NaN	NaN	NaN	NaN	NaN	NaN
111.998943	0.000000	0.000000	0.000000	-528.200000	3.000000	514.700000	3.000000	-23.506000	1.000000	NaN	NaN	NaN	NaN	NaN	NaN	NaN	NaN	NaN
112.998926	0.000000	0.000000	0.000000	-528.300000	3.000000	514.700000	3.000000	-23.427000	1.000000	NaN	NaN	NaN	NaN	NaN	NaN	NaN	NaN	NaN
113.999035	0.000000	0.000000	0.000000	-528.000000	3.000000	514.700000	3.000000	-23.425000	1.000000	NaN	NaN	NaN	NaN	NaN	NaN	NaN	NaN	NaN
114.999057	0.000000	0.000000	0.000000	-528.000000	3.000000	514.700000	3.000000	-23.253000	1.000000	NaN	NaN	NaN	NaN	NaN	NaN	NaN	NaN	NaN
115.998036	0.000000	0.000000	0.000000	-528.600000	3.000000	514.700000	3.000000	-23.316000	1.000000	NaN	NaN	NaN	NaN	NaN	NaN	NaN	NaN	NaN
116.998092	0.000000	0.000000	0.000000	-528.200000	3.000000	514.700000	3.000000	-23.112000	1.000000	NaN	NaN	NaN	NaN	NaN	NaN	NaN	NaN	NaN
117.998094	0.000000	0.000000	0.000000	-528.300000	3.000000	514.700000	3.000000	-23.607000	1.000000	NaN	NaN	NaN	NaN	NaN	NaN	NaN	NaN	NaN
118.998120	0.000000	0.000000	0.000000	-528.200000	3.000000	514.700000	3.000000	-23.461000	1.000000	NaN	NaN	NaN	NaN	NaN	NaN	NaN	NaN	NaN
119.998167	0.000000	0.000000	0.000000	-528.000000	3.000000	514.700000	3.000000	-23.173000	1.000000	NaN	NaN	NaN	NaN	NaN	NaN	NaN	NaN	NaN
120.998212	0.000000	0.000000	0.000000	-528.100000	3.000000	514.700000	3.000000	-23.074000	1.000000	NaN	NaN	NaN	NaN	NaN	NaN	NaN	NaN	NaN
121.998201	0.000000	0.000000	0.000000	-528.100000	3.000000	514.700000	3.000000	-23.238000	1.000000	NaN	NaN	NaN	NaN	NaN	NaN	NaN	NaN	NaN
122.998186	0.000000	0.000000	0.000000	-527.800000	3.000000	514.800000	3.000000	-23.421000	1.000000	NaN	NaN	NaN	NaN	NaN	NaN	NaN	NaN	NaN
123.998260	0.000000	0.000000	0.000000	-527.900000	3.000000	514.700000	3.000000	-23.004000	1.000000	NaN	NaN	NaN	NaN	NaN	NaN	NaN	NaN	NaN
124.998275	0.000000	0.000000	0.000000	-527.900000	3.000000	514.700000	3.000000	-23.139000	1.000000	NaN	NaN	NaN	NaN	NaN	NaN	NaN	NaN	NaN
125.998330	0.000000	0.000000	0.000000	-527.900000	3.000000	514.700000	3.000000	-23.050000	1.000000	NaN	NaN	NaN	NaN	NaN	NaN	NaN	NaN	NaN
126.998368	0.000000	0.000000	0.000000	-527.900000	3.000000	514.700000	3.000000	-23.090000	1.000000	NaN	NaN	NaN	NaN	NaN	NaN	NaN	NaN	NaN
127.998360	0.000000	0.000000	0.000000	-528.100000	3.000000	514.700000	3.000000	-22.837000	1.000000	NaN	NaN	NaN	NaN	NaN	NaN	NaN	NaN	NaN
128.998462	0.000000	0.000000	0.000000	-527.800000	3.000000	514.700000	3.000000	-22.874000	1.000000	NaN	NaN	NaN	NaN	NaN	NaN	NaN	NaN	NaN
129.998429	0.000000	0.000000	0.000000	-527.900000	3.000000	514.700000	3.000000	-22.815000	1.000000	NaN	NaN	NaN	NaN	NaN	NaN	NaN	NaN	NaN
130.998453	0.000000	0.000000	0.000000	-527.800000	3.000000	514.700000	3.000000	-22.539000	1.000000	NaN	NaN	NaN	NaN	NaN	NaN	NaN	NaN	NaN
131.998478	0.000000	0.000000	0.000000	-528.000000	3.000000	514.700000	3.000000	-22.726000	1.000000	NaN	NaN	NaN	NaN	NaN	NaN	NaN	NaN	NaN
132.998505	0.000000	0.000000	0.000000	-528.000000	3.000000	514.700000	3.000000	-22.680000	1.000000	NaN	NaN	NaN	NaN	NaN	NaN	NaN	NaN	NaN
133.997536	0.000000	0.000000	0.000000	-527.900000	3.000000	514.700000	3.000000	-24.565000	1.000000	NaN	NaN	NaN	NaN	NaN	NaN	NaN	NaN	NaN
134.997549	0.000000	0.000000	0.000000	-527.900000	3.000000	514.700000	3.000000	-24.371000	1.000000	NaN	NaN	NaN	NaN	NaN	NaN	NaN	NaN	NaN
135.997626	0.000000	0.000000	0.000000	-527.900000	3.000000	514.700000	3.000000	-24.590000	1.000000	NaN	NaN	NaN	NaN	NaN	NaN	NaN	NaN	NaN
136.997706	0.000000	0.000000	0.000000	-527.800000	3.000000	514.700000	3.000000	-24.271000	1.000000	NaN	NaN	NaN	NaN	NaN	NaN	NaN	NaN	NaN
137.997641	0.000000	0.000000	0.000000	-527.600000	3.000000	514.700000	3.000000	-25.293000	1.000000	NaN	NaN	NaN	NaN	NaN	NaN	NaN	NaN	NaN
138.997669	0.000000	0.000000	0.000000	-528.000000	3.000000	514.700000	3.000000	-25.023000	1.000000	NaN	NaN	NaN	NaN	NaN	NaN	NaN	NaN	NaN
139.997697	0.000000	0.000000	0.000000	-527.900000	3.000000	514.700000	3.000000	-25.593000	1.000000	NaN	NaN	NaN	NaN	NaN	NaN	NaN	NaN	NaN
140.997758	0.000000	0.000000	0.000000	-527.700000	3.000000	514.700000	3.000000	-25.200000	1.000000	NaN	NaN	NaN	NaN	NaN	NaN	NaN	NaN	NaN
141.997791	0.000000	0.000000	0.000000	-528.000000	3.000000	514.800000	3.000000	-25.322000	1.000000	NaN	NaN	NaN	NaN	NaN	NaN	NaN	NaN	NaN
142.997835	0.000000	0.000000	0.000000	-527.800000	3.000000	514.800000	3.000000	-24.913000	1.000000	NaN	NaN	NaN	NaN	NaN	NaN	NaN	NaN	NaN
143.997835	0.000000	0.000000	0.000000	-527.900000	3.000000	514.800000	3.000000	-25.067000	1.000000	NaN	NaN	NaN	NaN	NaN	NaN	NaN	NaN	NaN
144.997835	0.000000	0.000000	0.000000	-527.800000	3.000000	514.700000	3.000000	-24.727000	1.000000	NaN	NaN	NaN	NaN	NaN	NaN	NaN	NaN	NaN
145.997865	0.000000	0.000000	0.000000	-527.700000	3.000000	514.800000	3.000000	-24.811000	1.000000	NaN	NaN	NaN	NaN	NaN	NaN	NaN	NaN	NaN
146.997893	0.000000	0.000000	0.000000	-527.700000	3.000000	514.800000	3.000000	-24.868000	1.000000	NaN	NaN	NaN	NaN	NaN	NaN	NaN	NaN	NaN
147.997911	0.000000	0.000000	0.000000	-527.900000	3.000000	514.700000	3.000000	-24.742000	1.000000	NaN	NaN	NaN	NaN	NaN	NaN	NaN	NaN	NaN
148.997944	0.000000	0.000000	0.000000	-527.700000	3.000000	514.800000	3.000000	-24.564000	1.000000	NaN	NaN	NaN	NaN	NaN	NaN	NaN	NaN	NaN
149.997930	0.000000	0.000000	0.000000	-527.700000	3.000000	514.800000	3.000000	-24.726000	1.000000	NaN	NaN	NaN	NaN	NaN	NaN	NaN	NaN	NaN
150.997019	0.000000	0.000000	0.000000	-527.900000	3.000000	514.800000	3.000000	-24.644000	1.000000	NaN	NaN	NaN	NaN	NaN	NaN	NaN	NaN	NaN
151.996985	0.000000	0.000000	0.000000	-527.800000	3.000000	514.700000	3.000000	-24.637000	1.000000	NaN	NaN	NaN	NaN	NaN	NaN	NaN	NaN	NaN
152.997090	0.000000	0.000000	0.000000	-528.000000	3.000000	514.700000	3.000000	-24.787000	1.000000	NaN	NaN	NaN	NaN	NaN	NaN	NaN	NaN	NaN
153.997073	0.000000	0.000000	0.000000	-528.100000	3.000000	514.700000	3.000000	-24.709000	1.000000	NaN	NaN	NaN	NaN	NaN	NaN	NaN	NaN	NaN
154.997066	0.000000	0.000000	0.000000	-528.100000	3.000000	514.700000	3.000000	-24.516000	1.000000	NaN	NaN	NaN	NaN	NaN	NaN	NaN	NaN	NaN
155.997166	0.000000	0.000000	0.000000	-528.100000	3.000000	514.800000	3.000000	-24.598000	1.000000	NaN	NaN	NaN	NaN	NaN	NaN	NaN	NaN	NaN
156.997214	0.000000	0.000000	0.000000	-528.000000	3.000000	514.800000	3.000000	-24.450000	1.000000	NaN	NaN	NaN	NaN	NaN	NaN	NaN	NaN	NaN
157.997228	0.000000	0.000000	0.000000	-527.900000	3.000000	514.800000	3.000000	-24.534000	1.000000	NaN	NaN	NaN	NaN	NaN	NaN	NaN	NaN	NaN
158.997205	0.000000	0.000000	0.000000	-527.800000	3.000000	514.900000	3.000000	-24.349000	1.000000	NaN	NaN	NaN	NaN	NaN	NaN	NaN	NaN	NaN
159.997279	0.000000	0.000000	0.000000	-527.900000	3.000000	514.800000	3.000000	-24.850000	1.000000	NaN	NaN	NaN	NaN	NaN	NaN	NaN	NaN	NaN
160.997266	0.000000	0.000000	0.000000	-527.900000	3.000000	514.800000	3.000000	-24.812000	1.000000	NaN	NaN	NaN	NaN	NaN	NaN	NaN	NaN	NaN
161.997334	0.000000	0.000000	0.000000	-527.800000	3.000000	514.800000	3.000000	-24.591000	1.000000	NaN	NaN	NaN	NaN	NaN	NaN	NaN	NaN	NaN
162.997390	0.000000	0.000000	0.000000	-527.700000	3.000000	514.800000	3.000000	-25.331000	1.000000	NaN	NaN	NaN	NaN	NaN	NaN	NaN	NaN	NaN
163.997357	0.000000	0.000000	0.000000	-527.800000	3.000000	514.800000	3.000000	-24.991000	1.000000	NaN	NaN	NaN	NaN	NaN	NaN	NaN	NaN	NaN
164.997405	0.000000	0.000000	0.000000	-527.900000	3.000000	514.800000	3.000000	-24.899000	1.000000	NaN	NaN	NaN	NaN	NaN	NaN	NaN	NaN	NaN
165.997468	0.000000	0.000000	0.000000	-527.800000	3.000000	514.800000	3.000000	-24.882000	1.000000	NaN	NaN	NaN	NaN	NaN	NaN	NaN	NaN	NaN
166.997432	0.000000	0.000000	0.000000	-527.600000	3.000000	514.800000	3.000000	-24.790000	1.000000	NaN	NaN	NaN	NaN	NaN	NaN	NaN	NaN	NaN
167.997470	0.000000	0.000000	0.000000	-527.700000	3.000000	514.800000	3.000000	-24.769000	1.000000	NaN	NaN	NaN	NaN	NaN	NaN	NaN	NaN	NaN
168.996492	0.000000	0.000000	0.000000	-527.800000	3.000000	514.900000	3.000000	-24.702000	1.000000	NaN	NaN	NaN	NaN	NaN	NaN	NaN	NaN	NaN
169.996551	0.000000	0.000000	0.000000	-528.100000	3.000000	514.900000	3.000000	-24.785000	1.000000	NaN	NaN	NaN	NaN	NaN	NaN	NaN	NaN	NaN
170.996581	0.000000	0.000000	0.000000	-528.000000	3.000000	514.900000	3.000000	-24.774000	1.000000	NaN	NaN	NaN	NaN	NaN	NaN	NaN	NaN	NaN
171.996573	0.000000	0.000000	0.000000	-527.600000	3.000000	514.800000	3.000000	-24.422000	1.000000	NaN	NaN	NaN	NaN	NaN	NaN	NaN	NaN	NaN
172.996585	0.000000	0.000000	0.000000	-527.900000	3.000000	514.900000	3.000000	-25.044000	1.000000	NaN	NaN	NaN	NaN	NaN	NaN	NaN	NaN	NaN
173.996657	0.000000	0.000000	0.000000	-527.700000	3.000000	514.900000	3.000000	-24.987000	1.000000	NaN	NaN	NaN	NaN	NaN	NaN	NaN	NaN	NaN
174.996663	0.000000	0.000000	0.000000	-528.100000	3.000000	514.800000	3.000000	-25.479000	1.000000	NaN	NaN	NaN	NaN	NaN	NaN	NaN	NaN	NaN
175.996702	0.000000	0.000000	0.000000	-528.100000	3.000000	514.800000	3.000000	-25.742000	1.000000	NaN	NaN	NaN	NaN	NaN	NaN	NaN	NaN	NaN
176.996717	0.000000	0.000000	0.000000	-528.000000	3.000000	514.800000	3.000000	-25.766000	1.000000	NaN	NaN	NaN	NaN	NaN	NaN	NaN	NaN	NaN
177.996737	0.000000	0.000000	0.000000	-528.000000	3.000000	514.800000	3.000000	-25.361000	1.000000	NaN	NaN	NaN	NaN	NaN	NaN	NaN	NaN	NaN
178.996792	0.000000	0.000000	0.000000	-528.200000	3.000000	514.800000	3.000000	-25.398000	1.000000	NaN	NaN	NaN	NaN	NaN	NaN	NaN	NaN	NaN
179.996792	0.000000	0.000000	0.000000	-527.400000	3.000000	514.800000	3.000000	-25.085000	1.000000	NaN	NaN	NaN	NaN	NaN	NaN	NaN	NaN	NaN
180.996869	0.000000	0.000000	0.000000	-527.900000	3.000000	514.800000	3.000000	-24.971000	1.000000	NaN	NaN	NaN	NaN	NaN	NaN	NaN	NaN	NaN
181.996889	0.000000	0.000000	0.000000	-528.000000	3.000000	514.800000	3.000000	-24.778000	1.000000	NaN	NaN	NaN	NaN	NaN	NaN	NaN	NaN	NaN
182.996854	0.000000	0.000000	0.000000	-528.200000	3.000000	514.800000	3.000000	-24.814000	1.000000	NaN	NaN	NaN	NaN	NaN	NaN	NaN	NaN	NaN
183.996890	0.000000	0.000000	0.000000	-528.200000	3.000000	514.800000	3.000000	-24.914000	1.000000	NaN	NaN	NaN	NaN	NaN	NaN	NaN	NaN	NaN
184.996935	0.000000	0.000000	0.000000	-527.900000	3.000000	514.800000	3.000000	-25.526000	1.000000	NaN	NaN	NaN	NaN	NaN	NaN	NaN	NaN	NaN
185.995958	0.000000	0.000000	0.000000	-528.000000	3.000000	514.800000	3.000000	-25.780000	1.000000	NaN	NaN	NaN	NaN	NaN	NaN	NaN	NaN	NaN
186.995983	0.000000	0.000000	0.000000	-528.100000	3.000000	514.800000	3.000000	-25.314000	1.000000	NaN	NaN	NaN	NaN	NaN	NaN	NaN	NaN	NaN
187.996052	0.000000	0.000000	0.000000	-528.100000	3.000000	514.900000	3.000000	-25.424000	1.000000	NaN	NaN	NaN	NaN	NaN	NaN	NaN	NaN	NaN
188.996041	0.000000	0.000000	0.000000	-528.200000	3.000000	514.800000	3.000000	-25.297000	1.000000	NaN	NaN	NaN	NaN	NaN	NaN	NaN	NaN	NaN
189.996069	0.000000	0.000000	0.000000	-528.100000	3.000000	514.800000	3.000000	-25.353000	1.000000	NaN	NaN	NaN	NaN	NaN	NaN	NaN	NaN	NaN
190.996122	0.000000	0.000000	0.000000	-528.300000	3.000000	514.900000	3.000000	-25.435000	1.000000	NaN	NaN	NaN	NaN	NaN	NaN	NaN	NaN	NaN
191.996126	0.000000	0.000000	0.000000	-527.900000	3.000000	514.900000	3.000000	-25.201000	1.000000	NaN	NaN	NaN	NaN	NaN	NaN	NaN	NaN	NaN
192.996149	0.000000	0.000000	0.000000	-528.000000	3.000000	514.800000	3.000000	-25.297000	1.000000	NaN	NaN	NaN	NaN	NaN	NaN	NaN	NaN	NaN
193.996678	0.000000	0.000000	0.000000	-528.200000	3.000000	514.800000	3.000000	-25.146000	1.000000	NaN	NaN	NaN	NaN	NaN	NaN	NaN	NaN	NaN
194.996198	0.000000	0.000000	0.000000	-528.200000	3.000000	514.900000	3.000000	-25.203000	1.000000	NaN	NaN	NaN	NaN	NaN	NaN	NaN	NaN	NaN
195.996237	0.000000	0.000000	0.000000	-528.500000	3.000000	514.800000	3.000000	-24.930000	1.000000	NaN	NaN	NaN	NaN	NaN	NaN	NaN	NaN	NaN
196.996261	0.000000	0.000000	0.000000	-528.300000	3.000000	514.800000	3.000000	-24.930000	1.000000	NaN	NaN	NaN	NaN	NaN	NaN	NaN	NaN	NaN
197.996362	0.000000	0.000000	0.000000	-528.300000	3.000000	514.800000	3.000000	-24.941000	1.000000	NaN	NaN	NaN	NaN	NaN	NaN	NaN	NaN	NaN
198.996314	0.000000	0.000000	0.000000	-527.900000	3.000000	514.800000	3.000000	-25.260000	1.000000	NaN	NaN	NaN	NaN	NaN	NaN	NaN	NaN	NaN
199.996346	0.000000	0.000000	0.000000	-527.300000	3.000000	514.800000	3.000000	-25.122000	1.000000	NaN	NaN	NaN	NaN	NaN	NaN	NaN	NaN	NaN
200.996370	0.000000	0.000000	0.000000	-527.900000	3.000000	514.800000	3.000000	-24.641000	1.000000	NaN	NaN	NaN	NaN	NaN	NaN	NaN	NaN	NaN
201.996398	0.000000	0.000000	0.000000	-528.100000	3.000000	514.900000	3.000000	-24.836000	1.000000	NaN	NaN	NaN	NaN	NaN	NaN	NaN	NaN	NaN
202.996386	0.000000	0.000000	0.000000	-527.600000	3.000000	514.800000	3.000000	-25.081000	1.000000	NaN	NaN	NaN	NaN	NaN	NaN	NaN	NaN	NaN
203.995478	0.000000	0.000000	0.000000	-527.600000	3.000000	514.800000	3.000000	-25.386000	1.000000	NaN	NaN	NaN	NaN	NaN	NaN	NaN	NaN	NaN
204.995514	0.000000	0.000000	0.000000	-528.000000	3.000000	514.900000	3.000000	-25.423000	1.000000	NaN	NaN	NaN	NaN	NaN	NaN	NaN	NaN	NaN
205.995543	0.000000	0.000000	0.000000	-527.800000	3.000000	514.900000	3.000000	-25.156000	1.000000	NaN	NaN	NaN	NaN	NaN	NaN	NaN	NaN	NaN
206.995568	0.000000	0.000000	0.000000	-528.000000	3.000000	514.900000	3.000000	-25.157000	1.000000	NaN	NaN	NaN	NaN	NaN	NaN	NaN	NaN	NaN
207.995560	0.000000	0.000000	0.000000	-528.000000	3.000000	514.900000	3.000000	-25.243000	1.000000	NaN	NaN	NaN	NaN	NaN	NaN	NaN	NaN	NaN
208.995589	0.000000	0.000000	0.000000	-528.100000	3.000000	514.900000	3.000000	-25.082000	1.000000	NaN	NaN	NaN	NaN	NaN	NaN	NaN	NaN	NaN
209.995621	0.000000	0.000000	0.000000	-528.000000	3.000000	514.800000	3.000000	-24.952000	1.000000	NaN	NaN	NaN	NaN	NaN	NaN	NaN	NaN	NaN
210.995642	0.000000	0.000000	0.000000	-527.900000	3.000000	514.900000	3.000000	-25.217000	1.000000	NaN	NaN	NaN	NaN	NaN	NaN	NaN	NaN	NaN
211.995704	0.000000	0.000000	0.000000	-527.900000	3.000000	514.800000	3.000000	-25.210000	1.000000	NaN	NaN	NaN	NaN	NaN	NaN	NaN	NaN	NaN
212.995695	0.000000	0.000000	0.000000	-527.800000	3.000000	514.800000	3.000000	-25.112000	1.000000	NaN	NaN	NaN	NaN	NaN	NaN	NaN	NaN	NaN
213.995743	0.000000	0.000000	0.000000	-527.800000	3.000000	514.900000	3.000000	-24.706000	1.000000	NaN	NaN	NaN	NaN	NaN	NaN	NaN	NaN	NaN
214.995757	0.000000	0.000000	0.000000	-527.900000	3.000000	514.900000	3.000000	-24.821000	1.000000	NaN	NaN	NaN	NaN	NaN	NaN	NaN	NaN	NaN
215.995784	0.000000	0.000000	0.000000	-527.400000	3.000000	514.900000	3.000000	-24.969000	1.000000	NaN	NaN	NaN	NaN	NaN	NaN	NaN	NaN	NaN
216.995810	0.000000	0.000000	0.000000	-527.300000	3.000000	514.900000	3.000000	-24.655000	1.000000	NaN	NaN	NaN	NaN	NaN	NaN	NaN	NaN	NaN
217.995836	0.000000	0.000000	0.000000	-527.400000	3.000000	514.900000	3.000000	-24.980000	1.000000	NaN	NaN	NaN	NaN	NaN	NaN	NaN	NaN	NaN
218.995906	0.000000	0.000000	0.000000	-527.100000	3.000000	514.900000	3.000000	-23.506000	1.000000	NaN	NaN	NaN	NaN	NaN	NaN	NaN	NaN	NaN
219.995916	0.000000	0.000000	0.000000	-527.700000	3.000000	514.900000	3.000000	-24.177000	1.000000	NaN	NaN	NaN	NaN	NaN	NaN	NaN	NaN	NaN
220.994941	0.000000	0.000000	0.000000	-528.000000	3.000000	514.900000	3.000000	-24.903000	1.000000	NaN	NaN	NaN	NaN	NaN	NaN	NaN	NaN	NaN
221.994949	0.000000	0.000000	0.000000	-527.900000	3.000000	514.900000	3.000000	-24.740000	1.000000	NaN	NaN	NaN	NaN	NaN	NaN	NaN	NaN	NaN
222.994964	0.000000	0.000000	0.000000	-527.800000	3.000000	514.900000	3.000000	-24.903000	1.000000	NaN	NaN	NaN	NaN	NaN	NaN	NaN	NaN	NaN
223.995037	0.000000	0.000000	0.000000	-528.000000	3.000000	514.800000	3.000000	-25.067000	1.000000	NaN	NaN	NaN	NaN	NaN	NaN	NaN	NaN	NaN
224.995083	0.000000	0.000000	0.000000	-527.400000	3.000000	514.900000	3.000000	-25.328000	1.000000	NaN	NaN	NaN	NaN	NaN	NaN	NaN	NaN	NaN
225.994984	0.000000	0.000000	0.000000	-527.500000	3.000000	514.800000	3.000000	-25.095000	1.000000	NaN	NaN	NaN	NaN	NaN	NaN	NaN	NaN	NaN
226.995162	0.000000	0.000000	0.000000	-527.500000	3.000000	514.900000	3.000000	-25.331000	1.000000	NaN	NaN	NaN	NaN	NaN	NaN	NaN	NaN	NaN
227.995122	0.000000	0.000000	0.000000	-527.300000	3.000000	514.900000	3.000000	-24.660000	1.000000	NaN	NaN	NaN	NaN	NaN	NaN	NaN	NaN	NaN
228.995132	0.000000	0.000000	0.000000	-527.400000	3.000000	514.900000	3.000000	-24.262000	1.000000	NaN	NaN	NaN	NaN	NaN	NaN	NaN	NaN	NaN
229.995167	0.000000	0.000000	0.000000	-527.400000	3.000000	514.900000	3.000000	-24.542000	1.000000	NaN	NaN	NaN	NaN	NaN	NaN	NaN	NaN	NaN
230.995198	0.000000	0.000000	0.000000	-527.400000	3.000000	514.900000	3.000000	-24.504000	1.000000	NaN	NaN	NaN	NaN	NaN	NaN	NaN	NaN	NaN
231.995273	0.000000	0.000000	0.000000	-527.300000	3.000000	514.800000	3.000000	-25.109000	1.000000	NaN	NaN	NaN	NaN	NaN	NaN	NaN	NaN	NaN
232.995254	0.000000	0.000000	0.000000	-527.900000	3.000000	514.800000	3.000000	-24.152000	1.000000	NaN	NaN	NaN	NaN	NaN	NaN	NaN	NaN	NaN
233.995289	0.000000	0.000000	0.000000	-527.200000	3.000000	514.800000	3.000000	-24.876000	1.000000	NaN	NaN	NaN	NaN	NaN	NaN	NaN	NaN	NaN
234.995353	0.000000	0.000000	0.000000	-527.300000	3.000000	514.800000	3.000000	-25.025000	1.000000	NaN	NaN	NaN	NaN	NaN	NaN	NaN	NaN	NaN
235.995333	0.000000	0.000000	0.000000	-527.200000	3.000000	514.900000	3.000000	-24.823000	1.000000	NaN	NaN	NaN	NaN	NaN	NaN	NaN	NaN	NaN
236.995387	0.000000	0.000000	0.000000	-527.600000	3.000000	514.800000	3.000000	-24.323000	1.000000	NaN	NaN	NaN	NaN	NaN	NaN	NaN	NaN	NaN
237.995401	0.000000	0.000000	0.000000	-527.400000	3.000000	514.800000	3.000000	-24.408000	1.000000	NaN	NaN	NaN	NaN	NaN	NaN	NaN	NaN	NaN
238.994455	0.000000	0.000000	0.000000	-527.500000	3.000000	514.900000	3.000000	-24.823000	1.000000	NaN	NaN	NaN	NaN	NaN	NaN	NaN	NaN	NaN
239.994430	0.000000	0.000000	0.000000	-527.200000	3.000000	514.900000	3.000000	-24.662000	1.000000	NaN	NaN	NaN	NaN	NaN	NaN	NaN	NaN	NaN
240.994462	0.000000	0.000000	0.000000	-527.400000	3.000000	514.900000	3.000000	-24.572000	1.000000	NaN	NaN	NaN	NaN	NaN	NaN	NaN	NaN	NaN
241.994479	0.000000	0.000000	0.000000	-527.400000	3.000000	514.900000	3.000000	-24.642000	1.000000	NaN	NaN	NaN	NaN	NaN	NaN	NaN	NaN	NaN
242.994532	0.000000	0.000000	0.000000	-527.400000	3.000000	514.900000	3.000000	-24.942000	1.000000	NaN	NaN	NaN	NaN	NaN	NaN	NaN	NaN	NaN
243.994546	0.000000	0.000000	0.000000	-527.200000	3.000000	514.900000	3.000000	-24.796000	1.000000	NaN	NaN	NaN	NaN	NaN	NaN	NaN	NaN	NaN
244.994570	0.000000	0.000000	0.000000	-527.100000	3.000000	514.900000	3.000000	-25.015000	1.000000	NaN	NaN	NaN	NaN	NaN	NaN	NaN	NaN	NaN
245.994603	0.000000	0.000000	0.000000	-527.100000	3.000000	514.900000	3.000000	-25.317000	1.000000	NaN	NaN	NaN	NaN	NaN	NaN	NaN	NaN	NaN
246.994583	0.000000	0.000000	0.000000	-526.500000	3.000000	514.900000	3.000000	-25.574000	1.000000	NaN	NaN	NaN	NaN	NaN	NaN	NaN	NaN	NaN
247.994724	0.000000	0.000000	0.000000	-526.300000	3.000000	514.900000	3.000000	-25.547000	1.000000	NaN	NaN	NaN	NaN	NaN	NaN	NaN	NaN	NaN
248.994688	0.000000	0.000000	0.000000	-526.600000	3.000000	514.900000	3.000000	-25.307000	1.000000	NaN	NaN	NaN	NaN	NaN	NaN	NaN	NaN	NaN
249.994757	0.000000	0.000000	0.000000	-526.600000	3.000000	514.900000	3.000000	-24.958000	1.000000	NaN	NaN	NaN	NaN	NaN	NaN	NaN	NaN	NaN
250.994777	0.000000	0.000000	0.000000	-527.600000	3.000000	514.900000	3.000000	-24.995000	1.000000	NaN	NaN	NaN	NaN	NaN	NaN	NaN	NaN	NaN
251.994788	0.000000	0.000000	0.000000	-527.500000	3.000000	514.900000	3.000000	-25.075000	1.000000	NaN	NaN	NaN	NaN	NaN	NaN	NaN	NaN	NaN
252.994802	0.000000	0.000000	0.000000	-527.500000	3.000000	514.900000	3.000000	-25.006000	1.000000	NaN	NaN	NaN	NaN	NaN	NaN	NaN	NaN	NaN
253.994865	0.000000	0.000000	0.000000	-527.300000	3.000000	514.900000	3.000000	-24.836000	1.000000	NaN	NaN	NaN	NaN	NaN	NaN	NaN	NaN	NaN
254.994883	0.000000	0.000000	0.000000	-527.200000	3.000000	514.800000	3.000000	-24.465000	1.000000	NaN	NaN	NaN	NaN	NaN	NaN	NaN	NaN	NaN
255.993884	0.000000	0.000000	0.000000	-527.400000	3.000000	514.900000	3.000000	-24.301000	1.000000	NaN	NaN	NaN	NaN	NaN	NaN	NaN	NaN	NaN
256.993904	0.000000	0.000000	0.000000	-527.300000	3.000000	514.800000	3.000000	-24.328000	1.000000	NaN	NaN	NaN	NaN	NaN	NaN	NaN	NaN	NaN
257.993928	0.000000	0.000000	0.000000	-527.400000	3.000000	514.800000	3.000000	-24.925000	1.000000	NaN	NaN	NaN	NaN	NaN	NaN	NaN	NaN	NaN
258.993996	0.000000	0.000000	0.000000	-527.600000	3.000000	514.800000	3.000000	-24.970000	1.000000	NaN	NaN	NaN	NaN	NaN	NaN	NaN	NaN	NaN
259.993989	0.000000	0.000000	0.000000	-527.600000	3.000000	514.800000	3.000000	-24.662000	1.000000	NaN	NaN	NaN	NaN	NaN	NaN	NaN	NaN	NaN
260.994019	0.000000	0.000000	0.000000	-527.600000	3.000000	514.800000	3.000000	-24.819000	1.000000	NaN	NaN	NaN	NaN	NaN	NaN	NaN	NaN	NaN
261.994046	0.000000	0.000000	0.000000	-527.500000	3.000000	514.800000	3.000000	-25.050000	1.000000	NaN	NaN	NaN	NaN	NaN	NaN	NaN	NaN	NaN
262.994075	0.000000	0.000000	0.000000	-527.300000	3.000000	514.800000	3.000000	-24.797000	1.000000	NaN	NaN	NaN	NaN	NaN	NaN	NaN	NaN	NaN
263.994123	0.000000	0.000000	0.000000	-526.900000	3.000000	514.800000	3.000000	-24.616000	1.000000	NaN	NaN	NaN	NaN	NaN	NaN	NaN	NaN	NaN
264.994176	0.000000	0.000000	0.000000	-527.400000	3.000000	514.700000	3.000000	-24.622000	1.000000	NaN	NaN	NaN	NaN	NaN	NaN	NaN	NaN	NaN
265.994155	0.000000	0.000000	0.000000	-527.200000	3.000000	514.800000	3.000000	-24.633000	1.000000	NaN	NaN	NaN	NaN	NaN	NaN	NaN	NaN	NaN
266.994171	0.000000	0.000000	0.000000	-527.200000	3.000000	514.700000	3.000000	-24.539000	1.000000	NaN	NaN	NaN	NaN	NaN	NaN	NaN	NaN	NaN
267.994222	0.000000	0.000000	0.000000	-527.700000	3.000000	514.700000	3.000000	-24.631000	1.000000	NaN	NaN	NaN	NaN	NaN	NaN	NaN	NaN	NaN
268.994240	0.000000	0.000000	0.000000	-526.900000	3.000000	514.800000	3.000000	-24.901000	1.000000	NaN	NaN	NaN	NaN	NaN	NaN	NaN	NaN	NaN
269.994270	0.000000	0.000000	0.000000	-526.800000	3.000000	514.700000	3.000000	-24.682000	1.000000	NaN	NaN	NaN	NaN	NaN	NaN	NaN	NaN	NaN
270.994290	0.000000	0.000000	0.000000	-527.000000	3.000000	514.700000	3.000000	-24.520000	1.000000	NaN	NaN	NaN	NaN	NaN	NaN	NaN	NaN	NaN
271.994322	0.000000	0.000000	0.000000	-526.700000	3.000000	514.700000	3.000000	-24.537000	1.000000	NaN	NaN	NaN	NaN	NaN	NaN	NaN	NaN	NaN
272.994347	0.000000	0.000000	0.000000	-527.100000	3.000000	514.700000	3.000000	-23.731000	1.000000	NaN	NaN	NaN	NaN	NaN	NaN	NaN	NaN	NaN
273.993370	0.000000	0.000000	0.000000	-527.200000	3.000000	514.700000	3.000000	-23.687000	1.000000	NaN	NaN	NaN	NaN	NaN	NaN	NaN	NaN	NaN
274.993455	0.000000	0.000000	0.000000	-527.100000	3.000000	514.700000	3.000000	-23.737000	1.000000	NaN	NaN	NaN	NaN	NaN	NaN	NaN	NaN	NaN
275.993432	0.000000	0.000000	0.000000	-527.000000	3.000000	514.700000	3.000000	-23.860000	1.000000	NaN	NaN	NaN	NaN	NaN	NaN	NaN	NaN	NaN
276.993456	0.000000	0.000000	0.000000	-527.600000	3.000000	514.700000	3.000000	-23.900000	1.000000	NaN	NaN	NaN	NaN	NaN	NaN	NaN	NaN	NaN
277.993486	0.000000	0.000000	0.000000	-527.600000	3.000000	514.800000	3.000000	-24.634000	1.000000	NaN	NaN	NaN	NaN	NaN	NaN	NaN	NaN	NaN
278.993512	0.000000	0.000000	0.000000	-527.700000	3.000000	514.800000	3.000000	-24.166000	1.000000	NaN	NaN	NaN	NaN	NaN	NaN	NaN	NaN	NaN
279.993548	0.000000	0.000000	0.000000	-527.600000	3.000000	514.700000	3.000000	-24.179000	1.000000	NaN	NaN	NaN	NaN	NaN	NaN	NaN	NaN	NaN
280.993565	0.000000	0.000000	0.000000	-527.700000	3.000000	514.800000	3.000000	-24.668000	1.000000	NaN	NaN	NaN	NaN	NaN	NaN	NaN	NaN	NaN
281.993628	0.000000	0.000000	0.000000	-527.400000	3.000000	514.800000	3.000000	-24.707000	1.000000	NaN	NaN	NaN	NaN	NaN	NaN	NaN	NaN	NaN
282.993657	0.000000	0.000000	0.000000	-527.600000	3.000000	514.700000	3.000000	-24.742000	1.000000	NaN	NaN	NaN	NaN	NaN	NaN	NaN	NaN	NaN
283.993637	0.000000	0.000000	0.000000	-527.500000	3.000000	514.700000	3.000000	-24.616000	1.000000	NaN	NaN	NaN	NaN	NaN	NaN	NaN	NaN	NaN
284.993726	0.000000	0.000000	0.000000	-527.400000	3.000000	514.800000	3.000000	-24.654000	1.000000	NaN	NaN	NaN	NaN	NaN	NaN	NaN	NaN	NaN
285.993706	0.000000	0.000000	0.000000	-527.300000	3.000000	514.800000	3.000000	-24.160000	1.000000	NaN	NaN	NaN	NaN	NaN	NaN	NaN	NaN	NaN
286.993730	0.000000	0.000000	0.000000	-527.200000	3.000000	514.800000	3.000000	-23.863000	1.000000	NaN	NaN	NaN	NaN	NaN	NaN	NaN	NaN	NaN
287.993711	0.000000	0.000000	0.000000	-527.700000	3.000000	514.800000	3.000000	-23.847000	1.000000	NaN	NaN	NaN	NaN	NaN	NaN	NaN	NaN	NaN
288.993858	0.000000	0.000000	0.000000	-527.500000	3.000000	514.800000	3.000000	-24.034000	1.000000	NaN	NaN	NaN	NaN	NaN	NaN	NaN	NaN	NaN
289.993740	0.000000	0.000000	0.000000	-527.400000	3.000000	514.800000	3.000000	-23.903000	1.000000	NaN	NaN	NaN	NaN	NaN	NaN	NaN	NaN	NaN
290.992821	0.000000	0.000000	0.000000	-527.100000	3.000000	514.800000	3.000000	-23.886000	1.000000	NaN	NaN	NaN	NaN	NaN	NaN	NaN	NaN	NaN
291.992918	0.000000	0.000000	0.000000	-527.000000	3.000000	514.900000	3.000000	-23.854000	1.000000	NaN	NaN	NaN	NaN	NaN	NaN	NaN	NaN	NaN
292.992892	0.000000	0.000000	0.000000	-527.200000	3.000000	514.800000	3.000000	-24.069000	1.000000	NaN	NaN	NaN	NaN	NaN	NaN	NaN	NaN	NaN
293.992919	0.000000	0.000000	0.000000	-527.200000	3.000000	514.800000	3.000000	-24.710000	1.000000	NaN	NaN	NaN	NaN	NaN	NaN	NaN	NaN	NaN
294.992980	0.000000	0.000000	0.000000	-527.100000	3.000000	514.800000	3.000000	-24.012000	1.000000	NaN	NaN	NaN	NaN	NaN	NaN	NaN	NaN	NaN
295.992992	0.000000	0.000000	0.000000	-527.000000	3.000000	514.900000	3.000000	-24.098000	1.000000	NaN	NaN	NaN	NaN	NaN	NaN	NaN	NaN	NaN
296.993001	0.000000	0.000000	0.000000	-526.900000	3.000000	514.800000	3.000000	-23.914000	1.000000	NaN	NaN	NaN	NaN	NaN	NaN	NaN	NaN	NaN
297.993072	0.000000	0.000000	0.000000	-527.000000	3.000000	514.900000	3.000000	-23.984000	1.000000	NaN	NaN	NaN	NaN	NaN	NaN	NaN	NaN	NaN
298.993047	0.000000	0.000000	0.000000	-527.100000	3.000000	514.800000	3.000000	-24.017000	1.000000	NaN	NaN	NaN	NaN	NaN	NaN	NaN	NaN	NaN
299.993048	0.000000	0.000000	0.000000	-526.900000	3.000000	514.900000	3.000000	-24.008000	1.000000	NaN	NaN	NaN	NaN	NaN	NaN	NaN	NaN	NaN
300.993057	0.000000	0.000000	0.000000	-526.800000	3.000000	514.800000	3.000000	-23.856000	1.000000	NaN	NaN	NaN	NaN	NaN	NaN	NaN	NaN	NaN
301.993149	0.000000	0.000000	0.000000	-527.100000	3.000000	514.800000	3.000000	-24.118000	1.000000	NaN	NaN	NaN	NaN	NaN	NaN	NaN	NaN	NaN
302.993163	0.000000	0.000000	0.000000	-527.000000	3.000000	514.800000	3.000000	-23.820000	1.000000	NaN	NaN	NaN	NaN	NaN	NaN	NaN	NaN	NaN
303.993196	0.000000	0.000000	0.000000	-527.200000	3.000000	514.900000	3.000000	-23.864000	1.000000	NaN	NaN	NaN	NaN	NaN	NaN	NaN	NaN	NaN
304.993231	0.000000	0.000000	0.000000	-527.000000	3.000000	514.800000	3.000000	-24.017000	1.000000	NaN	NaN	NaN	NaN	NaN	NaN	NaN	NaN	NaN
305.993295	0.000000	0.000000	0.000000	-526.900000	3.000000	514.900000	3.000000	-24.507000	1.000000	NaN	NaN	NaN	NaN	NaN	NaN	NaN	NaN	NaN
306.993313	0.000000	0.000000	0.000000	-526.900000	3.000000	514.900000	3.000000	-23.869000	1.000000	NaN	NaN	NaN	NaN	NaN	NaN	NaN	NaN	NaN
307.993299	0.000000	0.000000	0.000000	-526.700000	3.000000	514.900000	3.000000	-24.383000	1.000000	NaN	NaN	NaN	NaN	NaN	NaN	NaN	NaN	NaN
308.992381	0.000000	0.000000	0.000000	-526.900000	3.000000	514.900000	3.000000	-24.544000	1.000000	NaN	NaN	NaN	NaN	NaN	NaN	NaN	NaN	NaN
309.992323	0.000000	0.000000	0.000000	-527.000000	3.000000	514.900000	3.000000	-24.552000	1.000000	NaN	NaN	NaN	NaN	NaN	NaN	NaN	NaN	NaN
310.992348	0.000000	0.000000	0.000000	-526.900000	3.000000	514.800000	3.000000	-24.351000	1.000000	NaN	NaN	NaN	NaN	NaN	NaN	NaN	NaN	NaN
311.992384	0.000000	0.000000	0.000000	-526.900000	3.000000	514.900000	3.000000	-24.210000	1.000000	NaN	NaN	NaN	NaN	NaN	NaN	NaN	NaN	NaN
312.992434	0.000000	0.000000	0.000000	-527.000000	3.000000	514.900000	3.000000	-24.082000	1.000000	NaN	NaN	NaN	NaN	NaN	NaN	NaN	NaN	NaN
313.992469	0.000000	0.000000	0.000000	-526.900000	3.000000	514.900000	3.000000	-23.998000	1.000000	NaN	NaN	NaN	NaN	NaN	NaN	NaN	NaN	NaN
314.992458	0.000000	0.000000	0.000000	-526.700000	3.000000	514.800000	3.000000	-23.967000	1.000000	NaN	NaN	NaN	NaN	NaN	NaN	NaN	NaN	NaN
315.992511	0.000000	0.000000	0.000000	-527.000000	3.000000	514.900000	3.000000	-24.003000	1.000000	NaN	NaN	NaN	NaN	NaN	NaN	NaN	NaN	NaN
316.992560	0.000000	0.000000	0.000000	-527.500000	3.000000	514.900000	3.000000	-24.547000	1.000000	NaN	NaN	NaN	NaN	NaN	NaN	NaN	NaN	NaN
317.992586	0.000000	0.000000	0.000000	-527.400000	3.000000	514.900000	3.000000	-24.495000	1.000000	NaN	NaN	NaN	NaN	NaN	NaN	NaN	NaN	NaN
318.992614	0.000000	0.000000	0.000000	-527.100000	3.000000	514.900000	3.000000	-25.111000	1.000000	NaN	NaN	NaN	NaN	NaN	NaN	NaN	NaN	NaN
319.992648	0.000000	0.000000	0.000000	-527.400000	3.000000	514.900000	3.000000	-24.217000	1.000000	NaN	NaN	NaN	NaN	NaN	NaN	NaN	NaN	NaN
320.992622	0.000000	0.000000	0.000000	-527.100000	3.000000	514.900000	3.000000	-24.816000	1.000000	NaN	NaN	NaN	NaN	NaN	NaN	NaN	NaN	NaN
321.992650	0.000000	0.000000	0.000000	-527.000000	3.000000	514.900000	3.000000	-24.141000	1.000000	NaN	NaN	NaN	NaN	NaN	NaN	NaN	NaN	NaN
322.992757	0.000000	0.000000	0.000000	-527.100000	3.000000	514.800000	3.000000	-24.849000	1.000000	NaN	NaN	NaN	NaN	NaN	NaN	NaN	NaN	NaN
323.992737	0.000000	0.000000	0.000000	-526.900000	3.000000	514.900000	3.000000	-24.411000	1.000000	NaN	NaN	NaN	NaN	NaN	NaN	NaN	NaN	NaN
324.992770	0.000000	0.000000	0.000000	-527.100000	3.000000	514.800000	3.000000	-24.293000	1.000000	NaN	NaN	NaN	NaN	NaN	NaN	NaN	NaN	NaN
325.991793	0.000000	0.000000	0.000000	-527.100000	3.000000	514.800000	3.000000	-24.234000	1.000000	NaN	NaN	NaN	NaN	NaN	NaN	NaN	NaN	NaN
326.991868	0.000000	0.000000	0.000000	-527.200000	3.000000	514.800000	3.000000	-24.225000	1.000000	NaN	NaN	NaN	NaN	NaN	NaN	NaN	NaN	NaN
327.991859	0.000000	0.000000	0.000000	-526.900000	3.000000	514.800000	3.000000	-24.254000	1.000000	NaN	NaN	NaN	NaN	NaN	NaN	NaN	NaN	NaN
328.991895	0.000000	0.000000	0.000000	-527.000000	3.000000	514.800000	3.000000	-24.260000	1.000000	NaN	NaN	NaN	NaN	NaN	NaN	NaN	NaN	NaN
329.991912	0.000000	0.000000	0.000000	-526.900000	3.000000	514.800000	3.000000	-24.313000	1.000000	NaN	NaN	NaN	NaN	NaN	NaN	NaN	NaN	NaN
330.991897	0.000000	0.000000	0.000000	-527.100000	3.000000	514.800000	3.000000	-24.327000	1.000000	NaN	NaN	NaN	NaN	NaN	NaN	NaN	NaN	NaN
331.991935	0.000000	0.000000	0.000000	-526.800000	3.000000	514.900000	3.000000	-24.438000	1.000000	NaN	NaN	NaN	NaN	NaN	NaN	NaN	NaN	NaN
332.991944	0.000000	0.000000	0.000000	-527.000000	3.000000	514.900000	3.000000	-24.424000	1.000000	NaN	NaN	NaN	NaN	NaN	NaN	NaN	NaN	NaN
333.992010	0.000000	0.000000	0.000000	-527.000000	3.000000	514.900000	3.000000	-24.465000	1.000000	NaN	NaN	NaN	NaN	NaN	NaN	NaN	NaN	NaN
334.992049	0.000000	0.000000	0.000000	-527.000000	3.000000	514.900000	3.000000	-24.468000	1.000000	NaN	NaN	NaN	NaN	NaN	NaN	NaN	NaN	NaN
335.992077	0.000000	0.000000	0.000000	-527.300000	3.000000	514.900000	3.000000	-24.506000	1.000000	NaN	NaN	NaN	NaN	NaN	NaN	NaN	NaN	NaN
336.992105	0.000000	0.000000	0.000000	-527.200000	3.000000	514.800000	3.000000	-24.438000	1.000000	NaN	NaN	NaN	NaN	NaN	NaN	NaN	NaN	NaN
337.992126	0.000000	0.000000	0.000000	-527.300000	3.000000	514.900000	3.000000	-24.511000	1.000000	NaN	NaN	NaN	NaN	NaN	NaN	NaN	NaN	NaN
338.992162	0.000000	0.000000	0.000000	-527.200000	3.000000	514.900000	3.000000	-24.504000	1.000000	NaN	NaN	NaN	NaN	NaN	NaN	NaN	NaN	NaN
339.992231	0.000000	0.000000	0.000000	-527.200000	3.000000	514.900000	3.000000	-24.562000	1.000000	NaN	NaN	NaN	NaN	NaN	NaN	NaN	NaN	NaN
340.993103	0.000000	0.000000	0.000000	-527.200000	3.000000	514.800000	3.000000	-24.635000	1.000000	NaN	NaN	NaN	NaN	NaN	NaN	NaN	NaN	NaN
341.992207	0.000000	0.000000	0.000000	-527.300000	3.000000	514.900000	3.000000	-24.558000	1.000000	NaN	NaN	NaN	NaN	NaN	NaN	NaN	NaN	NaN
342.991225	0.000000	0.000000	0.000000	-527.400000	3.000000	514.900000	3.000000	-24.550000	1.000000	NaN	NaN	NaN	NaN	NaN	NaN	NaN	NaN	NaN
343.991277	0.000000	0.000000	0.000000	-527.300000	3.000000	514.800000	3.000000	-24.465000	1.000000	NaN	NaN	NaN	NaN	NaN	NaN	NaN	NaN	NaN
344.991293	0.000000	0.000000	0.000000	-527.100000	3.000000	514.900000	3.000000	-24.485000	1.000000	NaN	NaN	NaN	NaN	NaN	NaN	NaN	NaN	NaN
345.991317	0.000000	0.000000	0.000000	-527.200000	3.000000	514.900000	3.000000	-24.487000	1.000000	NaN	NaN	NaN	NaN	NaN	NaN	NaN	NaN	NaN
346.991404	0.000000	0.000000	0.000000	-527.100000	3.000000	514.800000	3.000000	-24.587000	1.000000	NaN	NaN	NaN	NaN	NaN	NaN	NaN	NaN	NaN
347.991404	0.000000	0.000000	0.000000	-527.000000	3.000000	514.800000	3.000000	-24.510000	1.000000	NaN	NaN	NaN	NaN	NaN	NaN	NaN	NaN	NaN
348.991434	0.000000	0.000000	0.000000	-527.300000	3.000000	514.800000	3.000000	-24.584000	1.000000	NaN	NaN	NaN	NaN	NaN	NaN	NaN	NaN	NaN
349.991458	0.000000	0.000000	0.000000	-527.100000	3.000000	514.800000	3.000000	-24.590000	1.000000	NaN	NaN	NaN	NaN	NaN	NaN	NaN	NaN	NaN
350.991522	0.000000	0.000000	0.000000	-527.200000	3.000000	514.900000	3.000000	-24.622000	1.000000	NaN	NaN	NaN	NaN	NaN	NaN	NaN	NaN	NaN
351.991939	0.000000	0.000000	0.000000	-527.400000	3.000000	514.800000	3.000000	-24.617000	1.000000	NaN	NaN	NaN	NaN	NaN	NaN	NaN	NaN	NaN
352.991514	0.000000	0.000000	0.000000	-527.200000	3.000000	514.800000	3.000000	-24.624000	1.000000	NaN	NaN	NaN	NaN	NaN	NaN	NaN	NaN	NaN
353.991553	0.000000	0.000000	0.000000	-527.200000	3.000000	514.800000	3.000000	-24.562000	1.000000	NaN	NaN	NaN	NaN	NaN	NaN	NaN	NaN	NaN
354.991585	0.000000	0.000000	0.000000	-527.000000	3.000000	514.800000	3.000000	-24.714000	1.000000	NaN	NaN	NaN	NaN	NaN	NaN	NaN	NaN	NaN
355.991624	0.000000	0.000000	0.000000	-526.900000	3.000000	514.800000	3.000000	-24.701000	1.000000	NaN	NaN	NaN	NaN	NaN	NaN	NaN	NaN	NaN
356.991656	0.000000	0.000000	0.000000	-527.200000	3.000000	514.800000	3.000000	-24.717000	1.000000	NaN	NaN	NaN	NaN	NaN	NaN	NaN	NaN	NaN
357.991686	0.000000	0.000000	0.000000	-527.000000	3.000000	514.800000	3.000000	-24.611000	1.000000	NaN	NaN	NaN	NaN	NaN	NaN	NaN	NaN	NaN
358.991710	0.000000	0.000000	0.000000	-527.000000	3.000000	514.800000	3.000000	-24.662000	1.000000	NaN	NaN	NaN	NaN	NaN	NaN	NaN	NaN	NaN
359.991708	0.000000	0.000000	0.000000	-527.300000	3.000000	514.800000	3.000000	-24.620000	1.000000	NaN	NaN	NaN	NaN	NaN	NaN	NaN	NaN	NaN
360.990762	0.000000	0.000000	0.000000	-526.800000	3.000000	514.800000	3.000000	-24.692000	1.000000	NaN	NaN	NaN	NaN	NaN	NaN	NaN	NaN	NaN
361.990823	0.000000	0.000000	0.000000	-527.200000	3.000000	514.800000	3.000000	-24.675000	1.000000	NaN	NaN	NaN	NaN	NaN	NaN	NaN	NaN	NaN
362.990796	0.000000	0.000000	0.000000	-527.200000	3.000000	514.800000	3.000000	-24.659000	1.000000	NaN	NaN	NaN	NaN	NaN	NaN	NaN	NaN	NaN
363.990802	0.000000	0.000000	0.000000	-527.000000	3.000000	514.800000	3.000000	-24.742000	1.000000	NaN	NaN	NaN	NaN	NaN	NaN	NaN	NaN	NaN
364.990884	0.000000	0.000000	0.000000	-527.100000	3.000000	514.800000	3.000000	-24.754000	1.000000	NaN	NaN	NaN	NaN	NaN	NaN	NaN	NaN	NaN
365.990873	0.000000	0.000000	0.000000	-527.000000	3.000000	514.800000	3.000000	-24.867000	1.000000	NaN	NaN	NaN	NaN	NaN	NaN	NaN	NaN	NaN
366.990919	0.000000	0.000000	0.000000	-527.200000	3.000000	514.800000	3.000000	-24.883000	1.000000	NaN	NaN	NaN	NaN	NaN	NaN	NaN	NaN	NaN
367.990950	0.000000	0.000000	0.000000	-527.200000	3.000000	514.800000	3.000000	-24.786000	1.000000	NaN	NaN	NaN	NaN	NaN	NaN	NaN	NaN	NaN
368.990979	0.000000	0.000000	0.000000	-527.200000	3.000000	514.800000	3.000000	-24.752000	1.000000	NaN	NaN	NaN	NaN	NaN	NaN	NaN	NaN	NaN
369.991038	0.000000	0.000000	0.000000	-527.000000	3.000000	514.800000	3.000000	-24.736000	1.000000	NaN	NaN	NaN	NaN	NaN	NaN	NaN	NaN	NaN
370.991002	0.000000	0.000000	0.000000	-526.700000	3.000000	514.800000	3.000000	-24.762000	1.000000	NaN	NaN	NaN	NaN	NaN	NaN	NaN	NaN	NaN
371.991089	0.000000	0.000000	0.000000	-526.100000	3.000000	514.800000	3.000000	-24.938000	1.000000	NaN	NaN	NaN	NaN	NaN	NaN	NaN	NaN	NaN
372.991052	0.000000	0.000000	0.000000	-526.600000	3.000000	514.800000	3.000000	-24.960000	1.000000	NaN	NaN	NaN	NaN	NaN	NaN	NaN	NaN	NaN
373.991080	0.000000	0.000000	0.000000	-527.300000	3.000000	514.800000	3.000000	-24.968000	1.000000	NaN	NaN	NaN	NaN	NaN	NaN	NaN	NaN	NaN
374.991130	0.000000	0.000000	0.000000	-527.500000	3.000000	514.800000	3.000000	-24.933000	1.000000	NaN	NaN	NaN	NaN	NaN	NaN	NaN	NaN	NaN
375.991176	0.000000	0.000000	0.000000	-526.900000	3.000000	514.800000	3.000000	-24.933000	1.000000	NaN	NaN	NaN	NaN	NaN	NaN	NaN	NaN	NaN
376.991132	0.000000	0.000000	0.000000	-526.700000	3.000000	514.800000	3.000000	-25.056000	1.000000	NaN	NaN	NaN	NaN	NaN	NaN	NaN	NaN	NaN
377.990173	0.000000	0.000000	0.000000	-526.600000	3.000000	514.700000	3.000000	-25.068000	1.000000	NaN	NaN	NaN	NaN	NaN	NaN	NaN	NaN	NaN
378.990254	0.000000	0.000000	0.000000	-526.400000	3.000000	514.800000	3.000000	-25.120000	1.000000	NaN	NaN	NaN	NaN	NaN	NaN	NaN	NaN	NaN
379.990286	0.000000	0.000000	0.000000	-526.200000	3.000000	514.800000	3.000000	-25.096000	1.000000	NaN	NaN	NaN	NaN	NaN	NaN	NaN	NaN	NaN
380.990308	0.000000	0.000000	0.000000	-526.800000	3.000000	514.700000	3.000000	-25.152000	1.000000	NaN	NaN	NaN	NaN	NaN	NaN	NaN	NaN	NaN
381.990334	0.000000	0.000000	0.000000	-527.100000	3.000000	514.800000	3.000000	-25.252000	1.000000	NaN	NaN	NaN	NaN	NaN	NaN	NaN	NaN	NaN
382.990366	0.000000	0.000000	0.000000	-527.200000	3.000000	514.800000	3.000000	-25.295000	1.000000	NaN	NaN	NaN	NaN	NaN	NaN	NaN	NaN	NaN
383.990399	0.000000	0.000000	0.000000	-527.100000	3.000000	514.700000	3.000000	-25.292000	1.000000	NaN	NaN	NaN	NaN	NaN	NaN	NaN	NaN	NaN
384.990387	0.000000	0.000000	0.000000	-527.000000	3.000000	514.700000	3.000000	-25.287000	1.000000	NaN	NaN	NaN	NaN	NaN	NaN	NaN	NaN	NaN
385.990505	0.000000	0.000000	0.000000	-527.100000	3.000000	514.800000	3.000000	-25.254000	1.000000	NaN	NaN	NaN	NaN	NaN	NaN	NaN	NaN	NaN
386.990511	0.000000	0.000000	0.000000	-526.900000	3.000000	514.800000	3.000000	-25.308000	1.000000	NaN	NaN	NaN	NaN	NaN	NaN	NaN	NaN	NaN
387.990525	0.000000	0.000000	0.000000	-526.700000	3.000000	514.800000	3.000000	-25.317000	1.000000	NaN	NaN	NaN	NaN	NaN	NaN	NaN	NaN	NaN
388.990531	0.000000	0.000000	0.000000	-526.400000	3.000000	514.800000	3.000000	-25.151000	1.000000	NaN	NaN	NaN	NaN	NaN	NaN	NaN	NaN	NaN
389.990586	0.000000	0.000000	0.000000	-527.200000	3.000000	514.800000	3.000000	-25.243000	1.000000	NaN	NaN	NaN	NaN	NaN	NaN	NaN	NaN	NaN
390.990615	0.000000	0.000000	0.000000	-527.100000	3.000000	514.800000	3.000000	-25.283000	1.000000	NaN	NaN	NaN	NaN	NaN	NaN	NaN	NaN	NaN
391.990631	0.000000	0.000000	0.000000	-526.600000	3.000000	514.800000	3.000000	-25.135000	1.000000	NaN	NaN	NaN	NaN	NaN	NaN	NaN	NaN	NaN
392.990645	0.000000	0.000000	0.000000	-526.700000	3.000000	514.800000	3.000000	-25.227000	1.000000	NaN	NaN	NaN	NaN	NaN	NaN	NaN	NaN	NaN
393.990635	0.000000	0.000000	0.000000	-527.200000	3.000000	514.800000	3.000000	-25.128000	1.000000	NaN	NaN	NaN	NaN	NaN	NaN	NaN	NaN	NaN
394.990669	0.000000	0.000000	0.000000	-527.100000	3.000000	514.800000	3.000000	-25.258000	1.000000	NaN	NaN	NaN	NaN	NaN	NaN	NaN	NaN	NaN
395.989710	0.000000	0.000000	0.000000	-526.700000	3.000000	514.800000	3.000000	-25.189000	1.000000	NaN	NaN	NaN	NaN	NaN	NaN	NaN	NaN	NaN
396.989762	0.000000	0.000000	0.000000	-526.900000	3.000000	514.800000	3.000000	-25.189000	1.000000	NaN	NaN	NaN	NaN	NaN	NaN	NaN	NaN	NaN
397.989786	0.000000	0.000000	0.000000	-526.700000	3.000000	514.800000	3.000000	-25.195000	1.000000	NaN	NaN	NaN	NaN	NaN	NaN	NaN	NaN	NaN
398.989842	0.000000	0.000000	0.000000	-526.700000	3.000000	514.800000	3.000000	-25.193000	1.000000	NaN	NaN	NaN	NaN	NaN	NaN	NaN	NaN	NaN
399.989835	0.000000	0.000000	0.000000	-526.400000	3.000000	514.800000	3.000000	-25.290000	1.000000	NaN	NaN	NaN	NaN	NaN	NaN	NaN	NaN	NaN
400.989869	0.000000	0.000000	0.000000	-526.500000	3.000000	514.800000	3.000000	-25.276000	1.000000	NaN	NaN	NaN	NaN	NaN	NaN	NaN	NaN	NaN
401.989881	0.000000	0.000000	0.000000	-526.800000	3.000000	514.800000	3.000000	-25.237000	1.000000	NaN	NaN	NaN	NaN	NaN	NaN	NaN	NaN	NaN
402.989914	0.000000	0.000000	0.000000	-526.700000	3.000000	514.800000	3.000000	-25.336000	1.000000	NaN	NaN	NaN	NaN	NaN	NaN	NaN	NaN	NaN
403.989991	0.000000	0.000000	0.000000	-526.600000	3.000000	514.800000	3.000000	-25.248000	1.000000	NaN	NaN	NaN	NaN	NaN	NaN	NaN	NaN	NaN
404.989963	0.000000	0.000000	0.000000	-526.900000	3.000000	514.800000	3.000000	-25.279000	1.000000	NaN	NaN	NaN	NaN	NaN	NaN	NaN	NaN	NaN
405.989949	0.000000	0.000000	0.000000	-526.700000	3.000000	514.800000	3.000000	-25.314000	1.000000	NaN	NaN	NaN	NaN	NaN	NaN	NaN	NaN	NaN
406.990041	0.000000	0.000000	0.000000	-526.600000	3.000000	514.700000	3.000000	-25.267000	1.000000	NaN	NaN	NaN	NaN	NaN	NaN	NaN	NaN	NaN
407.989997	0.000000	0.000000	0.000000	-526.700000	3.000000	514.700000	3.000000	-25.276000	1.000000	NaN	NaN	NaN	NaN	NaN	NaN	NaN	NaN	NaN
408.990067	0.000000	0.000000	0.000000	-527.500000	3.000000	514.700000	3.000000	-25.414000	1.000000	NaN	NaN	NaN	NaN	NaN	NaN	NaN	NaN	NaN
409.990100	0.000000	0.000000	0.000000	-527.500000	3.000000	514.700000	3.000000	-25.325000	1.000000	NaN	NaN	NaN	NaN	NaN	NaN	NaN	NaN	NaN
410.990178	0.000000	0.000000	0.000000	-527.400000	3.000000	514.700000	3.000000	-25.340000	1.000000	NaN	NaN	NaN	NaN	NaN	NaN	NaN	NaN	NaN
411.990160	0.000000	0.000000	0.000000	-527.400000	3.000000	514.700000	3.000000	-25.432000	1.000000	NaN	NaN	NaN	NaN	NaN	NaN	NaN	NaN	NaN
412.989215	0.000000	0.000000	0.000000	-527.500000	3.000000	514.700000	3.000000	-25.268000	1.000000	NaN	NaN	NaN	NaN	NaN	NaN	NaN	NaN	NaN
413.989215	0.000000	0.000000	0.000000	-527.800000	3.000000	514.800000	3.000000	-25.409000	1.000000	NaN	NaN	NaN	NaN	NaN	NaN	NaN	NaN	NaN
414.989195	0.000000	0.000000	0.000000	-527.400000	3.000000	514.800000	3.000000	-25.431000	1.000000	NaN	NaN	NaN	NaN	NaN	NaN	NaN	NaN	NaN
415.989223	0.000000	0.000000	0.000000	-527.300000	3.000000	514.700000	3.000000	-25.371000	1.000000	NaN	NaN	NaN	NaN	NaN	NaN	NaN	NaN	NaN
416.989268	0.000000	0.000000	0.000000	-527.700000	3.000000	514.700000	3.000000	-25.403000	1.000000	NaN	NaN	NaN	NaN	NaN	NaN	NaN	NaN	NaN
417.989401	0.000000	0.000000	0.000000	-527.200000	3.000000	514.700000	3.000000	-25.395000	1.000000	NaN	NaN	NaN	NaN	NaN	NaN	NaN	NaN	NaN
418.989331	0.000000	0.000000	0.000000	-526.700000	3.000000	514.700000	3.000000	-25.409000	1.000000	NaN	NaN	NaN	NaN	NaN	NaN	NaN	NaN	NaN
419.989376	0.000000	0.000000	0.000000	-526.800000	3.000000	514.700000	3.000000	-25.483000	1.000000	NaN	NaN	NaN	NaN	NaN	NaN	NaN	NaN	NaN
420.989415	0.000000	0.000000	0.000000	-528.000000	3.000000	514.700000	3.000000	-25.442000	1.000000	NaN	NaN	NaN	NaN	NaN	NaN	NaN	NaN	NaN
421.989468	0.000000	0.000000	0.000000	-528.200000	3.000000	514.700000	3.000000	-25.473000	1.000000	NaN	NaN	NaN	NaN	NaN	NaN	NaN	NaN	NaN
422.989482	0.000000	0.000000	0.000000	-528.100000	3.000000	514.800000	3.000000	-25.515000	1.000000	NaN	NaN	NaN	NaN	NaN	NaN	NaN	NaN	NaN
423.989509	0.000000	0.000000	0.000000	-527.800000	3.000000	514.700000	3.000000	-25.578000	1.000000	NaN	NaN	NaN	NaN	NaN	NaN	NaN	NaN	NaN
424.989601	0.000000	0.000000	0.000000	-527.800000	3.000000	514.700000	3.000000	-25.487000	1.000000	NaN	NaN	NaN	NaN	NaN	NaN	NaN	NaN	NaN
425.989499	0.000000	0.000000	0.000000	-527.800000	3.000000	514.700000	3.000000	-25.492000	1.000000	NaN	NaN	NaN	NaN	NaN	NaN	NaN	NaN	NaN
426.989522	0.000000	0.000000	0.000000	-527.700000	3.000000	514.700000	3.000000	-25.442000	1.000000	NaN	NaN	NaN	NaN	NaN	NaN	NaN	NaN	NaN
427.989597	0.000000	0.000000	0.000000	-527.600000	3.000000	514.700000	3.000000	-25.450000	1.000000	NaN	NaN	NaN	NaN	NaN	NaN	NaN	NaN	NaN
428.989675	0.000000	0.000000	0.000000	-528.000000	3.000000	514.700000	3.000000	-25.358000	1.000000	NaN	NaN	NaN	NaN	NaN	NaN	NaN	NaN	NaN
429.989719	0.000000	0.000000	0.000000	-528.600000	3.000000	514.700000	3.000000	-25.389000	1.000000	NaN	NaN	NaN	NaN	NaN	NaN	NaN	NaN	NaN
430.988677	0.000000	0.000000	0.000000	-528.200000	3.000000	514.700000	3.000000	-25.510000	1.000000	NaN	NaN	NaN	NaN	NaN	NaN	NaN	NaN	NaN
431.988709	0.000000	0.000000	0.000000	-528.000000	3.000000	514.800000	3.000000	-25.449000	1.000000	NaN	NaN	NaN	NaN	NaN	NaN	NaN	NaN	NaN
432.988744	0.000000	0.000000	0.000000	-528.300000	3.000000	514.800000	3.000000	-25.447000	1.000000	NaN	NaN	NaN	NaN	NaN	NaN	NaN	NaN	NaN
433.988765	0.000000	0.000000	0.000000	-528.400000	3.000000	514.700000	3.000000	-25.452000	1.000000	NaN	NaN	NaN	NaN	NaN	NaN	NaN	NaN	NaN
434.988828	0.000000	0.000000	0.000000	-528.700000	3.000000	514.700000	3.000000	-25.515000	1.000000	NaN	NaN	NaN	NaN	NaN	NaN	NaN	NaN	NaN
435.988826	0.000000	0.000000	0.000000	-528.900000	3.000000	514.800000	3.000000	-25.367000	1.000000	NaN	NaN	NaN	NaN	NaN	NaN	NaN	NaN	NaN
436.988834	0.000000	0.000000	0.000000	-529.300000	3.000000	514.700000	3.000000	-25.520000	1.000000	NaN	NaN	NaN	NaN	NaN	NaN	NaN	NaN	NaN
437.988800	0.000000	0.000000	0.000000	-528.800000	3.000000	514.700000	3.000000	-25.574000	1.000000	NaN	NaN	NaN	NaN	NaN	NaN	NaN	NaN	NaN
438.988891	0.000000	0.000000	0.000000	-529.200000	3.000000	514.700000	3.000000	-25.516000	1.000000	NaN	NaN	NaN	NaN	NaN	NaN	NaN	NaN	NaN
439.988965	0.000000	0.000000	0.000000	-529.100000	3.000000	514.700000	3.000000	-25.582000	1.000000	NaN	NaN	NaN	NaN	NaN	NaN	NaN	NaN	NaN
440.988957	0.000000	0.000000	0.000000	-529.400000	3.000000	514.700000	3.000000	-25.421000	1.000000	NaN	NaN	NaN	NaN	NaN	NaN	NaN	NaN	NaN
441.988976	0.000000	0.000000	0.000000	-529.300000	3.000000	514.700000	3.000000	-25.359000	1.000000	NaN	NaN	NaN	NaN	NaN	NaN	NaN	NaN	NaN
442.988974	0.000000	0.000000	0.000000	-529.100000	3.000000	514.700000	3.000000	-25.397000	1.000000	NaN	NaN	NaN	NaN	NaN	NaN	NaN	NaN	NaN
443.989041	0.000000	0.000000	0.000000	-529.600000	3.000000	514.700000	3.000000	-25.330000	1.000000	NaN	NaN	NaN	NaN	NaN	NaN	NaN	NaN	NaN
444.989157	0.000000	0.000000	0.000000	-529.500000	3.000000	514.700000	3.000000	-25.384000	1.000000	NaN	NaN	NaN	NaN	NaN	NaN	NaN	NaN	NaN
445.989099	0.000000	0.000000	0.000000	-529.100000	3.000000	514.700000	3.000000	-25.238000	1.000000	NaN	NaN	NaN	NaN	NaN	NaN	NaN	NaN	NaN
446.989084	0.000000	0.000000	0.000000	-529.100000	3.000000	514.700000	3.000000	-25.301000	1.000000	NaN	NaN	NaN	NaN	NaN	NaN	NaN	NaN	NaN
447.988108	0.000000	0.000000	0.000000	-529.300000	3.000000	514.700000	3.000000	-25.431000	1.000000	NaN	NaN	NaN	NaN	NaN	NaN	NaN	NaN	NaN
448.988136	0.000000	0.000000	0.000000	-528.800000	3.000000	514.700000	3.000000	-25.379000	1.000000	NaN	NaN	NaN	NaN	NaN	NaN	NaN	NaN	NaN
449.988200	0.000000	0.000000	0.000000	-528.900000	3.000000	514.700000	3.000000	-25.386000	1.000000	NaN	NaN	NaN	NaN	NaN	NaN	NaN	NaN	NaN
450.988288	0.000000	0.000000	0.000000	-529.100000	3.000000	514.800000	3.000000	-25.437000	1.000000	NaN	NaN	NaN	NaN	NaN	NaN	NaN	NaN	NaN
451.988269	0.000000	0.000000	0.000000	-528.900000	3.000000	514.700000	3.000000	-25.373000	1.000000	NaN	NaN	NaN	NaN	NaN	NaN	NaN	NaN	NaN
452.988281	0.000000	0.000000	0.000000	-529.000000	3.000000	514.700000	3.000000	-25.343000	1.000000	NaN	NaN	NaN	NaN	NaN	NaN	NaN	NaN	NaN
453.988331	0.000000	0.000000	0.000000	-529.100000	3.000000	514.700000	3.000000	-25.476000	1.000000	NaN	NaN	NaN	NaN	NaN	NaN	NaN	NaN	NaN
454.988372	0.000000	0.000000	0.000000	-529.400000	3.000000	514.700000	3.000000	-25.484000	1.000000	NaN	NaN	NaN	NaN	NaN	NaN	NaN	NaN	NaN
455.988371	0.000000	0.000000	0.000000	-529.400000	3.000000	514.800000	3.000000	-25.523000	1.000000	NaN	NaN	NaN	NaN	NaN	NaN	NaN	NaN	NaN
456.988391	0.000000	0.000000	0.000000	-529.500000	3.000000	514.700000	3.000000	-25.699000	1.000000	NaN	NaN	NaN	NaN	NaN	NaN	NaN	NaN	NaN
457.988410	0.000000	0.000000	0.000000	-529.400000	3.000000	514.700000	3.000000	-25.593000	1.000000	NaN	NaN	NaN	NaN	NaN	NaN	NaN	NaN	NaN
458.988382	0.000000	0.000000	0.000000	-529.400000	3.000000	514.800000	3.000000	-25.748000	1.000000	NaN	NaN	NaN	NaN	NaN	NaN	NaN	NaN	NaN
459.988497	0.000000	0.000000	0.000000	-529.200000	3.000000	514.700000	3.000000	-25.611000	1.000000	NaN	NaN	NaN	NaN	NaN	NaN	NaN	NaN	NaN
460.988494	0.000000	0.000000	0.000000	-529.300000	3.000000	514.700000	3.000000	-25.641000	1.000000	NaN	NaN	NaN	NaN	NaN	NaN	NaN	NaN	NaN
461.988562	0.000000	0.000000	0.000000	-529.300000	3.000000	514.700000	3.000000	-25.754000	1.000000	NaN	NaN	NaN	NaN	NaN	NaN	NaN	NaN	NaN
462.988552	0.000000	0.000000	0.000000	-528.900000	3.000000	514.700000	3.000000	-25.951000	1.000000	NaN	NaN	NaN	NaN	NaN	NaN	NaN	NaN	NaN
463.988524	0.000000	0.000000	0.000000	-528.900000	3.000000	514.700000	3.000000	-25.881000	1.000000	NaN	NaN	NaN	NaN	NaN	NaN	NaN	NaN	NaN
464.988615	0.000000	0.000000	0.000000	-529.000000	3.000000	514.700000	3.000000	-25.785000	1.000000	NaN	NaN	NaN	NaN	NaN	NaN	NaN	NaN	NaN
465.987639	0.000000	0.000000	0.000000	-529.200000	3.000000	514.700000	3.000000	-25.848000	1.000000	NaN	NaN	NaN	NaN	NaN	NaN	NaN	NaN	NaN
466.987664	0.000000	0.000000	0.000000	-529.400000	3.000000	514.700000	3.000000	-26.011000	1.000000	NaN	NaN	NaN	NaN	NaN	NaN	NaN	NaN	NaN
467.987687	0.000000	0.000000	0.000000	-529.300000	3.000000	514.800000	3.000000	-25.836000	1.000000	NaN	NaN	NaN	NaN	NaN	NaN	NaN	NaN	NaN
468.987691	0.000000	0.000000	0.000000	-529.400000	3.000000	514.700000	3.000000	-25.926000	1.000000	NaN	NaN	NaN	NaN	NaN	NaN	NaN	NaN	NaN
469.987726	0.000000	0.000000	0.000000	-529.300000	3.000000	514.700000	3.000000	-25.859000	1.000000	NaN	NaN	NaN	NaN	NaN	NaN	NaN	NaN	NaN
470.987825	0.000000	0.000000	0.000000	-529.100000	3.000000	514.700000	3.000000	-26.090000	1.000000	NaN	NaN	NaN	NaN	NaN	NaN	NaN	NaN	NaN
471.987842	0.000000	0.000000	0.000000	-529.300000	3.000000	514.800000	3.000000	-26.001000	1.000000	NaN	NaN	NaN	NaN	NaN	NaN	NaN	NaN	NaN
472.987841	0.000000	0.000000	0.000000	-529.500000	3.000000	514.800000	3.000000	-25.935000	1.000000	NaN	NaN	NaN	NaN	NaN	NaN	NaN	NaN	NaN
473.987859	0.000000	0.000000	0.000000	-529.500000	3.000000	514.800000	3.000000	-26.079000	1.000000	NaN	NaN	NaN	NaN	NaN	NaN	NaN	NaN	NaN
474.987916	0.000000	0.000000	0.000000	-529.100000	3.000000	514.800000	3.000000	-26.090000	1.000000	NaN	NaN	NaN	NaN	NaN	NaN	NaN	NaN	NaN
475.987879	0.000000	0.000000	0.000000	-529.200000	3.000000	514.800000	3.000000	-26.158000	1.000000	NaN	NaN	NaN	NaN	NaN	NaN	NaN	NaN	NaN
476.987949	0.000000	0.000000	0.000000	-528.900000	3.000000	514.800000	3.000000	-26.102000	1.000000	NaN	NaN	NaN	NaN	NaN	NaN	NaN	NaN	NaN
477.987970	0.000000	0.000000	0.000000	-528.900000	3.000000	514.700000	3.000000	-26.123000	1.000000	NaN	NaN	NaN	NaN	NaN	NaN	NaN	NaN	NaN
478.987930	0.000000	0.000000	0.000000	-528.700000	3.000000	514.700000	3.000000	-26.032000	1.000000	NaN	NaN	NaN	NaN	NaN	NaN	NaN	NaN	NaN
479.987987	0.000000	0.000000	0.000000	-527.900000	3.000000	514.700000	3.000000	-26.141000	1.000000	NaN	NaN	NaN	NaN	NaN	NaN	NaN	NaN	NaN
480.988099	0.000000	0.000000	0.000000	-528.000000	3.000000	514.700000	3.000000	-26.152000	1.000000	NaN	NaN	NaN	NaN	NaN	NaN	NaN	NaN	NaN
481.988123	0.000000	0.000000	0.000000	-528.000000	3.000000	514.700000	3.000000	-26.212000	1.000000	NaN	NaN	NaN	NaN	NaN	NaN	NaN	NaN	NaN
482.987112	0.000000	0.000000	0.000000	-528.700000	3.000000	514.700000	3.000000	-26.139000	1.000000	NaN	NaN	NaN	NaN	NaN	NaN	NaN	NaN	NaN
483.987128	0.000000	0.000000	0.000000	-528.600000	3.000000	514.800000	3.000000	-26.195000	1.000000	NaN	NaN	NaN	NaN	NaN	NaN	NaN	NaN	NaN
484.987252	0.000000	0.000000	0.000000	-528.800000	3.000000	514.700000	3.000000	-26.187000	1.000000	NaN	NaN	NaN	NaN	NaN	NaN	NaN	NaN	NaN
485.987187	0.000000	0.000000	0.000000	-528.900000	3.000000	514.700000	3.000000	-26.192000	1.000000	NaN	NaN	NaN	NaN	NaN	NaN	NaN	NaN	NaN
486.987214	0.000000	0.000000	0.000000	-528.800000	3.000000	514.700000	3.000000	-26.274000	1.000000	NaN	NaN	NaN	NaN	NaN	NaN	NaN	NaN	NaN
487.987245	0.000000	0.000000	0.000000	-529.100000	3.000000	514.800000	3.000000	-26.505000	1.000000	NaN	NaN	NaN	NaN	NaN	NaN	NaN	NaN	NaN
488.987245	0.000000	0.000000	0.000000	-529.000000	3.000000	514.700000	3.000000	-26.497000	1.000000	NaN	NaN	NaN	NaN	NaN	NaN	NaN	NaN	NaN
489.987255	0.000000	0.000000	0.000000	-529.000000	3.000000	514.800000	3.000000	-26.619000	1.000000	NaN	NaN	NaN	NaN	NaN	NaN	NaN	NaN	NaN
490.987272	0.000000	0.000000	0.000000	-528.900000	3.000000	514.700000	3.000000	-26.684000	1.000000	NaN	NaN	NaN	NaN	NaN	NaN	NaN	NaN	NaN
491.987402	0.000000	0.000000	0.000000	-529.000000	3.000000	514.800000	3.000000	-26.676000	1.000000	NaN	NaN	NaN	NaN	NaN	NaN	NaN	NaN	NaN
492.987348	0.000000	0.000000	0.000000	-529.000000	3.000000	514.800000	3.000000	-26.664000	1.000000	NaN	NaN	NaN	NaN	NaN	NaN	NaN	NaN	NaN
493.987400	0.000000	0.000000	0.000000	-528.700000	3.000000	514.800000	3.000000	-26.757000	1.000000	NaN	NaN	NaN	NaN	NaN	NaN	NaN	NaN	NaN
494.987432	0.000000	0.000000	0.000000	-528.800000	3.000000	514.700000	3.000000	-26.644000	1.000000	NaN	NaN	NaN	NaN	NaN	NaN	NaN	NaN	NaN
495.987454	0.000000	0.000000	0.000000	-528.500000	3.000000	514.700000	3.000000	-26.885000	1.000000	NaN	NaN	NaN	NaN	NaN	NaN	NaN	NaN	NaN
496.987488	0.000000	0.000000	0.000000	-528.600000	3.000000	514.800000	3.000000	-26.697000	1.000000	NaN	NaN	NaN	NaN	NaN	NaN	NaN	NaN	NaN
497.987512	0.000000	0.000000	0.000000	-529.100000	3.000000	514.800000	3.000000	-26.490000	1.000000	NaN	NaN	NaN	NaN	NaN	NaN	NaN	NaN	NaN
498.987851	0.000000	0.000000	0.000000	-529.300000	3.000000	514.700000	3.000000	-26.710000	1.000000	NaN	NaN	NaN	NaN	NaN	NaN	NaN	NaN	NaN
499.987543	0.000000	0.000000	0.000000	-529.100000	3.000000	514.700000	3.000000	-26.793000	1.000000	NaN	NaN	NaN	NaN	NaN	NaN	NaN	NaN	NaN
500.986549	0.000000	0.000000	0.000000	-529.300000	3.000000	514.800000	3.000000	-26.729000	1.000000	NaN	NaN	NaN	NaN	NaN	NaN	NaN	NaN	NaN
501.986606	0.000000	0.000000	0.000000	-529.200000	3.000000	514.700000	3.000000	-26.820000	1.000000	NaN	NaN	NaN	NaN	NaN	NaN	NaN	NaN	NaN
502.986627	0.000000	0.000000	0.000000	-529.300000	3.000000	514.800000	3.000000	-26.887000	1.000000	NaN	NaN	NaN	NaN	NaN	NaN	NaN	NaN	NaN
503.986670	0.000000	0.000000	0.000000	-529.100000	3.000000	514.700000	3.000000	-26.818000	1.000000	NaN	NaN	NaN	NaN	NaN	NaN	NaN	NaN	NaN
504.986714	0.000000	0.000000	0.000000	-529.500000	3.000000	514.800000	3.000000	-26.777000	1.000000	NaN	NaN	NaN	NaN	NaN	NaN	NaN	NaN	NaN
505.986742	0.000000	0.000000	0.000000	-529.100000	3.000000	514.800000	3.000000	-26.714000	1.000000	NaN	NaN	NaN	NaN	NaN	NaN	NaN	NaN	NaN
506.986804	0.000000	0.000000	0.000000	-529.200000	3.000000	514.800000	3.000000	-26.936000	1.000000	NaN	NaN	NaN	NaN	NaN	NaN	NaN	NaN	NaN
507.986795	0.000000	0.000000	0.000000	-529.000000	3.000000	514.800000	3.000000	-26.847000	1.000000	NaN	NaN	NaN	NaN	NaN	NaN	NaN	NaN	NaN
508.986879	0.000000	0.000000	0.000000	-529.200000	3.000000	514.800000	3.000000	-26.785000	1.000000	NaN	NaN	NaN	NaN	NaN	NaN	NaN	NaN	NaN
509.986888	0.000000	0.000000	0.000000	-529.000000	3.000000	514.800000	3.000000	-26.832000	1.000000	NaN	NaN	NaN	NaN	NaN	NaN	NaN	NaN	NaN
510.986914	0.000000	0.000000	0.000000	-528.700000	3.000000	514.800000	3.000000	-26.761000	1.000000	NaN	NaN	NaN	NaN	NaN	NaN	NaN	NaN	NaN
511.986939	0.000000	0.000000	0.000000	-528.800000	3.000000	514.800000	3.000000	-26.877000	1.000000	NaN	NaN	NaN	NaN	NaN	NaN	NaN	NaN	NaN
512.986966	0.000000	0.000000	0.000000	-528.900000	3.000000	514.800000	3.000000	-26.749000	1.000000	NaN	NaN	NaN	NaN	NaN	NaN	NaN	NaN	NaN
513.986964	0.000000	0.000000	0.000000	-529.000000	3.000000	514.800000	3.000000	-26.686000	1.000000	NaN	NaN	NaN	NaN	NaN	NaN	NaN	NaN	NaN
514.987032	0.000000	0.000000	0.000000	-529.000000	3.000000	514.800000	3.000000	-26.955000	1.000000	NaN	NaN	NaN	NaN	NaN	NaN	NaN	NaN	NaN
515.987059	0.000000	0.000000	0.000000	-528.500000	3.000000	514.800000	3.000000	-26.935000	1.000000	NaN	NaN	NaN	NaN	NaN	NaN	NaN	NaN	NaN
516.987006	0.000000	0.000000	0.000000	-528.400000	3.000000	514.800000	3.000000	-26.932000	1.000000	NaN	NaN	NaN	NaN	NaN	NaN	NaN	NaN	NaN
517.986066	0.000000	0.000000	0.000000	-528.400000	3.000000	514.800000	3.000000	-26.896000	1.000000	NaN	NaN	NaN	NaN	NaN	NaN	NaN	NaN	NaN
518.986141	0.000000	0.000000	0.000000	-528.300000	3.000000	514.800000	3.000000	-26.917000	1.000000	NaN	NaN	NaN	NaN	NaN	NaN	NaN	NaN	NaN
519.986123	0.000000	0.000000	0.000000	-528.100000	3.000000	514.800000	3.000000	-26.950000	1.000000	NaN	NaN	NaN	NaN	NaN	NaN	NaN	NaN	NaN
520.986206	0.000000	0.000000	0.000000	-528.200000	3.000000	514.800000	3.000000	-26.924000	1.000000	NaN	NaN	NaN	NaN	NaN	NaN	NaN	NaN	NaN
521.986175	0.000000	0.000000	0.000000	-528.300000	3.000000	514.800000	3.000000	-26.869000	1.000000	NaN	NaN	NaN	NaN	NaN	NaN	NaN	NaN	NaN
522.986201	0.000000	0.000000	0.000000	-528.000000	3.000000	514.800000	3.000000	-26.949000	1.000000	NaN	NaN	NaN	NaN	NaN	NaN	NaN	NaN	NaN
523.986235	0.000000	0.000000	0.000000	-528.000000	3.000000	514.800000	3.000000	-27.014000	1.000000	NaN	NaN	NaN	NaN	NaN	NaN	NaN	NaN	NaN
524.986265	0.000000	0.000000	0.000000	-527.600000	3.000000	514.800000	3.000000	-26.977000	1.000000	NaN	NaN	NaN	NaN	NaN	NaN	NaN	NaN	NaN
525.986320	0.000000	0.000000	0.000000	-527.600000	3.000000	514.800000	3.000000	-27.127000	1.000000	NaN	NaN	NaN	NaN	NaN	NaN	NaN	NaN	NaN
526.986319	0.000000	0.000000	0.000000	-527.900000	3.000000	514.800000	3.000000	-27.127000	1.000000	NaN	NaN	NaN	NaN	NaN	NaN	NaN	NaN	NaN
527.986347	0.000000	0.000000	0.000000	-527.500000	3.000000	514.800000	3.000000	-27.069000	1.000000	NaN	NaN	NaN	NaN	NaN	NaN	NaN	NaN	NaN
528.986371	0.000000	0.000000	0.000000	-527.800000	3.000000	514.800000	3.000000	-26.949000	1.000000	NaN	NaN	NaN	NaN	NaN	NaN	NaN	NaN	NaN
529.986406	0.000000	0.000000	0.000000	-528.200000	3.000000	514.700000	3.000000	-27.008000	1.000000	NaN	NaN	NaN	NaN	NaN	NaN	NaN	NaN	NaN
530.986397	0.000000	0.000000	0.000000	-528.000000	3.000000	514.700000	3.000000	-26.855000	1.000000	NaN	NaN	NaN	NaN	NaN	NaN	NaN	NaN	NaN
531.986442	0.000000	0.000000	0.000000	-527.900000	3.000000	514.700000	3.000000	-26.849000	1.000000	NaN	NaN	NaN	NaN	NaN	NaN	NaN	NaN	NaN
532.986442	0.000000	0.000000	0.000000	-527.900000	3.000000	514.700000	3.000000	-27.120000	1.000000	NaN	NaN	NaN	NaN	NaN	NaN	NaN	NaN	NaN
533.986511	0.000000	0.000000	0.000000	-527.900000	3.000000	514.700000	3.000000	-27.169000	1.000000	NaN	NaN	NaN	NaN	NaN	NaN	NaN	NaN	NaN
534.986590	0.000000	0.000000	0.000000	-527.500000	3.000000	514.800000	3.000000	-27.174000	1.000000	NaN	NaN	NaN	NaN	NaN	NaN	NaN	NaN	NaN
535.985622	0.000000	0.000000	0.000000	-527.600000	3.000000	514.800000	3.000000	-27.053000	1.000000	NaN	NaN	NaN	NaN	NaN	NaN	NaN	NaN	NaN
536.985591	0.000000	0.000000	0.000000	-527.500000	3.000000	514.800000	3.000000	-27.112000	1.000000	NaN	NaN	NaN	NaN	NaN	NaN	NaN	NaN	NaN
537.985620	0.000000	0.000000	0.000000	-528.000000	3.000000	514.800000	3.000000	-26.900000	1.000000	NaN	NaN	NaN	NaN	NaN	NaN	NaN	NaN	NaN
538.985650	0.000000	0.000000	0.000000	-527.900000	3.000000	514.800000	3.000000	-26.940000	1.000000	NaN	NaN	NaN	NaN	NaN	NaN	NaN	NaN	NaN
539.985671	0.000000	0.000000	0.000000	-527.500000	3.000000	514.800000	3.000000	-26.917000	1.000000	NaN	NaN	NaN	NaN	NaN	NaN	NaN	NaN	NaN
540.985703	0.000000	0.000000	0.000000	-527.700000	3.000000	514.700000	3.000000	-26.941000	1.000000	NaN	NaN	NaN	NaN	NaN	NaN	NaN	NaN	NaN
541.985726	0.000000	0.000000	0.000000	-527.500000	3.000000	514.800000	3.000000	-26.989000	1.000000	NaN	NaN	NaN	NaN	NaN	NaN	NaN	NaN	NaN
542.985756	0.000000	0.000000	0.000000	-527.900000	3.000000	514.800000	3.000000	-27.099000	1.000000	NaN	NaN	NaN	NaN	NaN	NaN	NaN	NaN	NaN
543.985779	0.000000	0.000000	0.000000	-528.300000	3.000000	514.700000	3.000000	-27.290000	1.000000	NaN	NaN	NaN	NaN	NaN	NaN	NaN	NaN	NaN
544.985877	0.000000	0.000000	0.000000	-528.100000	3.000000	514.800000	3.000000	-27.372000	1.000000	NaN	NaN	NaN	NaN	NaN	NaN	NaN	NaN	NaN
545.985866	0.000000	0.000000	0.000000	-528.100000	3.000000	514.800000	3.000000	-27.416000	1.000000	NaN	NaN	NaN	NaN	NaN	NaN	NaN	NaN	NaN
546.985864	0.000000	0.000000	0.000000	-527.400000	3.000000	514.800000	3.000000	-27.400000	1.000000	NaN	NaN	NaN	NaN	NaN	NaN	NaN	NaN	NaN
547.985935	0.000000	0.000000	0.000000	-527.400000	3.000000	514.700000	3.000000	-27.412000	1.000000	NaN	NaN	NaN	NaN	NaN	NaN	NaN	NaN	NaN
548.985876	0.000000	0.000000	0.000000	-527.500000	3.000000	514.800000	3.000000	-27.347000	1.000000	NaN	NaN	NaN	NaN	NaN	NaN	NaN	NaN	NaN
549.985937	0.000000	0.000000	0.000000	-527.300000	3.000000	514.800000	3.000000	-27.265000	1.000000	NaN	NaN	NaN	NaN	NaN	NaN	NaN	NaN	NaN
550.986025	0.000000	0.000000	0.000000	-527.400000	3.000000	514.800000	3.000000	-27.280000	1.000000	NaN	NaN	NaN	NaN	NaN	NaN	NaN	NaN	NaN
551.986006	0.000000	0.000000	0.000000	-527.700000	3.000000	514.800000	3.000000	-27.213000	1.000000	NaN	NaN	NaN	NaN	NaN	NaN	NaN	NaN	NaN
552.985033	0.000000	0.000000	0.000000	-527.900000	3.000000	514.900000	3.000000	-27.343000	1.000000	NaN	NaN	NaN	NaN	NaN	NaN	NaN	NaN	NaN
553.985043	0.000000	0.000000	0.000000	-527.900000	3.000000	514.800000	3.000000	-27.336000	1.000000	NaN	NaN	NaN	NaN	NaN	NaN	NaN	NaN	NaN
554.985109	0.000000	0.000000	0.000000	-528.300000	3.000000	514.800000	3.000000	-27.255000	1.000000	NaN	NaN	NaN	NaN	NaN	NaN	NaN	NaN	NaN
555.985138	0.000000	0.000000	0.000000	-528.300000	3.000000	514.900000	3.000000	-27.197000	1.000000	NaN	NaN	NaN	NaN	NaN	NaN	NaN	NaN	NaN
556.985122	0.000000	0.000000	0.000000	-527.800000	3.000000	514.900000	3.000000	-27.123000	1.000000	NaN	NaN	NaN	NaN	NaN	NaN	NaN	NaN	NaN
557.985163	0.000000	0.000000	0.000000	-527.700000	3.000000	514.900000	3.000000	-27.199000	1.000000	NaN	NaN	NaN	NaN	NaN	NaN	NaN	NaN	NaN
558.985230	0.000000	0.000000	0.000000	-527.500000	3.000000	514.800000	3.000000	-27.253000	1.000000	NaN	NaN	NaN	NaN	NaN	NaN	NaN	NaN	NaN
559.985222	0.000000	0.000000	0.000000	-527.600000	3.000000	514.700000	3.000000	-27.199000	1.000000	NaN	NaN	NaN	NaN	NaN	NaN	NaN	NaN	NaN
560.985462	0.000000	0.000000	0.000000	-527.100000	3.000000	514.800000	3.000000	-27.277000	1.000000	NaN	NaN	NaN	NaN	NaN	NaN	NaN	NaN	NaN
561.985288	0.000000	0.000000	0.000000	-527.300000	3.000000	514.800000	3.000000	-27.276000	1.000000	NaN	NaN	NaN	NaN	NaN	NaN	NaN	NaN	NaN
562.985313	0.000000	0.000000	0.000000	-527.200000	3.000000	514.800000	3.000000	-27.360000	1.000000	NaN	NaN	NaN	NaN	NaN	NaN	NaN	NaN	NaN
563.985334	0.000000	0.000000	0.000000	-527.900000	3.000000	514.900000	3.000000	-27.340000	1.000000	NaN	NaN	NaN	NaN	NaN	NaN	NaN	NaN	NaN
564.985303	0.000000	0.000000	0.000000	-527.700000	3.000000	514.800000	3.000000	-27.235000	1.000000	NaN	NaN	NaN	NaN	NaN	NaN	NaN	NaN	NaN
565.985379	0.000000	0.000000	0.000000	-527.800000	3.000000	514.800000	3.000000	-27.240000	1.000000	NaN	NaN	NaN	NaN	NaN	NaN	NaN	NaN	NaN
566.985405	0.000000	0.000000	0.000000	-527.900000	3.000000	514.700000	3.000000	-27.362000	1.000000	NaN	NaN	NaN	NaN	NaN	NaN	NaN	NaN	NaN
567.985438	0.000000	0.000000	0.000000	-527.600000	3.000000	514.700000	3.000000	-27.296000	1.000000	NaN	NaN	NaN	NaN	NaN	NaN	NaN	NaN	NaN
568.985469	0.000000	0.000000	0.000000	-528.100000	3.000000	514.700000	3.000000	-27.253000	1.000000	NaN	NaN	NaN	NaN	NaN	NaN	NaN	NaN	NaN
569.985499	0.000000	0.000000	0.000000	-528.100000	3.000000	514.700000	3.000000	-27.210000	1.000000	NaN	NaN	NaN	NaN	NaN	NaN	NaN	NaN	NaN
570.984555	0.000000	0.000000	0.000000	-528.500000	3.000000	514.700000	3.000000	-27.273000	1.000000	NaN	NaN	NaN	NaN	NaN	NaN	NaN	NaN	NaN
571.984547	0.000000	0.000000	0.000000	-528.800000	3.000000	514.800000	3.000000	-27.324000	1.000000	NaN	NaN	NaN	NaN	NaN	NaN	NaN	NaN	NaN
572.984573	0.000000	0.000000	0.000000	-529.300000	3.000000	514.800000	3.000000	-27.242000	1.000000	NaN	NaN	NaN	NaN	NaN	NaN	NaN	NaN	NaN
573.984573	0.000000	0.000000	0.000000	-528.400000	3.000000	514.700000	3.000000	-27.366000	1.000000	NaN	NaN	NaN	NaN	NaN	NaN	NaN	NaN	NaN
574.984655	0.000000	0.000000	0.000000	-528.700000	3.000000	514.800000	3.000000	-27.328000	1.000000	NaN	NaN	NaN	NaN	NaN	NaN	NaN	NaN	NaN
575.984730	0.000000	0.000000	0.000000	-528.500000	3.000000	514.700000	3.000000	-27.341000	1.000000	NaN	NaN	NaN	NaN	NaN	NaN	NaN	NaN	NaN
576.984718	0.000000	0.000000	0.000000	-528.600000	3.000000	514.700000	3.000000	-27.395000	1.000000	NaN	NaN	NaN	NaN	NaN	NaN	NaN	NaN	NaN
577.984702	0.000000	0.000000	0.000000	-528.500000	3.000000	514.700000	3.000000	-27.304000	1.000000	NaN	NaN	NaN	NaN	NaN	NaN	NaN	NaN	NaN
578.984796	0.000000	0.000000	0.000000	-528.600000	3.000000	514.800000	3.000000	-27.375000	1.000000	NaN	NaN	NaN	NaN	NaN	NaN	NaN	NaN	NaN
579.984794	0.000000	0.000000	0.000000	-528.400000	3.000000	514.700000	3.000000	-27.240000	1.000000	NaN	NaN	NaN	NaN	NaN	NaN	NaN	NaN	NaN
580.984768	0.000000	0.000000	0.000000	-528.100000	3.000000	514.700000	3.000000	-27.334000	1.000000	NaN	NaN	NaN	NaN	NaN	NaN	NaN	NaN	NaN
581.984825	0.000000	0.000000	0.000000	-528.000000	3.000000	514.700000	3.000000	-27.420000	1.000000	NaN	NaN	NaN	NaN	NaN	NaN	NaN	NaN	NaN
582.984904	0.000000	0.000000	0.000000	-528.100000	3.000000	514.700000	3.000000	-27.379000	1.000000	NaN	NaN	NaN	NaN	NaN	NaN	NaN	NaN	NaN
583.984837	0.000000	0.000000	0.000000	-528.100000	3.000000	514.700000	3.000000	-27.388000	1.000000	NaN	NaN	NaN	NaN	NaN	NaN	NaN	NaN	NaN
584.984850	0.000000	0.000000	0.000000	-528.000000	3.000000	514.800000	3.000000	-27.471000	1.000000	NaN	NaN	NaN	NaN	NaN	NaN	NaN	NaN	NaN
585.984907	0.000000	0.000000	0.000000	-527.900000	3.000000	514.700000	3.000000	-27.271000	1.000000	NaN	NaN	NaN	NaN	NaN	NaN	NaN	NaN	NaN
586.984936	0.000000	0.000000	0.000000	-527.700000	3.000000	514.700000	3.000000	-27.184000	1.000000	NaN	NaN	NaN	NaN	NaN	NaN	NaN	NaN	NaN
587.983905	0.000000	0.000000	0.000000	-528.000000	3.000000	514.700000	3.000000	-27.282000	1.000000	NaN	NaN	NaN	NaN	NaN	NaN	NaN	NaN	NaN
588.984018	0.000000	0.000000	0.000000	-528.000000	3.000000	514.700000	3.000000	-27.268000	1.000000	NaN	NaN	NaN	NaN	NaN	NaN	NaN	NaN	NaN
589.984050	0.000000	0.000000	0.000000	-527.900000	3.000000	514.700000	3.000000	-27.246000	1.000000	NaN	NaN	NaN	NaN	NaN	NaN	NaN	NaN	NaN
590.984015	0.000000	0.000000	0.000000	-528.000000	3.000000	514.700000	3.000000	-27.395000	1.000000	NaN	NaN	NaN	NaN	NaN	NaN	NaN	NaN	NaN
591.984147	0.000000	0.000000	0.000000	-528.000000	3.000000	514.700000	3.000000	-27.456000	1.000000	NaN	NaN	NaN	NaN	NaN	NaN	NaN	NaN	NaN
592.984138	0.000000	0.000000	0.000000	-528.100000	3.000000	514.700000	3.000000	-27.448000	1.000000	NaN	NaN	NaN	NaN	NaN	NaN	NaN	NaN	NaN
593.984145	0.000000	0.000000	0.000000	-528.400000	3.000000	514.700000	3.000000	-27.516000	1.000000	NaN	NaN	NaN	NaN	NaN	NaN	NaN	NaN	NaN
594.984172	0.000000	0.000000	0.000000	-527.900000	3.000000	514.700000	3.000000	-27.496000	1.000000	NaN	NaN	NaN	NaN	NaN	NaN	NaN	NaN	NaN
595.984126	0.000000	0.000000	0.000000	-528.000000	3.000000	514.700000	3.000000	-27.448000	1.000000	NaN	NaN	NaN	NaN	NaN	NaN	NaN	NaN	NaN
596.984195	0.000000	0.000000	0.000000	-528.400000	3.000000	514.700000	3.000000	-27.402000	1.000000	NaN	NaN	NaN	NaN	NaN	NaN	NaN	NaN	NaN
597.984256	0.000000	0.000000	0.000000	-528.300000	3.000000	514.700000	3.000000	-27.425000	1.000000	NaN	NaN	NaN	NaN	NaN	NaN	NaN	NaN	NaN
598.984258	0.000000	0.000000	0.000000	-528.000000	3.000000	514.700000	3.000000	-27.488000	1.000000	NaN	NaN	NaN	NaN	NaN	NaN	NaN	NaN	NaN
599.984312	0.000000	0.000000	0.000000	-528.200000	3.000000	514.700000	3.000000	-27.378000	1.000000	NaN	NaN	NaN	NaN	NaN	NaN	NaN	NaN	NaN
600.984320	0.000000	0.000000	0.000000	-528.200000	3.000000	514.700000	3.000000	-27.461000	1.000000	NaN	NaN	NaN	NaN	NaN	NaN	NaN	NaN	NaN
601.984376	0.000000	0.000000	0.000000	-528.100000	3.000000	514.800000	3.000000	-27.476000	1.000000	NaN	NaN	NaN	NaN	NaN	NaN	NaN	NaN	NaN
602.984404	0.000000	0.000000	0.000000	-527.900000	3.000000	514.700000	3.000000	-27.331000	1.000000	NaN	NaN	NaN	NaN	NaN	NaN	NaN	NaN	NaN
603.984432	0.000000	0.000000	0.000000	-527.800000	3.000000	514.700000	3.000000	-27.414000	1.000000	NaN	NaN	NaN	NaN	NaN	NaN	NaN	NaN	NaN
604.984411	0.000000	0.000000	0.000000	-528.000000	3.000000	514.700000	3.000000	-27.293000	1.000000	NaN	NaN	NaN	NaN	NaN	NaN	NaN	NaN	NaN
605.983444	0.000000	0.000000	0.000000	-527.900000	3.000000	514.700000	3.000000	-27.270000	1.000000	NaN	NaN	NaN	NaN	NaN	NaN	NaN	NaN	NaN
606.983446	0.000000	0.000000	0.000000	-528.000000	3.000000	514.800000	3.000000	-27.616000	1.000000	NaN	NaN	NaN	NaN	NaN	NaN	NaN	NaN	NaN
607.983619	0.000000	0.000000	0.000000	-527.700000	3.000000	514.800000	3.000000	-27.494000	1.000000	NaN	NaN	NaN	NaN	NaN	NaN	NaN	NaN	NaN
608.983659	0.000000	0.000000	0.000000	-527.800000	3.000000	514.800000	3.000000	-27.223000	1.000000	NaN	NaN	NaN	NaN	NaN	NaN	NaN	NaN	NaN
609.983584	0.000000	0.000000	0.000000	-528.000000	3.000000	514.800000	3.000000	-27.221000	1.000000	NaN	NaN	NaN	NaN	NaN	NaN	NaN	NaN	NaN
610.983590	0.000000	0.000000	0.000000	-528.100000	3.000000	514.700000	3.000000	-27.141000	1.000000	NaN	NaN	NaN	NaN	NaN	NaN	NaN	NaN	NaN
611.983654	0.000000	0.000000	0.000000	-528.000000	3.000000	514.700000	3.000000	-27.346000	1.000000	NaN	NaN	NaN	NaN	NaN	NaN	NaN	NaN	NaN
612.983719	0.000000	0.000000	0.000000	-528.000000	3.000000	514.700000	3.000000	-27.511000	1.000000	NaN	NaN	NaN	NaN	NaN	NaN	NaN	NaN	NaN
613.983709	0.000000	0.000000	0.000000	-528.100000	3.000000	514.800000	3.000000	-27.586000	1.000000	NaN	NaN	NaN	NaN	NaN	NaN	NaN	NaN	NaN
614.983737	0.000000	0.000000	0.000000	-528.400000	3.000000	514.800000	3.000000	-27.387000	1.000000	NaN	NaN	NaN	NaN	NaN	NaN	NaN	NaN	NaN
615.983740	0.000000	0.000000	0.000000	-528.000000	3.000000	514.800000	3.000000	-27.420000	1.000000	NaN	NaN	NaN	NaN	NaN	NaN	NaN	NaN	NaN
616.983752	0.000000	0.000000	0.000000	-528.400000	3.000000	514.700000	3.000000	-27.468000	1.000000	NaN	NaN	NaN	NaN	NaN	NaN	NaN	NaN	NaN
617.983886	0.000000	0.000000	0.000000	-528.200000	3.000000	514.800000	3.000000	-27.311000	1.000000	NaN	NaN	NaN	NaN	NaN	NaN	NaN	NaN	NaN
618.983834	0.000000	0.000000	0.000000	-528.300000	3.000000	514.800000	3.000000	-27.351000	1.000000	NaN	NaN	NaN	NaN	NaN	NaN	NaN	NaN	NaN
619.983862	0.000000	0.000000	0.000000	-528.400000	3.000000	514.800000	3.000000	-27.391000	1.000000	NaN	NaN	NaN	NaN	NaN	NaN	NaN	NaN	NaN
620.983900	0.000000	0.000000	0.000000	-528.500000	3.000000	514.900000	3.000000	-27.204000	1.000000	NaN	NaN	NaN	NaN	NaN	NaN	NaN	NaN	NaN
621.983921	0.000000	0.000000	0.000000	-528.400000	3.000000	514.800000	3.000000	-27.381000	1.000000	NaN	NaN	NaN	NaN	NaN	NaN	NaN	NaN	NaN
622.982956	0.000000	0.000000	0.000000	-528.400000	3.000000	514.800000	3.000000	-27.395000	1.000000	NaN	NaN	NaN	NaN	NaN	NaN	NaN	NaN	NaN
623.982973	0.000000	0.000000	0.000000	-528.300000	3.000000	514.800000	3.000000	-27.374000	1.000000	NaN	NaN	NaN	NaN	NaN	NaN	NaN	NaN	NaN
624.983067	0.000000	0.000000	0.000000	-528.300000	3.000000	514.800000	3.000000	-27.399000	1.000000	NaN	NaN	NaN	NaN	NaN	NaN	NaN	NaN	NaN
625.983778	0.000000	0.000000	0.000000	-528.500000	3.000000	514.800000	3.000000	-27.360000	1.000000	NaN	NaN	NaN	NaN	NaN	NaN	NaN	NaN	NaN
626.983046	0.000000	0.000000	0.000000	-528.000000	3.000000	514.800000	3.000000	-27.376000	1.000000	NaN	NaN	NaN	NaN	NaN	NaN	NaN	NaN	NaN
627.983047	0.000000	0.000000	0.000000	-528.000000	3.000000	514.800000	3.000000	-27.408000	1.000000	NaN	NaN	NaN	NaN	NaN	NaN	NaN	NaN	NaN
628.983123	0.000000	0.000000	0.000000	-528.100000	3.000000	514.800000	3.000000	-27.410000	1.000000	NaN	NaN	NaN	NaN	NaN	NaN	NaN	NaN	NaN
629.983184	0.000000	0.000000	0.000000	-528.000000	3.000000	514.800000	3.000000	-27.453000	1.000000	NaN	NaN	NaN	NaN	NaN	NaN	NaN	NaN	NaN
630.983175	0.000000	0.000000	0.000000	-528.200000	3.000000	514.800000	3.000000	-27.443000	1.000000	NaN	NaN	NaN	NaN	NaN	NaN	NaN	NaN	NaN
631.983187	0.000000	0.000000	0.000000	-528.000000	3.000000	514.800000	3.000000	-27.541000	1.000000	NaN	NaN	NaN	NaN	NaN	NaN	NaN	NaN	NaN
632.983222	0.000000	0.000000	0.000000	-528.100000	3.000000	514.800000	3.000000	-27.536000	1.000000	NaN	NaN	NaN	NaN	NaN	NaN	NaN	NaN	NaN
633.983252	0.000000	0.000000	0.000000	-528.000000	3.000000	514.800000	3.000000	-27.483000	1.000000	NaN	NaN	NaN	NaN	NaN	NaN	NaN	NaN	NaN
634.983326	0.000000	0.000000	0.000000	-527.900000	3.000000	514.900000	3.000000	-27.445000	1.000000	NaN	NaN	NaN	NaN	NaN	NaN	NaN	NaN	NaN
635.983303	0.000000	0.000000	0.000000	-528.000000	3.000000	514.900000	3.000000	-27.372000	1.000000	NaN	NaN	NaN	NaN	NaN	NaN	NaN	NaN	NaN
636.983312	0.000000	0.000000	0.000000	-528.000000	3.000000	514.900000	3.000000	-27.425000	1.000000	NaN	NaN	NaN	NaN	NaN	NaN	NaN	NaN	NaN
637.983310	0.000000	0.000000	0.000000	-528.200000	3.000000	514.900000	3.000000	-27.529000	1.000000	NaN	NaN	NaN	NaN	NaN	NaN	NaN	NaN	NaN
638.983419	0.000000	0.000000	0.000000	-528.600000	3.000000	514.800000	3.000000	-27.381000	1.000000	NaN	NaN	NaN	NaN	NaN	NaN	NaN	NaN	NaN
639.983444	0.000000	0.000000	0.000000	-528.400000	3.000000	514.900000	3.000000	-27.403000	1.000000	NaN	NaN	NaN	NaN	NaN	NaN	NaN	NaN	NaN
640.982442	0.000000	0.000000	0.000000	-528.400000	3.000000	514.800000	3.000000	-27.490000	1.000000	NaN	NaN	NaN	NaN	NaN	NaN	NaN	NaN	NaN
641.982517	0.000000	0.000000	0.000000	-528.200000	3.000000	514.800000	3.000000	-27.492000	1.000000	NaN	NaN	NaN	NaN	NaN	NaN	NaN	NaN	NaN
642.982478	0.000000	0.000000	0.000000	-528.400000	3.000000	514.800000	3.000000	-27.602000	1.000000	NaN	NaN	NaN	NaN	NaN	NaN	NaN	NaN	NaN
643.982520	0.000000	0.000000	0.000000	-528.200000	3.000000	514.800000	3.000000	-27.472000	1.000000	NaN	NaN	NaN	NaN	NaN	NaN	NaN	NaN	NaN
644.982626	0.000000	0.000000	0.000000	-528.200000	3.000000	514.800000	3.000000	-27.618000	1.000000	NaN	NaN	NaN	NaN	NaN	NaN	NaN	NaN	NaN
645.982578	0.000000	0.000000	0.000000	-528.000000	3.000000	514.800000	3.000000	-27.591000	1.000000	NaN	NaN	NaN	NaN	NaN	NaN	NaN	NaN	NaN
646.982573	0.000000	0.000000	0.000000	-527.700000	3.000000	514.800000	3.000000	-27.625000	1.000000	NaN	NaN	NaN	NaN	NaN	NaN	NaN	NaN	NaN
647.982600	0.000000	0.000000	0.000000	-527.900000	3.000000	514.800000	3.000000	-27.555000	1.000000	NaN	NaN	NaN	NaN	NaN	NaN	NaN	NaN	NaN
648.982618	0.000000	0.000000	0.000000	-528.200000	3.000000	514.900000	3.000000	-27.602000	1.000000	NaN	NaN	NaN	NaN	NaN	NaN	NaN	NaN	NaN
649.982674	0.000000	0.000000	0.000000	-528.400000	3.000000	514.800000	3.000000	-27.693000	1.000000	NaN	NaN	NaN	NaN	NaN	NaN	NaN	NaN	NaN
650.982676	0.000000	0.000000	0.000000	-528.300000	3.000000	514.800000	3.000000	-27.660000	1.000000	NaN	NaN	NaN	NaN	NaN	NaN	NaN	NaN	NaN
651.982778	0.000000	0.000000	0.000000	-527.700000	3.000000	514.900000	3.000000	-27.717000	1.000000	NaN	NaN	NaN	NaN	NaN	NaN	NaN	NaN	NaN
652.982780	0.000000	0.000000	0.000000	-527.700000	3.000000	514.800000	3.000000	-27.674000	1.000000	NaN	NaN	NaN	NaN	NaN	NaN	NaN	NaN	NaN
653.982812	0.000000	0.000000	0.000000	-527.800000	3.000000	514.800000	3.000000	-27.742000	1.000000	NaN	NaN	NaN	NaN	NaN	NaN	NaN	NaN	NaN
654.982839	0.000000	0.000000	0.000000	-527.900000	3.000000	514.800000	3.000000	-27.681000	1.000000	NaN	NaN	NaN	NaN	NaN	NaN	NaN	NaN	NaN
655.982860	0.000000	0.000000	0.000000	-527.800000	3.000000	514.800000	3.000000	-27.818000	1.000000	NaN	NaN	NaN	NaN	NaN	NaN	NaN	NaN	NaN
656.982922	0.000000	0.000000	0.000000	-528.200000	3.000000	514.800000	3.000000	-27.618000	1.000000	NaN	NaN	NaN	NaN	NaN	NaN	NaN	NaN	NaN
657.981911	0.000000	0.000000	0.000000	-527.700000	3.000000	514.800000	3.000000	-27.569000	1.000000	NaN	NaN	NaN	NaN	NaN	NaN	NaN	NaN	NaN
658.981901	0.000000	0.000000	0.000000	-527.700000	3.000000	514.800000	3.000000	-27.690000	1.000000	NaN	NaN	NaN	NaN	NaN	NaN	NaN	NaN	NaN
659.981929	0.000000	0.000000	0.000000	-527.900000	3.000000	514.700000	3.000000	-27.646000	1.000000	NaN	NaN	NaN	NaN	NaN	NaN	NaN	NaN	NaN
660.981953	0.000000	0.000000	0.000000	-528.100000	3.000000	514.800000	3.000000	-27.678000	1.000000	NaN	NaN	NaN	NaN	NaN	NaN	NaN	NaN	NaN
661.982082	0.000000	0.000000	0.000000	-528.100000	3.000000	514.800000	3.000000	-27.793000	1.000000	NaN	NaN	NaN	NaN	NaN	NaN	NaN	NaN	NaN
662.982093	0.000000	0.000000	0.000000	-528.500000	3.000000	514.800000	3.000000	-27.815000	1.000000	NaN	NaN	NaN	NaN	NaN	NaN	NaN	NaN	NaN
663.982015	0.000000	0.000000	0.000000	-527.800000	3.000000	514.800000	3.000000	-27.716000	1.000000	NaN	NaN	NaN	NaN	NaN	NaN	NaN	NaN	NaN
664.982128	0.000000	0.000000	0.000000	-528.600000	3.000000	514.800000	3.000000	-27.673000	1.000000	NaN	NaN	NaN	NaN	NaN	NaN	NaN	NaN	NaN
665.982164	0.000000	0.000000	0.000000	-528.700000	3.000000	514.700000	3.000000	-27.869000	1.000000	NaN	NaN	NaN	NaN	NaN	NaN	NaN	NaN	NaN
666.982160	0.000000	0.000000	0.000000	-528.300000	3.000000	514.800000	3.000000	-27.690000	1.000000	NaN	NaN	NaN	NaN	NaN	NaN	NaN	NaN	NaN
667.982149	0.000000	0.000000	0.000000	-528.400000	3.000000	514.800000	3.000000	-27.861000	1.000000	NaN	NaN	NaN	NaN	NaN	NaN	NaN	NaN	NaN
668.982177	0.000000	0.000000	0.000000	-528.500000	3.000000	514.800000	3.000000	-27.835000	1.000000	NaN	NaN	NaN	NaN	NaN	NaN	NaN	NaN	NaN
669.982213	0.000000	0.000000	0.000000	-528.500000	3.000000	514.800000	3.000000	-27.928000	1.000000	NaN	NaN	NaN	NaN	NaN	NaN	NaN	NaN	NaN
670.982248	0.000000	0.000000	0.000000	-528.800000	3.000000	514.800000	3.000000	-27.958000	1.000000	NaN	NaN	NaN	NaN	NaN	NaN	NaN	NaN	NaN
671.982284	0.000000	0.000000	0.000000	-528.900000	3.000000	514.800000	3.000000	-27.927000	1.000000	NaN	NaN	NaN	NaN	NaN	NaN	NaN	NaN	NaN
672.982318	0.000000	0.000000	0.000000	-528.600000	3.000000	514.800000	3.000000	-27.936000	1.000000	NaN	NaN	NaN	NaN	NaN	NaN	NaN	NaN	NaN
673.982365	0.000000	0.000000	0.000000	-528.400000	3.000000	514.800000	3.000000	-27.974000	1.000000	NaN	NaN	NaN	NaN	NaN	NaN	NaN	NaN	NaN
674.982397	0.000000	0.000000	0.000000	-528.300000	3.000000	514.800000	3.000000	-27.913000	1.000000	NaN	NaN	NaN	NaN	NaN	NaN	NaN	NaN	NaN
675.981404	0.000000	0.000000	0.000000	-528.000000	3.000000	514.800000	3.000000	-27.952000	1.000000	NaN	NaN	NaN	NaN	NaN	NaN	NaN	NaN	NaN
676.981410	0.000000	0.000000	0.000000	-527.300000	3.000000	514.800000	3.000000	-28.012000	1.000000	NaN	NaN	NaN	NaN	NaN	NaN	NaN	NaN	NaN
677.981459	0.000000	0.000000	0.000000	-527.600000	3.000000	514.800000	3.000000	-28.014000	1.000000	NaN	NaN	NaN	NaN	NaN	NaN	NaN	NaN	NaN
678.981457	0.000000	0.000000	0.000000	-528.100000	3.000000	514.800000	3.000000	-28.068000	1.000000	NaN	NaN	NaN	NaN	NaN	NaN	NaN	NaN	NaN
679.981481	0.000000	0.000000	0.000000	-528.100000	3.000000	514.800000	3.000000	-27.956000	1.000000	NaN	NaN	NaN	NaN	NaN	NaN	NaN	NaN	NaN
680.981473	0.000000	0.000000	0.000000	-527.900000	3.000000	514.800000	3.000000	-27.975000	1.000000	NaN	NaN	NaN	NaN	NaN	NaN	NaN	NaN	NaN
681.981612	0.000000	0.000000	0.000000	-528.000000	3.000000	514.800000	3.000000	-27.933000	1.000000	NaN	NaN	NaN	NaN	NaN	NaN	NaN	NaN	NaN
682.981556	0.000000	0.000000	0.000000	-527.800000	3.000000	514.800000	3.000000	-27.840000	1.000000	NaN	NaN	NaN	NaN	NaN	NaN	NaN	NaN	NaN
683.981627	0.000000	0.000000	0.000000	-527.700000	3.000000	514.800000	3.000000	-27.958000	1.000000	NaN	NaN	NaN	NaN	NaN	NaN	NaN	NaN	NaN
684.981613	0.000000	0.000000	0.000000	-527.200000	3.000000	514.800000	3.000000	-27.973000	1.000000	NaN	NaN	NaN	NaN	NaN	NaN	NaN	NaN	NaN
685.981679	0.000000	0.000000	0.000000	-527.500000	3.000000	514.800000	3.000000	-28.023000	1.000000	NaN	NaN	NaN	NaN	NaN	NaN	NaN	NaN	NaN
686.981675	0.000000	0.000000	0.000000	-527.600000	3.000000	514.800000	3.000000	-28.003000	1.000000	NaN	NaN	NaN	NaN	NaN	NaN	NaN	NaN	NaN
687.981731	0.000000	0.000000	0.000000	-527.600000	3.000000	514.800000	3.000000	-28.029000	1.000000	NaN	NaN	NaN	NaN	NaN	NaN	NaN	NaN	NaN
688.981771	0.000000	0.000000	0.000000	-527.500000	3.000000	514.800000	3.000000	-28.063000	1.000000	NaN	NaN	NaN	NaN	NaN	NaN	NaN	NaN	NaN
689.981751	0.000000	0.000000	0.000000	-527.500000	3.000000	514.800000	3.000000	-28.100000	1.000000	NaN	NaN	NaN	NaN	NaN	NaN	NaN	NaN	NaN
690.981773	0.000000	0.000000	0.000000	-527.900000	3.000000	514.800000	3.000000	-27.983000	1.000000	NaN	NaN	NaN	NaN	NaN	NaN	NaN	NaN	NaN
691.981900	0.000000	0.000000	0.000000	-527.700000	3.000000	514.800000	3.000000	-28.065000	1.000000	NaN	NaN	NaN	NaN	NaN	NaN	NaN	NaN	NaN
692.980814	0.000000	0.000000	0.000000	-527.500000	3.000000	514.800000	3.000000	-28.067000	1.000000	NaN	NaN	NaN	NaN	NaN	NaN	NaN	NaN	NaN
693.980937	0.000000	0.000000	0.000000	-527.600000	3.000000	514.800000	3.000000	-27.843000	1.000000	NaN	NaN	NaN	NaN	NaN	NaN	NaN	NaN	NaN
694.980960	0.000000	0.000000	0.000000	-527.200000	3.000000	514.800000	3.000000	-28.093000	1.000000	NaN	NaN	NaN	NaN	NaN	NaN	NaN	NaN	NaN
695.980945	0.000000	0.000000	0.000000	-527.500000	3.000000	514.800000	3.000000	-28.057000	1.000000	NaN	NaN	NaN	NaN	NaN	NaN	NaN	NaN	NaN
696.980985	0.000000	0.000000	0.000000	-527.800000	3.000000	514.800000	3.000000	-28.075000	1.000000	NaN	NaN	NaN	NaN	NaN	NaN	NaN	NaN	NaN
697.981008	0.000000	0.000000	0.000000	-528.000000	3.000000	514.800000	3.000000	-27.668000	1.000000	NaN	NaN	NaN	NaN	NaN	NaN	NaN	NaN	NaN
698.981032	0.000000	0.000000	0.000000	-528.000000	3.000000	514.800000	3.000000	-27.864000	1.000000	NaN	NaN	NaN	NaN	NaN	NaN	NaN	NaN	NaN
699.981048	0.000000	0.000000	0.000000	-527.900000	3.000000	514.800000	3.000000	-27.878000	1.000000	NaN	NaN	NaN	NaN	NaN	NaN	NaN	NaN	NaN
700.981066	0.000000	0.000000	0.000000	-527.700000	3.000000	514.800000	3.000000	-27.908000	1.000000	NaN	NaN	NaN	NaN	NaN	NaN	NaN	NaN	NaN
701.981160	0.000000	0.000000	0.000000	-527.900000	3.000000	514.800000	3.000000	-27.894000	1.000000	NaN	NaN	NaN	NaN	NaN	NaN	NaN	NaN	NaN
702.981146	0.000000	0.000000	0.000000	-527.800000	3.000000	514.800000	3.000000	-27.947000	1.000000	NaN	NaN	NaN	NaN	NaN	NaN	NaN	NaN	NaN
703.981174	0.000000	0.000000	0.000000	-527.800000	3.000000	514.800000	3.000000	-28.095000	1.000000	NaN	NaN	NaN	NaN	NaN	NaN	NaN	NaN	NaN
704.981213	0.000000	0.000000	0.000000	-527.900000	3.000000	514.800000	3.000000	-28.195000	1.000000	NaN	NaN	NaN	NaN	NaN	NaN	NaN	NaN	NaN
705.981277	0.000000	0.000000	0.000000	-527.800000	3.000000	514.900000	3.000000	-28.140000	1.000000	NaN	NaN	NaN	NaN	NaN	NaN	NaN	NaN	NaN
706.981263	0.000000	0.000000	0.000000	-527.900000	3.000000	514.900000	3.000000	-28.159000	1.000000	NaN	NaN	NaN	NaN	NaN	NaN	NaN	NaN	NaN
707.981321	0.000000	0.000000	0.000000	-527.700000	3.000000	514.800000	3.000000	-28.112000	1.000000	NaN	NaN	NaN	NaN	NaN	NaN	NaN	NaN	NaN
708.981350	0.000000	0.000000	0.000000	-527.800000	3.000000	514.800000	3.000000	-28.172000	1.000000	NaN	NaN	NaN	NaN	NaN	NaN	NaN	NaN	NaN
709.981314	0.000000	0.000000	0.000000	-527.800000	3.000000	514.800000	3.000000	-28.174000	1.000000	NaN	NaN	NaN	NaN	NaN	NaN	NaN	NaN	NaN
710.980327	0.000000	0.000000	0.000000	-527.600000	3.000000	514.800000	3.000000	-28.182000	1.000000	NaN	NaN	NaN	NaN	NaN	NaN	NaN	NaN	NaN
711.980357	0.000000	0.000000	0.000000	-527.500000	3.000000	514.800000	3.000000	-28.165000	1.000000	NaN	NaN	NaN	NaN	NaN	NaN	NaN	NaN	NaN
712.980458	0.000000	0.000000	0.000000	-527.600000	3.000000	514.800000	3.000000	-28.124000	1.000000	NaN	NaN	NaN	NaN	NaN	NaN	NaN	NaN	NaN
713.980437	0.000000	0.000000	0.000000	-527.600000	3.000000	514.800000	3.000000	-28.159000	1.000000	NaN	NaN	NaN	NaN	NaN	NaN	NaN	NaN	NaN
714.980475	0.000000	0.000000	0.000000	-527.600000	3.000000	514.800000	3.000000	-28.240000	1.000000	NaN	NaN	NaN	NaN	NaN	NaN	NaN	NaN	NaN
715.980499	0.000000	0.000000	0.000000	-527.700000	3.000000	514.900000	3.000000	-28.231000	1.000000	NaN	NaN	NaN	NaN	NaN	NaN	NaN	NaN	NaN
716.980527	0.000000	0.000000	0.000000	-527.900000	3.000000	514.900000	3.000000	-28.264000	1.000000	NaN	NaN	NaN	NaN	NaN	NaN	NaN	NaN	NaN
717.980566	0.000000	0.000000	0.000000	-528.400000	3.000000	514.900000	3.000000	-28.298000	1.000000	NaN	NaN	NaN	NaN	NaN	NaN	NaN	NaN	NaN
718.980587	0.000000	0.000000	0.000000	-528.700000	3.000000	514.800000	3.000000	-28.286000	1.000000	NaN	NaN	NaN	NaN	NaN	NaN	NaN	NaN	NaN
719.980617	0.000000	0.000000	0.000000	-528.600000	3.000000	514.800000	3.000000	-28.262000	1.000000	NaN	NaN	NaN	NaN	NaN	NaN	NaN	NaN	NaN
720.980689	0.000000	0.000000	0.000000	-528.500000	3.000000	514.700000	3.000000	-28.311000	1.000000	NaN	NaN	NaN	NaN	NaN	NaN	NaN	NaN	NaN
721.980597	0.000000	0.000000	0.000000	-528.400000	3.000000	514.700000	3.000000	-28.305000	1.000000	NaN	NaN	NaN	NaN	NaN	NaN	NaN	NaN	NaN
722.980710	0.000000	0.000000	0.000000	-528.200000	3.000000	514.800000	3.000000	-28.308000	1.000000	NaN	NaN	NaN	NaN	NaN	NaN	NaN	NaN	NaN
723.980672	0.000000	0.000000	0.000000	-528.000000	3.000000	514.800000	3.000000	-28.290000	1.000000	NaN	NaN	NaN	NaN	NaN	NaN	NaN	NaN	NaN
724.980761	0.000000	0.000000	0.000000	-528.400000	3.000000	514.700000	3.000000	-28.387000	1.000000	NaN	NaN	NaN	NaN	NaN	NaN	NaN	NaN	NaN
725.980775	0.000000	0.000000	0.000000	-528.300000	3.000000	514.800000	3.000000	-28.346000	1.000000	NaN	NaN	NaN	NaN	NaN	NaN	NaN	NaN	NaN
726.980811	0.000000	0.000000	0.000000	-528.300000	3.000000	514.700000	3.000000	-28.347000	1.000000	NaN	NaN	NaN	NaN	NaN	NaN	NaN	NaN	NaN
727.979831	0.000000	0.000000	0.000000	-528.500000	3.000000	514.700000	3.000000	-28.327000	1.000000	NaN	NaN	NaN	NaN	NaN	NaN	NaN	NaN	NaN
