# Gaussmeter 1
# VISA Name: COM3
# Probe Type: 51
# Probe Serial Number: 67249     
# Field Compensation On: TRUE
# Field Range: 1
# Field Units: 2
# Auto Range On: TRUE
# Moving: FALSE
# x: 0.000000
# y: 0.000000
# z: 0.000000
#
# Gaussmeter 2
# VISA Name: COM4
# Probe Type: 51
# Probe Serial Number: 061292   
# Field Compensation On: TRUE
# Field Range: 1
# Field Units: 2
# Auto Range On: TRUE
# Moving: FALSE
# x: 0.000000
# y: 0.000000
# z: 0.000000
#
# Gaussmeter 3
# VISA Name: COM9
# Probe Type: 51
# Probe Serial Number: 67248     
# Field Compensation On: TRUE
# Field Range: 1
# Field Units: 2
# Auto Range On: TRUE
# Moving: FALSE
# x: 0.000000
# y: 0.000000
# z: 0.000000
#
time/F:x:y:z:B1:B1range:B2:B2range:B3:B3range:multi:temp1:temp2:temp3:temp4:temp5:temp6:temp7:temp8
0.001962	0.000000	0.000000	0.000000	-0.000000	1.000000	-0.000000	1.000000	0.002000	1.000000	NaN	NaN	NaN	NaN	NaN	NaN	NaN	NaN	NaN
1.001999	0.000000	0.000000	0.000000	-0.001000	1.000000	0.000000	1.000000	0.002000	1.000000	NaN	NaN	NaN	NaN	NaN	NaN	NaN	NaN	NaN
2.002021	0.000000	0.000000	0.000000	-0.000000	1.000000	-0.000000	1.000000	0.002000	1.000000	NaN	NaN	NaN	NaN	NaN	NaN	NaN	NaN	NaN
3.002041	0.000000	0.000000	0.000000	-0.000000	1.000000	0.000000	1.000000	0.002000	1.000000	NaN	NaN	NaN	NaN	NaN	NaN	NaN	NaN	NaN
4.002054	0.000000	0.000000	0.000000	-0.001000	1.000000	-0.001000	1.000000	0.002000	1.000000	NaN	NaN	NaN	NaN	NaN	NaN	NaN	NaN	NaN
5.002089	0.000000	0.000000	0.000000	-0.000000	1.000000	0.000000	1.000000	0.002000	1.000000	NaN	NaN	NaN	NaN	NaN	NaN	NaN	NaN	NaN
6.002125	0.000000	0.000000	0.000000	-0.001000	1.000000	0.000000	1.000000	0.003000	1.000000	NaN	NaN	NaN	NaN	NaN	NaN	NaN	NaN	NaN
7.002140	0.000000	0.000000	0.000000	-0.000000	1.000000	-0.000000	1.000000	0.002000	1.000000	NaN	NaN	NaN	NaN	NaN	NaN	NaN	NaN	NaN
8.002173	0.000000	0.000000	0.000000	-0.001000	1.000000	0.000000	1.000000	0.002000	1.000000	NaN	NaN	NaN	NaN	NaN	NaN	NaN	NaN	NaN
9.002177	0.000000	0.000000	0.000000	-0.000000	1.000000	-0.000000	1.000000	0.001000	1.000000	NaN	NaN	NaN	NaN	NaN	NaN	NaN	NaN	NaN
10.002235	0.000000	0.000000	0.000000	-0.001000	1.000000	-0.000000	1.000000	0.000000	1.000000	NaN	NaN	NaN	NaN	NaN	NaN	NaN	NaN	NaN
11.002275	0.000000	0.000000	0.000000	-0.002000	1.000000	-0.000000	1.000000	0.001000	1.000000	NaN	NaN	NaN	NaN	NaN	NaN	NaN	NaN	NaN
12.002286	0.000000	0.000000	0.000000	-0.002000	1.000000	0.000000	1.000000	0.001000	1.000000	NaN	NaN	NaN	NaN	NaN	NaN	NaN	NaN	NaN
13.002314	0.000000	0.000000	0.000000	-0.002000	1.000000	0.000000	1.000000	0.002000	1.000000	NaN	NaN	NaN	NaN	NaN	NaN	NaN	NaN	NaN
14.002358	0.000000	0.000000	0.000000	-0.000000	1.000000	-0.000000	1.000000	0.002000	1.000000	NaN	NaN	NaN	NaN	NaN	NaN	NaN	NaN	NaN
15.002365	0.000000	0.000000	0.000000	-0.002000	1.000000	-0.000000	1.000000	0.001000	1.000000	NaN	NaN	NaN	NaN	NaN	NaN	NaN	NaN	NaN
16.002414	0.000000	0.000000	0.000000	-0.002000	1.000000	-0.000000	1.000000	0.002000	1.000000	NaN	NaN	NaN	NaN	NaN	NaN	NaN	NaN	NaN
17.002431	0.000000	0.000000	0.000000	-0.001000	1.000000	-0.000000	1.000000	0.002000	1.000000	NaN	NaN	NaN	NaN	NaN	NaN	NaN	NaN	NaN
18.001468	0.000000	0.000000	0.000000	-0.002000	1.000000	-0.000000	1.000000	0.000000	1.000000	NaN	NaN	NaN	NaN	NaN	NaN	NaN	NaN	NaN
19.001482	0.000000	0.000000	0.000000	-0.003000	1.000000	0.000000	1.000000	0.002000	1.000000	NaN	NaN	NaN	NaN	NaN	NaN	NaN	NaN	NaN
20.001538	0.000000	0.000000	0.000000	-0.002000	1.000000	-0.001000	1.000000	0.002000	1.000000	NaN	NaN	NaN	NaN	NaN	NaN	NaN	NaN	NaN
21.001531	0.000000	0.000000	0.000000	-0.000000	1.000000	-0.000000	1.000000	0.002000	1.000000	NaN	NaN	NaN	NaN	NaN	NaN	NaN	NaN	NaN
22.001563	0.000000	0.000000	0.000000	-0.001000	1.000000	-0.000000	1.000000	0.000000	1.000000	NaN	NaN	NaN	NaN	NaN	NaN	NaN	NaN	NaN
23.001596	0.000000	0.000000	0.000000	-0.000000	1.000000	-0.001000	1.000000	0.000000	1.000000	NaN	NaN	NaN	NaN	NaN	NaN	NaN	NaN	NaN
24.001619	0.000000	0.000000	0.000000	-0.001000	1.000000	-0.000000	1.000000	0.003000	1.000000	NaN	NaN	NaN	NaN	NaN	NaN	NaN	NaN	NaN
25.001660	0.000000	0.000000	0.000000	-0.000000	1.000000	-0.000000	1.000000	0.000000	1.000000	NaN	NaN	NaN	NaN	NaN	NaN	NaN	NaN	NaN
26.001693	0.000000	0.000000	0.000000	-0.000000	1.000000	-0.000000	1.000000	0.001000	1.000000	NaN	NaN	NaN	NaN	NaN	NaN	NaN	NaN	NaN
27.001714	0.000000	0.000000	0.000000	0.000000	1.000000	-0.000000	1.000000	0.002000	1.000000	NaN	NaN	NaN	NaN	NaN	NaN	NaN	NaN	NaN
28.001737	0.000000	0.000000	0.000000	-0.002000	1.000000	-0.000000	1.000000	0.001000	1.000000	NaN	NaN	NaN	NaN	NaN	NaN	NaN	NaN	NaN
29.001732	0.000000	0.000000	0.000000	-0.001000	1.000000	-0.000000	1.000000	0.002000	1.000000	NaN	NaN	NaN	NaN	NaN	NaN	NaN	NaN	NaN
30.001810	0.000000	0.000000	0.000000	-0.000000	1.000000	-0.000000	1.000000	0.002000	1.000000	NaN	NaN	NaN	NaN	NaN	NaN	NaN	NaN	NaN
31.001783	0.000000	0.000000	0.000000	-0.001000	1.000000	-0.002000	1.000000	0.002000	1.000000	NaN	NaN	NaN	NaN	NaN	NaN	NaN	NaN	NaN
32.001841	0.000000	0.000000	0.000000	-0.001000	1.000000	0.000000	1.000000	0.001000	1.000000	NaN	NaN	NaN	NaN	NaN	NaN	NaN	NaN	NaN
33.001833	0.000000	0.000000	0.000000	-0.000000	1.000000	0.000000	1.000000	0.001000	1.000000	NaN	NaN	NaN	NaN	NaN	NaN	NaN	NaN	NaN
34.001907	0.000000	0.000000	0.000000	-0.001000	1.000000	0.000000	1.000000	0.003000	1.000000	NaN	NaN	NaN	NaN	NaN	NaN	NaN	NaN	NaN
35.000945	0.000000	0.000000	0.000000	-0.001000	1.000000	-0.001000	1.000000	0.002000	1.000000	NaN	NaN	NaN	NaN	NaN	NaN	NaN	NaN	NaN
36.000944	0.000000	0.000000	0.000000	-0.000000	1.000000	0.000000	1.000000	0.002000	1.000000	NaN	NaN	NaN	NaN	NaN	NaN	NaN	NaN	NaN
37.000999	0.000000	0.000000	0.000000	-0.001000	1.000000	-0.000000	1.000000	0.002000	1.000000	NaN	NaN	NaN	NaN	NaN	NaN	NaN	NaN	NaN
38.000994	0.000000	0.000000	0.000000	-0.002000	1.000000	-0.000000	1.000000	0.002000	1.000000	NaN	NaN	NaN	NaN	NaN	NaN	NaN	NaN	NaN
39.001029	0.000000	0.000000	0.000000	-0.000000	1.000000	-0.000000	1.000000	0.002000	1.000000	NaN	NaN	NaN	NaN	NaN	NaN	NaN	NaN	NaN
40.001079	0.000000	0.000000	0.000000	-0.000000	1.000000	-0.001000	1.000000	0.001000	1.000000	NaN	NaN	NaN	NaN	NaN	NaN	NaN	NaN	NaN
41.001107	0.000000	0.000000	0.000000	-0.001000	1.000000	-0.000000	1.000000	0.003000	1.000000	NaN	NaN	NaN	NaN	NaN	NaN	NaN	NaN	NaN
42.001105	0.000000	0.000000	0.000000	-0.000000	1.000000	-0.000000	1.000000	0.002000	1.000000	NaN	NaN	NaN	NaN	NaN	NaN	NaN	NaN	NaN
43.001164	0.000000	0.000000	0.000000	-0.000000	1.000000	0.000000	1.000000	0.001000	1.000000	NaN	NaN	NaN	NaN	NaN	NaN	NaN	NaN	NaN
44.001182	0.000000	0.000000	0.000000	-0.002000	1.000000	-0.000000	1.000000	0.002000	1.000000	NaN	NaN	NaN	NaN	NaN	NaN	NaN	NaN	NaN
45.001203	0.000000	0.000000	0.000000	-0.002000	1.000000	-0.000000	1.000000	0.001000	1.000000	NaN	NaN	NaN	NaN	NaN	NaN	NaN	NaN	NaN
46.001220	0.000000	0.000000	0.000000	-0.001000	1.000000	-0.000000	1.000000	0.002000	1.000000	NaN	NaN	NaN	NaN	NaN	NaN	NaN	NaN	NaN
47.001295	0.000000	0.000000	0.000000	-0.000000	1.000000	0.000000	1.000000	0.002000	1.000000	NaN	NaN	NaN	NaN	NaN	NaN	NaN	NaN	NaN
48.001285	0.000000	0.000000	0.000000	-0.000000	1.000000	0.000000	1.000000	0.002000	1.000000	NaN	NaN	NaN	NaN	NaN	NaN	NaN	NaN	NaN
49.001303	0.000000	0.000000	0.000000	-0.000000	1.000000	0.000000	1.000000	0.000000	1.000000	NaN	NaN	NaN	NaN	NaN	NaN	NaN	NaN	NaN
50.001353	0.000000	0.000000	0.000000	-0.002000	1.000000	-0.000000	1.000000	0.000000	1.000000	NaN	NaN	NaN	NaN	NaN	NaN	NaN	NaN	NaN
51.001362	0.000000	0.000000	0.000000	-0.001000	1.000000	-0.000000	1.000000	0.003000	1.000000	NaN	NaN	NaN	NaN	NaN	NaN	NaN	NaN	NaN
52.001399	0.000000	0.000000	0.000000	-0.000000	1.000000	-0.000000	1.000000	0.001000	1.000000	NaN	NaN	NaN	NaN	NaN	NaN	NaN	NaN	NaN
53.000426	0.000000	0.000000	0.000000	0.000000	1.000000	-0.002000	1.000000	0.001000	1.000000	NaN	NaN	NaN	NaN	NaN	NaN	NaN	NaN	NaN
54.000447	0.000000	0.000000	0.000000	-0.001000	1.000000	-0.000000	1.000000	0.000000	1.000000	NaN	NaN	NaN	NaN	NaN	NaN	NaN	NaN	NaN
55.000471	0.000000	0.000000	0.000000	-0.001000	1.000000	-0.000000	1.000000	0.002000	1.000000	NaN	NaN	NaN	NaN	NaN	NaN	NaN	NaN	NaN
56.000506	0.000000	0.000000	0.000000	0.000000	1.000000	0.000000	1.000000	0.002000	1.000000	NaN	NaN	NaN	NaN	NaN	NaN	NaN	NaN	NaN
57.000494	0.000000	0.000000	0.000000	-0.000000	1.000000	-0.001000	1.000000	0.004000	1.000000	NaN	NaN	NaN	NaN	NaN	NaN	NaN	NaN	NaN
58.000562	0.000000	0.000000	0.000000	-0.000000	1.000000	-0.000000	1.000000	0.003000	1.000000	NaN	NaN	NaN	NaN	NaN	NaN	NaN	NaN	NaN
59.000587	0.000000	0.000000	0.000000	-0.002000	1.000000	-0.000000	1.000000	0.001000	1.000000	NaN	NaN	NaN	NaN	NaN	NaN	NaN	NaN	NaN
60.000613	0.000000	0.000000	0.000000	-0.000000	1.000000	0.000000	1.000000	0.000000	1.000000	NaN	NaN	NaN	NaN	NaN	NaN	NaN	NaN	NaN
61.000601	0.000000	0.000000	0.000000	-0.001000	1.000000	-0.001000	1.000000	0.003000	1.000000	NaN	NaN	NaN	NaN	NaN	NaN	NaN	NaN	NaN
62.000691	0.000000	0.000000	0.000000	-0.000000	1.000000	-0.000000	1.000000	0.003000	1.000000	NaN	NaN	NaN	NaN	NaN	NaN	NaN	NaN	NaN
63.000658	0.000000	0.000000	0.000000	-0.001000	1.000000	-0.000000	1.000000	0.002000	1.000000	NaN	NaN	NaN	NaN	NaN	NaN	NaN	NaN	NaN
64.000725	0.000000	0.000000	0.000000	-0.000000	1.000000	0.000000	1.000000	-0.000000	1.000000	NaN	NaN	NaN	NaN	NaN	NaN	NaN	NaN	NaN
65.000753	0.000000	0.000000	0.000000	-0.000000	1.000000	-0.002000	1.000000	0.000000	1.000000	NaN	NaN	NaN	NaN	NaN	NaN	NaN	NaN	NaN
66.000774	0.000000	0.000000	0.000000	-0.000000	1.000000	-0.001000	1.000000	0.000000	1.000000	NaN	NaN	NaN	NaN	NaN	NaN	NaN	NaN	NaN
67.000815	0.000000	0.000000	0.000000	-0.001000	1.000000	-0.000000	1.000000	0.000000	1.000000	NaN	NaN	NaN	NaN	NaN	NaN	NaN	NaN	NaN
68.000845	0.000000	0.000000	0.000000	-0.001000	1.000000	0.000000	1.000000	0.002000	1.000000	NaN	NaN	NaN	NaN	NaN	NaN	NaN	NaN	NaN
69.000869	0.000000	0.000000	0.000000	0.000000	1.000000	0.000000	1.000000	0.002000	1.000000	NaN	NaN	NaN	NaN	NaN	NaN	NaN	NaN	NaN
69.999890	0.000000	0.000000	0.000000	0.000000	1.000000	-0.000000	1.000000	0.001000	1.000000	NaN	NaN	NaN	NaN	NaN	NaN	NaN	NaN	NaN
70.999919	0.000000	0.000000	0.000000	-0.000000	1.000000	-0.000000	1.000000	0.001000	1.000000	NaN	NaN	NaN	NaN	NaN	NaN	NaN	NaN	NaN
71.999944	0.000000	0.000000	0.000000	0.000000	1.000000	-0.000000	1.000000	0.001000	1.000000	NaN	NaN	NaN	NaN	NaN	NaN	NaN	NaN	NaN
72.999959	0.000000	0.000000	0.000000	0.000000	1.000000	-0.000000	1.000000	0.001000	1.000000	NaN	NaN	NaN	NaN	NaN	NaN	NaN	NaN	NaN
74.000014	0.000000	0.000000	0.000000	-0.000000	1.000000	-0.000000	1.000000	0.002000	1.000000	NaN	NaN	NaN	NaN	NaN	NaN	NaN	NaN	NaN
75.000012	0.000000	0.000000	0.000000	-0.000000	1.000000	-0.000000	1.000000	0.002000	1.000000	NaN	NaN	NaN	NaN	NaN	NaN	NaN	NaN	NaN
76.000056	0.000000	0.000000	0.000000	-0.000000	1.000000	0.000000	1.000000	0.003000	1.000000	NaN	NaN	NaN	NaN	NaN	NaN	NaN	NaN	NaN
77.000076	0.000000	0.000000	0.000000	-0.000000	1.000000	0.000000	1.000000	0.000000	1.000000	NaN	NaN	NaN	NaN	NaN	NaN	NaN	NaN	NaN
78.000119	0.000000	0.000000	0.000000	0.000000	1.000000	-0.002000	1.000000	0.003000	1.000000	NaN	NaN	NaN	NaN	NaN	NaN	NaN	NaN	NaN
79.000119	0.000000	0.000000	0.000000	-0.001000	1.000000	-0.000000	1.000000	0.000000	1.000000	NaN	NaN	NaN	NaN	NaN	NaN	NaN	NaN	NaN
80.000125	0.000000	0.000000	0.000000	-0.000000	1.000000	-0.001000	1.000000	0.001000	1.000000	NaN	NaN	NaN	NaN	NaN	NaN	NaN	NaN	NaN
81.000195	0.000000	0.000000	0.000000	-0.002000	1.000000	-0.000000	1.000000	0.003000	1.000000	NaN	NaN	NaN	NaN	NaN	NaN	NaN	NaN	NaN
82.000229	0.000000	0.000000	0.000000	0.000000	1.000000	-0.001000	1.000000	0.001000	1.000000	NaN	NaN	NaN	NaN	NaN	NaN	NaN	NaN	NaN
83.000232	0.000000	0.000000	0.000000	-0.001000	1.000000	-0.002000	1.000000	0.002000	1.000000	NaN	NaN	NaN	NaN	NaN	NaN	NaN	NaN	NaN
84.000265	0.000000	0.000000	0.000000	-0.000000	1.000000	-0.001000	1.000000	0.002000	1.000000	NaN	NaN	NaN	NaN	NaN	NaN	NaN	NaN	NaN
85.000292	0.000000	0.000000	0.000000	0.001000	1.000000	0.000000	1.000000	0.002000	1.000000	NaN	NaN	NaN	NaN	NaN	NaN	NaN	NaN	NaN
86.000328	0.000000	0.000000	0.000000	-0.001000	1.000000	-0.000000	1.000000	0.003000	1.000000	NaN	NaN	NaN	NaN	NaN	NaN	NaN	NaN	NaN
86.999353	0.000000	0.000000	0.000000	-0.000000	1.000000	-0.002000	1.000000	0.000000	1.000000	NaN	NaN	NaN	NaN	NaN	NaN	NaN	NaN	NaN
87.999379	0.000000	0.000000	0.000000	-0.000000	1.000000	-0.000000	1.000000	0.002000	1.000000	NaN	NaN	NaN	NaN	NaN	NaN	NaN	NaN	NaN
88.999407	0.000000	0.000000	0.000000	0.000000	1.000000	-0.000000	1.000000	0.002000	1.000000	NaN	NaN	NaN	NaN	NaN	NaN	NaN	NaN	NaN
89.999422	0.000000	0.000000	0.000000	-0.000000	1.000000	0.000000	1.000000	0.001000	1.000000	NaN	NaN	NaN	NaN	NaN	NaN	NaN	NaN	NaN
90.999454	0.000000	0.000000	0.000000	-0.000000	1.000000	-0.001000	1.000000	0.002000	1.000000	NaN	NaN	NaN	NaN	NaN	NaN	NaN	NaN	NaN
91.999478	0.000000	0.000000	0.000000	-0.001000	1.000000	-0.001000	1.000000	0.004000	1.000000	NaN	NaN	NaN	NaN	NaN	NaN	NaN	NaN	NaN
92.999524	0.000000	0.000000	0.000000	-0.001000	1.000000	-0.000000	1.000000	0.000000	1.000000	NaN	NaN	NaN	NaN	NaN	NaN	NaN	NaN	NaN
93.999537	0.000000	0.000000	0.000000	-0.001000	1.000000	0.000000	1.000000	0.002000	1.000000	NaN	NaN	NaN	NaN	NaN	NaN	NaN	NaN	NaN
94.999552	0.000000	0.000000	0.000000	-0.001000	1.000000	-0.000000	1.000000	0.001000	1.000000	NaN	NaN	NaN	NaN	NaN	NaN	NaN	NaN	NaN
95.999588	0.000000	0.000000	0.000000	-0.002000	1.000000	-0.000000	1.000000	0.002000	1.000000	NaN	NaN	NaN	NaN	NaN	NaN	NaN	NaN	NaN
96.999640	0.000000	0.000000	0.000000	-0.002000	1.000000	-0.000000	1.000000	0.001000	1.000000	NaN	NaN	NaN	NaN	NaN	NaN	NaN	NaN	NaN
97.999617	0.000000	0.000000	0.000000	-0.002000	1.000000	-0.000000	1.000000	0.002000	1.000000	NaN	NaN	NaN	NaN	NaN	NaN	NaN	NaN	NaN
98.999675	0.000000	0.000000	0.000000	-0.000000	1.000000	-0.000000	1.000000	0.000000	1.000000	NaN	NaN	NaN	NaN	NaN	NaN	NaN	NaN	NaN
99.999727	0.000000	0.000000	0.000000	-0.002000	1.000000	-0.000000	1.000000	0.000000	1.000000	NaN	NaN	NaN	NaN	NaN	NaN	NaN	NaN	NaN
100.999734	0.000000	0.000000	0.000000	-0.001000	1.000000	-0.001000	1.000000	0.001000	1.000000	NaN	NaN	NaN	NaN	NaN	NaN	NaN	NaN	NaN
101.999759	0.000000	0.000000	0.000000	-0.000000	1.000000	0.000000	1.000000	0.003000	1.000000	NaN	NaN	NaN	NaN	NaN	NaN	NaN	NaN	NaN
102.999777	0.000000	0.000000	0.000000	-0.000000	1.000000	-0.001000	1.000000	0.000000	1.000000	NaN	NaN	NaN	NaN	NaN	NaN	NaN	NaN	NaN
103.999827	0.000000	0.000000	0.000000	-0.000000	1.000000	-0.002000	1.000000	0.002000	1.000000	NaN	NaN	NaN	NaN	NaN	NaN	NaN	NaN	NaN
104.998813	0.000000	0.000000	0.000000	-0.000000	1.000000	0.000000	1.000000	0.000000	1.000000	NaN	NaN	NaN	NaN	NaN	NaN	NaN	NaN	NaN
105.998878	0.000000	0.000000	0.000000	-0.000000	1.000000	-0.001000	1.000000	0.002000	1.000000	NaN	NaN	NaN	NaN	NaN	NaN	NaN	NaN	NaN
106.998874	0.000000	0.000000	0.000000	-0.000000	1.000000	-0.002000	1.000000	0.000000	1.000000	NaN	NaN	NaN	NaN	NaN	NaN	NaN	NaN	NaN
107.998921	0.000000	0.000000	0.000000	-0.000000	1.000000	-0.000000	1.000000	0.002000	1.000000	NaN	NaN	NaN	NaN	NaN	NaN	NaN	NaN	NaN
108.998958	0.000000	0.000000	0.000000	-0.000000	1.000000	-0.001000	1.000000	0.001000	1.000000	NaN	NaN	NaN	NaN	NaN	NaN	NaN	NaN	NaN
109.998990	0.000000	0.000000	0.000000	-0.001000	1.000000	-0.000000	1.000000	0.002000	1.000000	NaN	NaN	NaN	NaN	NaN	NaN	NaN	NaN	NaN
110.999008	0.000000	0.000000	0.000000	-0.001000	1.000000	-0.000000	1.000000	0.002000	1.000000	NaN	NaN	NaN	NaN	NaN	NaN	NaN	NaN	NaN
111.999045	0.000000	0.000000	0.000000	-0.000000	1.000000	-0.001000	1.000000	0.003000	1.000000	NaN	NaN	NaN	NaN	NaN	NaN	NaN	NaN	NaN
112.999049	0.000000	0.000000	0.000000	-0.000000	1.000000	-0.000000	1.000000	0.001000	1.000000	NaN	NaN	NaN	NaN	NaN	NaN	NaN	NaN	NaN
113.999115	0.000000	0.000000	0.000000	-0.002000	1.000000	-0.000000	1.000000	0.001000	1.000000	NaN	NaN	NaN	NaN	NaN	NaN	NaN	NaN	NaN
114.999144	0.000000	0.000000	0.000000	-0.001000	1.000000	-0.000000	1.000000	0.003000	1.000000	NaN	NaN	NaN	NaN	NaN	NaN	NaN	NaN	NaN
115.999140	0.000000	0.000000	0.000000	-0.001000	1.000000	-0.002000	1.000000	-0.000000	1.000000	NaN	NaN	NaN	NaN	NaN	NaN	NaN	NaN	NaN
116.999174	0.000000	0.000000	0.000000	-0.001000	1.000000	-0.000000	1.000000	0.002000	1.000000	NaN	NaN	NaN	NaN	NaN	NaN	NaN	NaN	NaN
117.999194	0.000000	0.000000	0.000000	-0.001000	1.000000	-0.000000	1.000000	0.002000	1.000000	NaN	NaN	NaN	NaN	NaN	NaN	NaN	NaN	NaN
118.999223	0.000000	0.000000	0.000000	-0.000000	1.000000	-0.001000	1.000000	0.002000	1.000000	NaN	NaN	NaN	NaN	NaN	NaN	NaN	NaN	NaN
119.999277	0.000000	0.000000	0.000000	-0.000000	1.000000	-0.000000	1.000000	0.001000	1.000000	NaN	NaN	NaN	NaN	NaN	NaN	NaN	NaN	NaN
120.999285	0.000000	0.000000	0.000000	-0.000000	1.000000	-0.000000	1.000000	0.002000	1.000000	NaN	NaN	NaN	NaN	NaN	NaN	NaN	NaN	NaN
121.998309	0.000000	0.000000	0.000000	-0.000000	1.000000	-0.000000	1.000000	0.001000	1.000000	NaN	NaN	NaN	NaN	NaN	NaN	NaN	NaN	NaN
122.998330	0.000000	0.000000	0.000000	0.000000	1.000000	-0.001000	1.000000	0.004000	1.000000	NaN	NaN	NaN	NaN	NaN	NaN	NaN	NaN	NaN
123.998338	0.000000	0.000000	0.000000	-0.000000	1.000000	-0.001000	1.000000	0.002000	1.000000	NaN	NaN	NaN	NaN	NaN	NaN	NaN	NaN	NaN
124.998399	0.000000	0.000000	0.000000	-0.002000	1.000000	-0.001000	1.000000	0.002000	1.000000	NaN	NaN	NaN	NaN	NaN	NaN	NaN	NaN	NaN
125.998430	0.000000	0.000000	0.000000	-0.002000	1.000000	0.000000	1.000000	0.001000	1.000000	NaN	NaN	NaN	NaN	NaN	NaN	NaN	NaN	NaN
126.998445	0.000000	0.000000	0.000000	0.000000	1.000000	-0.001000	1.000000	0.002000	1.000000	NaN	NaN	NaN	NaN	NaN	NaN	NaN	NaN	NaN
127.998465	0.000000	0.000000	0.000000	-0.002000	1.000000	-0.001000	1.000000	0.002000	1.000000	NaN	NaN	NaN	NaN	NaN	NaN	NaN	NaN	NaN
128.998512	0.000000	0.000000	0.000000	-0.000000	1.000000	-0.002000	1.000000	0.002000	1.000000	NaN	NaN	NaN	NaN	NaN	NaN	NaN	NaN	NaN
129.998497	0.000000	0.000000	0.000000	-0.000000	1.000000	-0.001000	1.000000	0.000000	1.000000	NaN	NaN	NaN	NaN	NaN	NaN	NaN	NaN	NaN
130.998571	0.000000	0.000000	0.000000	-0.000000	1.000000	-0.000000	1.000000	0.002000	1.000000	NaN	NaN	NaN	NaN	NaN	NaN	NaN	NaN	NaN
131.998585	0.000000	0.000000	0.000000	-0.000000	1.000000	-0.002000	1.000000	0.002000	1.000000	NaN	NaN	NaN	NaN	NaN	NaN	NaN	NaN	NaN
132.998617	0.000000	0.000000	0.000000	0.000000	1.000000	-0.000000	1.000000	0.002000	1.000000	NaN	NaN	NaN	NaN	NaN	NaN	NaN	NaN	NaN
133.998632	0.000000	0.000000	0.000000	-0.000000	1.000000	-0.000000	1.000000	0.000000	1.000000	NaN	NaN	NaN	NaN	NaN	NaN	NaN	NaN	NaN
134.998647	0.000000	0.000000	0.000000	-0.002000	1.000000	0.000000	1.000000	0.003000	1.000000	NaN	NaN	NaN	NaN	NaN	NaN	NaN	NaN	NaN
135.998674	0.000000	0.000000	0.000000	-0.000000	1.000000	-0.000000	1.000000	0.000000	1.000000	NaN	NaN	NaN	NaN	NaN	NaN	NaN	NaN	NaN
136.998721	0.000000	0.000000	0.000000	-0.002000	1.000000	-0.000000	1.000000	0.003000	1.000000	NaN	NaN	NaN	NaN	NaN	NaN	NaN	NaN	NaN
137.998888	0.000000	0.000000	0.000000	-0.001000	1.000000	-0.002000	1.000000	0.002000	1.000000	NaN	NaN	NaN	NaN	NaN	NaN	NaN	NaN	NaN
138.998768	0.000000	0.000000	0.000000	-0.002000	1.000000	-0.000000	1.000000	0.002000	1.000000	NaN	NaN	NaN	NaN	NaN	NaN	NaN	NaN	NaN
139.997811	0.000000	0.000000	0.000000	0.000000	1.000000	-0.001000	1.000000	0.000000	1.000000	NaN	NaN	NaN	NaN	NaN	NaN	NaN	NaN	NaN
140.997835	0.000000	0.000000	0.000000	-0.001000	1.000000	-0.002000	1.000000	0.002000	1.000000	NaN	NaN	NaN	NaN	NaN	NaN	NaN	NaN	NaN
141.997850	0.000000	0.000000	0.000000	-0.000000	1.000000	-0.000000	1.000000	0.002000	1.000000	NaN	NaN	NaN	NaN	NaN	NaN	NaN	NaN	NaN
142.997887	0.000000	0.000000	0.000000	-0.000000	1.000000	-0.000000	1.000000	0.002000	1.000000	NaN	NaN	NaN	NaN	NaN	NaN	NaN	NaN	NaN
143.997883	0.000000	0.000000	0.000000	-0.000000	1.000000	-0.000000	1.000000	0.001000	1.000000	NaN	NaN	NaN	NaN	NaN	NaN	NaN	NaN	NaN
144.997943	0.000000	0.000000	0.000000	-0.002000	1.000000	-0.002000	1.000000	0.001000	1.000000	NaN	NaN	NaN	NaN	NaN	NaN	NaN	NaN	NaN
145.997981	0.000000	0.000000	0.000000	-0.001000	1.000000	-0.002000	1.000000	0.002000	1.000000	NaN	NaN	NaN	NaN	NaN	NaN	NaN	NaN	NaN
146.998009	0.000000	0.000000	0.000000	-0.000000	1.000000	-0.003000	1.000000	0.002000	1.000000	NaN	NaN	NaN	NaN	NaN	NaN	NaN	NaN	NaN
147.998034	0.000000	0.000000	0.000000	-0.000000	1.000000	-0.000000	1.000000	0.000000	1.000000	NaN	NaN	NaN	NaN	NaN	NaN	NaN	NaN	NaN
148.998055	0.000000	0.000000	0.000000	-0.000000	1.000000	-0.000000	1.000000	0.002000	1.000000	NaN	NaN	NaN	NaN	NaN	NaN	NaN	NaN	NaN
149.998095	0.000000	0.000000	0.000000	-0.001000	1.000000	-0.001000	1.000000	0.000000	1.000000	NaN	NaN	NaN	NaN	NaN	NaN	NaN	NaN	NaN
150.998109	0.000000	0.000000	0.000000	-0.000000	1.000000	-0.001000	1.000000	0.003000	1.000000	NaN	NaN	NaN	NaN	NaN	NaN	NaN	NaN	NaN
151.998156	0.000000	0.000000	0.000000	-0.000000	1.000000	-0.002000	1.000000	0.001000	1.000000	NaN	NaN	NaN	NaN	NaN	NaN	NaN	NaN	NaN
152.998159	0.000000	0.000000	0.000000	-0.000000	1.000000	-0.002000	1.000000	0.002000	1.000000	NaN	NaN	NaN	NaN	NaN	NaN	NaN	NaN	NaN
153.998194	0.000000	0.000000	0.000000	-0.001000	1.000000	-0.001000	1.000000	0.000000	1.000000	NaN	NaN	NaN	NaN	NaN	NaN	NaN	NaN	NaN
154.998231	0.000000	0.000000	0.000000	-0.000000	1.000000	-0.002000	1.000000	0.003000	1.000000	NaN	NaN	NaN	NaN	NaN	NaN	NaN	NaN	NaN
155.998213	0.000000	0.000000	0.000000	-0.000000	1.000000	0.000000	1.000000	0.003000	1.000000	NaN	NaN	NaN	NaN	NaN	NaN	NaN	NaN	NaN
156.997258	0.000000	0.000000	0.000000	-0.000000	1.000000	-0.001000	1.000000	0.003000	1.000000	NaN	NaN	NaN	NaN	NaN	NaN	NaN	NaN	NaN
157.997306	0.000000	0.000000	0.000000	-0.001000	1.000000	-0.001000	1.000000	0.002000	1.000000	NaN	NaN	NaN	NaN	NaN	NaN	NaN	NaN	NaN
158.997324	0.000000	0.000000	0.000000	-0.000000	1.000000	-0.002000	1.000000	0.001000	1.000000	NaN	NaN	NaN	NaN	NaN	NaN	NaN	NaN	NaN
159.997357	0.000000	0.000000	0.000000	-0.002000	1.000000	-0.002000	1.000000	0.002000	1.000000	NaN	NaN	NaN	NaN	NaN	NaN	NaN	NaN	NaN
160.997377	0.000000	0.000000	0.000000	0.000000	1.000000	-0.000000	1.000000	0.000000	1.000000	NaN	NaN	NaN	NaN	NaN	NaN	NaN	NaN	NaN
161.997377	0.000000	0.000000	0.000000	0.000000	1.000000	-0.000000	1.000000	0.002000	1.000000	NaN	NaN	NaN	NaN	NaN	NaN	NaN	NaN	NaN
162.997435	0.000000	0.000000	0.000000	-0.000000	1.000000	-0.000000	1.000000	0.000000	1.000000	NaN	NaN	NaN	NaN	NaN	NaN	NaN	NaN	NaN
163.997473	0.000000	0.000000	0.000000	-0.000000	1.000000	-0.001000	1.000000	0.002000	1.000000	NaN	NaN	NaN	NaN	NaN	NaN	NaN	NaN	NaN
164.997487	0.000000	0.000000	0.000000	-0.000000	1.000000	-0.002000	1.000000	0.000000	1.000000	NaN	NaN	NaN	NaN	NaN	NaN	NaN	NaN	NaN
165.997525	0.000000	0.000000	0.000000	-0.000000	1.000000	-0.003000	1.000000	0.000000	1.000000	NaN	NaN	NaN	NaN	NaN	NaN	NaN	NaN	NaN
166.997538	0.000000	0.000000	0.000000	-0.001000	1.000000	-0.000000	1.000000	0.002000	1.000000	NaN	NaN	NaN	NaN	NaN	NaN	NaN	NaN	NaN
167.997580	0.000000	0.000000	0.000000	-0.000000	1.000000	-0.000000	1.000000	0.001000	1.000000	NaN	NaN	NaN	NaN	NaN	NaN	NaN	NaN	NaN
168.997568	0.000000	0.000000	0.000000	-0.000000	1.000000	-0.001000	1.000000	0.001000	1.000000	NaN	NaN	NaN	NaN	NaN	NaN	NaN	NaN	NaN
169.997633	0.000000	0.000000	0.000000	-0.000000	1.000000	-0.002000	1.000000	0.002000	1.000000	NaN	NaN	NaN	NaN	NaN	NaN	NaN	NaN	NaN
170.997683	0.000000	0.000000	0.000000	-0.001000	1.000000	-0.000000	1.000000	0.002000	1.000000	NaN	NaN	NaN	NaN	NaN	NaN	NaN	NaN	NaN
171.997666	0.000000	0.000000	0.000000	-0.000000	1.000000	-0.001000	1.000000	0.001000	1.000000	NaN	NaN	NaN	NaN	NaN	NaN	NaN	NaN	NaN
172.997728	0.000000	0.000000	0.000000	-0.002000	1.000000	-0.000000	1.000000	0.002000	1.000000	NaN	NaN	NaN	NaN	NaN	NaN	NaN	NaN	NaN
173.997750	0.000000	0.000000	0.000000	-0.000000	1.000000	-0.002000	1.000000	0.002000	1.000000	NaN	NaN	NaN	NaN	NaN	NaN	NaN	NaN	NaN
174.996784	0.000000	0.000000	0.000000	-0.000000	1.000000	-0.000000	1.000000	0.000000	1.000000	NaN	NaN	NaN	NaN	NaN	NaN	NaN	NaN	NaN
175.996799	0.000000	0.000000	0.000000	-0.000000	1.000000	-0.002000	1.000000	0.002000	1.000000	NaN	NaN	NaN	NaN	NaN	NaN	NaN	NaN	NaN
176.996833	0.000000	0.000000	0.000000	-0.002000	1.000000	-0.001000	1.000000	0.002000	1.000000	NaN	NaN	NaN	NaN	NaN	NaN	NaN	NaN	NaN
177.996829	0.000000	0.000000	0.000000	-0.002000	1.000000	-0.001000	1.000000	0.002000	1.000000	NaN	NaN	NaN	NaN	NaN	NaN	NaN	NaN	NaN
178.996842	0.000000	0.000000	0.000000	-0.001000	1.000000	-0.000000	1.000000	0.000000	1.000000	NaN	NaN	NaN	NaN	NaN	NaN	NaN	NaN	NaN
179.996898	0.000000	0.000000	0.000000	-0.001000	1.000000	-0.000000	1.000000	0.002000	1.000000	NaN	NaN	NaN	NaN	NaN	NaN	NaN	NaN	NaN
180.996897	0.000000	0.000000	0.000000	-0.002000	1.000000	-0.001000	1.000000	0.002000	1.000000	NaN	NaN	NaN	NaN	NaN	NaN	NaN	NaN	NaN
181.996970	0.000000	0.000000	0.000000	-0.002000	1.000000	-0.000000	1.000000	0.002000	1.000000	NaN	NaN	NaN	NaN	NaN	NaN	NaN	NaN	NaN
182.996986	0.000000	0.000000	0.000000	-0.001000	1.000000	-0.000000	1.000000	0.000000	1.000000	NaN	NaN	NaN	NaN	NaN	NaN	NaN	NaN	NaN
183.997018	0.000000	0.000000	0.000000	0.000000	1.000000	-0.002000	1.000000	0.000000	1.000000	NaN	NaN	NaN	NaN	NaN	NaN	NaN	NaN	NaN
184.997045	0.000000	0.000000	0.000000	-0.000000	1.000000	-0.002000	1.000000	0.000000	1.000000	NaN	NaN	NaN	NaN	NaN	NaN	NaN	NaN	NaN
185.997056	0.000000	0.000000	0.000000	-0.002000	1.000000	-0.002000	1.000000	-0.000000	1.000000	NaN	NaN	NaN	NaN	NaN	NaN	NaN	NaN	NaN
186.997109	0.000000	0.000000	0.000000	-0.001000	1.000000	0.000000	1.000000	0.000000	1.000000	NaN	NaN	NaN	NaN	NaN	NaN	NaN	NaN	NaN
187.997129	0.000000	0.000000	0.000000	-0.000000	1.000000	-0.002000	1.000000	0.002000	1.000000	NaN	NaN	NaN	NaN	NaN	NaN	NaN	NaN	NaN
188.997115	0.000000	0.000000	0.000000	-0.001000	1.000000	-0.002000	1.000000	0.003000	1.000000	NaN	NaN	NaN	NaN	NaN	NaN	NaN	NaN	NaN
189.997175	0.000000	0.000000	0.000000	-0.001000	1.000000	-0.002000	1.000000	0.002000	1.000000	NaN	NaN	NaN	NaN	NaN	NaN	NaN	NaN	NaN
190.997215	0.000000	0.000000	0.000000	-0.000000	1.000000	0.000000	1.000000	0.003000	1.000000	NaN	NaN	NaN	NaN	NaN	NaN	NaN	NaN	NaN
191.996231	0.000000	0.000000	0.000000	-0.000000	1.000000	-0.000000	1.000000	0.001000	1.000000	NaN	NaN	NaN	NaN	NaN	NaN	NaN	NaN	NaN
192.996266	0.000000	0.000000	0.000000	-0.001000	1.000000	-0.002000	1.000000	0.003000	1.000000	NaN	NaN	NaN	NaN	NaN	NaN	NaN	NaN	NaN
193.996265	0.000000	0.000000	0.000000	-0.000000	1.000000	-0.000000	1.000000	0.002000	1.000000	NaN	NaN	NaN	NaN	NaN	NaN	NaN	NaN	NaN
194.996320	0.000000	0.000000	0.000000	-0.002000	1.000000	-0.002000	1.000000	0.001000	1.000000	NaN	NaN	NaN	NaN	NaN	NaN	NaN	NaN	NaN
195.996346	0.000000	0.000000	0.000000	-0.000000	1.000000	-0.002000	1.000000	0.002000	1.000000	NaN	NaN	NaN	NaN	NaN	NaN	NaN	NaN	NaN
196.996389	0.000000	0.000000	0.000000	-0.000000	1.000000	-0.002000	1.000000	0.002000	1.000000	NaN	NaN	NaN	NaN	NaN	NaN	NaN	NaN	NaN
197.996397	0.000000	0.000000	0.000000	-0.002000	1.000000	-0.002000	1.000000	0.002000	1.000000	NaN	NaN	NaN	NaN	NaN	NaN	NaN	NaN	NaN
198.996391	0.000000	0.000000	0.000000	-0.003000	1.000000	-0.000000	1.000000	0.000000	1.000000	NaN	NaN	NaN	NaN	NaN	NaN	NaN	NaN	NaN
199.996452	0.000000	0.000000	0.000000	-0.002000	1.000000	-0.000000	1.000000	0.002000	1.000000	NaN	NaN	NaN	NaN	NaN	NaN	NaN	NaN	NaN
200.996470	0.000000	0.000000	0.000000	-0.002000	1.000000	-0.001000	1.000000	0.000000	1.000000	NaN	NaN	NaN	NaN	NaN	NaN	NaN	NaN	NaN
201.996505	0.000000	0.000000	0.000000	-0.000000	1.000000	-0.002000	1.000000	0.002000	1.000000	NaN	NaN	NaN	NaN	NaN	NaN	NaN	NaN	NaN
202.996554	0.000000	0.000000	0.000000	-0.001000	1.000000	-0.000000	1.000000	0.003000	1.000000	NaN	NaN	NaN	NaN	NaN	NaN	NaN	NaN	NaN
203.996574	0.000000	0.000000	0.000000	-0.000000	1.000000	-0.002000	1.000000	0.000000	1.000000	NaN	NaN	NaN	NaN	NaN	NaN	NaN	NaN	NaN
204.996559	0.000000	0.000000	0.000000	-0.002000	1.000000	-0.000000	1.000000	0.002000	1.000000	NaN	NaN	NaN	NaN	NaN	NaN	NaN	NaN	NaN
205.996613	0.000000	0.000000	0.000000	-0.000000	1.000000	-0.001000	1.000000	0.000000	1.000000	NaN	NaN	NaN	NaN	NaN	NaN	NaN	NaN	NaN
206.996637	0.000000	0.000000	0.000000	-0.002000	1.000000	-0.000000	1.000000	0.002000	1.000000	NaN	NaN	NaN	NaN	NaN	NaN	NaN	NaN	NaN
207.996635	0.000000	0.000000	0.000000	-0.002000	1.000000	0.000000	1.000000	0.002000	1.000000	NaN	NaN	NaN	NaN	NaN	NaN	NaN	NaN	NaN
208.996729	0.000000	0.000000	0.000000	-0.002000	1.000000	-0.000000	1.000000	0.003000	1.000000	NaN	NaN	NaN	NaN	NaN	NaN	NaN	NaN	NaN
209.995725	0.000000	0.000000	0.000000	-0.002000	1.000000	-0.001000	1.000000	0.002000	1.000000	NaN	NaN	NaN	NaN	NaN	NaN	NaN	NaN	NaN
210.995751	0.000000	0.000000	0.000000	-0.003000	1.000000	-0.000000	1.000000	0.001000	1.000000	NaN	NaN	NaN	NaN	NaN	NaN	NaN	NaN	NaN
211.995784	0.000000	0.000000	0.000000	-0.002000	1.000000	-0.000000	1.000000	0.003000	1.000000	NaN	NaN	NaN	NaN	NaN	NaN	NaN	NaN	NaN
212.995828	0.000000	0.000000	0.000000	-0.001000	1.000000	-0.003000	1.000000	0.001000	1.000000	NaN	NaN	NaN	NaN	NaN	NaN	NaN	NaN	NaN
213.995852	0.000000	0.000000	0.000000	-0.001000	1.000000	-0.002000	1.000000	0.000000	1.000000	NaN	NaN	NaN	NaN	NaN	NaN	NaN	NaN	NaN
214.995869	0.000000	0.000000	0.000000	-0.001000	1.000000	0.000000	1.000000	0.002000	1.000000	NaN	NaN	NaN	NaN	NaN	NaN	NaN	NaN	NaN
215.995896	0.000000	0.000000	0.000000	-0.002000	1.000000	-0.000000	1.000000	0.001000	1.000000	NaN	NaN	NaN	NaN	NaN	NaN	NaN	NaN	NaN
216.995902	0.000000	0.000000	0.000000	-0.000000	1.000000	-0.000000	1.000000	0.002000	1.000000	NaN	NaN	NaN	NaN	NaN	NaN	NaN	NaN	NaN
217.995948	0.000000	0.000000	0.000000	-0.003000	1.000000	-0.000000	1.000000	0.001000	1.000000	NaN	NaN	NaN	NaN	NaN	NaN	NaN	NaN	NaN
218.995991	0.000000	0.000000	0.000000	-0.002000	1.000000	-0.000000	1.000000	0.002000	1.000000	NaN	NaN	NaN	NaN	NaN	NaN	NaN	NaN	NaN
219.995994	0.000000	0.000000	0.000000	-0.001000	1.000000	-0.000000	1.000000	0.002000	1.000000	NaN	NaN	NaN	NaN	NaN	NaN	NaN	NaN	NaN
220.996046	0.000000	0.000000	0.000000	-0.001000	1.000000	-0.001000	1.000000	0.002000	1.000000	NaN	NaN	NaN	NaN	NaN	NaN	NaN	NaN	NaN
221.996056	0.000000	0.000000	0.000000	-0.003000	1.000000	-0.001000	1.000000	0.003000	1.000000	NaN	NaN	NaN	NaN	NaN	NaN	NaN	NaN	NaN
222.996078	0.000000	0.000000	0.000000	-0.001000	1.000000	-0.001000	1.000000	0.001000	1.000000	NaN	NaN	NaN	NaN	NaN	NaN	NaN	NaN	NaN
223.996133	0.000000	0.000000	0.000000	-0.001000	1.000000	0.000000	1.000000	0.002000	1.000000	NaN	NaN	NaN	NaN	NaN	NaN	NaN	NaN	NaN
224.996144	0.000000	0.000000	0.000000	-0.003000	1.000000	-0.000000	1.000000	0.002000	1.000000	NaN	NaN	NaN	NaN	NaN	NaN	NaN	NaN	NaN
225.996187	0.000000	0.000000	0.000000	-0.000000	1.000000	-0.001000	1.000000	0.002000	1.000000	NaN	NaN	NaN	NaN	NaN	NaN	NaN	NaN	NaN
226.995159	0.000000	0.000000	0.000000	-0.002000	1.000000	-0.000000	1.000000	0.000000	1.000000	NaN	NaN	NaN	NaN	NaN	NaN	NaN	NaN	NaN
227.995216	0.000000	0.000000	0.000000	-0.000000	1.000000	-0.001000	1.000000	0.002000	1.000000	NaN	NaN	NaN	NaN	NaN	NaN	NaN	NaN	NaN
228.995251	0.000000	0.000000	0.000000	-0.002000	1.000000	-0.000000	1.000000	0.003000	1.000000	NaN	NaN	NaN	NaN	NaN	NaN	NaN	NaN	NaN
229.995241	0.000000	0.000000	0.000000	-0.002000	1.000000	-0.001000	1.000000	0.002000	1.000000	NaN	NaN	NaN	NaN	NaN	NaN	NaN	NaN	NaN
230.995301	0.000000	0.000000	0.000000	-0.001000	1.000000	-0.000000	1.000000	0.002000	1.000000	NaN	NaN	NaN	NaN	NaN	NaN	NaN	NaN	NaN
231.995317	0.000000	0.000000	0.000000	-0.002000	1.000000	-0.002000	1.000000	0.001000	1.000000	NaN	NaN	NaN	NaN	NaN	NaN	NaN	NaN	NaN
232.995353	0.000000	0.000000	0.000000	-0.003000	1.000000	-0.002000	1.000000	0.000000	1.000000	NaN	NaN	NaN	NaN	NaN	NaN	NaN	NaN	NaN
233.995386	0.000000	0.000000	0.000000	-0.001000	1.000000	-0.000000	1.000000	0.000000	1.000000	NaN	NaN	NaN	NaN	NaN	NaN	NaN	NaN	NaN
234.995376	0.000000	0.000000	0.000000	-0.002000	1.000000	-0.002000	1.000000	0.002000	1.000000	NaN	NaN	NaN	NaN	NaN	NaN	NaN	NaN	NaN
235.995406	0.000000	0.000000	0.000000	-0.002000	1.000000	-0.001000	1.000000	0.000000	1.000000	NaN	NaN	NaN	NaN	NaN	NaN	NaN	NaN	NaN
236.995457	0.000000	0.000000	0.000000	-0.002000	1.000000	-0.002000	1.000000	0.002000	1.000000	NaN	NaN	NaN	NaN	NaN	NaN	NaN	NaN	NaN
237.995506	0.000000	0.000000	0.000000	-0.001000	1.000000	-0.001000	1.000000	0.002000	1.000000	NaN	NaN	NaN	NaN	NaN	NaN	NaN	NaN	NaN
238.995507	0.000000	0.000000	0.000000	-0.002000	1.000000	-0.003000	1.000000	0.003000	1.000000	NaN	NaN	NaN	NaN	NaN	NaN	NaN	NaN	NaN
239.995550	0.000000	0.000000	0.000000	-0.002000	1.000000	-0.002000	1.000000	0.000000	1.000000	NaN	NaN	NaN	NaN	NaN	NaN	NaN	NaN	NaN
240.995577	0.000000	0.000000	0.000000	-0.003000	1.000000	-0.001000	1.000000	0.002000	1.000000	NaN	NaN	NaN	NaN	NaN	NaN	NaN	NaN	NaN
241.995603	0.000000	0.000000	0.000000	-0.002000	1.000000	-0.001000	1.000000	0.002000	1.000000	NaN	NaN	NaN	NaN	NaN	NaN	NaN	NaN	NaN
242.995649	0.000000	0.000000	0.000000	-0.002000	1.000000	-0.002000	1.000000	0.003000	1.000000	NaN	NaN	NaN	NaN	NaN	NaN	NaN	NaN	NaN
243.995628	0.000000	0.000000	0.000000	-0.003000	1.000000	-0.001000	1.000000	0.002000	1.000000	NaN	NaN	NaN	NaN	NaN	NaN	NaN	NaN	NaN
244.994687	0.000000	0.000000	0.000000	-0.002000	1.000000	-0.000000	1.000000	0.002000	1.000000	NaN	NaN	NaN	NaN	NaN	NaN	NaN	NaN	NaN
245.994716	0.000000	0.000000	0.000000	-0.003000	1.000000	-0.000000	1.000000	0.002000	1.000000	NaN	NaN	NaN	NaN	NaN	NaN	NaN	NaN	NaN
246.994744	0.000000	0.000000	0.000000	-0.002000	1.000000	-0.001000	1.000000	0.002000	1.000000	NaN	NaN	NaN	NaN	NaN	NaN	NaN	NaN	NaN
247.994764	0.000000	0.000000	0.000000	-0.002000	1.000000	-0.000000	1.000000	0.004000	1.000000	NaN	NaN	NaN	NaN	NaN	NaN	NaN	NaN	NaN
248.994820	0.000000	0.000000	0.000000	-0.002000	1.000000	-0.000000	1.000000	0.002000	1.000000	NaN	NaN	NaN	NaN	NaN	NaN	NaN	NaN	NaN
249.994790	0.000000	0.000000	0.000000	-0.003000	1.000000	-0.000000	1.000000	0.002000	1.000000	NaN	NaN	NaN	NaN	NaN	NaN	NaN	NaN	NaN
250.994852	0.000000	0.000000	0.000000	-0.004000	1.000000	-0.001000	1.000000	0.002000	1.000000	NaN	NaN	NaN	NaN	NaN	NaN	NaN	NaN	NaN
251.994869	0.000000	0.000000	0.000000	-0.003000	1.000000	-0.000000	1.000000	0.000000	1.000000	NaN	NaN	NaN	NaN	NaN	NaN	NaN	NaN	NaN
252.994872	0.000000	0.000000	0.000000	-0.002000	1.000000	-0.001000	1.000000	0.003000	1.000000	NaN	NaN	NaN	NaN	NaN	NaN	NaN	NaN	NaN
253.994899	0.000000	0.000000	0.000000	-0.003000	1.000000	-0.000000	1.000000	0.001000	1.000000	NaN	NaN	NaN	NaN	NaN	NaN	NaN	NaN	NaN
254.994966	0.000000	0.000000	0.000000	-0.003000	1.000000	-0.000000	1.000000	0.000000	1.000000	NaN	NaN	NaN	NaN	NaN	NaN	NaN	NaN	NaN
255.995006	0.000000	0.000000	0.000000	-0.001000	1.000000	-0.001000	1.000000	0.000000	1.000000	NaN	NaN	NaN	NaN	NaN	NaN	NaN	NaN	NaN
256.995019	0.000000	0.000000	0.000000	-0.002000	1.000000	0.000000	1.000000	0.002000	1.000000	NaN	NaN	NaN	NaN	NaN	NaN	NaN	NaN	NaN
257.995037	0.000000	0.000000	0.000000	-0.004000	1.000000	-0.002000	1.000000	0.003000	1.000000	NaN	NaN	NaN	NaN	NaN	NaN	NaN	NaN	NaN
258.995070	0.000000	0.000000	0.000000	-0.002000	1.000000	-0.001000	1.000000	0.002000	1.000000	NaN	NaN	NaN	NaN	NaN	NaN	NaN	NaN	NaN
259.995119	0.000000	0.000000	0.000000	-0.004000	1.000000	-0.002000	1.000000	0.002000	1.000000	NaN	NaN	NaN	NaN	NaN	NaN	NaN	NaN	NaN
260.995096	0.000000	0.000000	0.000000	-0.003000	1.000000	-0.002000	1.000000	0.001000	1.000000	NaN	NaN	NaN	NaN	NaN	NaN	NaN	NaN	NaN
261.994162	0.000000	0.000000	0.000000	-0.002000	1.000000	-0.000000	1.000000	0.002000	1.000000	NaN	NaN	NaN	NaN	NaN	NaN	NaN	NaN	NaN
262.994170	0.000000	0.000000	0.000000	-0.002000	1.000000	-0.002000	1.000000	0.002000	1.000000	NaN	NaN	NaN	NaN	NaN	NaN	NaN	NaN	NaN
263.994188	0.000000	0.000000	0.000000	-0.003000	1.000000	-0.002000	1.000000	0.000000	1.000000	NaN	NaN	NaN	NaN	NaN	NaN	NaN	NaN	NaN
264.994202	0.000000	0.000000	0.000000	-0.003000	1.000000	-0.000000	1.000000	0.002000	1.000000	NaN	NaN	NaN	NaN	NaN	NaN	NaN	NaN	NaN
265.994262	0.000000	0.000000	0.000000	-0.003000	1.000000	-0.001000	1.000000	0.002000	1.000000	NaN	NaN	NaN	NaN	NaN	NaN	NaN	NaN	NaN
266.994282	0.000000	0.000000	0.000000	-0.004000	1.000000	-0.002000	1.000000	0.002000	1.000000	NaN	NaN	NaN	NaN	NaN	NaN	NaN	NaN	NaN
267.994307	0.000000	0.000000	0.000000	-0.003000	1.000000	-0.001000	1.000000	0.000000	1.000000	NaN	NaN	NaN	NaN	NaN	NaN	NaN	NaN	NaN
268.994339	0.000000	0.000000	0.000000	-0.003000	1.000000	-0.002000	1.000000	0.002000	1.000000	NaN	NaN	NaN	NaN	NaN	NaN	NaN	NaN	NaN
269.994369	0.000000	0.000000	0.000000	-0.002000	1.000000	-0.000000	1.000000	0.002000	1.000000	NaN	NaN	NaN	NaN	NaN	NaN	NaN	NaN	NaN
270.994366	0.000000	0.000000	0.000000	-0.002000	1.000000	-0.001000	1.000000	0.002000	1.000000	NaN	NaN	NaN	NaN	NaN	NaN	NaN	NaN	NaN
271.994423	0.000000	0.000000	0.000000	-0.003000	1.000000	-0.002000	1.000000	0.000000	1.000000	NaN	NaN	NaN	NaN	NaN	NaN	NaN	NaN	NaN
272.994424	0.000000	0.000000	0.000000	-0.002000	1.000000	-0.000000	1.000000	0.002000	1.000000	NaN	NaN	NaN	NaN	NaN	NaN	NaN	NaN	NaN
273.994490	0.000000	0.000000	0.000000	-0.003000	1.000000	-0.002000	1.000000	0.003000	1.000000	NaN	NaN	NaN	NaN	NaN	NaN	NaN	NaN	NaN
274.994486	0.000000	0.000000	0.000000	-0.002000	1.000000	-0.000000	1.000000	0.001000	1.000000	NaN	NaN	NaN	NaN	NaN	NaN	NaN	NaN	NaN
275.994506	0.000000	0.000000	0.000000	-0.002000	1.000000	-0.002000	1.000000	0.000000	1.000000	NaN	NaN	NaN	NaN	NaN	NaN	NaN	NaN	NaN
276.994532	0.000000	0.000000	0.000000	-0.002000	1.000000	-0.000000	1.000000	0.003000	1.000000	NaN	NaN	NaN	NaN	NaN	NaN	NaN	NaN	NaN
277.994561	0.000000	0.000000	0.000000	-0.003000	1.000000	-0.002000	1.000000	0.002000	1.000000	NaN	NaN	NaN	NaN	NaN	NaN	NaN	NaN	NaN
278.994625	0.000000	0.000000	0.000000	-0.002000	1.000000	-0.000000	1.000000	0.002000	1.000000	NaN	NaN	NaN	NaN	NaN	NaN	NaN	NaN	NaN
279.993661	0.000000	0.000000	0.000000	-0.002000	1.000000	-0.002000	1.000000	0.002000	1.000000	NaN	NaN	NaN	NaN	NaN	NaN	NaN	NaN	NaN
280.993639	0.000000	0.000000	0.000000	-0.002000	1.000000	-0.002000	1.000000	0.002000	1.000000	NaN	NaN	NaN	NaN	NaN	NaN	NaN	NaN	NaN
281.993717	0.000000	0.000000	0.000000	-0.002000	1.000000	-0.002000	1.000000	0.002000	1.000000	NaN	NaN	NaN	NaN	NaN	NaN	NaN	NaN	NaN
282.993733	0.000000	0.000000	0.000000	-0.003000	1.000000	-0.000000	1.000000	0.002000	1.000000	NaN	NaN	NaN	NaN	NaN	NaN	NaN	NaN	NaN
283.993762	0.000000	0.000000	0.000000	-0.002000	1.000000	-0.000000	1.000000	0.002000	1.000000	NaN	NaN	NaN	NaN	NaN	NaN	NaN	NaN	NaN
284.993750	0.000000	0.000000	0.000000	-0.002000	1.000000	-0.002000	1.000000	0.000000	1.000000	NaN	NaN	NaN	NaN	NaN	NaN	NaN	NaN	NaN
285.993838	0.000000	0.000000	0.000000	-0.003000	1.000000	-0.000000	1.000000	0.002000	1.000000	NaN	NaN	NaN	NaN	NaN	NaN	NaN	NaN	NaN
286.993842	0.000000	0.000000	0.000000	-0.002000	1.000000	-0.002000	1.000000	0.002000	1.000000	NaN	NaN	NaN	NaN	NaN	NaN	NaN	NaN	NaN
287.993867	0.000000	0.000000	0.000000	-0.001000	1.000000	-0.002000	1.000000	0.003000	1.000000	NaN	NaN	NaN	NaN	NaN	NaN	NaN	NaN	NaN
288.993885	0.000000	0.000000	0.000000	-0.001000	1.000000	-0.003000	1.000000	0.001000	1.000000	NaN	NaN	NaN	NaN	NaN	NaN	NaN	NaN	NaN
289.993891	0.000000	0.000000	0.000000	-0.002000	1.000000	-0.002000	1.000000	0.002000	1.000000	NaN	NaN	NaN	NaN	NaN	NaN	NaN	NaN	NaN
290.993968	0.000000	0.000000	0.000000	-0.002000	1.000000	-0.002000	1.000000	0.003000	1.000000	NaN	NaN	NaN	NaN	NaN	NaN	NaN	NaN	NaN
291.993953	0.000000	0.000000	0.000000	-0.003000	1.000000	-0.001000	1.000000	0.001000	1.000000	NaN	NaN	NaN	NaN	NaN	NaN	NaN	NaN	NaN
292.994026	0.000000	0.000000	0.000000	-0.002000	1.000000	-0.002000	1.000000	0.002000	1.000000	NaN	NaN	NaN	NaN	NaN	NaN	NaN	NaN	NaN
293.994039	0.000000	0.000000	0.000000	-0.002000	1.000000	-0.003000	1.000000	0.002000	1.000000	NaN	NaN	NaN	NaN	NaN	NaN	NaN	NaN	NaN
294.994063	0.000000	0.000000	0.000000	-0.003000	1.000000	-0.001000	1.000000	0.003000	1.000000	NaN	NaN	NaN	NaN	NaN	NaN	NaN	NaN	NaN
295.994076	0.000000	0.000000	0.000000	-0.002000	1.000000	-0.000000	1.000000	-0.000000	1.000000	NaN	NaN	NaN	NaN	NaN	NaN	NaN	NaN	NaN
296.993112	0.000000	0.000000	0.000000	-0.001000	1.000000	-0.001000	1.000000	0.002000	1.000000	NaN	NaN	NaN	NaN	NaN	NaN	NaN	NaN	NaN
297.993152	0.000000	0.000000	0.000000	-0.002000	1.000000	-0.002000	1.000000	0.001000	1.000000	NaN	NaN	NaN	NaN	NaN	NaN	NaN	NaN	NaN
298.993168	0.000000	0.000000	0.000000	-0.003000	1.000000	-0.002000	1.000000	0.000000	1.000000	NaN	NaN	NaN	NaN	NaN	NaN	NaN	NaN	NaN
299.993196	0.000000	0.000000	0.000000	-0.002000	1.000000	-0.000000	1.000000	0.002000	1.000000	NaN	NaN	NaN	NaN	NaN	NaN	NaN	NaN	NaN
300.993237	0.000000	0.000000	0.000000	-0.001000	1.000000	-0.000000	1.000000	0.001000	1.000000	NaN	NaN	NaN	NaN	NaN	NaN	NaN	NaN	NaN
301.993256	0.000000	0.000000	0.000000	-0.002000	1.000000	-0.000000	1.000000	0.002000	1.000000	NaN	NaN	NaN	NaN	NaN	NaN	NaN	NaN	NaN
302.993255	0.000000	0.000000	0.000000	-0.002000	1.000000	-0.001000	1.000000	0.001000	1.000000	NaN	NaN	NaN	NaN	NaN	NaN	NaN	NaN	NaN
303.993305	0.000000	0.000000	0.000000	-0.002000	1.000000	-0.001000	1.000000	0.002000	1.000000	NaN	NaN	NaN	NaN	NaN	NaN	NaN	NaN	NaN
304.993344	0.000000	0.000000	0.000000	-0.001000	1.000000	-0.003000	1.000000	0.001000	1.000000	NaN	NaN	NaN	NaN	NaN	NaN	NaN	NaN	NaN
305.993344	0.000000	0.000000	0.000000	-0.003000	1.000000	-0.001000	1.000000	0.000000	1.000000	NaN	NaN	NaN	NaN	NaN	NaN	NaN	NaN	NaN
306.993389	0.000000	0.000000	0.000000	-0.003000	1.000000	-0.002000	1.000000	0.002000	1.000000	NaN	NaN	NaN	NaN	NaN	NaN	NaN	NaN	NaN
307.993421	0.000000	0.000000	0.000000	-0.003000	1.000000	-0.001000	1.000000	0.000000	1.000000	NaN	NaN	NaN	NaN	NaN	NaN	NaN	NaN	NaN
308.993446	0.000000	0.000000	0.000000	-0.002000	1.000000	-0.002000	1.000000	0.003000	1.000000	NaN	NaN	NaN	NaN	NaN	NaN	NaN	NaN	NaN
309.993460	0.000000	0.000000	0.000000	-0.002000	1.000000	-0.003000	1.000000	0.003000	1.000000	NaN	NaN	NaN	NaN	NaN	NaN	NaN	NaN	NaN
310.993506	0.000000	0.000000	0.000000	-0.002000	1.000000	-0.000000	1.000000	0.002000	1.000000	NaN	NaN	NaN	NaN	NaN	NaN	NaN	NaN	NaN
311.993524	0.000000	0.000000	0.000000	-0.001000	1.000000	-0.002000	1.000000	0.000000	1.000000	NaN	NaN	NaN	NaN	NaN	NaN	NaN	NaN	NaN
312.993560	0.000000	0.000000	0.000000	-0.001000	1.000000	-0.002000	1.000000	0.002000	1.000000	NaN	NaN	NaN	NaN	NaN	NaN	NaN	NaN	NaN
313.993599	0.000000	0.000000	0.000000	-0.002000	1.000000	-0.002000	1.000000	0.002000	1.000000	NaN	NaN	NaN	NaN	NaN	NaN	NaN	NaN	NaN
314.992639	0.000000	0.000000	0.000000	-0.002000	1.000000	-0.003000	1.000000	0.002000	1.000000	NaN	NaN	NaN	NaN	NaN	NaN	NaN	NaN	NaN
315.992650	0.000000	0.000000	0.000000	-0.002000	1.000000	-0.000000	1.000000	0.001000	1.000000	NaN	NaN	NaN	NaN	NaN	NaN	NaN	NaN	NaN
316.992673	0.000000	0.000000	0.000000	-0.002000	1.000000	-0.002000	1.000000	0.002000	1.000000	NaN	NaN	NaN	NaN	NaN	NaN	NaN	NaN	NaN
317.992702	0.000000	0.000000	0.000000	-0.002000	1.000000	-0.002000	1.000000	0.003000	1.000000	NaN	NaN	NaN	NaN	NaN	NaN	NaN	NaN	NaN
318.992709	0.000000	0.000000	0.000000	-0.002000	1.000000	-0.002000	1.000000	0.002000	1.000000	NaN	NaN	NaN	NaN	NaN	NaN	NaN	NaN	NaN
319.992711	0.000000	0.000000	0.000000	-0.002000	1.000000	-0.002000	1.000000	0.000000	1.000000	NaN	NaN	NaN	NaN	NaN	NaN	NaN	NaN	NaN
320.992770	0.000000	0.000000	0.000000	-0.002000	1.000000	-0.002000	1.000000	0.001000	1.000000	NaN	NaN	NaN	NaN	NaN	NaN	NaN	NaN	NaN
321.992765	0.000000	0.000000	0.000000	-0.002000	1.000000	-0.001000	1.000000	0.002000	1.000000	NaN	NaN	NaN	NaN	NaN	NaN	NaN	NaN	NaN
322.992830	0.000000	0.000000	0.000000	-0.002000	1.000000	-0.001000	1.000000	0.002000	1.000000	NaN	NaN	NaN	NaN	NaN	NaN	NaN	NaN	NaN
323.992859	0.000000	0.000000	0.000000	-0.002000	1.000000	-0.003000	1.000000	0.002000	1.000000	NaN	NaN	NaN	NaN	NaN	NaN	NaN	NaN	NaN
324.992873	0.000000	0.000000	0.000000	-0.002000	1.000000	-0.001000	1.000000	0.003000	1.000000	NaN	NaN	NaN	NaN	NaN	NaN	NaN	NaN	NaN
325.992873	0.000000	0.000000	0.000000	-0.002000	1.000000	-0.003000	1.000000	0.002000	1.000000	NaN	NaN	NaN	NaN	NaN	NaN	NaN	NaN	NaN
326.992956	0.000000	0.000000	0.000000	-0.002000	1.000000	-0.003000	1.000000	0.002000	1.000000	NaN	NaN	NaN	NaN	NaN	NaN	NaN	NaN	NaN
327.992958	0.000000	0.000000	0.000000	-0.002000	1.000000	-0.002000	1.000000	0.001000	1.000000	NaN	NaN	NaN	NaN	NaN	NaN	NaN	NaN	NaN
328.992999	0.000000	0.000000	0.000000	-0.002000	1.000000	-0.000000	1.000000	0.002000	1.000000	NaN	NaN	NaN	NaN	NaN	NaN	NaN	NaN	NaN
329.993016	0.000000	0.000000	0.000000	-0.003000	1.000000	-0.002000	1.000000	0.000000	1.000000	NaN	NaN	NaN	NaN	NaN	NaN	NaN	NaN	NaN
330.993062	0.000000	0.000000	0.000000	-0.003000	1.000000	-0.003000	1.000000	0.002000	1.000000	NaN	NaN	NaN	NaN	NaN	NaN	NaN	NaN	NaN
331.992074	0.000000	0.000000	0.000000	-0.003000	1.000000	-0.003000	1.000000	0.000000	1.000000	NaN	NaN	NaN	NaN	NaN	NaN	NaN	NaN	NaN
332.992122	0.000000	0.000000	0.000000	-0.002000	1.000000	-0.001000	1.000000	0.000000	1.000000	NaN	NaN	NaN	NaN	NaN	NaN	NaN	NaN	NaN
333.992096	0.000000	0.000000	0.000000	-0.002000	1.000000	-0.002000	1.000000	0.001000	1.000000	NaN	NaN	NaN	NaN	NaN	NaN	NaN	NaN	NaN
334.992147	0.000000	0.000000	0.000000	-0.003000	1.000000	-0.002000	1.000000	0.002000	1.000000	NaN	NaN	NaN	NaN	NaN	NaN	NaN	NaN	NaN
335.992187	0.000000	0.000000	0.000000	-0.003000	1.000000	-0.002000	1.000000	0.000000	1.000000	NaN	NaN	NaN	NaN	NaN	NaN	NaN	NaN	NaN
336.992206	0.000000	0.000000	0.000000	-0.003000	1.000000	-0.002000	1.000000	0.002000	1.000000	NaN	NaN	NaN	NaN	NaN	NaN	NaN	NaN	NaN
337.992246	0.000000	0.000000	0.000000	-0.004000	1.000000	-0.001000	1.000000	0.001000	1.000000	NaN	NaN	NaN	NaN	NaN	NaN	NaN	NaN	NaN
338.992293	0.000000	0.000000	0.000000	-0.002000	1.000000	-0.002000	1.000000	0.003000	1.000000	NaN	NaN	NaN	NaN	NaN	NaN	NaN	NaN	NaN
339.992290	0.000000	0.000000	0.000000	-0.003000	1.000000	-0.002000	1.000000	0.000000	1.000000	NaN	NaN	NaN	NaN	NaN	NaN	NaN	NaN	NaN
