# Gaussmeter 2
# VISA Name: COM4
# Probe Type: 51
# Probe Serial Number: 061292   
# Field Compensation On: TRUE
# Field Range: 3
# Field Units: 2
# Auto Range On: TRUE
# Moving: FALSE
# x: 0.000000
# y: 0.000000
# z: 0.000000
#
# Gaussmeter 3
# VISA Name: COM9
# Probe Type: 51
# Probe Serial Number: 67248     
# Field Compensation On: TRUE
# Field Range: 3
# Field Units: 2
# Auto Range On: TRUE
# Moving: FALSE
# x: 0.000000
# y: 0.000000
# z: 0.000000
#
time/F:x:y:z:B1:B1range:B2:B2range:B3:B3range:multi:temp1:temp2:temp3:temp4:temp5:temp6:temp7:temp8
24.268481	-12000.000000	0.000000	8000.000000	NaN	0.000000	446.800000	3.000000	-446.100000	3.000000	NaN	NaN	NaN	NaN	NaN	NaN	NaN	NaN	NaN
24.448696	-12000.000000	0.000000	8000.000000	NaN	0.000000	446.800000	3.000000	-446.100000	3.000000	NaN	NaN	NaN	NaN	NaN	NaN	NaN	NaN	NaN
24.616677	-12000.000000	0.000000	8000.000000	NaN	0.000000	446.800000	3.000000	-446.100000	3.000000	NaN	NaN	NaN	NaN	NaN	NaN	NaN	NaN	NaN
24.784664	-12000.000000	0.000000	8000.000000	NaN	0.000000	446.800000	3.000000	-446.100000	3.000000	NaN	NaN	NaN	NaN	NaN	NaN	NaN	NaN	NaN
24.952692	-12000.000000	0.000000	8000.000000	NaN	0.000000	446.800000	3.000000	-446.200000	3.000000	NaN	NaN	NaN	NaN	NaN	NaN	NaN	NaN	NaN
32.268804	-11000.000000	0.000000	8000.000000	NaN	0.000000	446.800000	3.000000	-446.000000	3.000000	NaN	NaN	NaN	NaN	NaN	NaN	NaN	NaN	NaN
32.422902	-11000.000000	0.000000	8000.000000	NaN	0.000000	446.800000	3.000000	-446.000000	3.000000	NaN	NaN	NaN	NaN	NaN	NaN	NaN	NaN	NaN
32.603877	-11000.000000	0.000000	8000.000000	NaN	0.000000	446.800000	3.000000	-446.000000	3.000000	NaN	NaN	NaN	NaN	NaN	NaN	NaN	NaN	NaN
32.758932	-11000.000000	0.000000	8000.000000	NaN	0.000000	446.800000	3.000000	-446.000000	3.000000	NaN	NaN	NaN	NaN	NaN	NaN	NaN	NaN	NaN
32.926893	-11000.000000	0.000000	8000.000000	NaN	0.000000	446.800000	3.000000	-445.900000	3.000000	NaN	NaN	NaN	NaN	NaN	NaN	NaN	NaN	NaN
37.267900	-10000.000000	0.000000	8000.000000	NaN	0.000000	446.800000	3.000000	-446.300000	3.000000	NaN	NaN	NaN	NaN	NaN	NaN	NaN	NaN	NaN
37.430018	-10000.000000	0.000000	8000.000000	NaN	0.000000	446.800000	3.000000	-446.300000	3.000000	NaN	NaN	NaN	NaN	NaN	NaN	NaN	NaN	NaN
37.631024	-10000.000000	0.000000	8000.000000	NaN	0.000000	446.800000	3.000000	-446.300000	3.000000	NaN	NaN	NaN	NaN	NaN	NaN	NaN	NaN	NaN
37.799048	-10000.000000	0.000000	8000.000000	NaN	0.000000	446.800000	3.000000	-446.300000	3.000000	NaN	NaN	NaN	NaN	NaN	NaN	NaN	NaN	NaN
37.967082	-10000.000000	0.000000	8000.000000	NaN	0.000000	446.800000	3.000000	-446.300000	3.000000	NaN	NaN	NaN	NaN	NaN	NaN	NaN	NaN	NaN
42.268005	-9000.000000	0.000000	8000.000000	NaN	0.000000	446.800000	3.000000	-446.500000	3.000000	NaN	NaN	NaN	NaN	NaN	NaN	NaN	NaN	NaN
42.436204	-9000.000000	0.000000	8000.000000	NaN	0.000000	446.800000	3.000000	-446.500000	3.000000	NaN	NaN	NaN	NaN	NaN	NaN	NaN	NaN	NaN
42.605164	-9000.000000	0.000000	8000.000000	NaN	0.000000	446.800000	3.000000	-446.500000	3.000000	NaN	NaN	NaN	NaN	NaN	NaN	NaN	NaN	NaN
42.806186	-9000.000000	0.000000	8000.000000	NaN	0.000000	446.800000	3.000000	-446.500000	3.000000	NaN	NaN	NaN	NaN	NaN	NaN	NaN	NaN	NaN
42.974176	-9000.000000	0.000000	8000.000000	NaN	0.000000	446.800000	3.000000	-446.500000	3.000000	NaN	NaN	NaN	NaN	NaN	NaN	NaN	NaN	NaN
49.268236	-8000.000000	0.000000	8000.000000	NaN	0.000000	446.800000	3.000000	-447.200000	3.000000	NaN	NaN	NaN	NaN	NaN	NaN	NaN	NaN	NaN
49.443370	-8000.000000	0.000000	8000.000000	NaN	0.000000	446.800000	3.000000	-447.200000	3.000000	NaN	NaN	NaN	NaN	NaN	NaN	NaN	NaN	NaN
49.611354	-8000.000000	0.000000	8000.000000	NaN	0.000000	446.800000	3.000000	-447.200000	3.000000	NaN	NaN	NaN	NaN	NaN	NaN	NaN	NaN	NaN
49.779342	-8000.000000	0.000000	8000.000000	NaN	0.000000	446.800000	3.000000	-447.100000	3.000000	NaN	NaN	NaN	NaN	NaN	NaN	NaN	NaN	NaN
49.979342	-8000.000000	0.000000	8000.000000	NaN	0.000000	446.800000	3.000000	-447.100000	3.000000	NaN	NaN	NaN	NaN	NaN	NaN	NaN	NaN	NaN
54.267394	-7000.000000	0.000000	8000.000000	NaN	0.000000	446.800000	3.000000	-447.300000	3.000000	NaN	NaN	NaN	NaN	NaN	NaN	NaN	NaN	NaN
54.447570	-7000.000000	0.000000	8000.000000	NaN	0.000000	446.800000	3.000000	-447.300000	3.000000	NaN	NaN	NaN	NaN	NaN	NaN	NaN	NaN	NaN
54.615546	-7000.000000	0.000000	8000.000000	NaN	0.000000	446.800000	3.000000	-447.300000	3.000000	NaN	NaN	NaN	NaN	NaN	NaN	NaN	NaN	NaN
54.784521	-7000.000000	0.000000	8000.000000	NaN	0.000000	446.800000	3.000000	-447.300000	3.000000	NaN	NaN	NaN	NaN	NaN	NaN	NaN	NaN	NaN
54.951511	-7000.000000	0.000000	8000.000000	NaN	0.000000	446.800000	3.000000	-447.300000	3.000000	NaN	NaN	NaN	NaN	NaN	NaN	NaN	NaN	NaN
59.267510	-6000.000000	0.000000	8000.000000	NaN	0.000000	446.800000	3.000000	-447.200000	3.000000	NaN	NaN	NaN	NaN	NaN	NaN	NaN	NaN	NaN
59.421625	-6000.000000	0.000000	8000.000000	NaN	0.000000	446.800000	3.000000	-447.300000	3.000000	NaN	NaN	NaN	NaN	NaN	NaN	NaN	NaN	NaN
59.588634	-6000.000000	0.000000	8000.000000	NaN	0.000000	446.800000	3.000000	-447.300000	3.000000	NaN	NaN	NaN	NaN	NaN	NaN	NaN	NaN	NaN
59.790590	-6000.000000	0.000000	8000.000000	NaN	0.000000	446.800000	3.000000	-447.300000	3.000000	NaN	NaN	NaN	NaN	NaN	NaN	NaN	NaN	NaN
59.959649	-6000.000000	0.000000	8000.000000	NaN	0.000000	446.800000	3.000000	-447.200000	3.000000	NaN	NaN	NaN	NaN	NaN	NaN	NaN	NaN	NaN
65.267713	-5000.000000	0.000000	8000.000000	NaN	0.000000	446.800000	3.000000	-446.600000	3.000000	NaN	NaN	NaN	NaN	NaN	NaN	NaN	NaN	NaN
65.429867	-5000.000000	0.000000	8000.000000	NaN	0.000000	446.800000	3.000000	-446.600000	3.000000	NaN	NaN	NaN	NaN	NaN	NaN	NaN	NaN	NaN
65.597770	-5000.000000	0.000000	8000.000000	NaN	0.000000	446.800000	3.000000	-446.600000	3.000000	NaN	NaN	NaN	NaN	NaN	NaN	NaN	NaN	NaN
65.777715	-5000.000000	0.000000	8000.000000	NaN	0.000000	446.800000	3.000000	-446.600000	3.000000	NaN	NaN	NaN	NaN	NaN	NaN	NaN	NaN	NaN
65.933871	-5000.000000	0.000000	8000.000000	NaN	0.000000	446.800000	3.000000	-446.600000	3.000000	NaN	NaN	NaN	NaN	NaN	NaN	NaN	NaN	NaN
