# Gaussmeter 2
# VISA Name: COM4
# Probe Type: 51
# Probe Serial Number: 061292   
# Field Compensation On: TRUE
# Field Range: 3
# Field Units: 2
# Auto Range On: TRUE
# Moving: FALSE
# x: 0.000000
# y: 0.000000
# z: 0.000000
#
# Gaussmeter 3
# VISA Name: COM9
# Probe Type: 51
# Probe Serial Number: 67248     
# Field Compensation On: TRUE
# Field Range: 3
# Field Units: 2
# Auto Range On: TRUE
# Moving: FALSE
# x: 0.000000
# y: 0.000000
# z: 0.000000
#
time/F:x:y:z:B1:B1range:B2:B2range:B3:B3range:multi:temp1:temp2:temp3:temp4:temp5:temp6:temp7:temp8
90.457390	-12000.000000	0.000000	6540.000000	NaN	0.000000	447.200000	3.000000	-448.300000	3.000000	NaN	NaN	NaN	NaN	NaN	NaN	NaN	NaN	NaN
90.606454	-12000.000000	0.000000	6540.000000	NaN	0.000000	447.200000	3.000000	-448.300000	3.000000	NaN	NaN	NaN	NaN	NaN	NaN	NaN	NaN	NaN
90.773518	-12000.000000	0.000000	6540.000000	NaN	0.000000	447.200000	3.000000	-448.300000	3.000000	NaN	NaN	NaN	NaN	NaN	NaN	NaN	NaN	NaN
90.942484	-12000.000000	0.000000	6540.000000	NaN	0.000000	447.200000	3.000000	-448.300000	3.000000	NaN	NaN	NaN	NaN	NaN	NaN	NaN	NaN	NaN
91.109490	-12000.000000	0.000000	6540.000000	NaN	0.000000	447.200000	3.000000	-448.300000	3.000000	NaN	NaN	NaN	NaN	NaN	NaN	NaN	NaN	NaN
99.456599	-11000.000000	0.000000	6540.000000	NaN	0.000000	447.200000	3.000000	-448.100000	3.000000	NaN	NaN	NaN	NaN	NaN	NaN	NaN	NaN	NaN
99.612700	-11000.000000	0.000000	6540.000000	NaN	0.000000	447.200000	3.000000	-448.100000	3.000000	NaN	NaN	NaN	NaN	NaN	NaN	NaN	NaN	NaN
99.779752	-11000.000000	0.000000	6540.000000	NaN	0.000000	447.200000	3.000000	-448.100000	3.000000	NaN	NaN	NaN	NaN	NaN	NaN	NaN	NaN	NaN
99.947758	-11000.000000	0.000000	6540.000000	NaN	0.000000	447.200000	3.000000	-448.100000	3.000000	NaN	NaN	NaN	NaN	NaN	NaN	NaN	NaN	NaN
100.114766	-11000.000000	0.000000	6540.000000	NaN	0.000000	447.200000	3.000000	-448.100000	3.000000	NaN	NaN	NaN	NaN	NaN	NaN	NaN	NaN	NaN
105.456826	-10000.000000	0.000000	6540.000000	NaN	0.000000	447.200000	3.000000	-448.100000	3.000000	NaN	NaN	NaN	NaN	NaN	NaN	NaN	NaN	NaN
105.615910	-10000.000000	0.000000	6540.000000	NaN	0.000000	447.200000	3.000000	-448.100000	3.000000	NaN	NaN	NaN	NaN	NaN	NaN	NaN	NaN	NaN
105.783927	-10000.000000	0.000000	6540.000000	NaN	0.000000	447.200000	3.000000	-448.100000	3.000000	NaN	NaN	NaN	NaN	NaN	NaN	NaN	NaN	NaN
105.951909	-10000.000000	0.000000	6540.000000	NaN	0.000000	447.200000	3.000000	-448.100000	3.000000	NaN	NaN	NaN	NaN	NaN	NaN	NaN	NaN	NaN
106.120914	-10000.000000	0.000000	6540.000000	NaN	0.000000	447.200000	3.000000	-448.100000	3.000000	NaN	NaN	NaN	NaN	NaN	NaN	NaN	NaN	NaN
122.456293	-9000.000000	0.000000	6540.000000	NaN	0.000000	447.200000	3.000000	-448.200000	3.000000	NaN	NaN	NaN	NaN	NaN	NaN	NaN	NaN	NaN
122.625358	-9000.000000	0.000000	6540.000000	NaN	0.000000	447.200000	3.000000	-448.200000	3.000000	NaN	NaN	NaN	NaN	NaN	NaN	NaN	NaN	NaN
122.793359	-9000.000000	0.000000	6540.000000	NaN	0.000000	447.200000	3.000000	-448.200000	3.000000	NaN	NaN	NaN	NaN	NaN	NaN	NaN	NaN	NaN
122.960358	-9000.000000	0.000000	6540.000000	NaN	0.000000	447.200000	3.000000	-448.200000	3.000000	NaN	NaN	NaN	NaN	NaN	NaN	NaN	NaN	NaN
123.129371	-9000.000000	0.000000	6540.000000	NaN	0.000000	447.200000	3.000000	-448.200000	3.000000	NaN	NaN	NaN	NaN	NaN	NaN	NaN	NaN	NaN
158.455225	-8000.000000	0.000000	6540.000000	NaN	0.000000	447.200000	3.000000	-448.100000	3.000000	NaN	NaN	NaN	NaN	NaN	NaN	NaN	NaN	NaN
158.604360	-8000.000000	0.000000	6540.000000	NaN	0.000000	447.200000	3.000000	-448.100000	3.000000	NaN	NaN	NaN	NaN	NaN	NaN	NaN	NaN	NaN
158.771345	-8000.000000	0.000000	6540.000000	NaN	0.000000	447.200000	3.000000	-448.100000	3.000000	NaN	NaN	NaN	NaN	NaN	NaN	NaN	NaN	NaN
158.938362	-8000.000000	0.000000	6540.000000	NaN	0.000000	447.200000	3.000000	-448.100000	3.000000	NaN	NaN	NaN	NaN	NaN	NaN	NaN	NaN	NaN
159.105362	-8000.000000	0.000000	6540.000000	NaN	0.000000	447.200000	3.000000	-448.100000	3.000000	NaN	NaN	NaN	NaN	NaN	NaN	NaN	NaN	NaN
166.454499	-7000.000000	0.000000	6540.000000	NaN	0.000000	447.200000	3.000000	-448.100000	3.000000	NaN	NaN	NaN	NaN	NaN	NaN	NaN	NaN	NaN
166.608637	-7000.000000	0.000000	6540.000000	NaN	0.000000	447.200000	3.000000	-448.100000	3.000000	NaN	NaN	NaN	NaN	NaN	NaN	NaN	NaN	NaN
166.776582	-7000.000000	0.000000	6540.000000	NaN	0.000000	447.200000	3.000000	-448.100000	3.000000	NaN	NaN	NaN	NaN	NaN	NaN	NaN	NaN	NaN
166.944579	-7000.000000	0.000000	6540.000000	NaN	0.000000	447.200000	3.000000	-448.100000	3.000000	NaN	NaN	NaN	NaN	NaN	NaN	NaN	NaN	NaN
167.112599	-7000.000000	0.000000	6540.000000	NaN	0.000000	447.200000	3.000000	-448.100000	3.000000	NaN	NaN	NaN	NaN	NaN	NaN	NaN	NaN	NaN
183.453907	-6000.000000	0.000000	6540.000000	NaN	0.000000	447.200000	3.000000	-448.000000	3.000000	NaN	NaN	NaN	NaN	NaN	NaN	NaN	NaN	NaN
183.618047	-6000.000000	0.000000	6540.000000	NaN	0.000000	447.200000	3.000000	-448.000000	3.000000	NaN	NaN	NaN	NaN	NaN	NaN	NaN	NaN	NaN
183.786028	-6000.000000	0.000000	6540.000000	NaN	0.000000	447.200000	3.000000	-448.000000	3.000000	NaN	NaN	NaN	NaN	NaN	NaN	NaN	NaN	NaN
183.968051	-6000.000000	0.000000	6540.000000	NaN	0.000000	447.200000	3.000000	-448.000000	3.000000	NaN	NaN	NaN	NaN	NaN	NaN	NaN	NaN	NaN
184.122046	-6000.000000	0.000000	6540.000000	NaN	0.000000	447.200000	3.000000	-448.000000	3.000000	NaN	NaN	NaN	NaN	NaN	NaN	NaN	NaN	NaN
189.454072	-5000.000000	0.000000	6540.000000	NaN	0.000000	447.200000	3.000000	-448.000000	3.000000	NaN	NaN	NaN	NaN	NaN	NaN	NaN	NaN	NaN
189.626225	-5000.000000	0.000000	6540.000000	NaN	0.000000	447.200000	3.000000	-448.000000	3.000000	NaN	NaN	NaN	NaN	NaN	NaN	NaN	NaN	NaN
189.793232	-5000.000000	0.000000	6540.000000	NaN	0.000000	447.200000	3.000000	-448.100000	3.000000	NaN	NaN	NaN	NaN	NaN	NaN	NaN	NaN	NaN
189.959224	-5000.000000	0.000000	6540.000000	NaN	0.000000	447.200000	3.000000	-448.100000	3.000000	NaN	NaN	NaN	NaN	NaN	NaN	NaN	NaN	NaN
190.127207	-5000.000000	0.000000	6540.000000	NaN	0.000000	447.200000	3.000000	-448.100000	3.000000	NaN	NaN	NaN	NaN	NaN	NaN	NaN	NaN	NaN
195.454259	-4000.000000	0.000000	6540.000000	NaN	0.000000	447.200000	3.000000	-448.100000	3.000000	NaN	NaN	NaN	NaN	NaN	NaN	NaN	NaN	NaN
195.597351	-4000.000000	0.000000	6540.000000	NaN	0.000000	447.200000	3.000000	-448.100000	3.000000	NaN	NaN	NaN	NaN	NaN	NaN	NaN	NaN	NaN
195.764384	-4000.000000	0.000000	6540.000000	NaN	0.000000	447.200000	3.000000	-448.100000	3.000000	NaN	NaN	NaN	NaN	NaN	NaN	NaN	NaN	NaN
195.930368	-4000.000000	0.000000	6540.000000	NaN	0.000000	447.200000	3.000000	-448.100000	3.000000	NaN	NaN	NaN	NaN	NaN	NaN	NaN	NaN	NaN
196.098382	-4000.000000	0.000000	6540.000000	NaN	0.000000	447.200000	3.000000	-448.100000	3.000000	NaN	NaN	NaN	NaN	NaN	NaN	NaN	NaN	NaN
206.453570	-3000.000000	0.000000	6540.000000	NaN	0.000000	447.300000	3.000000	-448.600000	3.000000	NaN	NaN	NaN	NaN	NaN	NaN	NaN	NaN	NaN
206.602670	-3000.000000	0.000000	6540.000000	NaN	0.000000	447.300000	3.000000	-448.600000	3.000000	NaN	NaN	NaN	NaN	NaN	NaN	NaN	NaN	NaN
206.769652	-3000.000000	0.000000	6540.000000	NaN	0.000000	447.300000	3.000000	-448.600000	3.000000	NaN	NaN	NaN	NaN	NaN	NaN	NaN	NaN	NaN
206.937657	-3000.000000	0.000000	6540.000000	NaN	0.000000	447.300000	3.000000	-448.600000	3.000000	NaN	NaN	NaN	NaN	NaN	NaN	NaN	NaN	NaN
207.105687	-3000.000000	0.000000	6540.000000	NaN	0.000000	447.300000	3.000000	-448.600000	3.000000	NaN	NaN	NaN	NaN	NaN	NaN	NaN	NaN	NaN
215.453855	-2500.000000	0.000000	6540.000000	NaN	0.000000	447.300000	3.000000	-449.500000	3.000000	NaN	NaN	NaN	NaN	NaN	NaN	NaN	NaN	NaN
215.622901	-2500.000000	0.000000	6540.000000	NaN	0.000000	447.200000	3.000000	-449.500000	3.000000	NaN	NaN	NaN	NaN	NaN	NaN	NaN	NaN	NaN
215.776918	-2500.000000	0.000000	6540.000000	NaN	0.000000	447.200000	3.000000	-449.500000	3.000000	NaN	NaN	NaN	NaN	NaN	NaN	NaN	NaN	NaN
215.945929	-2500.000000	0.000000	6540.000000	NaN	0.000000	447.300000	3.000000	-449.500000	3.000000	NaN	NaN	NaN	NaN	NaN	NaN	NaN	NaN	NaN
216.125912	-2500.000000	0.000000	6540.000000	NaN	0.000000	447.300000	3.000000	-449.500000	3.000000	NaN	NaN	NaN	NaN	NaN	NaN	NaN	NaN	NaN
