# Gaussmeter 1
# VISA Name: COM3
# Probe Type: 0
# Probe Serial Number:           
# Field Compensation On: TRUE
# Field Range: 1
# Field Units: 2
# Auto Range On: TRUE
# Moving: FALSE
# x: 0.000000
# y: 0.000000
# z: 0.000000
#
# Gaussmeter 2
# VISA Name: COM4
# Probe Type: 51
# Probe Serial Number: 061292   
# Field Compensation On: TRUE
# Field Range: 2
# Field Units: 2
# Auto Range On: TRUE
# Moving: FALSE
# x: 0.000000
# y: 0.000000
# z: 0.000000
#
# Gaussmeter 3
# VISA Name: COM9
# Probe Type: 51
# Probe Serial Number: 67248     
# Field Compensation On: TRUE
# Field Range: 3
# Field Units: 2
# Auto Range On: TRUE
# Moving: FALSE
# x: 0.000000
# y: 0.000000
# z: 0.000000
#
time/F:x:y:z:B1:B1range:B2:B2range:B3:B3range:multi:temp1:temp2:temp3:temp4:temp5:temp6:temp7:temp8
0.004860	0.000000	0.000000	0.000000	0.000000	1.000000	296.770000	2.000000	-295.500000	3.000000	NaN	NaN	NaN	NaN	NaN	NaN	NaN	NaN	NaN
1.004911	0.000000	0.000000	0.000000	0.000000	1.000000	296.760000	2.000000	-295.500000	3.000000	NaN	NaN	NaN	NaN	NaN	NaN	NaN	NaN	NaN
2.004911	0.000000	0.000000	0.000000	0.000000	1.000000	296.760000	2.000000	-295.400000	3.000000	NaN	NaN	NaN	NaN	NaN	NaN	NaN	NaN	NaN
3.004933	0.000000	0.000000	0.000000	0.000000	1.000000	296.760000	2.000000	-295.400000	3.000000	NaN	NaN	NaN	NaN	NaN	NaN	NaN	NaN	NaN
4.004992	0.000000	0.000000	0.000000	0.000000	1.000000	296.760000	2.000000	-295.400000	3.000000	NaN	NaN	NaN	NaN	NaN	NaN	NaN	NaN	NaN
5.005054	0.000000	0.000000	0.000000	0.000000	1.000000	296.760000	2.000000	-295.400000	3.000000	NaN	NaN	NaN	NaN	NaN	NaN	NaN	NaN	NaN
6.005103	0.000000	0.000000	0.000000	0.000000	1.000000	296.760000	2.000000	-295.400000	3.000000	NaN	NaN	NaN	NaN	NaN	NaN	NaN	NaN	NaN
7.005150	0.000000	0.000000	0.000000	0.000000	1.000000	296.770000	2.000000	-295.400000	3.000000	NaN	NaN	NaN	NaN	NaN	NaN	NaN	NaN	NaN
8.005147	0.000000	0.000000	0.000000	0.000000	1.000000	296.760000	2.000000	-295.400000	3.000000	NaN	NaN	NaN	NaN	NaN	NaN	NaN	NaN	NaN
9.005172	0.000000	0.000000	0.000000	0.000000	1.000000	296.760000	2.000000	-295.400000	3.000000	NaN	NaN	NaN	NaN	NaN	NaN	NaN	NaN	NaN
10.005221	0.000000	0.000000	0.000000	0.000000	1.000000	296.760000	2.000000	-295.300000	3.000000	NaN	NaN	NaN	NaN	NaN	NaN	NaN	NaN	NaN
11.005190	0.000000	0.000000	0.000000	0.000000	1.000000	296.760000	2.000000	-295.200000	3.000000	NaN	NaN	NaN	NaN	NaN	NaN	NaN	NaN	NaN
12.005198	0.000000	0.000000	0.000000	0.000000	1.000000	296.750000	2.000000	-295.300000	3.000000	NaN	NaN	NaN	NaN	NaN	NaN	NaN	NaN	NaN
13.005242	0.000000	0.000000	0.000000	0.000000	1.000000	296.750000	2.000000	-295.300000	3.000000	NaN	NaN	NaN	NaN	NaN	NaN	NaN	NaN	NaN
14.005231	0.000000	0.000000	0.000000	0.000000	1.000000	296.750000	2.000000	-295.200000	3.000000	NaN	NaN	NaN	NaN	NaN	NaN	NaN	NaN	NaN
15.004305	0.000000	0.000000	0.000000	0.000000	1.000000	296.760000	2.000000	-295.300000	3.000000	NaN	NaN	NaN	NaN	NaN	NaN	NaN	NaN	NaN
16.004358	0.000000	0.000000	0.000000	0.000000	1.000000	296.760000	2.000000	-295.300000	3.000000	NaN	NaN	NaN	NaN	NaN	NaN	NaN	NaN	NaN
17.004380	0.000000	0.000000	0.000000	0.000000	1.000000	296.750000	2.000000	-295.200000	3.000000	NaN	NaN	NaN	NaN	NaN	NaN	NaN	NaN	NaN
18.004410	0.000000	0.000000	0.000000	0.000000	1.000000	296.740000	2.000000	-295.200000	3.000000	NaN	NaN	NaN	NaN	NaN	NaN	NaN	NaN	NaN
19.004442	0.000000	0.000000	0.000000	0.000000	1.000000	296.760000	2.000000	-295.200000	3.000000	NaN	NaN	NaN	NaN	NaN	NaN	NaN	NaN	NaN
20.004424	0.000000	0.000000	0.000000	0.000000	1.000000	296.750000	2.000000	-295.300000	3.000000	NaN	NaN	NaN	NaN	NaN	NaN	NaN	NaN	NaN
21.004491	0.000000	0.000000	0.000000	0.000000	1.000000	296.750000	2.000000	-295.300000	3.000000	NaN	NaN	NaN	NaN	NaN	NaN	NaN	NaN	NaN
22.005000	0.000000	0.000000	0.000000	0.000000	1.000000	296.760000	2.000000	-295.300000	3.000000	NaN	NaN	NaN	NaN	NaN	NaN	NaN	NaN	NaN
23.004487	0.000000	0.000000	0.000000	0.000000	1.000000	296.760000	2.000000	-295.400000	3.000000	NaN	NaN	NaN	NaN	NaN	NaN	NaN	NaN	NaN
24.004523	0.000000	0.000000	0.000000	0.000000	1.000000	296.770000	2.000000	-295.400000	3.000000	NaN	NaN	NaN	NaN	NaN	NaN	NaN	NaN	NaN
25.004574	0.000000	0.000000	0.000000	0.000000	1.000000	296.740000	2.000000	-295.300000	3.000000	NaN	NaN	NaN	NaN	NaN	NaN	NaN	NaN	NaN
26.004618	0.000000	0.000000	0.000000	0.000000	1.000000	296.750000	2.000000	-295.300000	3.000000	NaN	NaN	NaN	NaN	NaN	NaN	NaN	NaN	NaN
27.004623	0.000000	0.000000	0.000000	0.000000	1.000000	296.750000	2.000000	-295.300000	3.000000	NaN	NaN	NaN	NaN	NaN	NaN	NaN	NaN	NaN
28.004646	0.000000	0.000000	0.000000	0.000000	1.000000	296.750000	2.000000	-295.300000	3.000000	NaN	NaN	NaN	NaN	NaN	NaN	NaN	NaN	NaN
29.004748	0.000000	0.000000	0.000000	0.000000	1.000000	296.750000	2.000000	-295.300000	3.000000	NaN	NaN	NaN	NaN	NaN	NaN	NaN	NaN	NaN
30.004797	0.000000	0.000000	0.000000	0.000000	1.000000	296.750000	2.000000	-295.400000	3.000000	NaN	NaN	NaN	NaN	NaN	NaN	NaN	NaN	NaN
31.004782	0.000000	0.000000	0.000000	0.000000	1.000000	296.750000	2.000000	-295.300000	3.000000	NaN	NaN	NaN	NaN	NaN	NaN	NaN	NaN	NaN
32.003810	0.000000	0.000000	0.000000	0.000000	1.000000	296.760000	2.000000	-295.400000	3.000000	NaN	NaN	NaN	NaN	NaN	NaN	NaN	NaN	NaN
33.003752	0.000000	0.000000	0.000000	0.000000	1.000000	296.760000	2.000000	-295.300000	3.000000	NaN	NaN	NaN	NaN	NaN	NaN	NaN	NaN	NaN
34.003776	0.000000	0.000000	0.000000	0.000000	1.000000	296.750000	2.000000	-295.300000	3.000000	NaN	NaN	NaN	NaN	NaN	NaN	NaN	NaN	NaN
35.003850	0.000000	0.000000	0.000000	0.000000	1.000000	296.740000	2.000000	-295.400000	3.000000	NaN	NaN	NaN	NaN	NaN	NaN	NaN	NaN	NaN
36.003944	0.000000	0.000000	0.000000	0.000000	1.000000	296.740000	2.000000	-295.400000	3.000000	NaN	NaN	NaN	NaN	NaN	NaN	NaN	NaN	NaN
37.003936	0.000000	0.000000	0.000000	0.000000	1.000000	296.740000	2.000000	-295.500000	3.000000	NaN	NaN	NaN	NaN	NaN	NaN	NaN	NaN	NaN
38.003942	0.000000	0.000000	0.000000	0.000000	1.000000	296.760000	2.000000	-295.600000	3.000000	NaN	NaN	NaN	NaN	NaN	NaN	NaN	NaN	NaN
39.004032	0.000000	0.000000	0.000000	0.000000	1.000000	296.740000	2.000000	-295.500000	3.000000	NaN	NaN	NaN	NaN	NaN	NaN	NaN	NaN	NaN
40.004033	0.000000	0.000000	0.000000	0.000000	1.000000	296.740000	2.000000	-295.400000	3.000000	NaN	NaN	NaN	NaN	NaN	NaN	NaN	NaN	NaN
41.004091	0.000000	0.000000	0.000000	0.000000	1.000000	296.740000	2.000000	-295.400000	3.000000	NaN	NaN	NaN	NaN	NaN	NaN	NaN	NaN	NaN
42.004035	0.000000	0.000000	0.000000	0.000000	1.000000	296.750000	2.000000	-295.600000	3.000000	NaN	NaN	NaN	NaN	NaN	NaN	NaN	NaN	NaN
43.004037	0.000000	0.000000	0.000000	0.000000	1.000000	296.750000	2.000000	-295.400000	3.000000	NaN	NaN	NaN	NaN	NaN	NaN	NaN	NaN	NaN
44.004097	0.000000	0.000000	0.000000	0.000000	1.000000	296.750000	2.000000	-295.500000	3.000000	NaN	NaN	NaN	NaN	NaN	NaN	NaN	NaN	NaN
45.004136	0.000000	0.000000	0.000000	0.000000	1.000000	296.750000	2.000000	-295.500000	3.000000	NaN	NaN	NaN	NaN	NaN	NaN	NaN	NaN	NaN
46.004146	0.000000	0.000000	0.000000	0.000000	1.000000	296.760000	2.000000	-295.400000	3.000000	NaN	NaN	NaN	NaN	NaN	NaN	NaN	NaN	NaN
47.004230	0.000000	0.000000	0.000000	0.000000	1.000000	296.760000	2.000000	-295.400000	3.000000	NaN	NaN	NaN	NaN	NaN	NaN	NaN	NaN	NaN
48.004227	0.000000	0.000000	0.000000	0.000000	1.000000	296.760000	2.000000	-295.500000	3.000000	NaN	NaN	NaN	NaN	NaN	NaN	NaN	NaN	NaN
49.004256	0.000000	0.000000	0.000000	0.000000	1.000000	296.760000	2.000000	-295.400000	3.000000	NaN	NaN	NaN	NaN	NaN	NaN	NaN	NaN	NaN
50.003290	0.000000	0.000000	0.000000	0.000000	1.000000	296.750000	2.000000	-295.500000	3.000000	NaN	NaN	NaN	NaN	NaN	NaN	NaN	NaN	NaN
51.003316	0.000000	0.000000	0.000000	0.000000	1.000000	296.750000	2.000000	-295.400000	3.000000	NaN	NaN	NaN	NaN	NaN	NaN	NaN	NaN	NaN
52.003311	0.000000	0.000000	0.000000	0.000000	1.000000	296.760000	2.000000	-295.400000	3.000000	NaN	NaN	NaN	NaN	NaN	NaN	NaN	NaN	NaN
53.003367	0.000000	0.000000	0.000000	0.000000	1.000000	296.760000	2.000000	-295.400000	3.000000	NaN	NaN	NaN	NaN	NaN	NaN	NaN	NaN	NaN
54.003342	0.000000	0.000000	0.000000	0.000000	1.000000	296.750000	2.000000	-295.500000	3.000000	NaN	NaN	NaN	NaN	NaN	NaN	NaN	NaN	NaN
55.003355	0.000000	0.000000	0.000000	0.000000	1.000000	296.760000	2.000000	-295.500000	3.000000	NaN	NaN	NaN	NaN	NaN	NaN	NaN	NaN	NaN
56.003564	0.000000	0.000000	0.000000	0.000000	1.000000	296.750000	2.000000	-295.400000	3.000000	NaN	NaN	NaN	NaN	NaN	NaN	NaN	NaN	NaN
57.003481	0.000000	0.000000	0.000000	0.000000	1.000000	296.750000	2.000000	-295.300000	3.000000	NaN	NaN	NaN	NaN	NaN	NaN	NaN	NaN	NaN
58.003473	0.000000	0.000000	0.000000	0.000000	1.000000	296.760000	2.000000	-295.400000	3.000000	NaN	NaN	NaN	NaN	NaN	NaN	NaN	NaN	NaN
59.003531	0.000000	0.000000	0.000000	0.000000	1.000000	296.740000	2.000000	-295.400000	3.000000	NaN	NaN	NaN	NaN	NaN	NaN	NaN	NaN	NaN
60.003593	0.000000	0.000000	0.000000	0.000000	1.000000	296.750000	2.000000	-295.400000	3.000000	NaN	NaN	NaN	NaN	NaN	NaN	NaN	NaN	NaN
61.003604	0.000000	0.000000	0.000000	0.000000	1.000000	296.750000	2.000000	-295.400000	3.000000	NaN	NaN	NaN	NaN	NaN	NaN	NaN	NaN	NaN
62.003659	0.000000	0.000000	0.000000	0.000000	1.000000	296.750000	2.000000	-295.300000	3.000000	NaN	NaN	NaN	NaN	NaN	NaN	NaN	NaN	NaN
63.003672	0.000000	0.000000	0.000000	0.000000	1.000000	296.760000	2.000000	-295.300000	3.000000	NaN	NaN	NaN	NaN	NaN	NaN	NaN	NaN	NaN
64.003641	0.000000	0.000000	0.000000	0.000000	1.000000	296.760000	2.000000	-295.200000	3.000000	NaN	NaN	NaN	NaN	NaN	NaN	NaN	NaN	NaN
65.003671	0.000000	0.000000	0.000000	0.000000	1.000000	296.760000	2.000000	-295.200000	3.000000	NaN	NaN	NaN	NaN	NaN	NaN	NaN	NaN	NaN
66.003719	0.000000	0.000000	0.000000	0.000000	1.000000	296.760000	2.000000	-295.100000	3.000000	NaN	NaN	NaN	NaN	NaN	NaN	NaN	NaN	NaN
67.002733	0.000000	0.000000	0.000000	0.000000	1.000000	296.760000	2.000000	-295.300000	3.000000	NaN	NaN	NaN	NaN	NaN	NaN	NaN	NaN	NaN
68.002793	0.000000	0.000000	0.000000	0.000000	1.000000	296.750000	2.000000	-295.200000	3.000000	NaN	NaN	NaN	NaN	NaN	NaN	NaN	NaN	NaN
69.002807	0.000000	0.000000	0.000000	0.000000	1.000000	296.770000	2.000000	-295.100000	3.000000	NaN	NaN	NaN	NaN	NaN	NaN	NaN	NaN	NaN
70.002841	0.000000	0.000000	0.000000	0.000000	1.000000	296.760000	2.000000	-295.200000	3.000000	NaN	NaN	NaN	NaN	NaN	NaN	NaN	NaN	NaN
71.002868	0.000000	0.000000	0.000000	0.000000	1.000000	296.760000	2.000000	-295.100000	3.000000	NaN	NaN	NaN	NaN	NaN	NaN	NaN	NaN	NaN
72.002883	0.000000	0.000000	0.000000	0.000000	1.000000	296.760000	2.000000	-295.100000	3.000000	NaN	NaN	NaN	NaN	NaN	NaN	NaN	NaN	NaN
73.002974	0.000000	0.000000	0.000000	0.000000	1.000000	296.760000	2.000000	-295.100000	3.000000	NaN	NaN	NaN	NaN	NaN	NaN	NaN	NaN	NaN
74.002895	0.000000	0.000000	0.000000	0.000000	1.000000	296.750000	2.000000	-295.200000	3.000000	NaN	NaN	NaN	NaN	NaN	NaN	NaN	NaN	NaN
75.002912	0.000000	0.000000	0.000000	0.000000	1.000000	296.750000	2.000000	-295.100000	3.000000	NaN	NaN	NaN	NaN	NaN	NaN	NaN	NaN	NaN
76.002966	0.000000	0.000000	0.000000	0.000000	1.000000	296.750000	2.000000	-295.200000	3.000000	NaN	NaN	NaN	NaN	NaN	NaN	NaN	NaN	NaN
77.003031	0.000000	0.000000	0.000000	0.000000	1.000000	296.760000	2.000000	-295.200000	3.000000	NaN	NaN	NaN	NaN	NaN	NaN	NaN	NaN	NaN
78.003062	0.000000	0.000000	0.000000	0.000000	1.000000	296.750000	2.000000	-295.100000	3.000000	NaN	NaN	NaN	NaN	NaN	NaN	NaN	NaN	NaN
79.003086	0.000000	0.000000	0.000000	0.000000	1.000000	296.760000	2.000000	-295.200000	3.000000	NaN	NaN	NaN	NaN	NaN	NaN	NaN	NaN	NaN
80.003155	0.000000	0.000000	0.000000	0.000000	1.000000	296.760000	2.000000	-295.100000	3.000000	NaN	NaN	NaN	NaN	NaN	NaN	NaN	NaN	NaN
81.003172	0.000000	0.000000	0.000000	0.000000	1.000000	296.760000	2.000000	-295.000000	3.000000	NaN	NaN	NaN	NaN	NaN	NaN	NaN	NaN	NaN
82.003165	0.000000	0.000000	0.000000	0.000000	1.000000	296.760000	2.000000	-295.000000	3.000000	NaN	NaN	NaN	NaN	NaN	NaN	NaN	NaN	NaN
83.003266	0.000000	0.000000	0.000000	0.000000	1.000000	296.760000	2.000000	-295.100000	3.000000	NaN	NaN	NaN	NaN	NaN	NaN	NaN	NaN	NaN
84.003225	0.000000	0.000000	0.000000	0.000000	1.000000	296.760000	2.000000	-295.000000	3.000000	NaN	NaN	NaN	NaN	NaN	NaN	NaN	NaN	NaN
85.002289	0.000000	0.000000	0.000000	0.000000	1.000000	296.760000	2.000000	-295.000000	3.000000	NaN	NaN	NaN	NaN	NaN	NaN	NaN	NaN	NaN
86.002379	0.000000	0.000000	0.000000	0.000000	1.000000	296.760000	2.000000	-295.000000	3.000000	NaN	NaN	NaN	NaN	NaN	NaN	NaN	NaN	NaN
87.002230	0.000000	0.000000	0.000000	0.000000	1.000000	296.760000	2.000000	-295.100000	3.000000	NaN	NaN	NaN	NaN	NaN	NaN	NaN	NaN	NaN
88.002320	0.000000	0.000000	0.000000	0.000000	1.000000	296.750000	2.000000	-295.000000	3.000000	NaN	NaN	NaN	NaN	NaN	NaN	NaN	NaN	NaN
89.002346	0.000000	0.000000	0.000000	0.000000	1.000000	296.750000	2.000000	-295.100000	3.000000	NaN	NaN	NaN	NaN	NaN	NaN	NaN	NaN	NaN
90.002410	0.000000	0.000000	0.000000	0.000000	1.000000	296.760000	2.000000	-295.100000	3.000000	NaN	NaN	NaN	NaN	NaN	NaN	NaN	NaN	NaN
91.002426	0.000000	0.000000	0.000000	0.000000	1.000000	296.760000	2.000000	-295.100000	3.000000	NaN	NaN	NaN	NaN	NaN	NaN	NaN	NaN	NaN
92.002424	0.000000	0.000000	0.000000	0.000000	1.000000	296.760000	2.000000	-295.000000	3.000000	NaN	NaN	NaN	NaN	NaN	NaN	NaN	NaN	NaN
93.002466	0.000000	0.000000	0.000000	0.000000	1.000000	296.750000	2.000000	-295.000000	3.000000	NaN	NaN	NaN	NaN	NaN	NaN	NaN	NaN	NaN
94.002475	0.000000	0.000000	0.000000	0.000000	1.000000	296.750000	2.000000	-295.000000	3.000000	NaN	NaN	NaN	NaN	NaN	NaN	NaN	NaN	NaN
95.002497	0.000000	0.000000	0.000000	0.000000	1.000000	296.760000	2.000000	-295.100000	3.000000	NaN	NaN	NaN	NaN	NaN	NaN	NaN	NaN	NaN
96.002549	0.000000	0.000000	0.000000	0.000000	1.000000	296.760000	2.000000	-295.100000	3.000000	NaN	NaN	NaN	NaN	NaN	NaN	NaN	NaN	NaN
97.002553	0.000000	0.000000	0.000000	0.000000	1.000000	296.750000	2.000000	-295.000000	3.000000	NaN	NaN	NaN	NaN	NaN	NaN	NaN	NaN	NaN
98.002575	0.000000	0.000000	0.000000	0.000000	1.000000	296.760000	2.000000	-295.100000	3.000000	NaN	NaN	NaN	NaN	NaN	NaN	NaN	NaN	NaN
99.002632	0.000000	0.000000	0.000000	0.000000	1.000000	296.750000	2.000000	-295.100000	3.000000	NaN	NaN	NaN	NaN	NaN	NaN	NaN	NaN	NaN
100.002614	0.000000	0.000000	0.000000	0.000000	1.000000	296.760000	2.000000	-295.100000	3.000000	NaN	NaN	NaN	NaN	NaN	NaN	NaN	NaN	NaN
101.002663	0.000000	0.000000	0.000000	0.000000	1.000000	296.760000	2.000000	-295.200000	3.000000	NaN	NaN	NaN	NaN	NaN	NaN	NaN	NaN	NaN
102.001712	0.000000	0.000000	0.000000	0.000000	1.000000	296.770000	2.000000	-295.100000	3.000000	NaN	NaN	NaN	NaN	NaN	NaN	NaN	NaN	NaN
103.001734	0.000000	0.000000	0.000000	0.000000	1.000000	296.760000	2.000000	-294.900000	3.000000	NaN	NaN	NaN	NaN	NaN	NaN	NaN	NaN	NaN
104.001823	0.000000	0.000000	0.000000	0.000000	1.000000	296.760000	2.000000	-294.900000	3.000000	NaN	NaN	NaN	NaN	NaN	NaN	NaN	NaN	NaN
105.001728	0.000000	0.000000	0.000000	0.000000	1.000000	296.750000	2.000000	-294.900000	3.000000	NaN	NaN	NaN	NaN	NaN	NaN	NaN	NaN	NaN
106.001796	0.000000	0.000000	0.000000	0.000000	1.000000	296.740000	2.000000	-295.000000	3.000000	NaN	NaN	NaN	NaN	NaN	NaN	NaN	NaN	NaN
107.001822	0.000000	0.000000	0.000000	0.000000	1.000000	296.710000	2.000000	-295.000000	3.000000	NaN	NaN	NaN	NaN	NaN	NaN	NaN	NaN	NaN
108.001806	0.000000	0.000000	0.000000	0.000000	1.000000	296.700000	2.000000	-295.000000	3.000000	NaN	NaN	NaN	NaN	NaN	NaN	NaN	NaN	NaN
109.001902	0.000000	0.000000	0.000000	0.000000	1.000000	296.690000	2.000000	-294.900000	3.000000	NaN	NaN	NaN	NaN	NaN	NaN	NaN	NaN	NaN
110.001900	0.000000	0.000000	0.000000	0.000000	1.000000	296.680000	2.000000	-294.900000	3.000000	NaN	NaN	NaN	NaN	NaN	NaN	NaN	NaN	NaN
111.001949	0.000000	0.000000	0.000000	0.000000	1.000000	296.650000	2.000000	-295.000000	3.000000	NaN	NaN	NaN	NaN	NaN	NaN	NaN	NaN	NaN
112.001963	0.000000	0.000000	0.000000	0.000000	1.000000	296.670000	2.000000	-294.900000	3.000000	NaN	NaN	NaN	NaN	NaN	NaN	NaN	NaN	NaN
113.002022	0.000000	0.000000	0.000000	0.000000	1.000000	296.640000	2.000000	-294.900000	3.000000	NaN	NaN	NaN	NaN	NaN	NaN	NaN	NaN	NaN
114.002029	0.000000	0.000000	0.000000	0.000000	1.000000	296.630000	2.000000	-294.900000	3.000000	NaN	NaN	NaN	NaN	NaN	NaN	NaN	NaN	NaN
115.002037	0.000000	0.000000	0.000000	0.000000	1.000000	296.610000	2.000000	-295.000000	3.000000	NaN	NaN	NaN	NaN	NaN	NaN	NaN	NaN	NaN
116.002096	0.000000	0.000000	0.000000	0.000000	1.000000	296.600000	2.000000	-294.900000	3.000000	NaN	NaN	NaN	NaN	NaN	NaN	NaN	NaN	NaN
117.002116	0.000000	0.000000	0.000000	0.000000	1.000000	296.590000	2.000000	-294.900000	3.000000	NaN	NaN	NaN	NaN	NaN	NaN	NaN	NaN	NaN
118.002104	0.000000	0.000000	0.000000	0.000000	1.000000	296.570000	2.000000	-295.000000	3.000000	NaN	NaN	NaN	NaN	NaN	NaN	NaN	NaN	NaN
119.002149	0.000000	0.000000	0.000000	0.000000	1.000000	296.560000	2.000000	-294.900000	3.000000	NaN	NaN	NaN	NaN	NaN	NaN	NaN	NaN	NaN
120.001143	0.000000	0.000000	0.000000	0.000000	1.000000	296.560000	2.000000	-294.900000	3.000000	NaN	NaN	NaN	NaN	NaN	NaN	NaN	NaN	NaN
121.001211	0.000000	0.000000	0.000000	0.000000	1.000000	296.560000	2.000000	-294.900000	3.000000	NaN	NaN	NaN	NaN	NaN	NaN	NaN	NaN	NaN
122.001298	0.000000	0.000000	0.000000	0.000000	1.000000	296.550000	2.000000	-295.000000	3.000000	NaN	NaN	NaN	NaN	NaN	NaN	NaN	NaN	NaN
123.001330	0.000000	0.000000	0.000000	0.000000	1.000000	296.550000	2.000000	-295.100000	3.000000	NaN	NaN	NaN	NaN	NaN	NaN	NaN	NaN	NaN
124.001350	0.000000	0.000000	0.000000	0.000000	1.000000	296.540000	2.000000	-295.000000	3.000000	NaN	NaN	NaN	NaN	NaN	NaN	NaN	NaN	NaN
125.001311	0.000000	0.000000	0.000000	0.000000	1.000000	296.510000	2.000000	-295.200000	3.000000	NaN	NaN	NaN	NaN	NaN	NaN	NaN	NaN	NaN
126.001375	0.000000	0.000000	0.000000	0.000000	1.000000	296.520000	2.000000	-295.300000	3.000000	NaN	NaN	NaN	NaN	NaN	NaN	NaN	NaN	NaN
127.001356	0.000000	0.000000	0.000000	0.000000	1.000000	296.620000	2.000000	-295.400000	3.000000	NaN	NaN	NaN	NaN	NaN	NaN	NaN	NaN	NaN
128.001381	0.000000	0.000000	0.000000	0.000000	1.000000	296.860000	2.000000	-295.700000	3.000000	NaN	NaN	NaN	NaN	NaN	NaN	NaN	NaN	NaN
129.001402	0.000000	0.000000	0.000000	0.000000	1.000000	297.200000	2.000000	-296.000000	3.000000	NaN	NaN	NaN	NaN	NaN	NaN	NaN	NaN	NaN
130.001512	0.000000	0.000000	0.000000	0.000000	1.000000	297.530000	2.000000	-296.300000	3.000000	NaN	NaN	NaN	NaN	NaN	NaN	NaN	NaN	NaN
131.001487	0.000000	0.000000	0.000000	0.000000	1.000000	297.880000	2.000000	-296.700000	3.000000	NaN	NaN	NaN	NaN	NaN	NaN	NaN	NaN	NaN
132.001524	0.000000	0.000000	0.000000	0.000000	1.000000	298.240000	2.000000	-297.000000	3.000000	NaN	NaN	NaN	NaN	NaN	NaN	NaN	NaN	NaN
133.001567	0.000000	0.000000	0.000000	0.000000	1.000000	298.570000	2.000000	-297.400000	3.000000	NaN	NaN	NaN	NaN	NaN	NaN	NaN	NaN	NaN
134.001571	0.000000	0.000000	0.000000	0.000000	1.000000	298.920000	2.000000	-297.700000	3.000000	NaN	NaN	NaN	NaN	NaN	NaN	NaN	NaN	NaN
135.001616	0.000000	0.000000	0.000000	0.000000	1.000000	299.250000	2.000000	-298.000000	3.000000	NaN	NaN	NaN	NaN	NaN	NaN	NaN	NaN	NaN
136.001668	0.000000	0.000000	0.000000	0.000000	1.000000	299.600000	2.000000	-298.400000	3.000000	NaN	NaN	NaN	NaN	NaN	NaN	NaN	NaN	NaN
137.000699	0.000000	0.000000	0.000000	0.000000	1.000000	299.930000	2.000000	-298.700000	3.000000	NaN	NaN	NaN	NaN	NaN	NaN	NaN	NaN	NaN
138.001368	0.000000	0.000000	0.000000	0.000000	1.000000	300.600000	3.000000	-299.100000	3.000000	NaN	NaN	NaN	NaN	NaN	NaN	NaN	NaN	NaN
139.000685	0.000000	0.000000	0.000000	0.000000	1.000000	300.700000	3.000000	-299.400000	3.000000	NaN	NaN	NaN	NaN	NaN	NaN	NaN	NaN	NaN
140.000715	0.000000	0.000000	0.000000	0.000000	1.000000	301.000000	3.000000	-299.800000	3.000000	NaN	NaN	NaN	NaN	NaN	NaN	NaN	NaN	NaN
141.000762	0.000000	0.000000	0.000000	0.000000	1.000000	301.300000	3.000000	-300.000000	3.000000	NaN	NaN	NaN	NaN	NaN	NaN	NaN	NaN	NaN
142.000830	0.000000	0.000000	0.000000	0.000000	1.000000	301.600000	3.000000	-300.400000	3.000000	NaN	NaN	NaN	NaN	NaN	NaN	NaN	NaN	NaN
143.000811	0.000000	0.000000	0.000000	0.000000	1.000000	302.000000	3.000000	-300.700000	3.000000	NaN	NaN	NaN	NaN	NaN	NaN	NaN	NaN	NaN
144.000863	0.000000	0.000000	0.000000	0.000000	1.000000	302.300000	3.000000	-301.100000	3.000000	NaN	NaN	NaN	NaN	NaN	NaN	NaN	NaN	NaN
145.000919	0.000000	0.000000	0.000000	0.000000	1.000000	302.600000	3.000000	-301.500000	3.000000	NaN	NaN	NaN	NaN	NaN	NaN	NaN	NaN	NaN
146.000949	0.000000	0.000000	0.000000	0.000000	1.000000	303.000000	3.000000	-301.800000	3.000000	NaN	NaN	NaN	NaN	NaN	NaN	NaN	NaN	NaN
147.000955	0.000000	0.000000	0.000000	0.000000	1.000000	303.300000	3.000000	-302.200000	3.000000	NaN	NaN	NaN	NaN	NaN	NaN	NaN	NaN	NaN
148.002009	0.000000	0.000000	0.000000	0.000000	1.000000	303.600000	3.000000	-302.600000	3.000000	NaN	NaN	NaN	NaN	NaN	NaN	NaN	NaN	NaN
149.000976	0.000000	0.000000	0.000000	0.000000	1.000000	304.000000	3.000000	-303.000000	3.000000	NaN	NaN	NaN	NaN	NaN	NaN	NaN	NaN	NaN
150.000980	0.000000	0.000000	0.000000	0.000000	1.000000	304.300000	3.000000	-303.400000	3.000000	NaN	NaN	NaN	NaN	NaN	NaN	NaN	NaN	NaN
151.001034	0.000000	0.000000	0.000000	0.000000	1.000000	304.600000	3.000000	-303.700000	3.000000	NaN	NaN	NaN	NaN	NaN	NaN	NaN	NaN	NaN
152.001095	0.000000	0.000000	0.000000	0.000000	1.000000	305.000000	3.000000	-304.100000	3.000000	NaN	NaN	NaN	NaN	NaN	NaN	NaN	NaN	NaN
153.001105	0.000000	0.000000	0.000000	0.000000	1.000000	305.300000	3.000000	-304.500000	3.000000	NaN	NaN	NaN	NaN	NaN	NaN	NaN	NaN	NaN
154.001160	0.000000	0.000000	0.000000	0.000000	1.000000	305.700000	3.000000	-304.800000	3.000000	NaN	NaN	NaN	NaN	NaN	NaN	NaN	NaN	NaN
155.000164	0.000000	0.000000	0.000000	0.000000	1.000000	306.000000	3.000000	-305.000000	3.000000	NaN	NaN	NaN	NaN	NaN	NaN	NaN	NaN	NaN
156.000255	0.000000	0.000000	0.000000	0.000000	1.000000	306.400000	3.000000	-305.100000	3.000000	NaN	NaN	NaN	NaN	NaN	NaN	NaN	NaN	NaN
157.000186	0.000000	0.000000	0.000000	0.000000	1.000000	306.700000	3.000000	-305.400000	3.000000	NaN	NaN	NaN	NaN	NaN	NaN	NaN	NaN	NaN
158.000251	0.000000	0.000000	0.000000	0.000000	1.000000	307.000000	3.000000	-305.600000	3.000000	NaN	NaN	NaN	NaN	NaN	NaN	NaN	NaN	NaN
159.000209	0.000000	0.000000	0.000000	0.000000	1.000000	307.400000	3.000000	-305.900000	3.000000	NaN	NaN	NaN	NaN	NaN	NaN	NaN	NaN	NaN
160.000291	0.000000	0.000000	0.000000	0.000000	1.000000	307.700000	3.000000	-306.200000	3.000000	NaN	NaN	NaN	NaN	NaN	NaN	NaN	NaN	NaN
161.000560	0.000000	0.000000	0.000000	0.000000	1.000000	308.000000	3.000000	-306.500000	3.000000	NaN	NaN	NaN	NaN	NaN	NaN	NaN	NaN	NaN
162.000338	0.000000	0.000000	0.000000	0.000000	1.000000	308.400000	3.000000	-306.900000	3.000000	NaN	NaN	NaN	NaN	NaN	NaN	NaN	NaN	NaN
163.000399	0.000000	0.000000	0.000000	0.000000	1.000000	308.700000	3.000000	-307.200000	3.000000	NaN	NaN	NaN	NaN	NaN	NaN	NaN	NaN	NaN
164.000445	0.000000	0.000000	0.000000	0.000000	1.000000	309.100000	3.000000	-307.300000	3.000000	NaN	NaN	NaN	NaN	NaN	NaN	NaN	NaN	NaN
165.000428	0.000000	0.000000	0.000000	0.000000	1.000000	309.400000	3.000000	-307.500000	3.000000	NaN	NaN	NaN	NaN	NaN	NaN	NaN	NaN	NaN
166.000456	0.000000	0.000000	0.000000	0.000000	1.000000	309.700000	3.000000	-307.800000	3.000000	NaN	NaN	NaN	NaN	NaN	NaN	NaN	NaN	NaN
167.000534	0.000000	0.000000	0.000000	0.000000	1.000000	310.100000	3.000000	-308.100000	3.000000	NaN	NaN	NaN	NaN	NaN	NaN	NaN	NaN	NaN
168.000551	0.000000	0.000000	0.000000	0.000000	1.000000	310.400000	3.000000	-308.600000	3.000000	NaN	NaN	NaN	NaN	NaN	NaN	NaN	NaN	NaN
169.000524	0.000000	0.000000	0.000000	0.000000	1.000000	310.800000	3.000000	-309.000000	3.000000	NaN	NaN	NaN	NaN	NaN	NaN	NaN	NaN	NaN
170.000540	0.000000	0.000000	0.000000	0.000000	1.000000	311.100000	3.000000	-309.100000	3.000000	NaN	NaN	NaN	NaN	NaN	NaN	NaN	NaN	NaN
171.000608	0.000000	0.000000	0.000000	0.000000	1.000000	311.400000	3.000000	-309.400000	3.000000	NaN	NaN	NaN	NaN	NaN	NaN	NaN	NaN	NaN
171.999668	0.000000	0.000000	0.000000	0.000000	1.000000	311.800000	3.000000	-309.800000	3.000000	NaN	NaN	NaN	NaN	NaN	NaN	NaN	NaN	NaN
172.999659	0.000000	0.000000	0.000000	0.000000	1.000000	312.100000	3.000000	-310.700000	3.000000	NaN	NaN	NaN	NaN	NaN	NaN	NaN	NaN	NaN
173.999688	0.000000	0.000000	0.000000	0.000000	1.000000	312.400000	3.000000	-311.000000	3.000000	NaN	NaN	NaN	NaN	NaN	NaN	NaN	NaN	NaN
174.999789	0.000000	0.000000	0.000000	0.000000	1.000000	312.800000	3.000000	-311.500000	3.000000	NaN	NaN	NaN	NaN	NaN	NaN	NaN	NaN	NaN
175.999753	0.000000	0.000000	0.000000	0.000000	1.000000	313.100000	3.000000	-312.000000	3.000000	NaN	NaN	NaN	NaN	NaN	NaN	NaN	NaN	NaN
176.999814	0.000000	0.000000	0.000000	0.000000	1.000000	313.400000	3.000000	-312.500000	3.000000	NaN	NaN	NaN	NaN	NaN	NaN	NaN	NaN	NaN
177.999805	0.000000	0.000000	0.000000	0.000000	1.000000	313.800000	3.000000	-312.800000	3.000000	NaN	NaN	NaN	NaN	NaN	NaN	NaN	NaN	NaN
178.999882	0.000000	0.000000	0.000000	0.000000	1.000000	314.100000	3.000000	-313.200000	3.000000	NaN	NaN	NaN	NaN	NaN	NaN	NaN	NaN	NaN
179.999890	0.000000	0.000000	0.000000	0.000000	1.000000	314.400000	3.000000	-313.500000	3.000000	NaN	NaN	NaN	NaN	NaN	NaN	NaN	NaN	NaN
180.999938	0.000000	0.000000	0.000000	0.000000	1.000000	314.800000	3.000000	-313.800000	3.000000	NaN	NaN	NaN	NaN	NaN	NaN	NaN	NaN	NaN
181.999925	0.000000	0.000000	0.000000	0.000000	1.000000	315.100000	3.000000	-314.000000	3.000000	NaN	NaN	NaN	NaN	NaN	NaN	NaN	NaN	NaN
182.999962	0.000000	0.000000	0.000000	0.000000	1.000000	315.500000	3.000000	-314.300000	3.000000	NaN	NaN	NaN	NaN	NaN	NaN	NaN	NaN	NaN
183.999983	0.000000	0.000000	0.000000	0.000000	1.000000	315.800000	3.000000	-314.700000	3.000000	NaN	NaN	NaN	NaN	NaN	NaN	NaN	NaN	NaN
185.000020	0.000000	0.000000	0.000000	0.000000	1.000000	316.100000	3.000000	-314.900000	3.000000	NaN	NaN	NaN	NaN	NaN	NaN	NaN	NaN	NaN
186.000051	0.000000	0.000000	0.000000	0.000000	1.000000	316.500000	3.000000	-315.100000	3.000000	NaN	NaN	NaN	NaN	NaN	NaN	NaN	NaN	NaN
187.000084	0.000000	0.000000	0.000000	0.000000	1.000000	316.800000	3.000000	-315.400000	3.000000	NaN	NaN	NaN	NaN	NaN	NaN	NaN	NaN	NaN
188.000042	0.000000	0.000000	0.000000	0.000000	1.000000	317.100000	3.000000	-315.800000	3.000000	NaN	NaN	NaN	NaN	NaN	NaN	NaN	NaN	NaN
189.000141	0.000000	0.000000	0.000000	0.000000	1.000000	317.500000	3.000000	-316.200000	3.000000	NaN	NaN	NaN	NaN	NaN	NaN	NaN	NaN	NaN
189.999121	0.000000	0.000000	0.000000	0.000000	1.000000	317.800000	3.000000	-316.500000	3.000000	NaN	NaN	NaN	NaN	NaN	NaN	NaN	NaN	NaN
190.999166	0.000000	0.000000	0.000000	0.000000	1.000000	318.200000	3.000000	-316.900000	3.000000	NaN	NaN	NaN	NaN	NaN	NaN	NaN	NaN	NaN
191.999175	0.000000	0.000000	0.000000	0.000000	1.000000	318.500000	3.000000	-317.300000	3.000000	NaN	NaN	NaN	NaN	NaN	NaN	NaN	NaN	NaN
192.999277	0.000000	0.000000	0.000000	0.000000	1.000000	318.800000	3.000000	-317.700000	3.000000	NaN	NaN	NaN	NaN	NaN	NaN	NaN	NaN	NaN
193.999178	0.000000	0.000000	0.000000	0.000000	1.000000	319.200000	3.000000	-318.000000	3.000000	NaN	NaN	NaN	NaN	NaN	NaN	NaN	NaN	NaN
194.999314	0.000000	0.000000	0.000000	0.000000	1.000000	319.500000	3.000000	-318.600000	3.000000	NaN	NaN	NaN	NaN	NaN	NaN	NaN	NaN	NaN
195.999281	0.000000	0.000000	0.000000	0.000000	1.000000	319.800000	3.000000	-318.900000	3.000000	NaN	NaN	NaN	NaN	NaN	NaN	NaN	NaN	NaN
196.999325	0.000000	0.000000	0.000000	0.000000	1.000000	320.200000	3.000000	-319.300000	3.000000	NaN	NaN	NaN	NaN	NaN	NaN	NaN	NaN	NaN
197.999321	0.000000	0.000000	0.000000	0.000000	1.000000	320.500000	3.000000	-319.700000	3.000000	NaN	NaN	NaN	NaN	NaN	NaN	NaN	NaN	NaN
198.999433	0.000000	0.000000	0.000000	0.000000	1.000000	320.900000	3.000000	-320.100000	3.000000	NaN	NaN	NaN	NaN	NaN	NaN	NaN	NaN	NaN
199.999372	0.000000	0.000000	0.000000	0.000000	1.000000	321.200000	3.000000	-320.500000	3.000000	NaN	NaN	NaN	NaN	NaN	NaN	NaN	NaN	NaN
200.999403	0.000000	0.000000	0.000000	0.000000	1.000000	321.500000	3.000000	-320.900000	3.000000	NaN	NaN	NaN	NaN	NaN	NaN	NaN	NaN	NaN
201.999432	0.000000	0.000000	0.000000	0.000000	1.000000	321.900000	3.000000	-321.300000	3.000000	NaN	NaN	NaN	NaN	NaN	NaN	NaN	NaN	NaN
202.999552	0.000000	0.000000	0.000000	0.000000	1.000000	322.200000	3.000000	-321.300000	3.000000	NaN	NaN	NaN	NaN	NaN	NaN	NaN	NaN	NaN
203.999534	0.000000	0.000000	0.000000	0.000000	1.000000	322.600000	3.000000	-321.300000	3.000000	NaN	NaN	NaN	NaN	NaN	NaN	NaN	NaN	NaN
204.999538	0.000000	0.000000	0.000000	0.000000	1.000000	322.900000	3.000000	-321.800000	3.000000	NaN	NaN	NaN	NaN	NaN	NaN	NaN	NaN	NaN
205.999628	0.000000	0.000000	0.000000	0.000000	1.000000	323.200000	3.000000	-322.300000	3.000000	NaN	NaN	NaN	NaN	NaN	NaN	NaN	NaN	NaN
206.998638	0.000000	0.000000	0.000000	0.000000	1.000000	323.600000	3.000000	-322.800000	3.000000	NaN	NaN	NaN	NaN	NaN	NaN	NaN	NaN	NaN
207.998670	0.000000	0.000000	0.000000	0.000000	1.000000	323.900000	3.000000	-323.400000	3.000000	NaN	NaN	NaN	NaN	NaN	NaN	NaN	NaN	NaN
208.998652	0.000000	0.000000	0.000000	0.000000	1.000000	324.200000	3.000000	-323.600000	3.000000	NaN	NaN	NaN	NaN	NaN	NaN	NaN	NaN	NaN
209.998685	0.000000	0.000000	0.000000	0.000000	1.000000	324.600000	3.000000	-324.100000	3.000000	NaN	NaN	NaN	NaN	NaN	NaN	NaN	NaN	NaN
210.998766	0.000000	0.000000	0.000000	0.000000	1.000000	324.900000	3.000000	-324.500000	3.000000	NaN	NaN	NaN	NaN	NaN	NaN	NaN	NaN	NaN
211.998792	0.000000	0.000000	0.000000	0.000000	1.000000	325.300000	3.000000	-324.500000	3.000000	NaN	NaN	NaN	NaN	NaN	NaN	NaN	NaN	NaN
212.998757	0.000000	0.000000	0.000000	0.000000	1.000000	325.600000	3.000000	-324.900000	3.000000	NaN	NaN	NaN	NaN	NaN	NaN	NaN	NaN	NaN
213.998805	0.000000	0.000000	0.000000	0.000000	1.000000	325.900000	3.000000	-325.300000	3.000000	NaN	NaN	NaN	NaN	NaN	NaN	NaN	NaN	NaN
214.998834	0.000000	0.000000	0.000000	0.000000	1.000000	326.300000	3.000000	-325.600000	3.000000	NaN	NaN	NaN	NaN	NaN	NaN	NaN	NaN	NaN
215.998862	0.000000	0.000000	0.000000	0.000000	1.000000	326.600000	3.000000	-325.800000	3.000000	NaN	NaN	NaN	NaN	NaN	NaN	NaN	NaN	NaN
216.998932	0.000000	0.000000	0.000000	0.000000	1.000000	326.900000	3.000000	-326.200000	3.000000	NaN	NaN	NaN	NaN	NaN	NaN	NaN	NaN	NaN
217.998902	0.000000	0.000000	0.000000	0.000000	1.000000	327.300000	3.000000	-326.300000	3.000000	NaN	NaN	NaN	NaN	NaN	NaN	NaN	NaN	NaN
218.998934	0.000000	0.000000	0.000000	0.000000	1.000000	327.600000	3.000000	-326.700000	3.000000	NaN	NaN	NaN	NaN	NaN	NaN	NaN	NaN	NaN
219.998965	0.000000	0.000000	0.000000	0.000000	1.000000	328.000000	3.000000	-326.900000	3.000000	NaN	NaN	NaN	NaN	NaN	NaN	NaN	NaN	NaN
220.999051	0.000000	0.000000	0.000000	0.000000	1.000000	328.300000	3.000000	-327.300000	3.000000	NaN	NaN	NaN	NaN	NaN	NaN	NaN	NaN	NaN
221.998968	0.000000	0.000000	0.000000	0.000000	1.000000	328.600000	3.000000	-327.500000	3.000000	NaN	NaN	NaN	NaN	NaN	NaN	NaN	NaN	NaN
222.998989	0.000000	0.000000	0.000000	0.000000	1.000000	329.000000	3.000000	-327.800000	3.000000	NaN	NaN	NaN	NaN	NaN	NaN	NaN	NaN	NaN
223.999102	0.000000	0.000000	0.000000	0.000000	1.000000	329.300000	3.000000	-328.100000	3.000000	NaN	NaN	NaN	NaN	NaN	NaN	NaN	NaN	NaN
224.998073	0.000000	0.000000	0.000000	0.000000	1.000000	329.700000	3.000000	-328.500000	3.000000	NaN	NaN	NaN	NaN	NaN	NaN	NaN	NaN	NaN
225.998099	0.000000	0.000000	0.000000	0.000000	1.000000	330.000000	3.000000	-329.000000	3.000000	NaN	NaN	NaN	NaN	NaN	NaN	NaN	NaN	NaN
226.998142	0.000000	0.000000	0.000000	0.000000	1.000000	330.300000	3.000000	-329.400000	3.000000	NaN	NaN	NaN	NaN	NaN	NaN	NaN	NaN	NaN
227.998228	0.000000	0.000000	0.000000	0.000000	1.000000	330.700000	3.000000	-329.700000	3.000000	NaN	NaN	NaN	NaN	NaN	NaN	NaN	NaN	NaN
228.998248	0.000000	0.000000	0.000000	0.000000	1.000000	331.000000	3.000000	-329.900000	3.000000	NaN	NaN	NaN	NaN	NaN	NaN	NaN	NaN	NaN
229.998253	0.000000	0.000000	0.000000	0.000000	1.000000	331.300000	3.000000	-330.100000	3.000000	NaN	NaN	NaN	NaN	NaN	NaN	NaN	NaN	NaN
230.998243	0.000000	0.000000	0.000000	0.000000	1.000000	331.700000	3.000000	-330.500000	3.000000	NaN	NaN	NaN	NaN	NaN	NaN	NaN	NaN	NaN
231.998297	0.000000	0.000000	0.000000	0.000000	1.000000	332.000000	3.000000	-330.700000	3.000000	NaN	NaN	NaN	NaN	NaN	NaN	NaN	NaN	NaN
232.998291	0.000000	0.000000	0.000000	0.000000	1.000000	332.400000	3.000000	-331.000000	3.000000	NaN	NaN	NaN	NaN	NaN	NaN	NaN	NaN	NaN
233.998306	0.000000	0.000000	0.000000	0.000000	1.000000	332.700000	3.000000	-331.300000	3.000000	NaN	NaN	NaN	NaN	NaN	NaN	NaN	NaN	NaN
234.998352	0.000000	0.000000	0.000000	0.000000	1.000000	333.000000	3.000000	-331.600000	3.000000	NaN	NaN	NaN	NaN	NaN	NaN	NaN	NaN	NaN
235.998417	0.000000	0.000000	0.000000	0.000000	1.000000	333.400000	3.000000	-331.800000	3.000000	NaN	NaN	NaN	NaN	NaN	NaN	NaN	NaN	NaN
236.998405	0.000000	0.000000	0.000000	0.000000	1.000000	333.700000	3.000000	-332.200000	3.000000	NaN	NaN	NaN	NaN	NaN	NaN	NaN	NaN	NaN
237.998468	0.000000	0.000000	0.000000	0.000000	1.000000	334.100000	3.000000	-332.600000	3.000000	NaN	NaN	NaN	NaN	NaN	NaN	NaN	NaN	NaN
238.998512	0.000000	0.000000	0.000000	0.000000	1.000000	334.400000	3.000000	-333.000000	3.000000	NaN	NaN	NaN	NaN	NaN	NaN	NaN	NaN	NaN
239.998549	0.000000	0.000000	0.000000	0.000000	1.000000	334.700000	3.000000	-333.300000	3.000000	NaN	NaN	NaN	NaN	NaN	NaN	NaN	NaN	NaN
240.998501	0.000000	0.000000	0.000000	0.000000	1.000000	335.100000	3.000000	-333.600000	3.000000	NaN	NaN	NaN	NaN	NaN	NaN	NaN	NaN	NaN
241.997528	0.000000	0.000000	0.000000	0.000000	1.000000	335.400000	3.000000	-333.900000	3.000000	NaN	NaN	NaN	NaN	NaN	NaN	NaN	NaN	NaN
242.997602	0.000000	0.000000	0.000000	0.000000	1.000000	335.700000	3.000000	-334.200000	3.000000	NaN	NaN	NaN	NaN	NaN	NaN	NaN	NaN	NaN
243.997565	0.000000	0.000000	0.000000	0.000000	1.000000	336.100000	3.000000	-334.400000	3.000000	NaN	NaN	NaN	NaN	NaN	NaN	NaN	NaN	NaN
244.997584	0.000000	0.000000	0.000000	0.000000	1.000000	336.400000	3.000000	-334.600000	3.000000	NaN	NaN	NaN	NaN	NaN	NaN	NaN	NaN	NaN
245.997686	0.000000	0.000000	0.000000	0.000000	1.000000	336.800000	3.000000	-334.900000	3.000000	NaN	NaN	NaN	NaN	NaN	NaN	NaN	NaN	NaN
246.997662	0.000000	0.000000	0.000000	0.000000	1.000000	337.100000	3.000000	-335.300000	3.000000	NaN	NaN	NaN	NaN	NaN	NaN	NaN	NaN	NaN
247.997737	0.000000	0.000000	0.000000	0.000000	1.000000	337.400000	3.000000	-335.800000	3.000000	NaN	NaN	NaN	NaN	NaN	NaN	NaN	NaN	NaN
248.997757	0.000000	0.000000	0.000000	0.000000	1.000000	337.800000	3.000000	-336.200000	3.000000	NaN	NaN	NaN	NaN	NaN	NaN	NaN	NaN	NaN
249.997790	0.000000	0.000000	0.000000	0.000000	1.000000	338.100000	3.000000	-336.400000	3.000000	NaN	NaN	NaN	NaN	NaN	NaN	NaN	NaN	NaN
250.997763	0.000000	0.000000	0.000000	0.000000	1.000000	338.400000	3.000000	-336.800000	3.000000	NaN	NaN	NaN	NaN	NaN	NaN	NaN	NaN	NaN
251.997850	0.000000	0.000000	0.000000	0.000000	1.000000	338.800000	3.000000	-337.200000	3.000000	NaN	NaN	NaN	NaN	NaN	NaN	NaN	NaN	NaN
252.997873	0.000000	0.000000	0.000000	0.000000	1.000000	339.100000	3.000000	-337.500000	3.000000	NaN	NaN	NaN	NaN	NaN	NaN	NaN	NaN	NaN
253.997951	0.000000	0.000000	0.000000	0.000000	1.000000	339.500000	3.000000	-337.800000	3.000000	NaN	NaN	NaN	NaN	NaN	NaN	NaN	NaN	NaN
254.997887	0.000000	0.000000	0.000000	0.000000	1.000000	339.800000	3.000000	-338.000000	3.000000	NaN	NaN	NaN	NaN	NaN	NaN	NaN	NaN	NaN
255.997987	0.000000	0.000000	0.000000	0.000000	1.000000	340.100000	3.000000	-338.000000	3.000000	NaN	NaN	NaN	NaN	NaN	NaN	NaN	NaN	NaN
256.997947	0.000000	0.000000	0.000000	0.000000	1.000000	340.500000	3.000000	-338.400000	3.000000	NaN	NaN	NaN	NaN	NaN	NaN	NaN	NaN	NaN
257.998022	0.000000	0.000000	0.000000	0.000000	1.000000	340.800000	3.000000	-338.800000	3.000000	NaN	NaN	NaN	NaN	NaN	NaN	NaN	NaN	NaN
258.998027	0.000000	0.000000	0.000000	0.000000	1.000000	341.100000	3.000000	-339.200000	3.000000	NaN	NaN	NaN	NaN	NaN	NaN	NaN	NaN	NaN
259.997071	0.000000	0.000000	0.000000	0.000000	1.000000	341.500000	3.000000	-339.600000	3.000000	NaN	NaN	NaN	NaN	NaN	NaN	NaN	NaN	NaN
260.997124	0.000000	0.000000	0.000000	0.000000	1.000000	341.800000	3.000000	-340.000000	3.000000	NaN	NaN	NaN	NaN	NaN	NaN	NaN	NaN	NaN
261.997139	0.000000	0.000000	0.000000	0.000000	1.000000	342.100000	3.000000	-340.400000	3.000000	NaN	NaN	NaN	NaN	NaN	NaN	NaN	NaN	NaN
262.997133	0.000000	0.000000	0.000000	0.000000	1.000000	342.500000	3.000000	-340.700000	3.000000	NaN	NaN	NaN	NaN	NaN	NaN	NaN	NaN	NaN
263.997180	0.000000	0.000000	0.000000	0.000000	1.000000	342.900000	3.000000	-341.100000	3.000000	NaN	NaN	NaN	NaN	NaN	NaN	NaN	NaN	NaN
264.997149	0.000000	0.000000	0.000000	0.000000	1.000000	343.200000	3.000000	-341.300000	3.000000	NaN	NaN	NaN	NaN	NaN	NaN	NaN	NaN	NaN
265.997193	0.000000	0.000000	0.000000	0.000000	1.000000	343.500000	3.000000	-341.600000	3.000000	NaN	NaN	NaN	NaN	NaN	NaN	NaN	NaN	NaN
266.997276	0.000000	0.000000	0.000000	0.000000	1.000000	343.900000	3.000000	-342.000000	3.000000	NaN	NaN	NaN	NaN	NaN	NaN	NaN	NaN	NaN
267.997265	0.000000	0.000000	0.000000	0.000000	1.000000	344.200000	3.000000	-342.400000	3.000000	NaN	NaN	NaN	NaN	NaN	NaN	NaN	NaN	NaN
268.997302	0.000000	0.000000	0.000000	0.000000	1.000000	344.600000	3.000000	-342.800000	3.000000	NaN	NaN	NaN	NaN	NaN	NaN	NaN	NaN	NaN
269.997348	0.000000	0.000000	0.000000	0.000000	1.000000	344.900000	3.000000	-343.000000	3.000000	NaN	NaN	NaN	NaN	NaN	NaN	NaN	NaN	NaN
270.997391	0.000000	0.000000	0.000000	0.000000	1.000000	345.200000	3.000000	-343.200000	3.000000	NaN	NaN	NaN	NaN	NaN	NaN	NaN	NaN	NaN
271.997409	0.000000	0.000000	0.000000	0.000000	1.000000	345.600000	3.000000	-343.500000	3.000000	NaN	NaN	NaN	NaN	NaN	NaN	NaN	NaN	NaN
272.997430	0.000000	0.000000	0.000000	0.000000	1.000000	345.900000	3.000000	-343.800000	3.000000	NaN	NaN	NaN	NaN	NaN	NaN	NaN	NaN	NaN
273.997458	0.000000	0.000000	0.000000	0.000000	1.000000	346.200000	3.000000	-343.900000	3.000000	NaN	NaN	NaN	NaN	NaN	NaN	NaN	NaN	NaN
274.997442	0.000000	0.000000	0.000000	0.000000	1.000000	346.600000	3.000000	-344.200000	3.000000	NaN	NaN	NaN	NaN	NaN	NaN	NaN	NaN	NaN
275.997426	0.000000	0.000000	0.000000	0.000000	1.000000	346.900000	3.000000	-344.700000	3.000000	NaN	NaN	NaN	NaN	NaN	NaN	NaN	NaN	NaN
276.996477	0.000000	0.000000	0.000000	0.000000	1.000000	347.300000	3.000000	-345.200000	3.000000	NaN	NaN	NaN	NaN	NaN	NaN	NaN	NaN	NaN
277.996563	0.000000	0.000000	0.000000	0.000000	1.000000	347.600000	3.000000	-345.500000	3.000000	NaN	NaN	NaN	NaN	NaN	NaN	NaN	NaN	NaN
278.996538	0.000000	0.000000	0.000000	0.000000	1.000000	347.900000	3.000000	-345.800000	3.000000	NaN	NaN	NaN	NaN	NaN	NaN	NaN	NaN	NaN
279.996601	0.000000	0.000000	0.000000	0.000000	1.000000	348.300000	3.000000	-346.100000	3.000000	NaN	NaN	NaN	NaN	NaN	NaN	NaN	NaN	NaN
280.996632	0.000000	0.000000	0.000000	0.000000	1.000000	348.600000	3.000000	-346.400000	3.000000	NaN	NaN	NaN	NaN	NaN	NaN	NaN	NaN	NaN
281.996611	0.000000	0.000000	0.000000	0.000000	1.000000	349.000000	3.000000	-346.800000	3.000000	NaN	NaN	NaN	NaN	NaN	NaN	NaN	NaN	NaN
282.996670	0.000000	0.000000	0.000000	0.000000	1.000000	349.300000	3.000000	-347.200000	3.000000	NaN	NaN	NaN	NaN	NaN	NaN	NaN	NaN	NaN
283.996658	0.000000	0.000000	0.000000	0.000000	1.000000	349.600000	3.000000	-347.500000	3.000000	NaN	NaN	NaN	NaN	NaN	NaN	NaN	NaN	NaN
284.996754	0.000000	0.000000	0.000000	0.000000	1.000000	350.000000	3.000000	-347.800000	3.000000	NaN	NaN	NaN	NaN	NaN	NaN	NaN	NaN	NaN
285.996763	0.000000	0.000000	0.000000	0.000000	1.000000	350.300000	3.000000	-348.100000	3.000000	NaN	NaN	NaN	NaN	NaN	NaN	NaN	NaN	NaN
286.996737	0.000000	0.000000	0.000000	0.000000	1.000000	350.600000	3.000000	-348.600000	3.000000	NaN	NaN	NaN	NaN	NaN	NaN	NaN	NaN	NaN
287.996785	0.000000	0.000000	0.000000	0.000000	1.000000	351.000000	3.000000	-348.900000	3.000000	NaN	NaN	NaN	NaN	NaN	NaN	NaN	NaN	NaN
288.996847	0.000000	0.000000	0.000000	0.000000	1.000000	351.300000	3.000000	-349.300000	3.000000	NaN	NaN	NaN	NaN	NaN	NaN	NaN	NaN	NaN
289.996848	0.000000	0.000000	0.000000	0.000000	1.000000	351.600000	3.000000	-349.700000	3.000000	NaN	NaN	NaN	NaN	NaN	NaN	NaN	NaN	NaN
290.996903	0.000000	0.000000	0.000000	0.000000	1.000000	352.000000	3.000000	-349.900000	3.000000	NaN	NaN	NaN	NaN	NaN	NaN	NaN	NaN	NaN
291.996861	0.000000	0.000000	0.000000	0.000000	1.000000	352.300000	3.000000	-350.300000	3.000000	NaN	NaN	NaN	NaN	NaN	NaN	NaN	NaN	NaN
292.996958	0.000000	0.000000	0.000000	0.000000	1.000000	352.700000	3.000000	-350.500000	3.000000	NaN	NaN	NaN	NaN	NaN	NaN	NaN	NaN	NaN
293.996954	0.000000	0.000000	0.000000	0.000000	1.000000	353.000000	3.000000	-351.000000	3.000000	NaN	NaN	NaN	NaN	NaN	NaN	NaN	NaN	NaN
294.996017	0.000000	0.000000	0.000000	0.000000	1.000000	353.300000	3.000000	-351.400000	3.000000	NaN	NaN	NaN	NaN	NaN	NaN	NaN	NaN	NaN
295.995988	0.000000	0.000000	0.000000	0.000000	1.000000	353.700000	3.000000	-351.700000	3.000000	NaN	NaN	NaN	NaN	NaN	NaN	NaN	NaN	NaN
296.996031	0.000000	0.000000	0.000000	0.000000	1.000000	354.000000	3.000000	-351.800000	3.000000	NaN	NaN	NaN	NaN	NaN	NaN	NaN	NaN	NaN
297.996073	0.000000	0.000000	0.000000	0.000000	1.000000	354.300000	3.000000	-352.100000	3.000000	NaN	NaN	NaN	NaN	NaN	NaN	NaN	NaN	NaN
298.996113	0.000000	0.000000	0.000000	0.000000	1.000000	354.700000	3.000000	-352.500000	3.000000	NaN	NaN	NaN	NaN	NaN	NaN	NaN	NaN	NaN
299.996160	0.000000	0.000000	0.000000	0.000000	1.000000	355.000000	3.000000	-352.800000	3.000000	NaN	NaN	NaN	NaN	NaN	NaN	NaN	NaN	NaN
300.996184	0.000000	0.000000	0.000000	0.000000	1.000000	355.400000	3.000000	-353.100000	3.000000	NaN	NaN	NaN	NaN	NaN	NaN	NaN	NaN	NaN
301.996221	0.000000	0.000000	0.000000	0.000000	1.000000	355.700000	3.000000	-353.400000	3.000000	NaN	NaN	NaN	NaN	NaN	NaN	NaN	NaN	NaN
302.996298	0.000000	0.000000	0.000000	0.000000	1.000000	356.000000	3.000000	-353.600000	3.000000	NaN	NaN	NaN	NaN	NaN	NaN	NaN	NaN	NaN
303.996295	0.000000	0.000000	0.000000	0.000000	1.000000	356.400000	3.000000	-353.900000	3.000000	NaN	NaN	NaN	NaN	NaN	NaN	NaN	NaN	NaN
304.996332	0.000000	0.000000	0.000000	0.000000	1.000000	356.700000	3.000000	-354.500000	3.000000	NaN	NaN	NaN	NaN	NaN	NaN	NaN	NaN	NaN
305.996628	0.000000	0.000000	0.000000	0.000000	1.000000	357.100000	3.000000	-354.900000	3.000000	NaN	NaN	NaN	NaN	NaN	NaN	NaN	NaN	NaN
306.996316	0.000000	0.000000	0.000000	0.000000	1.000000	357.400000	3.000000	-354.900000	3.000000	NaN	NaN	NaN	NaN	NaN	NaN	NaN	NaN	NaN
307.996366	0.000000	0.000000	0.000000	0.000000	1.000000	357.700000	3.000000	-355.100000	3.000000	NaN	NaN	NaN	NaN	NaN	NaN	NaN	NaN	NaN
308.996370	0.000000	0.000000	0.000000	0.000000	1.000000	358.000000	3.000000	-355.400000	3.000000	NaN	NaN	NaN	NaN	NaN	NaN	NaN	NaN	NaN
309.996449	0.000000	0.000000	0.000000	0.000000	1.000000	358.400000	3.000000	-355.600000	3.000000	NaN	NaN	NaN	NaN	NaN	NaN	NaN	NaN	NaN
310.996500	0.000000	0.000000	0.000000	0.000000	1.000000	358.700000	3.000000	-355.900000	3.000000	NaN	NaN	NaN	NaN	NaN	NaN	NaN	NaN	NaN
311.995496	0.000000	0.000000	0.000000	0.000000	1.000000	359.100000	3.000000	-356.200000	3.000000	NaN	NaN	NaN	NaN	NaN	NaN	NaN	NaN	NaN
312.995476	0.000000	0.000000	0.000000	0.000000	1.000000	359.400000	3.000000	-356.400000	3.000000	NaN	NaN	NaN	NaN	NaN	NaN	NaN	NaN	NaN
313.995477	0.000000	0.000000	0.000000	0.000000	1.000000	359.800000	3.000000	-356.800000	3.000000	NaN	NaN	NaN	NaN	NaN	NaN	NaN	NaN	NaN
314.995594	0.000000	0.000000	0.000000	0.000000	1.000000	360.100000	3.000000	-357.100000	3.000000	NaN	NaN	NaN	NaN	NaN	NaN	NaN	NaN	NaN
315.995595	0.000000	0.000000	0.000000	0.000000	1.000000	360.400000	3.000000	-357.500000	3.000000	NaN	NaN	NaN	NaN	NaN	NaN	NaN	NaN	NaN
316.995541	0.000000	0.000000	0.000000	0.000000	1.000000	360.800000	3.000000	-357.900000	3.000000	NaN	NaN	NaN	NaN	NaN	NaN	NaN	NaN	NaN
317.995600	0.000000	0.000000	0.000000	0.000000	1.000000	361.100000	3.000000	-358.400000	3.000000	NaN	NaN	NaN	NaN	NaN	NaN	NaN	NaN	NaN
318.995635	0.000000	0.000000	0.000000	0.000000	1.000000	361.400000	3.000000	-359.000000	3.000000	NaN	NaN	NaN	NaN	NaN	NaN	NaN	NaN	NaN
319.995723	0.000000	0.000000	0.000000	0.000000	1.000000	361.800000	3.000000	-359.200000	3.000000	NaN	NaN	NaN	NaN	NaN	NaN	NaN	NaN	NaN
320.995713	0.000000	0.000000	0.000000	0.000000	1.000000	362.100000	3.000000	-359.500000	3.000000	NaN	NaN	NaN	NaN	NaN	NaN	NaN	NaN	NaN
321.995775	0.000000	0.000000	0.000000	0.000000	1.000000	362.500000	3.000000	-359.900000	3.000000	NaN	NaN	NaN	NaN	NaN	NaN	NaN	NaN	NaN
322.995806	0.000000	0.000000	0.000000	0.000000	1.000000	362.800000	3.000000	-360.400000	3.000000	NaN	NaN	NaN	NaN	NaN	NaN	NaN	NaN	NaN
323.995835	0.000000	0.000000	0.000000	0.000000	1.000000	363.100000	3.000000	-360.800000	3.000000	NaN	NaN	NaN	NaN	NaN	NaN	NaN	NaN	NaN
324.995850	0.000000	0.000000	0.000000	0.000000	1.000000	363.500000	3.000000	-361.200000	3.000000	NaN	NaN	NaN	NaN	NaN	NaN	NaN	NaN	NaN
325.995892	0.000000	0.000000	0.000000	0.000000	1.000000	363.800000	3.000000	-361.400000	3.000000	NaN	NaN	NaN	NaN	NaN	NaN	NaN	NaN	NaN
326.995861	0.000000	0.000000	0.000000	0.000000	1.000000	364.100000	3.000000	-361.700000	3.000000	NaN	NaN	NaN	NaN	NaN	NaN	NaN	NaN	NaN
327.995889	0.000000	0.000000	0.000000	0.000000	1.000000	364.500000	3.000000	-361.800000	3.000000	NaN	NaN	NaN	NaN	NaN	NaN	NaN	NaN	NaN
328.995955	0.000000	0.000000	0.000000	0.000000	1.000000	364.800000	3.000000	-362.100000	3.000000	NaN	NaN	NaN	NaN	NaN	NaN	NaN	NaN	NaN
329.994983	0.000000	0.000000	0.000000	0.000000	1.000000	365.100000	3.000000	-362.300000	3.000000	NaN	NaN	NaN	NaN	NaN	NaN	NaN	NaN	NaN
330.994963	0.000000	0.000000	0.000000	0.000000	1.000000	365.500000	3.000000	-362.500000	3.000000	NaN	NaN	NaN	NaN	NaN	NaN	NaN	NaN	NaN
331.995038	0.000000	0.000000	0.000000	0.000000	1.000000	365.900000	3.000000	-363.000000	3.000000	NaN	NaN	NaN	NaN	NaN	NaN	NaN	NaN	NaN
332.995080	0.000000	0.000000	0.000000	0.000000	1.000000	366.200000	3.000000	-363.300000	3.000000	NaN	NaN	NaN	NaN	NaN	NaN	NaN	NaN	NaN
333.995112	0.000000	0.000000	0.000000	0.000000	1.000000	366.500000	3.000000	-363.700000	3.000000	NaN	NaN	NaN	NaN	NaN	NaN	NaN	NaN	NaN
334.995145	0.000000	0.000000	0.000000	0.000000	1.000000	366.800000	3.000000	-364.000000	3.000000	NaN	NaN	NaN	NaN	NaN	NaN	NaN	NaN	NaN
335.995164	0.000000	0.000000	0.000000	0.000000	1.000000	367.200000	3.000000	-364.000000	3.000000	NaN	NaN	NaN	NaN	NaN	NaN	NaN	NaN	NaN
336.995226	0.000000	0.000000	0.000000	0.000000	1.000000	367.500000	3.000000	-364.400000	3.000000	NaN	NaN	NaN	NaN	NaN	NaN	NaN	NaN	NaN
337.995282	0.000000	0.000000	0.000000	0.000000	1.000000	367.800000	3.000000	-364.700000	3.000000	NaN	NaN	NaN	NaN	NaN	NaN	NaN	NaN	NaN
338.995182	0.000000	0.000000	0.000000	0.000000	1.000000	368.200000	3.000000	-365.000000	3.000000	NaN	NaN	NaN	NaN	NaN	NaN	NaN	NaN	NaN
339.995239	0.000000	0.000000	0.000000	0.000000	1.000000	368.500000	3.000000	-365.400000	3.000000	NaN	NaN	NaN	NaN	NaN	NaN	NaN	NaN	NaN
340.995282	0.000000	0.000000	0.000000	0.000000	1.000000	368.900000	3.000000	-365.600000	3.000000	NaN	NaN	NaN	NaN	NaN	NaN	NaN	NaN	NaN
341.995349	0.000000	0.000000	0.000000	0.000000	1.000000	369.200000	3.000000	-365.900000	3.000000	NaN	NaN	NaN	NaN	NaN	NaN	NaN	NaN	NaN
342.995345	0.000000	0.000000	0.000000	0.000000	1.000000	369.500000	3.000000	-366.100000	3.000000	NaN	NaN	NaN	NaN	NaN	NaN	NaN	NaN	NaN
343.995418	0.000000	0.000000	0.000000	0.000000	1.000000	369.900000	3.000000	-366.400000	3.000000	NaN	NaN	NaN	NaN	NaN	NaN	NaN	NaN	NaN
344.995408	0.000000	0.000000	0.000000	0.000000	1.000000	370.200000	3.000000	-366.800000	3.000000	NaN	NaN	NaN	NaN	NaN	NaN	NaN	NaN	NaN
345.995466	0.000000	0.000000	0.000000	0.000000	1.000000	370.500000	3.000000	-367.100000	3.000000	NaN	NaN	NaN	NaN	NaN	NaN	NaN	NaN	NaN
346.994416	0.000000	0.000000	0.000000	0.000000	1.000000	370.900000	3.000000	-367.500000	3.000000	NaN	NaN	NaN	NaN	NaN	NaN	NaN	NaN	NaN
347.994475	0.000000	0.000000	0.000000	0.000000	1.000000	371.200000	3.000000	-367.700000	3.000000	NaN	NaN	NaN	NaN	NaN	NaN	NaN	NaN	NaN
348.994524	0.000000	0.000000	0.000000	0.000000	1.000000	371.500000	3.000000	-368.100000	3.000000	NaN	NaN	NaN	NaN	NaN	NaN	NaN	NaN	NaN
349.994518	0.000000	0.000000	0.000000	0.000000	1.000000	371.900000	3.000000	-368.600000	3.000000	NaN	NaN	NaN	NaN	NaN	NaN	NaN	NaN	NaN
350.994549	0.000000	0.000000	0.000000	0.000000	1.000000	372.200000	3.000000	-368.800000	3.000000	NaN	NaN	NaN	NaN	NaN	NaN	NaN	NaN	NaN
351.994648	0.000000	0.000000	0.000000	0.000000	1.000000	372.600000	3.000000	-369.100000	3.000000	NaN	NaN	NaN	NaN	NaN	NaN	NaN	NaN	NaN
352.994583	0.000000	0.000000	0.000000	0.000000	1.000000	372.900000	3.000000	-369.400000	3.000000	NaN	NaN	NaN	NaN	NaN	NaN	NaN	NaN	NaN
353.994637	0.000000	0.000000	0.000000	0.000000	1.000000	373.200000	3.000000	-369.700000	3.000000	NaN	NaN	NaN	NaN	NaN	NaN	NaN	NaN	NaN
354.994665	0.000000	0.000000	0.000000	0.000000	1.000000	373.600000	3.000000	-370.100000	3.000000	NaN	NaN	NaN	NaN	NaN	NaN	NaN	NaN	NaN
355.994760	0.000000	0.000000	0.000000	0.000000	1.000000	373.900000	3.000000	-370.300000	3.000000	NaN	NaN	NaN	NaN	NaN	NaN	NaN	NaN	NaN
356.994750	0.000000	0.000000	0.000000	0.000000	1.000000	374.200000	3.000000	-370.700000	3.000000	NaN	NaN	NaN	NaN	NaN	NaN	NaN	NaN	NaN
357.994799	0.000000	0.000000	0.000000	0.000000	1.000000	374.600000	3.000000	-371.000000	3.000000	NaN	NaN	NaN	NaN	NaN	NaN	NaN	NaN	NaN
358.994761	0.000000	0.000000	0.000000	0.000000	1.000000	374.900000	3.000000	-371.500000	3.000000	NaN	NaN	NaN	NaN	NaN	NaN	NaN	NaN	NaN
359.994773	0.000000	0.000000	0.000000	0.000000	1.000000	375.300000	3.000000	-371.600000	3.000000	NaN	NaN	NaN	NaN	NaN	NaN	NaN	NaN	NaN
360.994764	0.000000	0.000000	0.000000	0.000000	1.000000	375.600000	3.000000	-372.100000	3.000000	NaN	NaN	NaN	NaN	NaN	NaN	NaN	NaN	NaN
361.994819	0.000000	0.000000	0.000000	0.000000	1.000000	375.900000	3.000000	-372.300000	3.000000	NaN	NaN	NaN	NaN	NaN	NaN	NaN	NaN	NaN
362.994817	0.000000	0.000000	0.000000	0.000000	1.000000	376.300000	3.000000	-372.600000	3.000000	NaN	NaN	NaN	NaN	NaN	NaN	NaN	NaN	NaN
363.994905	0.000000	0.000000	0.000000	0.000000	1.000000	376.600000	3.000000	-373.100000	3.000000	NaN	NaN	NaN	NaN	NaN	NaN	NaN	NaN	NaN
364.993926	0.000000	0.000000	0.000000	0.000000	1.000000	376.900000	3.000000	-373.300000	3.000000	NaN	NaN	NaN	NaN	NaN	NaN	NaN	NaN	NaN
365.993999	0.000000	0.000000	0.000000	0.000000	1.000000	377.300000	3.000000	-373.600000	3.000000	NaN	NaN	NaN	NaN	NaN	NaN	NaN	NaN	NaN
366.993998	0.000000	0.000000	0.000000	0.000000	1.000000	377.600000	3.000000	-374.000000	3.000000	NaN	NaN	NaN	NaN	NaN	NaN	NaN	NaN	NaN
367.994018	0.000000	0.000000	0.000000	0.000000	1.000000	377.900000	3.000000	-374.300000	3.000000	NaN	NaN	NaN	NaN	NaN	NaN	NaN	NaN	NaN
368.994044	0.000000	0.000000	0.000000	0.000000	1.000000	378.300000	3.000000	-375.000000	3.000000	NaN	NaN	NaN	NaN	NaN	NaN	NaN	NaN	NaN
369.994104	0.000000	0.000000	0.000000	0.000000	1.000000	378.600000	3.000000	-375.700000	3.000000	NaN	NaN	NaN	NaN	NaN	NaN	NaN	NaN	NaN
370.994028	0.000000	0.000000	0.000000	0.000000	1.000000	379.000000	3.000000	-376.300000	3.000000	NaN	NaN	NaN	NaN	NaN	NaN	NaN	NaN	NaN
371.994108	0.000000	0.000000	0.000000	0.000000	1.000000	379.300000	3.000000	-376.500000	3.000000	NaN	NaN	NaN	NaN	NaN	NaN	NaN	NaN	NaN
372.994128	0.000000	0.000000	0.000000	0.000000	1.000000	379.600000	3.000000	-376.700000	3.000000	NaN	NaN	NaN	NaN	NaN	NaN	NaN	NaN	NaN
373.994213	0.000000	0.000000	0.000000	0.000000	1.000000	380.000000	3.000000	-377.000000	3.000000	NaN	NaN	NaN	NaN	NaN	NaN	NaN	NaN	NaN
374.994233	0.000000	0.000000	0.000000	0.000000	1.000000	380.300000	3.000000	-376.900000	3.000000	NaN	NaN	NaN	NaN	NaN	NaN	NaN	NaN	NaN
375.994271	0.000000	0.000000	0.000000	0.000000	1.000000	380.600000	3.000000	-376.900000	3.000000	NaN	NaN	NaN	NaN	NaN	NaN	NaN	NaN	NaN
376.994228	0.000000	0.000000	0.000000	0.000000	1.000000	381.000000	3.000000	-377.300000	3.000000	NaN	NaN	NaN	NaN	NaN	NaN	NaN	NaN	NaN
377.994333	0.000000	0.000000	0.000000	0.000000	1.000000	381.300000	3.000000	-377.500000	3.000000	NaN	NaN	NaN	NaN	NaN	NaN	NaN	NaN	NaN
378.994341	0.000000	0.000000	0.000000	0.000000	1.000000	381.600000	3.000000	-378.100000	3.000000	NaN	NaN	NaN	NaN	NaN	NaN	NaN	NaN	NaN
379.994352	0.000000	0.000000	0.000000	0.000000	1.000000	382.000000	3.000000	-378.300000	3.000000	NaN	NaN	NaN	NaN	NaN	NaN	NaN	NaN	NaN
380.994341	0.000000	0.000000	0.000000	0.000000	1.000000	382.300000	3.000000	-378.800000	3.000000	NaN	NaN	NaN	NaN	NaN	NaN	NaN	NaN	NaN
381.993369	0.000000	0.000000	0.000000	0.000000	1.000000	382.700000	3.000000	-378.600000	3.000000	NaN	NaN	NaN	NaN	NaN	NaN	NaN	NaN	NaN
382.993482	0.000000	0.000000	0.000000	0.000000	1.000000	383.000000	3.000000	-379.000000	3.000000	NaN	NaN	NaN	NaN	NaN	NaN	NaN	NaN	NaN
383.993424	0.000000	0.000000	0.000000	0.000000	1.000000	383.300000	3.000000	-379.600000	3.000000	NaN	NaN	NaN	NaN	NaN	NaN	NaN	NaN	NaN
384.993445	0.000000	0.000000	0.000000	0.000000	1.000000	383.700000	3.000000	-379.800000	3.000000	NaN	NaN	NaN	NaN	NaN	NaN	NaN	NaN	NaN
385.993452	0.000000	0.000000	0.000000	0.000000	1.000000	384.000000	3.000000	-380.000000	3.000000	NaN	NaN	NaN	NaN	NaN	NaN	NaN	NaN	NaN
386.993527	0.000000	0.000000	0.000000	0.000000	1.000000	384.300000	3.000000	-380.700000	3.000000	NaN	NaN	NaN	NaN	NaN	NaN	NaN	NaN	NaN
387.993545	0.000000	0.000000	0.000000	0.000000	1.000000	384.700000	3.000000	-381.200000	3.000000	NaN	NaN	NaN	NaN	NaN	NaN	NaN	NaN	NaN
388.993593	0.000000	0.000000	0.000000	0.000000	1.000000	385.000000	3.000000	-382.200000	3.000000	NaN	NaN	NaN	NaN	NaN	NaN	NaN	NaN	NaN
389.993620	0.000000	0.000000	0.000000	0.000000	1.000000	385.300000	3.000000	-382.600000	3.000000	NaN	NaN	NaN	NaN	NaN	NaN	NaN	NaN	NaN
390.993629	0.000000	0.000000	0.000000	0.000000	1.000000	385.700000	3.000000	-382.900000	3.000000	NaN	NaN	NaN	NaN	NaN	NaN	NaN	NaN	NaN
391.993652	0.000000	0.000000	0.000000	0.000000	1.000000	386.000000	3.000000	-383.400000	3.000000	NaN	NaN	NaN	NaN	NaN	NaN	NaN	NaN	NaN
392.993710	0.000000	0.000000	0.000000	0.000000	1.000000	386.400000	3.000000	-383.600000	3.000000	NaN	NaN	NaN	NaN	NaN	NaN	NaN	NaN	NaN
393.993698	0.000000	0.000000	0.000000	0.000000	1.000000	386.700000	3.000000	-383.700000	3.000000	NaN	NaN	NaN	NaN	NaN	NaN	NaN	NaN	NaN
394.993726	0.000000	0.000000	0.000000	0.000000	1.000000	387.000000	3.000000	-384.000000	3.000000	NaN	NaN	NaN	NaN	NaN	NaN	NaN	NaN	NaN
395.993787	0.000000	0.000000	0.000000	0.000000	1.000000	387.400000	3.000000	-384.500000	3.000000	NaN	NaN	NaN	NaN	NaN	NaN	NaN	NaN	NaN
396.993841	0.000000	0.000000	0.000000	0.000000	1.000000	387.700000	3.000000	-384.800000	3.000000	NaN	NaN	NaN	NaN	NaN	NaN	NaN	NaN	NaN
397.993845	0.000000	0.000000	0.000000	0.000000	1.000000	388.100000	3.000000	-385.000000	3.000000	NaN	NaN	NaN	NaN	NaN	NaN	NaN	NaN	NaN
398.992862	0.000000	0.000000	0.000000	0.000000	1.000000	388.400000	3.000000	-385.300000	3.000000	NaN	NaN	NaN	NaN	NaN	NaN	NaN	NaN	NaN
399.992912	0.000000	0.000000	0.000000	0.000000	1.000000	388.700000	3.000000	-385.600000	3.000000	NaN	NaN	NaN	NaN	NaN	NaN	NaN	NaN	NaN
400.992921	0.000000	0.000000	0.000000	0.000000	1.000000	389.100000	3.000000	-385.900000	3.000000	NaN	NaN	NaN	NaN	NaN	NaN	NaN	NaN	NaN
401.992880	0.000000	0.000000	0.000000	0.000000	1.000000	389.400000	3.000000	-386.200000	3.000000	NaN	NaN	NaN	NaN	NaN	NaN	NaN	NaN	NaN
402.992953	0.000000	0.000000	0.000000	0.000000	1.000000	389.700000	3.000000	-386.400000	3.000000	NaN	NaN	NaN	NaN	NaN	NaN	NaN	NaN	NaN
403.992958	0.000000	0.000000	0.000000	0.000000	1.000000	390.100000	3.000000	-386.800000	3.000000	NaN	NaN	NaN	NaN	NaN	NaN	NaN	NaN	NaN
404.993009	0.000000	0.000000	0.000000	0.000000	1.000000	390.400000	3.000000	-387.000000	3.000000	NaN	NaN	NaN	NaN	NaN	NaN	NaN	NaN	NaN
405.993080	0.000000	0.000000	0.000000	0.000000	1.000000	390.800000	3.000000	-387.400000	3.000000	NaN	NaN	NaN	NaN	NaN	NaN	NaN	NaN	NaN
406.993088	0.000000	0.000000	0.000000	0.000000	1.000000	391.100000	3.000000	-387.800000	3.000000	NaN	NaN	NaN	NaN	NaN	NaN	NaN	NaN	NaN
407.993144	0.000000	0.000000	0.000000	0.000000	1.000000	391.300000	3.000000	-388.000000	3.000000	NaN	NaN	NaN	NaN	NaN	NaN	NaN	NaN	NaN
408.993190	0.000000	0.000000	0.000000	0.000000	1.000000	391.500000	3.000000	-388.300000	3.000000	NaN	NaN	NaN	NaN	NaN	NaN	NaN	NaN	NaN
409.993171	0.000000	0.000000	0.000000	0.000000	1.000000	391.700000	3.000000	-388.400000	3.000000	NaN	NaN	NaN	NaN	NaN	NaN	NaN	NaN	NaN
410.993202	0.000000	0.000000	0.000000	0.000000	1.000000	391.900000	3.000000	-388.600000	3.000000	NaN	NaN	NaN	NaN	NaN	NaN	NaN	NaN	NaN
411.993202	0.000000	0.000000	0.000000	0.000000	1.000000	392.000000	3.000000	-388.800000	3.000000	NaN	NaN	NaN	NaN	NaN	NaN	NaN	NaN	NaN
412.993226	0.000000	0.000000	0.000000	0.000000	1.000000	392.200000	3.000000	-389.000000	3.000000	NaN	NaN	NaN	NaN	NaN	NaN	NaN	NaN	NaN
413.993283	0.000000	0.000000	0.000000	0.000000	1.000000	392.400000	3.000000	-389.300000	3.000000	NaN	NaN	NaN	NaN	NaN	NaN	NaN	NaN	NaN
414.993288	0.000000	0.000000	0.000000	0.000000	1.000000	392.500000	3.000000	-389.300000	3.000000	NaN	NaN	NaN	NaN	NaN	NaN	NaN	NaN	NaN
415.993355	0.000000	0.000000	0.000000	0.000000	1.000000	392.700000	3.000000	-389.400000	3.000000	NaN	NaN	NaN	NaN	NaN	NaN	NaN	NaN	NaN
416.992349	0.000000	0.000000	0.000000	0.000000	1.000000	392.900000	3.000000	-389.600000	3.000000	NaN	NaN	NaN	NaN	NaN	NaN	NaN	NaN	NaN
417.992386	0.000000	0.000000	0.000000	0.000000	1.000000	393.000000	3.000000	-389.700000	3.000000	NaN	NaN	NaN	NaN	NaN	NaN	NaN	NaN	NaN
418.992415	0.000000	0.000000	0.000000	0.000000	1.000000	393.200000	3.000000	-389.900000	3.000000	NaN	NaN	NaN	NaN	NaN	NaN	NaN	NaN	NaN
419.992445	0.000000	0.000000	0.000000	0.000000	1.000000	393.300000	3.000000	-390.000000	3.000000	NaN	NaN	NaN	NaN	NaN	NaN	NaN	NaN	NaN
420.992469	0.000000	0.000000	0.000000	0.000000	1.000000	393.500000	3.000000	-390.100000	3.000000	NaN	NaN	NaN	NaN	NaN	NaN	NaN	NaN	NaN
421.992502	0.000000	0.000000	0.000000	0.000000	1.000000	393.600000	3.000000	-390.300000	3.000000	NaN	NaN	NaN	NaN	NaN	NaN	NaN	NaN	NaN
422.992502	0.000000	0.000000	0.000000	0.000000	1.000000	393.700000	3.000000	-390.400000	3.000000	NaN	NaN	NaN	NaN	NaN	NaN	NaN	NaN	NaN
423.992533	0.000000	0.000000	0.000000	0.000000	1.000000	393.900000	3.000000	-390.600000	3.000000	NaN	NaN	NaN	NaN	NaN	NaN	NaN	NaN	NaN
424.992617	0.000000	0.000000	0.000000	0.000000	1.000000	394.000000	3.000000	-390.800000	3.000000	NaN	NaN	NaN	NaN	NaN	NaN	NaN	NaN	NaN
425.992590	0.000000	0.000000	0.000000	0.000000	1.000000	394.200000	3.000000	-391.000000	3.000000	NaN	NaN	NaN	NaN	NaN	NaN	NaN	NaN	NaN
426.992638	0.000000	0.000000	0.000000	0.000000	1.000000	394.300000	3.000000	-391.000000	3.000000	NaN	NaN	NaN	NaN	NaN	NaN	NaN	NaN	NaN
427.992706	0.000000	0.000000	0.000000	0.000000	1.000000	394.400000	3.000000	-391.100000	3.000000	NaN	NaN	NaN	NaN	NaN	NaN	NaN	NaN	NaN
428.992694	0.000000	0.000000	0.000000	0.000000	1.000000	394.500000	3.000000	-391.300000	3.000000	NaN	NaN	NaN	NaN	NaN	NaN	NaN	NaN	NaN
429.992706	0.000000	0.000000	0.000000	0.000000	1.000000	394.600000	3.000000	-391.300000	3.000000	NaN	NaN	NaN	NaN	NaN	NaN	NaN	NaN	NaN
430.992797	0.000000	0.000000	0.000000	0.000000	1.000000	394.800000	3.000000	-391.400000	3.000000	NaN	NaN	NaN	NaN	NaN	NaN	NaN	NaN	NaN
431.992828	0.000000	0.000000	0.000000	0.000000	1.000000	394.900000	3.000000	-391.500000	3.000000	NaN	NaN	NaN	NaN	NaN	NaN	NaN	NaN	NaN
432.992732	0.000000	0.000000	0.000000	0.000000	1.000000	395.000000	3.000000	-391.600000	3.000000	NaN	NaN	NaN	NaN	NaN	NaN	NaN	NaN	NaN
433.991785	0.000000	0.000000	0.000000	0.000000	1.000000	395.100000	3.000000	-391.700000	3.000000	NaN	NaN	NaN	NaN	NaN	NaN	NaN	NaN	NaN
434.991823	0.000000	0.000000	0.000000	0.000000	1.000000	395.200000	3.000000	-391.800000	3.000000	NaN	NaN	NaN	NaN	NaN	NaN	NaN	NaN	NaN
435.991863	0.000000	0.000000	0.000000	0.000000	1.000000	395.300000	3.000000	-392.000000	3.000000	NaN	NaN	NaN	NaN	NaN	NaN	NaN	NaN	NaN
436.991895	0.000000	0.000000	0.000000	0.000000	1.000000	395.400000	3.000000	-392.000000	3.000000	NaN	NaN	NaN	NaN	NaN	NaN	NaN	NaN	NaN
437.991938	0.000000	0.000000	0.000000	0.000000	1.000000	395.500000	3.000000	-392.100000	3.000000	NaN	NaN	NaN	NaN	NaN	NaN	NaN	NaN	NaN
438.991992	0.000000	0.000000	0.000000	0.000000	1.000000	395.600000	3.000000	-392.300000	3.000000	NaN	NaN	NaN	NaN	NaN	NaN	NaN	NaN	NaN
439.992041	0.000000	0.000000	0.000000	0.000000	1.000000	395.700000	3.000000	-392.200000	3.000000	NaN	NaN	NaN	NaN	NaN	NaN	NaN	NaN	NaN
440.992055	0.000000	0.000000	0.000000	0.000000	1.000000	395.800000	3.000000	-392.300000	3.000000	NaN	NaN	NaN	NaN	NaN	NaN	NaN	NaN	NaN
441.992013	0.000000	0.000000	0.000000	0.000000	1.000000	395.900000	3.000000	-392.300000	3.000000	NaN	NaN	NaN	NaN	NaN	NaN	NaN	NaN	NaN
442.992096	0.000000	0.000000	0.000000	0.000000	1.000000	395.900000	3.000000	-392.500000	3.000000	NaN	NaN	NaN	NaN	NaN	NaN	NaN	NaN	NaN
443.992034	0.000000	0.000000	0.000000	0.000000	1.000000	396.000000	3.000000	-392.600000	3.000000	NaN	NaN	NaN	NaN	NaN	NaN	NaN	NaN	NaN
444.992077	0.000000	0.000000	0.000000	0.000000	1.000000	396.100000	3.000000	-392.500000	3.000000	NaN	NaN	NaN	NaN	NaN	NaN	NaN	NaN	NaN
445.992132	0.000000	0.000000	0.000000	0.000000	1.000000	396.200000	3.000000	-392.700000	3.000000	NaN	NaN	NaN	NaN	NaN	NaN	NaN	NaN	NaN
446.992193	0.000000	0.000000	0.000000	0.000000	1.000000	396.300000	3.000000	-392.700000	3.000000	NaN	NaN	NaN	NaN	NaN	NaN	NaN	NaN	NaN
447.992230	0.000000	0.000000	0.000000	0.000000	1.000000	396.400000	3.000000	-392.800000	3.000000	NaN	NaN	NaN	NaN	NaN	NaN	NaN	NaN	NaN
448.992239	0.000000	0.000000	0.000000	0.000000	1.000000	396.500000	3.000000	-392.800000	3.000000	NaN	NaN	NaN	NaN	NaN	NaN	NaN	NaN	NaN
449.992286	0.000000	0.000000	0.000000	0.000000	1.000000	396.500000	3.000000	-392.900000	3.000000	NaN	NaN	NaN	NaN	NaN	NaN	NaN	NaN	NaN
450.992342	0.000000	0.000000	0.000000	0.000000	1.000000	396.600000	3.000000	-393.000000	3.000000	NaN	NaN	NaN	NaN	NaN	NaN	NaN	NaN	NaN
451.991321	0.000000	0.000000	0.000000	0.000000	1.000000	396.700000	3.000000	-393.200000	3.000000	NaN	NaN	NaN	NaN	NaN	NaN	NaN	NaN	NaN
452.991336	0.000000	0.000000	0.000000	0.000000	1.000000	396.700000	3.000000	-393.200000	3.000000	NaN	NaN	NaN	NaN	NaN	NaN	NaN	NaN	NaN
453.991339	0.000000	0.000000	0.000000	0.000000	1.000000	396.800000	3.000000	-393.400000	3.000000	NaN	NaN	NaN	NaN	NaN	NaN	NaN	NaN	NaN
454.991371	0.000000	0.000000	0.000000	0.000000	1.000000	396.800000	3.000000	-393.400000	3.000000	NaN	NaN	NaN	NaN	NaN	NaN	NaN	NaN	NaN
455.991364	0.000000	0.000000	0.000000	0.000000	1.000000	396.900000	3.000000	-393.300000	3.000000	NaN	NaN	NaN	NaN	NaN	NaN	NaN	NaN	NaN
456.991403	0.000000	0.000000	0.000000	0.000000	1.000000	396.900000	3.000000	-393.500000	3.000000	NaN	NaN	NaN	NaN	NaN	NaN	NaN	NaN	NaN
457.991472	0.000000	0.000000	0.000000	0.000000	1.000000	397.000000	3.000000	-393.500000	3.000000	NaN	NaN	NaN	NaN	NaN	NaN	NaN	NaN	NaN
458.991460	0.000000	0.000000	0.000000	0.000000	1.000000	397.000000	3.000000	-393.600000	3.000000	NaN	NaN	NaN	NaN	NaN	NaN	NaN	NaN	NaN
459.991575	0.000000	0.000000	0.000000	0.000000	1.000000	397.100000	3.000000	-393.600000	3.000000	NaN	NaN	NaN	NaN	NaN	NaN	NaN	NaN	NaN
460.991586	0.000000	0.000000	0.000000	0.000000	1.000000	397.100000	3.000000	-393.600000	3.000000	NaN	NaN	NaN	NaN	NaN	NaN	NaN	NaN	NaN
461.991545	0.000000	0.000000	0.000000	0.000000	1.000000	397.200000	3.000000	-393.600000	3.000000	NaN	NaN	NaN	NaN	NaN	NaN	NaN	NaN	NaN
462.991662	0.000000	0.000000	0.000000	0.000000	1.000000	397.200000	3.000000	-393.800000	3.000000	NaN	NaN	NaN	NaN	NaN	NaN	NaN	NaN	NaN
463.991632	0.000000	0.000000	0.000000	0.000000	1.000000	397.200000	3.000000	-393.800000	3.000000	NaN	NaN	NaN	NaN	NaN	NaN	NaN	NaN	NaN
464.991673	0.000000	0.000000	0.000000	0.000000	1.000000	397.200000	3.000000	-393.800000	3.000000	NaN	NaN	NaN	NaN	NaN	NaN	NaN	NaN	NaN
465.991744	0.000000	0.000000	0.000000	0.000000	1.000000	397.200000	3.000000	-393.900000	3.000000	NaN	NaN	NaN	NaN	NaN	NaN	NaN	NaN	NaN
466.991771	0.000000	0.000000	0.000000	0.000000	1.000000	397.200000	3.000000	-393.900000	3.000000	NaN	NaN	NaN	NaN	NaN	NaN	NaN	NaN	NaN
467.991721	0.000000	0.000000	0.000000	0.000000	1.000000	397.200000	3.000000	-394.000000	3.000000	NaN	NaN	NaN	NaN	NaN	NaN	NaN	NaN	NaN
468.990770	0.000000	0.000000	0.000000	0.000000	1.000000	397.200000	3.000000	-393.800000	3.000000	NaN	NaN	NaN	NaN	NaN	NaN	NaN	NaN	NaN
469.990804	0.000000	0.000000	0.000000	0.000000	1.000000	397.200000	3.000000	-393.900000	3.000000	NaN	NaN	NaN	NaN	NaN	NaN	NaN	NaN	NaN
470.990840	0.000000	0.000000	0.000000	0.000000	1.000000	397.200000	3.000000	-394.000000	3.000000	NaN	NaN	NaN	NaN	NaN	NaN	NaN	NaN	NaN
471.990910	0.000000	0.000000	0.000000	0.000000	1.000000	397.200000	3.000000	-394.000000	3.000000	NaN	NaN	NaN	NaN	NaN	NaN	NaN	NaN	NaN
472.990863	0.000000	0.000000	0.000000	0.000000	1.000000	397.200000	3.000000	-394.000000	3.000000	NaN	NaN	NaN	NaN	NaN	NaN	NaN	NaN	NaN
473.990962	0.000000	0.000000	0.000000	0.000000	1.000000	397.200000	3.000000	-393.900000	3.000000	NaN	NaN	NaN	NaN	NaN	NaN	NaN	NaN	NaN
474.990915	0.000000	0.000000	0.000000	0.000000	1.000000	397.200000	3.000000	-393.900000	3.000000	NaN	NaN	NaN	NaN	NaN	NaN	NaN	NaN	NaN
475.991026	0.000000	0.000000	0.000000	0.000000	1.000000	397.200000	3.000000	-393.800000	3.000000	NaN	NaN	NaN	NaN	NaN	NaN	NaN	NaN	NaN
476.990934	0.000000	0.000000	0.000000	0.000000	1.000000	397.200000	3.000000	-393.800000	3.000000	NaN	NaN	NaN	NaN	NaN	NaN	NaN	NaN	NaN
477.991084	0.000000	0.000000	0.000000	0.000000	1.000000	397.200000	3.000000	-393.900000	3.000000	NaN	NaN	NaN	NaN	NaN	NaN	NaN	NaN	NaN
478.991080	0.000000	0.000000	0.000000	0.000000	1.000000	397.200000	3.000000	-393.900000	3.000000	NaN	NaN	NaN	NaN	NaN	NaN	NaN	NaN	NaN
479.991069	0.000000	0.000000	0.000000	0.000000	1.000000	397.200000	3.000000	-393.900000	3.000000	NaN	NaN	NaN	NaN	NaN	NaN	NaN	NaN	NaN
480.991103	0.000000	0.000000	0.000000	0.000000	1.000000	397.200000	3.000000	-394.000000	3.000000	NaN	NaN	NaN	NaN	NaN	NaN	NaN	NaN	NaN
481.991178	0.000000	0.000000	0.000000	0.000000	1.000000	397.200000	3.000000	-393.900000	3.000000	NaN	NaN	NaN	NaN	NaN	NaN	NaN	NaN	NaN
482.991196	0.000000	0.000000	0.000000	0.000000	1.000000	397.200000	3.000000	-393.900000	3.000000	NaN	NaN	NaN	NaN	NaN	NaN	NaN	NaN	NaN
483.991226	0.000000	0.000000	0.000000	0.000000	1.000000	397.200000	3.000000	-393.900000	3.000000	NaN	NaN	NaN	NaN	NaN	NaN	NaN	NaN	NaN
484.991154	0.000000	0.000000	0.000000	0.000000	1.000000	397.200000	3.000000	-393.900000	3.000000	NaN	NaN	NaN	NaN	NaN	NaN	NaN	NaN	NaN
485.991221	0.000000	0.000000	0.000000	0.000000	1.000000	397.200000	3.000000	-394.000000	3.000000	NaN	NaN	NaN	NaN	NaN	NaN	NaN	NaN	NaN
486.990227	0.000000	0.000000	0.000000	0.000000	1.000000	397.200000	3.000000	-393.900000	3.000000	NaN	NaN	NaN	NaN	NaN	NaN	NaN	NaN	NaN
487.990340	0.000000	0.000000	0.000000	0.000000	1.000000	397.300000	3.000000	-393.900000	3.000000	NaN	NaN	NaN	NaN	NaN	NaN	NaN	NaN	NaN
488.990299	0.000000	0.000000	0.000000	0.000000	1.000000	397.200000	3.000000	-393.900000	3.000000	NaN	NaN	NaN	NaN	NaN	NaN	NaN	NaN	NaN
489.990412	0.000000	0.000000	0.000000	0.000000	1.000000	397.200000	3.000000	-393.900000	3.000000	NaN	NaN	NaN	NaN	NaN	NaN	NaN	NaN	NaN
490.990401	0.000000	0.000000	0.000000	0.000000	1.000000	397.200000	3.000000	-393.900000	3.000000	NaN	NaN	NaN	NaN	NaN	NaN	NaN	NaN	NaN
491.990436	0.000000	0.000000	0.000000	0.000000	1.000000	397.200000	3.000000	-393.900000	3.000000	NaN	NaN	NaN	NaN	NaN	NaN	NaN	NaN	NaN
492.990472	0.000000	0.000000	0.000000	0.000000	1.000000	397.200000	3.000000	-393.900000	3.000000	NaN	NaN	NaN	NaN	NaN	NaN	NaN	NaN	NaN
493.990510	0.000000	0.000000	0.000000	0.000000	1.000000	397.200000	3.000000	-393.900000	3.000000	NaN	NaN	NaN	NaN	NaN	NaN	NaN	NaN	NaN
494.990517	0.000000	0.000000	0.000000	0.000000	1.000000	397.200000	3.000000	-393.800000	3.000000	NaN	NaN	NaN	NaN	NaN	NaN	NaN	NaN	NaN
495.990487	0.000000	0.000000	0.000000	0.000000	1.000000	397.200000	3.000000	-393.900000	3.000000	NaN	NaN	NaN	NaN	NaN	NaN	NaN	NaN	NaN
496.990573	0.000000	0.000000	0.000000	0.000000	1.000000	397.200000	3.000000	-393.900000	3.000000	NaN	NaN	NaN	NaN	NaN	NaN	NaN	NaN	NaN
497.990534	0.000000	0.000000	0.000000	0.000000	1.000000	397.200000	3.000000	-393.800000	3.000000	NaN	NaN	NaN	NaN	NaN	NaN	NaN	NaN	NaN
498.990586	0.000000	0.000000	0.000000	0.000000	1.000000	397.200000	3.000000	-394.000000	3.000000	NaN	NaN	NaN	NaN	NaN	NaN	NaN	NaN	NaN
499.990622	0.000000	0.000000	0.000000	0.000000	1.000000	397.200000	3.000000	-394.000000	3.000000	NaN	NaN	NaN	NaN	NaN	NaN	NaN	NaN	NaN
500.990623	0.000000	0.000000	0.000000	0.000000	1.000000	397.200000	3.000000	-393.900000	3.000000	NaN	NaN	NaN	NaN	NaN	NaN	NaN	NaN	NaN
501.990723	0.000000	0.000000	0.000000	0.000000	1.000000	397.200000	3.000000	-393.900000	3.000000	NaN	NaN	NaN	NaN	NaN	NaN	NaN	NaN	NaN
502.990753	0.000000	0.000000	0.000000	0.000000	1.000000	397.200000	3.000000	-393.900000	3.000000	NaN	NaN	NaN	NaN	NaN	NaN	NaN	NaN	NaN
503.989749	0.000000	0.000000	0.000000	0.000000	1.000000	397.200000	3.000000	-394.000000	3.000000	NaN	NaN	NaN	NaN	NaN	NaN	NaN	NaN	NaN
504.989816	0.000000	0.000000	0.000000	0.000000	1.000000	397.200000	3.000000	-393.900000	3.000000	NaN	NaN	NaN	NaN	NaN	NaN	NaN	NaN	NaN
505.989811	0.000000	0.000000	0.000000	0.000000	1.000000	397.200000	3.000000	-394.100000	3.000000	NaN	NaN	NaN	NaN	NaN	NaN	NaN	NaN	NaN
506.989818	0.000000	0.000000	0.000000	0.000000	1.000000	397.200000	3.000000	-394.000000	3.000000	NaN	NaN	NaN	NaN	NaN	NaN	NaN	NaN	NaN
507.989801	0.000000	0.000000	0.000000	0.000000	1.000000	397.200000	3.000000	-394.000000	3.000000	NaN	NaN	NaN	NaN	NaN	NaN	NaN	NaN	NaN
508.989848	0.000000	0.000000	0.000000	0.000000	1.000000	397.200000	3.000000	-394.000000	3.000000	NaN	NaN	NaN	NaN	NaN	NaN	NaN	NaN	NaN
509.989870	0.000000	0.000000	0.000000	0.000000	1.000000	397.200000	3.000000	-394.000000	3.000000	NaN	NaN	NaN	NaN	NaN	NaN	NaN	NaN	NaN
510.989928	0.000000	0.000000	0.000000	0.000000	1.000000	397.200000	3.000000	-394.000000	3.000000	NaN	NaN	NaN	NaN	NaN	NaN	NaN	NaN	NaN
511.989987	0.000000	0.000000	0.000000	0.000000	1.000000	397.200000	3.000000	-394.000000	3.000000	NaN	NaN	NaN	NaN	NaN	NaN	NaN	NaN	NaN
512.989995	0.000000	0.000000	0.000000	0.000000	1.000000	397.200000	3.000000	-394.000000	3.000000	NaN	NaN	NaN	NaN	NaN	NaN	NaN	NaN	NaN
513.990017	0.000000	0.000000	0.000000	0.000000	1.000000	397.200000	3.000000	-394.100000	3.000000	NaN	NaN	NaN	NaN	NaN	NaN	NaN	NaN	NaN
514.990041	0.000000	0.000000	0.000000	0.000000	1.000000	397.200000	3.000000	-394.100000	3.000000	NaN	NaN	NaN	NaN	NaN	NaN	NaN	NaN	NaN
515.990078	0.000000	0.000000	0.000000	0.000000	1.000000	397.200000	3.000000	-394.200000	3.000000	NaN	NaN	NaN	NaN	NaN	NaN	NaN	NaN	NaN
516.990073	0.000000	0.000000	0.000000	0.000000	1.000000	397.200000	3.000000	-394.200000	3.000000	NaN	NaN	NaN	NaN	NaN	NaN	NaN	NaN	NaN
517.990087	0.000000	0.000000	0.000000	0.000000	1.000000	397.200000	3.000000	-394.200000	3.000000	NaN	NaN	NaN	NaN	NaN	NaN	NaN	NaN	NaN
518.990147	0.000000	0.000000	0.000000	0.000000	1.000000	397.200000	3.000000	-394.200000	3.000000	NaN	NaN	NaN	NaN	NaN	NaN	NaN	NaN	NaN
519.990126	0.000000	0.000000	0.000000	0.000000	1.000000	397.200000	3.000000	-394.200000	3.000000	NaN	NaN	NaN	NaN	NaN	NaN	NaN	NaN	NaN
520.990183	0.000000	0.000000	0.000000	0.000000	1.000000	397.200000	3.000000	-394.300000	3.000000	NaN	NaN	NaN	NaN	NaN	NaN	NaN	NaN	NaN
521.989275	0.000000	0.000000	0.000000	0.000000	1.000000	397.200000	3.000000	-394.200000	3.000000	NaN	NaN	NaN	NaN	NaN	NaN	NaN	NaN	NaN
522.989252	0.000000	0.000000	0.000000	0.000000	1.000000	397.200000	3.000000	-394.200000	3.000000	NaN	NaN	NaN	NaN	NaN	NaN	NaN	NaN	NaN
523.989299	0.000000	0.000000	0.000000	0.000000	1.000000	397.200000	3.000000	-394.200000	3.000000	NaN	NaN	NaN	NaN	NaN	NaN	NaN	NaN	NaN
524.989327	0.000000	0.000000	0.000000	0.000000	1.000000	397.200000	3.000000	-394.200000	3.000000	NaN	NaN	NaN	NaN	NaN	NaN	NaN	NaN	NaN
525.989409	0.000000	0.000000	0.000000	0.000000	1.000000	397.200000	3.000000	-394.200000	3.000000	NaN	NaN	NaN	NaN	NaN	NaN	NaN	NaN	NaN
526.989444	0.000000	0.000000	0.000000	0.000000	1.000000	397.200000	3.000000	-394.000000	3.000000	NaN	NaN	NaN	NaN	NaN	NaN	NaN	NaN	NaN
527.989344	0.000000	0.000000	0.000000	0.000000	1.000000	397.200000	3.000000	-394.100000	3.000000	NaN	NaN	NaN	NaN	NaN	NaN	NaN	NaN	NaN
528.989400	0.000000	0.000000	0.000000	0.000000	1.000000	397.200000	3.000000	-394.100000	3.000000	NaN	NaN	NaN	NaN	NaN	NaN	NaN	NaN	NaN
529.989457	0.000000	0.000000	0.000000	0.000000	1.000000	397.200000	3.000000	-394.100000	3.000000	NaN	NaN	NaN	NaN	NaN	NaN	NaN	NaN	NaN
530.989460	0.000000	0.000000	0.000000	0.000000	1.000000	397.200000	3.000000	-394.200000	3.000000	NaN	NaN	NaN	NaN	NaN	NaN	NaN	NaN	NaN
531.989478	0.000000	0.000000	0.000000	0.000000	1.000000	397.200000	3.000000	-394.100000	3.000000	NaN	NaN	NaN	NaN	NaN	NaN	NaN	NaN	NaN
532.989512	0.000000	0.000000	0.000000	0.000000	1.000000	397.200000	3.000000	-394.200000	3.000000	NaN	NaN	NaN	NaN	NaN	NaN	NaN	NaN	NaN
533.989611	0.000000	0.000000	0.000000	0.000000	1.000000	397.200000	3.000000	-394.000000	3.000000	NaN	NaN	NaN	NaN	NaN	NaN	NaN	NaN	NaN
534.989624	0.000000	0.000000	0.000000	0.000000	1.000000	397.200000	3.000000	-394.100000	3.000000	NaN	NaN	NaN	NaN	NaN	NaN	NaN	NaN	NaN
535.989633	0.000000	0.000000	0.000000	0.000000	1.000000	397.200000	3.000000	-394.000000	3.000000	NaN	NaN	NaN	NaN	NaN	NaN	NaN	NaN	NaN
536.989681	0.000000	0.000000	0.000000	0.000000	1.000000	397.200000	3.000000	-394.100000	3.000000	NaN	NaN	NaN	NaN	NaN	NaN	NaN	NaN	NaN
537.990136	0.000000	0.000000	0.000000	0.000000	1.000000	397.200000	3.000000	-394.100000	3.000000	NaN	NaN	NaN	NaN	NaN	NaN	NaN	NaN	NaN
538.988648	0.000000	0.000000	0.000000	0.000000	1.000000	397.200000	3.000000	-393.900000	3.000000	NaN	NaN	NaN	NaN	NaN	NaN	NaN	NaN	NaN
539.988662	0.000000	0.000000	0.000000	0.000000	1.000000	397.200000	3.000000	-394.100000	3.000000	NaN	NaN	NaN	NaN	NaN	NaN	NaN	NaN	NaN
540.988737	0.000000	0.000000	0.000000	0.000000	1.000000	397.100000	3.000000	-394.000000	3.000000	NaN	NaN	NaN	NaN	NaN	NaN	NaN	NaN	NaN
541.988788	0.000000	0.000000	0.000000	0.000000	1.000000	397.100000	3.000000	-394.100000	3.000000	NaN	NaN	NaN	NaN	NaN	NaN	NaN	NaN	NaN
542.988819	0.000000	0.000000	0.000000	0.000000	1.000000	397.100000	3.000000	-394.000000	3.000000	NaN	NaN	NaN	NaN	NaN	NaN	NaN	NaN	NaN
543.988846	0.000000	0.000000	0.000000	0.000000	1.000000	397.100000	3.000000	-394.000000	3.000000	NaN	NaN	NaN	NaN	NaN	NaN	NaN	NaN	NaN
544.988846	0.000000	0.000000	0.000000	0.000000	1.000000	397.100000	3.000000	-394.000000	3.000000	NaN	NaN	NaN	NaN	NaN	NaN	NaN	NaN	NaN
545.988905	0.000000	0.000000	0.000000	0.000000	1.000000	397.100000	3.000000	-394.000000	3.000000	NaN	NaN	NaN	NaN	NaN	NaN	NaN	NaN	NaN
546.988947	0.000000	0.000000	0.000000	0.000000	1.000000	397.100000	3.000000	-394.100000	3.000000	NaN	NaN	NaN	NaN	NaN	NaN	NaN	NaN	NaN
547.988969	0.000000	0.000000	0.000000	0.000000	1.000000	397.100000	3.000000	-394.000000	3.000000	NaN	NaN	NaN	NaN	NaN	NaN	NaN	NaN	NaN
548.988935	0.000000	0.000000	0.000000	0.000000	1.000000	397.100000	3.000000	-394.000000	3.000000	NaN	NaN	NaN	NaN	NaN	NaN	NaN	NaN	NaN
549.988957	0.000000	0.000000	0.000000	0.000000	1.000000	397.100000	3.000000	-394.000000	3.000000	NaN	NaN	NaN	NaN	NaN	NaN	NaN	NaN	NaN
550.989082	0.000000	0.000000	0.000000	0.000000	1.000000	397.200000	3.000000	-394.000000	3.000000	NaN	NaN	NaN	NaN	NaN	NaN	NaN	NaN	NaN
551.989076	0.000000	0.000000	0.000000	0.000000	1.000000	397.200000	3.000000	-393.900000	3.000000	NaN	NaN	NaN	NaN	NaN	NaN	NaN	NaN	NaN
552.989129	0.000000	0.000000	0.000000	0.000000	1.000000	397.100000	3.000000	-394.100000	3.000000	NaN	NaN	NaN	NaN	NaN	NaN	NaN	NaN	NaN
553.989111	0.000000	0.000000	0.000000	0.000000	1.000000	397.100000	3.000000	-394.000000	3.000000	NaN	NaN	NaN	NaN	NaN	NaN	NaN	NaN	NaN
554.989129	0.000000	0.000000	0.000000	0.000000	1.000000	397.100000	3.000000	-394.100000	3.000000	NaN	NaN	NaN	NaN	NaN	NaN	NaN	NaN	NaN
555.989199	0.000000	0.000000	0.000000	0.000000	1.000000	397.100000	3.000000	-394.100000	3.000000	NaN	NaN	NaN	NaN	NaN	NaN	NaN	NaN	NaN
556.988238	0.000000	0.000000	0.000000	0.000000	1.000000	397.200000	3.000000	-394.100000	3.000000	NaN	NaN	NaN	NaN	NaN	NaN	NaN	NaN	NaN
557.988196	0.000000	0.000000	0.000000	0.000000	1.000000	397.200000	3.000000	-394.000000	3.000000	NaN	NaN	NaN	NaN	NaN	NaN	NaN	NaN	NaN
558.988224	0.000000	0.000000	0.000000	0.000000	1.000000	397.200000	3.000000	-393.900000	3.000000	NaN	NaN	NaN	NaN	NaN	NaN	NaN	NaN	NaN
559.988258	0.000000	0.000000	0.000000	0.000000	1.000000	397.100000	3.000000	-394.000000	3.000000	NaN	NaN	NaN	NaN	NaN	NaN	NaN	NaN	NaN
560.988262	0.000000	0.000000	0.000000	0.000000	1.000000	397.100000	3.000000	-393.900000	3.000000	NaN	NaN	NaN	NaN	NaN	NaN	NaN	NaN	NaN
561.988307	0.000000	0.000000	0.000000	0.000000	1.000000	397.100000	3.000000	-393.900000	3.000000	NaN	NaN	NaN	NaN	NaN	NaN	NaN	NaN	NaN
562.988394	0.000000	0.000000	0.000000	0.000000	1.000000	397.200000	3.000000	-393.900000	3.000000	NaN	NaN	NaN	NaN	NaN	NaN	NaN	NaN	NaN
563.988403	0.000000	0.000000	0.000000	0.000000	1.000000	397.200000	3.000000	-393.900000	3.000000	NaN	NaN	NaN	NaN	NaN	NaN	NaN	NaN	NaN
564.988422	0.000000	0.000000	0.000000	0.000000	1.000000	397.200000	3.000000	-393.900000	3.000000	NaN	NaN	NaN	NaN	NaN	NaN	NaN	NaN	NaN
565.988518	0.000000	0.000000	0.000000	0.000000	1.000000	397.100000	3.000000	-393.900000	3.000000	NaN	NaN	NaN	NaN	NaN	NaN	NaN	NaN	NaN
566.988472	0.000000	0.000000	0.000000	0.000000	1.000000	397.200000	3.000000	-393.900000	3.000000	NaN	NaN	NaN	NaN	NaN	NaN	NaN	NaN	NaN
567.988554	0.000000	0.000000	0.000000	0.000000	1.000000	397.200000	3.000000	-394.000000	3.000000	NaN	NaN	NaN	NaN	NaN	NaN	NaN	NaN	NaN
568.988557	0.000000	0.000000	0.000000	0.000000	1.000000	397.200000	3.000000	-393.900000	3.000000	NaN	NaN	NaN	NaN	NaN	NaN	NaN	NaN	NaN
569.988501	0.000000	0.000000	0.000000	0.000000	1.000000	397.200000	3.000000	-393.900000	3.000000	NaN	NaN	NaN	NaN	NaN	NaN	NaN	NaN	NaN
570.988533	0.000000	0.000000	0.000000	0.000000	1.000000	397.200000	3.000000	-394.100000	3.000000	NaN	NaN	NaN	NaN	NaN	NaN	NaN	NaN	NaN
571.988628	0.000000	0.000000	0.000000	0.000000	1.000000	397.200000	3.000000	-394.000000	3.000000	NaN	NaN	NaN	NaN	NaN	NaN	NaN	NaN	NaN
572.988632	0.000000	0.000000	0.000000	0.000000	1.000000	397.200000	3.000000	-394.000000	3.000000	NaN	NaN	NaN	NaN	NaN	NaN	NaN	NaN	NaN
573.987650	0.000000	0.000000	0.000000	0.000000	1.000000	397.200000	3.000000	-394.000000	3.000000	NaN	NaN	NaN	NaN	NaN	NaN	NaN	NaN	NaN
574.987699	0.000000	0.000000	0.000000	0.000000	1.000000	397.200000	3.000000	-394.000000	3.000000	NaN	NaN	NaN	NaN	NaN	NaN	NaN	NaN	NaN
575.987723	0.000000	0.000000	0.000000	0.000000	1.000000	397.200000	3.000000	-393.900000	3.000000	NaN	NaN	NaN	NaN	NaN	NaN	NaN	NaN	NaN
576.987757	0.000000	0.000000	0.000000	0.000000	1.000000	397.200000	3.000000	-393.900000	3.000000	NaN	NaN	NaN	NaN	NaN	NaN	NaN	NaN	NaN
577.987843	0.000000	0.000000	0.000000	0.000000	1.000000	397.200000	3.000000	-393.900000	3.000000	NaN	NaN	NaN	NaN	NaN	NaN	NaN	NaN	NaN
578.987773	0.000000	0.000000	0.000000	0.000000	1.000000	397.200000	3.000000	-393.800000	3.000000	NaN	NaN	NaN	NaN	NaN	NaN	NaN	NaN	NaN
579.987875	0.000000	0.000000	0.000000	0.000000	1.000000	397.200000	3.000000	-393.900000	3.000000	NaN	NaN	NaN	NaN	NaN	NaN	NaN	NaN	NaN
580.987842	0.000000	0.000000	0.000000	0.000000	1.000000	397.200000	3.000000	-393.800000	3.000000	NaN	NaN	NaN	NaN	NaN	NaN	NaN	NaN	NaN
581.987837	0.000000	0.000000	0.000000	0.000000	1.000000	397.200000	3.000000	-393.800000	3.000000	NaN	NaN	NaN	NaN	NaN	NaN	NaN	NaN	NaN
582.987904	0.000000	0.000000	0.000000	0.000000	1.000000	397.200000	3.000000	-393.800000	3.000000	NaN	NaN	NaN	NaN	NaN	NaN	NaN	NaN	NaN
583.987939	0.000000	0.000000	0.000000	0.000000	1.000000	397.200000	3.000000	-394.000000	3.000000	NaN	NaN	NaN	NaN	NaN	NaN	NaN	NaN	NaN
584.987977	0.000000	0.000000	0.000000	0.000000	1.000000	397.200000	3.000000	-393.800000	3.000000	NaN	NaN	NaN	NaN	NaN	NaN	NaN	NaN	NaN
585.987983	0.000000	0.000000	0.000000	0.000000	1.000000	397.200000	3.000000	-393.900000	3.000000	NaN	NaN	NaN	NaN	NaN	NaN	NaN	NaN	NaN
586.987993	0.000000	0.000000	0.000000	0.000000	1.000000	397.200000	3.000000	-393.900000	3.000000	NaN	NaN	NaN	NaN	NaN	NaN	NaN	NaN	NaN
587.988086	0.000000	0.000000	0.000000	0.000000	1.000000	397.200000	3.000000	-393.900000	3.000000	NaN	NaN	NaN	NaN	NaN	NaN	NaN	NaN	NaN
588.988069	0.000000	0.000000	0.000000	0.000000	1.000000	397.200000	3.000000	-393.800000	3.000000	NaN	NaN	NaN	NaN	NaN	NaN	NaN	NaN	NaN
589.988102	0.000000	0.000000	0.000000	0.000000	1.000000	397.200000	3.000000	-393.800000	3.000000	NaN	NaN	NaN	NaN	NaN	NaN	NaN	NaN	NaN
590.988079	0.000000	0.000000	0.000000	0.000000	1.000000	397.200000	3.000000	-393.700000	3.000000	NaN	NaN	NaN	NaN	NaN	NaN	NaN	NaN	NaN
591.987116	0.000000	0.000000	0.000000	0.000000	1.000000	397.300000	3.000000	-393.600000	3.000000	NaN	NaN	NaN	NaN	NaN	NaN	NaN	NaN	NaN
592.987137	0.000000	0.000000	0.000000	0.000000	1.000000	397.200000	3.000000	-393.600000	3.000000	NaN	NaN	NaN	NaN	NaN	NaN	NaN	NaN	NaN
593.987183	0.000000	0.000000	0.000000	0.000000	1.000000	397.200000	3.000000	-393.600000	3.000000	NaN	NaN	NaN	NaN	NaN	NaN	NaN	NaN	NaN
594.987222	0.000000	0.000000	0.000000	0.000000	1.000000	397.200000	3.000000	-393.600000	3.000000	NaN	NaN	NaN	NaN	NaN	NaN	NaN	NaN	NaN
595.987280	0.000000	0.000000	0.000000	0.000000	1.000000	397.200000	3.000000	-393.700000	3.000000	NaN	NaN	NaN	NaN	NaN	NaN	NaN	NaN	NaN
596.987305	0.000000	0.000000	0.000000	0.000000	1.000000	397.200000	3.000000	-393.600000	3.000000	NaN	NaN	NaN	NaN	NaN	NaN	NaN	NaN	NaN
597.987355	0.000000	0.000000	0.000000	0.000000	1.000000	397.200000	3.000000	-393.700000	3.000000	NaN	NaN	NaN	NaN	NaN	NaN	NaN	NaN	NaN
598.987392	0.000000	0.000000	0.000000	0.000000	1.000000	397.200000	3.000000	-393.700000	3.000000	NaN	NaN	NaN	NaN	NaN	NaN	NaN	NaN	NaN
599.987398	0.000000	0.000000	0.000000	0.000000	1.000000	397.200000	3.000000	-393.700000	3.000000	NaN	NaN	NaN	NaN	NaN	NaN	NaN	NaN	NaN
600.987375	0.000000	0.000000	0.000000	0.000000	1.000000	397.200000	3.000000	-393.800000	3.000000	NaN	NaN	NaN	NaN	NaN	NaN	NaN	NaN	NaN
601.987431	0.000000	0.000000	0.000000	0.000000	1.000000	397.200000	3.000000	-393.600000	3.000000	NaN	NaN	NaN	NaN	NaN	NaN	NaN	NaN	NaN
602.987495	0.000000	0.000000	0.000000	0.000000	1.000000	397.200000	3.000000	-393.500000	3.000000	NaN	NaN	NaN	NaN	NaN	NaN	NaN	NaN	NaN
603.987430	0.000000	0.000000	0.000000	0.000000	1.000000	397.200000	3.000000	-393.600000	3.000000	NaN	NaN	NaN	NaN	NaN	NaN	NaN	NaN	NaN
604.987524	0.000000	0.000000	0.000000	0.000000	1.000000	397.200000	3.000000	-393.600000	3.000000	NaN	NaN	NaN	NaN	NaN	NaN	NaN	NaN	NaN
605.987549	0.000000	0.000000	0.000000	0.000000	1.000000	397.200000	3.000000	-393.500000	3.000000	NaN	NaN	NaN	NaN	NaN	NaN	NaN	NaN	NaN
606.987610	0.000000	0.000000	0.000000	0.000000	1.000000	397.200000	3.000000	-393.400000	3.000000	NaN	NaN	NaN	NaN	NaN	NaN	NaN	NaN	NaN
607.987606	0.000000	0.000000	0.000000	0.000000	1.000000	397.200000	3.000000	-393.300000	3.000000	NaN	NaN	NaN	NaN	NaN	NaN	NaN	NaN	NaN
608.986598	0.000000	0.000000	0.000000	0.000000	1.000000	397.200000	3.000000	-393.300000	3.000000	NaN	NaN	NaN	NaN	NaN	NaN	NaN	NaN	NaN
609.986624	0.000000	0.000000	0.000000	0.000000	1.000000	397.200000	3.000000	-393.400000	3.000000	NaN	NaN	NaN	NaN	NaN	NaN	NaN	NaN	NaN
610.986695	0.000000	0.000000	0.000000	0.000000	1.000000	397.200000	3.000000	-393.400000	3.000000	NaN	NaN	NaN	NaN	NaN	NaN	NaN	NaN	NaN
611.986640	0.000000	0.000000	0.000000	0.000000	1.000000	397.200000	3.000000	-393.200000	3.000000	NaN	NaN	NaN	NaN	NaN	NaN	NaN	NaN	NaN
612.986678	0.000000	0.000000	0.000000	0.000000	1.000000	397.200000	3.000000	-393.200000	3.000000	NaN	NaN	NaN	NaN	NaN	NaN	NaN	NaN	NaN
613.986729	0.000000	0.000000	0.000000	0.000000	1.000000	397.200000	3.000000	-393.200000	3.000000	NaN	NaN	NaN	NaN	NaN	NaN	NaN	NaN	NaN
614.986768	0.000000	0.000000	0.000000	0.000000	1.000000	397.200000	3.000000	-393.100000	3.000000	NaN	NaN	NaN	NaN	NaN	NaN	NaN	NaN	NaN
615.986786	0.000000	0.000000	0.000000	0.000000	1.000000	397.200000	3.000000	-393.200000	3.000000	NaN	NaN	NaN	NaN	NaN	NaN	NaN	NaN	NaN
616.986832	0.000000	0.000000	0.000000	0.000000	1.000000	397.200000	3.000000	-393.200000	3.000000	NaN	NaN	NaN	NaN	NaN	NaN	NaN	NaN	NaN
617.986878	0.000000	0.000000	0.000000	0.000000	1.000000	397.200000	3.000000	-393.300000	3.000000	NaN	NaN	NaN	NaN	NaN	NaN	NaN	NaN	NaN
618.986916	0.000000	0.000000	0.000000	0.000000	1.000000	397.200000	3.000000	-393.200000	3.000000	NaN	NaN	NaN	NaN	NaN	NaN	NaN	NaN	NaN
619.986936	0.000000	0.000000	0.000000	0.000000	1.000000	397.200000	3.000000	-393.200000	3.000000	NaN	NaN	NaN	NaN	NaN	NaN	NaN	NaN	NaN
620.986993	0.000000	0.000000	0.000000	0.000000	1.000000	397.200000	3.000000	-393.200000	3.000000	NaN	NaN	NaN	NaN	NaN	NaN	NaN	NaN	NaN
621.986984	0.000000	0.000000	0.000000	0.000000	1.000000	397.200000	3.000000	-393.200000	3.000000	NaN	NaN	NaN	NaN	NaN	NaN	NaN	NaN	NaN
622.986995	0.000000	0.000000	0.000000	0.000000	1.000000	397.200000	3.000000	-393.300000	3.000000	NaN	NaN	NaN	NaN	NaN	NaN	NaN	NaN	NaN
623.987033	0.000000	0.000000	0.000000	0.000000	1.000000	397.200000	3.000000	-393.000000	3.000000	NaN	NaN	NaN	NaN	NaN	NaN	NaN	NaN	NaN
624.987055	0.000000	0.000000	0.000000	0.000000	1.000000	397.200000	3.000000	-393.000000	3.000000	NaN	NaN	NaN	NaN	NaN	NaN	NaN	NaN	NaN
625.987118	0.000000	0.000000	0.000000	0.000000	1.000000	397.200000	3.000000	-393.100000	3.000000	NaN	NaN	NaN	NaN	NaN	NaN	NaN	NaN	NaN
626.986104	0.000000	0.000000	0.000000	0.000000	1.000000	397.200000	3.000000	-393.000000	3.000000	NaN	NaN	NaN	NaN	NaN	NaN	NaN	NaN	NaN
627.986160	0.000000	0.000000	0.000000	0.000000	1.000000	397.200000	3.000000	-393.000000	3.000000	NaN	NaN	NaN	NaN	NaN	NaN	NaN	NaN	NaN
628.986189	0.000000	0.000000	0.000000	0.000000	1.000000	397.200000	3.000000	-393.100000	3.000000	NaN	NaN	NaN	NaN	NaN	NaN	NaN	NaN	NaN
629.986205	0.000000	0.000000	0.000000	0.000000	1.000000	397.200000	3.000000	-392.900000	3.000000	NaN	NaN	NaN	NaN	NaN	NaN	NaN	NaN	NaN
630.986264	0.000000	0.000000	0.000000	0.000000	1.000000	397.200000	3.000000	-392.900000	3.000000	NaN	NaN	NaN	NaN	NaN	NaN	NaN	NaN	NaN
631.986241	0.000000	0.000000	0.000000	0.000000	1.000000	397.200000	3.000000	-393.000000	3.000000	NaN	NaN	NaN	NaN	NaN	NaN	NaN	NaN	NaN
632.986259	0.000000	0.000000	0.000000	0.000000	1.000000	397.200000	3.000000	-393.100000	3.000000	NaN	NaN	NaN	NaN	NaN	NaN	NaN	NaN	NaN
633.986312	0.000000	0.000000	0.000000	0.000000	1.000000	397.200000	3.000000	-393.300000	3.000000	NaN	NaN	NaN	NaN	NaN	NaN	NaN	NaN	NaN
634.986342	0.000000	0.000000	0.000000	0.000000	1.000000	397.200000	3.000000	-393.300000	3.000000	NaN	NaN	NaN	NaN	NaN	NaN	NaN	NaN	NaN
635.986399	0.000000	0.000000	0.000000	0.000000	1.000000	397.200000	3.000000	-393.200000	3.000000	NaN	NaN	NaN	NaN	NaN	NaN	NaN	NaN	NaN
636.986428	0.000000	0.000000	0.000000	0.000000	1.000000	397.200000	3.000000	-393.300000	3.000000	NaN	NaN	NaN	NaN	NaN	NaN	NaN	NaN	NaN
637.986441	0.000000	0.000000	0.000000	0.000000	1.000000	397.200000	3.000000	-393.400000	3.000000	NaN	NaN	NaN	NaN	NaN	NaN	NaN	NaN	NaN
638.986503	0.000000	0.000000	0.000000	0.000000	1.000000	397.200000	3.000000	-393.500000	3.000000	NaN	NaN	NaN	NaN	NaN	NaN	NaN	NaN	NaN
639.986451	0.000000	0.000000	0.000000	0.000000	1.000000	397.200000	3.000000	-393.400000	3.000000	NaN	NaN	NaN	NaN	NaN	NaN	NaN	NaN	NaN
640.986542	0.000000	0.000000	0.000000	0.000000	1.000000	397.200000	3.000000	-393.500000	3.000000	NaN	NaN	NaN	NaN	NaN	NaN	NaN	NaN	NaN
641.986549	0.000000	0.000000	0.000000	0.000000	1.000000	397.200000	3.000000	-393.600000	3.000000	NaN	NaN	NaN	NaN	NaN	NaN	NaN	NaN	NaN
642.987781	0.000000	0.000000	0.000000	0.000000	1.000000	397.200000	3.000000	-393.700000	3.000000	NaN	NaN	NaN	NaN	NaN	NaN	NaN	NaN	NaN
643.985567	0.000000	0.000000	0.000000	0.000000	1.000000	397.200000	3.000000	-393.800000	3.000000	NaN	NaN	NaN	NaN	NaN	NaN	NaN	NaN	NaN
644.985578	0.000000	0.000000	0.000000	0.000000	1.000000	397.200000	3.000000	-393.800000	3.000000	NaN	NaN	NaN	NaN	NaN	NaN	NaN	NaN	NaN
645.985603	0.000000	0.000000	0.000000	0.000000	1.000000	397.100000	3.000000	-393.800000	3.000000	NaN	NaN	NaN	NaN	NaN	NaN	NaN	NaN	NaN
646.985673	0.000000	0.000000	0.000000	0.000000	1.000000	397.200000	3.000000	-393.900000	3.000000	NaN	NaN	NaN	NaN	NaN	NaN	NaN	NaN	NaN
647.985726	0.000000	0.000000	0.000000	0.000000	1.000000	397.200000	3.000000	-394.000000	3.000000	NaN	NaN	NaN	NaN	NaN	NaN	NaN	NaN	NaN
648.985732	0.000000	0.000000	0.000000	0.000000	1.000000	397.200000	3.000000	-393.900000	3.000000	NaN	NaN	NaN	NaN	NaN	NaN	NaN	NaN	NaN
