# Gaussmeter 1
# VISA Name: COM3
# Probe Type: 51
# Probe Serial Number: 67249     
# Field Compensation On: TRUE
# Field Range: 3
# Field Units: 2
# Auto Range On: TRUE
# Moving: FALSE
# x: 0.000000
# y: 0.000000
# z: 0.000000
#
# Gaussmeter 2
# VISA Name: COM4
# Probe Type: 51
# Probe Serial Number: 061292   
# Field Compensation On: TRUE
# Field Range: 3
# Field Units: 2
# Auto Range On: TRUE
# Moving: FALSE
# x: 0.000000
# y: 0.000000
# z: 0.000000
#
# Gaussmeter 3
# VISA Name: COM9
# Probe Type: 51
# Probe Serial Number: 67248     
# Field Compensation On: TRUE
# Field Range: 2
# Field Units: 2
# Auto Range On: TRUE
# Moving: FALSE
# x: 0.000000
# y: 0.000000
# z: 0.000000
#
time/F:x:y:z:B1:B1range:B2:B2range:B3:B3range:multi:temp1:temp2:temp3:temp4:temp5:temp6:temp7:temp8
0.002874	0.000000	0.000000	0.000000	-612.600000	3.000000	594.800000	3.000000	-138.630000	2.000000	NaN	NaN	NaN	NaN	NaN	NaN	NaN	NaN	NaN
1.003005	0.000000	0.000000	0.000000	-611.700000	3.000000	594.800000	3.000000	-138.240000	2.000000	NaN	NaN	NaN	NaN	NaN	NaN	NaN	NaN	NaN
2.002959	0.000000	0.000000	0.000000	-612.200000	3.000000	594.900000	3.000000	-137.890000	2.000000	NaN	NaN	NaN	NaN	NaN	NaN	NaN	NaN	NaN
3.002921	0.000000	0.000000	0.000000	-612.300000	3.000000	594.800000	3.000000	-138.260000	2.000000	NaN	NaN	NaN	NaN	NaN	NaN	NaN	NaN	NaN
4.002978	0.000000	0.000000	0.000000	-612.200000	3.000000	594.800000	3.000000	-138.010000	2.000000	NaN	NaN	NaN	NaN	NaN	NaN	NaN	NaN	NaN
5.002009	0.000000	0.000000	0.000000	-612.700000	3.000000	594.800000	3.000000	-138.040000	2.000000	NaN	NaN	NaN	NaN	NaN	NaN	NaN	NaN	NaN
6.002023	0.000000	0.000000	0.000000	-612.600000	3.000000	594.800000	3.000000	-138.120000	2.000000	NaN	NaN	NaN	NaN	NaN	NaN	NaN	NaN	NaN
7.002115	0.000000	0.000000	0.000000	-612.400000	3.000000	594.800000	3.000000	-138.120000	2.000000	NaN	NaN	NaN	NaN	NaN	NaN	NaN	NaN	NaN
8.002125	0.000000	0.000000	0.000000	-612.200000	3.000000	594.800000	3.000000	-137.820000	2.000000	NaN	NaN	NaN	NaN	NaN	NaN	NaN	NaN	NaN
9.002106	0.000000	0.000000	0.000000	-612.100000	3.000000	594.800000	3.000000	-138.050000	2.000000	NaN	NaN	NaN	NaN	NaN	NaN	NaN	NaN	NaN
10.002189	0.000000	0.000000	0.000000	-612.900000	3.000000	594.800000	3.000000	-138.160000	2.000000	NaN	NaN	NaN	NaN	NaN	NaN	NaN	NaN	NaN
11.002187	0.000000	0.000000	0.000000	-612.200000	3.000000	594.800000	3.000000	-138.390000	2.000000	NaN	NaN	NaN	NaN	NaN	NaN	NaN	NaN	NaN
12.002231	0.000000	0.000000	0.000000	-611.800000	3.000000	594.800000	3.000000	-138.560000	2.000000	NaN	NaN	NaN	NaN	NaN	NaN	NaN	NaN	NaN
13.002270	0.000000	0.000000	0.000000	-612.700000	3.000000	594.800000	3.000000	-138.500000	2.000000	NaN	NaN	NaN	NaN	NaN	NaN	NaN	NaN	NaN
14.002303	0.000000	0.000000	0.000000	-612.200000	3.000000	594.800000	3.000000	-138.720000	2.000000	NaN	NaN	NaN	NaN	NaN	NaN	NaN	NaN	NaN
15.002295	0.000000	0.000000	0.000000	-612.700000	3.000000	594.800000	3.000000	-138.080000	2.000000	NaN	NaN	NaN	NaN	NaN	NaN	NaN	NaN	NaN
16.002413	0.000000	0.000000	0.000000	-612.500000	3.000000	594.800000	3.000000	-138.550000	2.000000	NaN	NaN	NaN	NaN	NaN	NaN	NaN	NaN	NaN
17.002385	0.000000	0.000000	0.000000	-612.800000	3.000000	594.800000	3.000000	-138.880000	2.000000	NaN	NaN	NaN	NaN	NaN	NaN	NaN	NaN	NaN
18.002444	0.000000	0.000000	0.000000	-612.700000	3.000000	594.800000	3.000000	-138.050000	2.000000	NaN	NaN	NaN	NaN	NaN	NaN	NaN	NaN	NaN
19.002440	0.000000	0.000000	0.000000	-613.200000	3.000000	594.800000	3.000000	-138.140000	2.000000	NaN	NaN	NaN	NaN	NaN	NaN	NaN	NaN	NaN
20.002431	0.000000	0.000000	0.000000	-612.300000	3.000000	594.800000	3.000000	-138.060000	2.000000	NaN	NaN	NaN	NaN	NaN	NaN	NaN	NaN	NaN
21.002520	0.000000	0.000000	0.000000	-612.800000	3.000000	594.800000	3.000000	-137.990000	2.000000	NaN	NaN	NaN	NaN	NaN	NaN	NaN	NaN	NaN
22.001523	0.000000	0.000000	0.000000	-611.700000	3.000000	594.800000	3.000000	-138.140000	2.000000	NaN	NaN	NaN	NaN	NaN	NaN	NaN	NaN	NaN
23.001568	0.000000	0.000000	0.000000	-613.300000	3.000000	594.800000	3.000000	-137.250000	2.000000	NaN	NaN	NaN	NaN	NaN	NaN	NaN	NaN	NaN
24.002532	0.000000	0.000000	0.000000	-612.300000	3.000000	594.800000	3.000000	-138.400000	2.000000	NaN	NaN	NaN	NaN	NaN	NaN	NaN	NaN	NaN
25.001553	0.000000	0.000000	0.000000	-611.700000	3.000000	594.800000	3.000000	-138.850000	2.000000	NaN	NaN	NaN	NaN	NaN	NaN	NaN	NaN	NaN
26.001627	0.000000	0.000000	0.000000	-611.700000	3.000000	594.800000	3.000000	-138.490000	2.000000	NaN	NaN	NaN	NaN	NaN	NaN	NaN	NaN	NaN
27.001656	0.000000	0.000000	0.000000	-612.100000	3.000000	594.700000	3.000000	-138.340000	2.000000	NaN	NaN	NaN	NaN	NaN	NaN	NaN	NaN	NaN
28.001677	0.000000	0.000000	0.000000	-612.000000	3.000000	594.700000	3.000000	-138.350000	2.000000	NaN	NaN	NaN	NaN	NaN	NaN	NaN	NaN	NaN
29.001692	0.000000	0.000000	0.000000	-611.900000	3.000000	594.800000	3.000000	-138.700000	2.000000	NaN	NaN	NaN	NaN	NaN	NaN	NaN	NaN	NaN
30.001738	0.000000	0.000000	0.000000	-612.800000	3.000000	594.800000	3.000000	-138.590000	2.000000	NaN	NaN	NaN	NaN	NaN	NaN	NaN	NaN	NaN
31.001773	0.000000	0.000000	0.000000	-612.500000	3.000000	594.800000	3.000000	-138.390000	2.000000	NaN	NaN	NaN	NaN	NaN	NaN	NaN	NaN	NaN
32.001799	0.000000	0.000000	0.000000	-612.500000	3.000000	594.800000	3.000000	-138.290000	2.000000	NaN	NaN	NaN	NaN	NaN	NaN	NaN	NaN	NaN
33.001793	0.000000	0.000000	0.000000	-613.100000	3.000000	594.700000	3.000000	-138.240000	2.000000	NaN	NaN	NaN	NaN	NaN	NaN	NaN	NaN	NaN
34.001828	0.000000	0.000000	0.000000	-612.400000	3.000000	594.800000	3.000000	-137.940000	2.000000	NaN	NaN	NaN	NaN	NaN	NaN	NaN	NaN	NaN
35.001834	0.000000	0.000000	0.000000	-611.800000	3.000000	594.800000	3.000000	-137.990000	2.000000	NaN	NaN	NaN	NaN	NaN	NaN	NaN	NaN	NaN
36.001861	0.000000	0.000000	0.000000	-611.900000	3.000000	594.800000	3.000000	-138.060000	2.000000	NaN	NaN	NaN	NaN	NaN	NaN	NaN	NaN	NaN
37.001849	0.000000	0.000000	0.000000	-612.500000	3.000000	594.800000	3.000000	-138.000000	2.000000	NaN	NaN	NaN	NaN	NaN	NaN	NaN	NaN	NaN
38.001923	0.000000	0.000000	0.000000	-612.300000	3.000000	594.700000	3.000000	-138.340000	2.000000	NaN	NaN	NaN	NaN	NaN	NaN	NaN	NaN	NaN
39.001985	0.000000	0.000000	0.000000	-611.800000	3.000000	594.700000	3.000000	-138.340000	2.000000	NaN	NaN	NaN	NaN	NaN	NaN	NaN	NaN	NaN
40.001016	0.000000	0.000000	0.000000	-612.000000	3.000000	594.800000	3.000000	-138.130000	2.000000	NaN	NaN	NaN	NaN	NaN	NaN	NaN	NaN	NaN
41.001048	0.000000	0.000000	0.000000	-612.800000	3.000000	594.800000	3.000000	-138.290000	2.000000	NaN	NaN	NaN	NaN	NaN	NaN	NaN	NaN	NaN
42.001073	0.000000	0.000000	0.000000	-612.100000	3.000000	594.800000	3.000000	-137.840000	2.000000	NaN	NaN	NaN	NaN	NaN	NaN	NaN	NaN	NaN
43.001143	0.000000	0.000000	0.000000	-612.000000	3.000000	594.800000	3.000000	-137.560000	2.000000	NaN	NaN	NaN	NaN	NaN	NaN	NaN	NaN	NaN
44.001128	0.000000	0.000000	0.000000	-611.400000	3.000000	594.800000	3.000000	-138.720000	2.000000	NaN	NaN	NaN	NaN	NaN	NaN	NaN	NaN	NaN
45.001116	0.000000	0.000000	0.000000	-611.300000	3.000000	594.700000	3.000000	-138.690000	2.000000	NaN	NaN	NaN	NaN	NaN	NaN	NaN	NaN	NaN
46.001139	0.000000	0.000000	0.000000	-612.300000	3.000000	594.800000	3.000000	-138.380000	2.000000	NaN	NaN	NaN	NaN	NaN	NaN	NaN	NaN	NaN
47.001167	0.000000	0.000000	0.000000	-611.600000	3.000000	594.800000	3.000000	-138.390000	2.000000	NaN	NaN	NaN	NaN	NaN	NaN	NaN	NaN	NaN
48.001238	0.000000	0.000000	0.000000	-611.300000	3.000000	594.700000	3.000000	-138.460000	2.000000	NaN	NaN	NaN	NaN	NaN	NaN	NaN	NaN	NaN
49.001250	0.000000	0.000000	0.000000	-611.800000	3.000000	594.800000	3.000000	-138.780000	2.000000	NaN	NaN	NaN	NaN	NaN	NaN	NaN	NaN	NaN
50.001238	0.000000	0.000000	0.000000	-611.700000	3.000000	594.800000	3.000000	-138.910000	2.000000	NaN	NaN	NaN	NaN	NaN	NaN	NaN	NaN	NaN
51.001283	0.000000	0.000000	0.000000	-612.100000	3.000000	594.700000	3.000000	-138.670000	2.000000	NaN	NaN	NaN	NaN	NaN	NaN	NaN	NaN	NaN
52.001382	0.000000	0.000000	0.000000	-611.500000	3.000000	594.800000	3.000000	-138.440000	2.000000	NaN	NaN	NaN	NaN	NaN	NaN	NaN	NaN	NaN
53.001368	0.000000	0.000000	0.000000	-611.700000	3.000000	594.700000	3.000000	-138.380000	2.000000	NaN	NaN	NaN	NaN	NaN	NaN	NaN	NaN	NaN
54.001405	0.000000	0.000000	0.000000	-612.500000	3.000000	594.700000	3.000000	-139.190000	2.000000	NaN	NaN	NaN	NaN	NaN	NaN	NaN	NaN	NaN
55.001472	0.000000	0.000000	0.000000	-611.600000	3.000000	594.700000	3.000000	-139.190000	2.000000	NaN	NaN	NaN	NaN	NaN	NaN	NaN	NaN	NaN
56.001416	0.000000	0.000000	0.000000	-612.100000	3.000000	594.800000	3.000000	-140.500000	2.000000	NaN	NaN	NaN	NaN	NaN	NaN	NaN	NaN	NaN
57.000410	0.000000	0.000000	0.000000	-611.800000	3.000000	594.700000	3.000000	-140.660000	2.000000	NaN	NaN	NaN	NaN	NaN	NaN	NaN	NaN	NaN
58.000439	0.000000	0.000000	0.000000	-612.200000	3.000000	594.800000	3.000000	-141.020000	2.000000	NaN	NaN	NaN	NaN	NaN	NaN	NaN	NaN	NaN
59.000509	0.000000	0.000000	0.000000	-611.500000	3.000000	594.800000	3.000000	-141.670000	2.000000	NaN	NaN	NaN	NaN	NaN	NaN	NaN	NaN	NaN
60.000584	0.000000	0.000000	0.000000	-612.000000	3.000000	594.700000	3.000000	-140.720000	2.000000	NaN	NaN	NaN	NaN	NaN	NaN	NaN	NaN	NaN
61.000639	0.000000	0.000000	0.000000	-612.200000	3.000000	594.700000	3.000000	-140.650000	2.000000	NaN	NaN	NaN	NaN	NaN	NaN	NaN	NaN	NaN
62.000660	0.000000	0.000000	0.000000	-611.300000	3.000000	594.700000	3.000000	-140.710000	2.000000	NaN	NaN	NaN	NaN	NaN	NaN	NaN	NaN	NaN
63.000612	0.000000	0.000000	0.000000	-611.300000	3.000000	594.700000	3.000000	-140.800000	2.000000	NaN	NaN	NaN	NaN	NaN	NaN	NaN	NaN	NaN
64.000666	0.000000	0.000000	0.000000	-612.100000	3.000000	594.700000	3.000000	-140.380000	2.000000	NaN	NaN	NaN	NaN	NaN	NaN	NaN	NaN	NaN
65.000709	0.000000	0.000000	0.000000	-612.100000	3.000000	594.700000	3.000000	-140.370000	2.000000	NaN	NaN	NaN	NaN	NaN	NaN	NaN	NaN	NaN
66.000703	0.000000	0.000000	0.000000	-611.500000	3.000000	594.700000	3.000000	-140.070000	2.000000	NaN	NaN	NaN	NaN	NaN	NaN	NaN	NaN	NaN
67.000734	0.000000	0.000000	0.000000	-611.900000	3.000000	594.700000	3.000000	-140.010000	2.000000	NaN	NaN	NaN	NaN	NaN	NaN	NaN	NaN	NaN
68.000745	0.000000	0.000000	0.000000	-612.000000	3.000000	594.700000	3.000000	-139.850000	2.000000	NaN	NaN	NaN	NaN	NaN	NaN	NaN	NaN	NaN
69.000787	0.000000	0.000000	0.000000	-611.500000	3.000000	594.700000	3.000000	-140.710000	2.000000	NaN	NaN	NaN	NaN	NaN	NaN	NaN	NaN	NaN
70.000830	0.000000	0.000000	0.000000	-612.100000	3.000000	594.700000	3.000000	-140.730000	2.000000	NaN	NaN	NaN	NaN	NaN	NaN	NaN	NaN	NaN
71.000885	0.000000	0.000000	0.000000	-611.800000	3.000000	594.600000	3.000000	-140.330000	2.000000	NaN	NaN	NaN	NaN	NaN	NaN	NaN	NaN	NaN
72.000898	0.000000	0.000000	0.000000	-611.900000	3.000000	594.600000	3.000000	-140.280000	2.000000	NaN	NaN	NaN	NaN	NaN	NaN	NaN	NaN	NaN
73.000937	0.000000	0.000000	0.000000	-611.800000	3.000000	594.600000	3.000000	-140.290000	2.000000	NaN	NaN	NaN	NaN	NaN	NaN	NaN	NaN	NaN
74.000955	0.000000	0.000000	0.000000	-611.300000	3.000000	594.600000	3.000000	-140.350000	2.000000	NaN	NaN	NaN	NaN	NaN	NaN	NaN	NaN	NaN
74.999937	0.000000	0.000000	0.000000	-612.100000	3.000000	594.700000	3.000000	-140.380000	2.000000	NaN	NaN	NaN	NaN	NaN	NaN	NaN	NaN	NaN
75.999992	0.000000	0.000000	0.000000	-611.700000	3.000000	594.600000	3.000000	-140.420000	2.000000	NaN	NaN	NaN	NaN	NaN	NaN	NaN	NaN	NaN
76.999996	0.000000	0.000000	0.000000	-611.500000	3.000000	594.700000	3.000000	-140.470000	2.000000	NaN	NaN	NaN	NaN	NaN	NaN	NaN	NaN	NaN
78.000019	0.000000	0.000000	0.000000	-611.800000	3.000000	594.600000	3.000000	-140.550000	2.000000	NaN	NaN	NaN	NaN	NaN	NaN	NaN	NaN	NaN
79.000057	0.000000	0.000000	0.000000	-611.600000	3.000000	594.600000	3.000000	-140.900000	2.000000	NaN	NaN	NaN	NaN	NaN	NaN	NaN	NaN	NaN
80.000074	0.000000	0.000000	0.000000	-611.700000	3.000000	594.600000	3.000000	-141.270000	2.000000	NaN	NaN	NaN	NaN	NaN	NaN	NaN	NaN	NaN
81.000085	0.000000	0.000000	0.000000	-611.900000	3.000000	594.600000	3.000000	-140.770000	2.000000	NaN	NaN	NaN	NaN	NaN	NaN	NaN	NaN	NaN
82.000200	0.000000	0.000000	0.000000	-611.300000	3.000000	594.600000	3.000000	-140.970000	2.000000	NaN	NaN	NaN	NaN	NaN	NaN	NaN	NaN	NaN
83.000202	0.000000	0.000000	0.000000	-611.400000	3.000000	594.500000	3.000000	-140.650000	2.000000	NaN	NaN	NaN	NaN	NaN	NaN	NaN	NaN	NaN
84.000185	0.000000	0.000000	0.000000	-611.400000	3.000000	594.500000	3.000000	-139.660000	2.000000	NaN	NaN	NaN	NaN	NaN	NaN	NaN	NaN	NaN
85.000241	0.000000	0.000000	0.000000	-611.800000	3.000000	594.600000	3.000000	-140.440000	2.000000	NaN	NaN	NaN	NaN	NaN	NaN	NaN	NaN	NaN
86.000277	0.000000	0.000000	0.000000	-611.200000	3.000000	594.500000	3.000000	-139.500000	2.000000	NaN	NaN	NaN	NaN	NaN	NaN	NaN	NaN	NaN
87.000270	0.000000	0.000000	0.000000	-611.400000	3.000000	594.500000	3.000000	-137.480000	2.000000	NaN	NaN	NaN	NaN	NaN	NaN	NaN	NaN	NaN
88.000296	0.000000	0.000000	0.000000	-611.400000	3.000000	594.400000	3.000000	-138.330000	2.000000	NaN	NaN	NaN	NaN	NaN	NaN	NaN	NaN	NaN
89.000327	0.000000	0.000000	0.000000	-611.300000	3.000000	594.500000	3.000000	-138.010000	2.000000	NaN	NaN	NaN	NaN	NaN	NaN	NaN	NaN	NaN
90.000357	0.000000	0.000000	0.000000	-611.600000	3.000000	594.500000	3.000000	-138.050000	2.000000	NaN	NaN	NaN	NaN	NaN	NaN	NaN	NaN	NaN
91.000375	0.000000	0.000000	0.000000	-611.800000	3.000000	594.500000	3.000000	-139.080000	2.000000	NaN	NaN	NaN	NaN	NaN	NaN	NaN	NaN	NaN
91.999478	0.000000	0.000000	0.000000	-611.800000	3.000000	594.500000	3.000000	-138.500000	2.000000	NaN	NaN	NaN	NaN	NaN	NaN	NaN	NaN	NaN
92.999472	0.000000	0.000000	0.000000	-611.400000	3.000000	594.500000	3.000000	-137.820000	2.000000	NaN	NaN	NaN	NaN	NaN	NaN	NaN	NaN	NaN
93.999465	0.000000	0.000000	0.000000	-611.200000	3.000000	594.500000	3.000000	-137.750000	2.000000	NaN	NaN	NaN	NaN	NaN	NaN	NaN	NaN	NaN
94.999566	0.000000	0.000000	0.000000	-610.700000	3.000000	594.500000	3.000000	-137.830000	2.000000	NaN	NaN	NaN	NaN	NaN	NaN	NaN	NaN	NaN
95.999561	0.000000	0.000000	0.000000	-610.600000	3.000000	594.500000	3.000000	-136.880000	2.000000	NaN	NaN	NaN	NaN	NaN	NaN	NaN	NaN	NaN
96.999580	0.000000	0.000000	0.000000	-610.500000	3.000000	594.500000	3.000000	-136.090000	2.000000	NaN	NaN	NaN	NaN	NaN	NaN	NaN	NaN	NaN
97.999575	0.000000	0.000000	0.000000	-610.900000	3.000000	594.500000	3.000000	-137.020000	2.000000	NaN	NaN	NaN	NaN	NaN	NaN	NaN	NaN	NaN
98.999608	0.000000	0.000000	0.000000	-610.500000	3.000000	594.600000	3.000000	-136.880000	2.000000	NaN	NaN	NaN	NaN	NaN	NaN	NaN	NaN	NaN
99.999593	0.000000	0.000000	0.000000	-610.300000	3.000000	594.600000	3.000000	-136.450000	2.000000	NaN	NaN	NaN	NaN	NaN	NaN	NaN	NaN	NaN
100.999651	0.000000	0.000000	0.000000	-610.100000	3.000000	594.600000	3.000000	-136.200000	2.000000	NaN	NaN	NaN	NaN	NaN	NaN	NaN	NaN	NaN
101.999710	0.000000	0.000000	0.000000	-610.100000	3.000000	594.600000	3.000000	-136.380000	2.000000	NaN	NaN	NaN	NaN	NaN	NaN	NaN	NaN	NaN
102.999801	0.000000	0.000000	0.000000	-609.900000	3.000000	594.600000	3.000000	-137.630000	2.000000	NaN	NaN	NaN	NaN	NaN	NaN	NaN	NaN	NaN
103.999771	0.000000	0.000000	0.000000	-610.600000	3.000000	594.600000	3.000000	-138.560000	2.000000	NaN	NaN	NaN	NaN	NaN	NaN	NaN	NaN	NaN
104.999819	0.000000	0.000000	0.000000	-611.200000	3.000000	594.600000	3.000000	-138.700000	2.000000	NaN	NaN	NaN	NaN	NaN	NaN	NaN	NaN	NaN
105.999831	0.000000	0.000000	0.000000	-611.100000	3.000000	594.700000	3.000000	-137.450000	2.000000	NaN	NaN	NaN	NaN	NaN	NaN	NaN	NaN	NaN
106.999858	0.000000	0.000000	0.000000	-611.800000	3.000000	594.600000	3.000000	-137.780000	2.000000	NaN	NaN	NaN	NaN	NaN	NaN	NaN	NaN	NaN
107.999859	0.000000	0.000000	0.000000	-611.800000	3.000000	594.600000	3.000000	-138.150000	2.000000	NaN	NaN	NaN	NaN	NaN	NaN	NaN	NaN	NaN
108.999822	0.000000	0.000000	0.000000	-612.200000	3.000000	594.600000	3.000000	-138.720000	2.000000	NaN	NaN	NaN	NaN	NaN	NaN	NaN	NaN	NaN
109.998911	0.000000	0.000000	0.000000	-612.500000	3.000000	594.600000	3.000000	-139.030000	2.000000	NaN	NaN	NaN	NaN	NaN	NaN	NaN	NaN	NaN
110.998980	0.000000	0.000000	0.000000	-612.600000	3.000000	594.500000	3.000000	-139.120000	2.000000	NaN	NaN	NaN	NaN	NaN	NaN	NaN	NaN	NaN
111.999009	0.000000	0.000000	0.000000	-612.200000	3.000000	594.500000	3.000000	-140.160000	2.000000	NaN	NaN	NaN	NaN	NaN	NaN	NaN	NaN	NaN
112.998986	0.000000	0.000000	0.000000	-612.100000	3.000000	594.500000	3.000000	-140.890000	2.000000	NaN	NaN	NaN	NaN	NaN	NaN	NaN	NaN	NaN
113.999031	0.000000	0.000000	0.000000	-613.100000	3.000000	594.500000	3.000000	-141.430000	2.000000	NaN	NaN	NaN	NaN	NaN	NaN	NaN	NaN	NaN
114.999039	0.000000	0.000000	0.000000	-613.600000	3.000000	594.400000	3.000000	-141.230000	2.000000	NaN	NaN	NaN	NaN	NaN	NaN	NaN	NaN	NaN
115.999092	0.000000	0.000000	0.000000	-613.900000	3.000000	594.400000	3.000000	-140.870000	2.000000	NaN	NaN	NaN	NaN	NaN	NaN	NaN	NaN	NaN
116.999170	0.000000	0.000000	0.000000	-613.600000	3.000000	594.400000	3.000000	-139.920000	2.000000	NaN	NaN	NaN	NaN	NaN	NaN	NaN	NaN	NaN
117.999187	0.000000	0.000000	0.000000	-613.400000	3.000000	594.300000	3.000000	-140.870000	2.000000	NaN	NaN	NaN	NaN	NaN	NaN	NaN	NaN	NaN
118.999199	0.000000	0.000000	0.000000	-613.000000	3.000000	594.400000	3.000000	-141.360000	2.000000	NaN	NaN	NaN	NaN	NaN	NaN	NaN	NaN	NaN
119.999165	0.000000	0.000000	0.000000	-612.400000	3.000000	594.300000	3.000000	-143.080000	2.000000	NaN	NaN	NaN	NaN	NaN	NaN	NaN	NaN	NaN
120.999278	0.000000	0.000000	0.000000	-611.700000	3.000000	594.300000	3.000000	-142.420000	2.000000	NaN	NaN	NaN	NaN	NaN	NaN	NaN	NaN	NaN
121.999234	0.000000	0.000000	0.000000	-611.000000	3.000000	594.300000	3.000000	-140.390000	2.000000	NaN	NaN	NaN	NaN	NaN	NaN	NaN	NaN	NaN
122.999253	0.000000	0.000000	0.000000	-610.900000	3.000000	594.300000	3.000000	-139.880000	2.000000	NaN	NaN	NaN	NaN	NaN	NaN	NaN	NaN	NaN
123.999297	0.000000	0.000000	0.000000	-609.800000	3.000000	594.300000	3.000000	-140.340000	2.000000	NaN	NaN	NaN	NaN	NaN	NaN	NaN	NaN	NaN
124.999315	0.000000	0.000000	0.000000	-609.800000	3.000000	594.300000	3.000000	-139.910000	2.000000	NaN	NaN	NaN	NaN	NaN	NaN	NaN	NaN	NaN
125.999398	0.000000	0.000000	0.000000	-609.400000	3.000000	594.300000	3.000000	-140.440000	2.000000	NaN	NaN	NaN	NaN	NaN	NaN	NaN	NaN	NaN
126.998366	0.000000	0.000000	0.000000	-608.800000	3.000000	594.300000	3.000000	-140.570000	2.000000	NaN	NaN	NaN	NaN	NaN	NaN	NaN	NaN	NaN
127.998425	0.000000	0.000000	0.000000	-609.000000	3.000000	594.300000	3.000000	-140.660000	2.000000	NaN	NaN	NaN	NaN	NaN	NaN	NaN	NaN	NaN
128.998461	0.000000	0.000000	0.000000	-609.100000	3.000000	594.300000	3.000000	-139.730000	2.000000	NaN	NaN	NaN	NaN	NaN	NaN	NaN	NaN	NaN
129.998439	0.000000	0.000000	0.000000	-609.400000	3.000000	594.300000	3.000000	-137.970000	2.000000	NaN	NaN	NaN	NaN	NaN	NaN	NaN	NaN	NaN
130.998442	0.000000	0.000000	0.000000	-609.100000	3.000000	594.200000	3.000000	-136.880000	2.000000	NaN	NaN	NaN	NaN	NaN	NaN	NaN	NaN	NaN
131.998528	0.000000	0.000000	0.000000	-608.900000	3.000000	594.200000	3.000000	-136.510000	2.000000	NaN	NaN	NaN	NaN	NaN	NaN	NaN	NaN	NaN
132.998563	0.000000	0.000000	0.000000	-608.900000	3.000000	594.200000	3.000000	-136.160000	2.000000	NaN	NaN	NaN	NaN	NaN	NaN	NaN	NaN	NaN
133.998593	0.000000	0.000000	0.000000	-608.600000	3.000000	594.100000	3.000000	-140.090000	2.000000	NaN	NaN	NaN	NaN	NaN	NaN	NaN	NaN	NaN
134.998587	0.000000	0.000000	0.000000	-608.000000	3.000000	594.100000	3.000000	-138.480000	2.000000	NaN	NaN	NaN	NaN	NaN	NaN	NaN	NaN	NaN
135.998617	0.000000	0.000000	0.000000	-607.900000	3.000000	594.100000	3.000000	-138.370000	2.000000	NaN	NaN	NaN	NaN	NaN	NaN	NaN	NaN	NaN
136.998712	0.000000	0.000000	0.000000	-607.900000	3.000000	594.100000	3.000000	-138.900000	2.000000	NaN	NaN	NaN	NaN	NaN	NaN	NaN	NaN	NaN
137.998744	0.000000	0.000000	0.000000	-607.900000	3.000000	594.100000	3.000000	-139.330000	2.000000	NaN	NaN	NaN	NaN	NaN	NaN	NaN	NaN	NaN
138.998704	0.000000	0.000000	0.000000	-607.900000	3.000000	594.100000	3.000000	-139.470000	2.000000	NaN	NaN	NaN	NaN	NaN	NaN	NaN	NaN	NaN
139.998787	0.000000	0.000000	0.000000	-607.900000	3.000000	594.100000	3.000000	-139.580000	2.000000	NaN	NaN	NaN	NaN	NaN	NaN	NaN	NaN	NaN
140.998755	0.000000	0.000000	0.000000	-607.900000	3.000000	594.100000	3.000000	-139.750000	2.000000	NaN	NaN	NaN	NaN	NaN	NaN	NaN	NaN	NaN
141.998774	0.000000	0.000000	0.000000	-607.900000	3.000000	594.100000	3.000000	-139.620000	2.000000	NaN	NaN	NaN	NaN	NaN	NaN	NaN	NaN	NaN
142.998795	0.000000	0.000000	0.000000	-607.900000	3.000000	594.100000	3.000000	-139.550000	2.000000	NaN	NaN	NaN	NaN	NaN	NaN	NaN	NaN	NaN
143.998923	0.000000	0.000000	0.000000	-608.000000	3.000000	594.100000	3.000000	-139.420000	2.000000	NaN	NaN	NaN	NaN	NaN	NaN	NaN	NaN	NaN
144.997912	0.000000	0.000000	0.000000	-608.000000	3.000000	594.300000	3.000000	-139.440000	2.000000	NaN	NaN	NaN	NaN	NaN	NaN	NaN	NaN	NaN
145.998008	0.000000	0.000000	0.000000	-608.200000	3.000000	594.600000	3.000000	-139.520000	2.000000	NaN	NaN	NaN	NaN	NaN	NaN	NaN	NaN	NaN
146.997885	0.000000	0.000000	0.000000	-608.500000	3.000000	594.900000	3.000000	-139.360000	2.000000	NaN	NaN	NaN	NaN	NaN	NaN	NaN	NaN	NaN
147.997940	0.000000	0.000000	0.000000	-608.900000	3.000000	595.200000	3.000000	-139.400000	2.000000	NaN	NaN	NaN	NaN	NaN	NaN	NaN	NaN	NaN
148.998041	0.000000	0.000000	0.000000	-609.200000	3.000000	595.600000	3.000000	-139.110000	2.000000	NaN	NaN	NaN	NaN	NaN	NaN	NaN	NaN	NaN
149.998035	0.000000	0.000000	0.000000	-609.500000	3.000000	595.900000	3.000000	-139.460000	2.000000	NaN	NaN	NaN	NaN	NaN	NaN	NaN	NaN	NaN
150.998034	0.000000	0.000000	0.000000	-609.900000	3.000000	596.200000	3.000000	-139.150000	2.000000	NaN	NaN	NaN	NaN	NaN	NaN	NaN	NaN	NaN
151.998055	0.000000	0.000000	0.000000	-610.100000	3.000000	596.600000	3.000000	-139.220000	2.000000	NaN	NaN	NaN	NaN	NaN	NaN	NaN	NaN	NaN
152.998210	0.000000	0.000000	0.000000	-610.500000	3.000000	596.900000	3.000000	-139.150000	2.000000	NaN	NaN	NaN	NaN	NaN	NaN	NaN	NaN	NaN
153.998062	0.000000	0.000000	0.000000	-610.700000	3.000000	597.300000	3.000000	-139.510000	2.000000	NaN	NaN	NaN	NaN	NaN	NaN	NaN	NaN	NaN
154.998172	0.000000	0.000000	0.000000	-611.200000	3.000000	597.600000	3.000000	-139.820000	2.000000	NaN	NaN	NaN	NaN	NaN	NaN	NaN	NaN	NaN
155.998240	0.000000	0.000000	0.000000	-611.500000	3.000000	597.900000	3.000000	-139.720000	2.000000	NaN	NaN	NaN	NaN	NaN	NaN	NaN	NaN	NaN
156.998238	0.000000	0.000000	0.000000	-611.800000	3.000000	598.200000	3.000000	-139.760000	2.000000	NaN	NaN	NaN	NaN	NaN	NaN	NaN	NaN	NaN
157.998204	0.000000	0.000000	0.000000	-612.200000	3.000000	598.500000	3.000000	-139.790000	2.000000	NaN	NaN	NaN	NaN	NaN	NaN	NaN	NaN	NaN
158.998290	0.000000	0.000000	0.000000	-612.600000	3.000000	598.900000	3.000000	-139.910000	2.000000	NaN	NaN	NaN	NaN	NaN	NaN	NaN	NaN	NaN
159.998275	0.000000	0.000000	0.000000	-612.900000	3.000000	599.200000	3.000000	-139.940000	2.000000	NaN	NaN	NaN	NaN	NaN	NaN	NaN	NaN	NaN
160.998307	0.000000	0.000000	0.000000	-613.200000	3.000000	599.500000	3.000000	-139.930000	2.000000	NaN	NaN	NaN	NaN	NaN	NaN	NaN	NaN	NaN
161.997325	0.000000	0.000000	0.000000	-613.700000	3.000000	599.800000	3.000000	-139.950000	2.000000	NaN	NaN	NaN	NaN	NaN	NaN	NaN	NaN	NaN
162.997323	0.000000	0.000000	0.000000	-613.800000	3.000000	600.200000	3.000000	-139.990000	2.000000	NaN	NaN	NaN	NaN	NaN	NaN	NaN	NaN	NaN
163.997425	0.000000	0.000000	0.000000	-614.200000	3.000000	600.500000	3.000000	-140.320000	2.000000	NaN	NaN	NaN	NaN	NaN	NaN	NaN	NaN	NaN
164.997440	0.000000	0.000000	0.000000	-614.700000	3.000000	600.900000	3.000000	-140.150000	2.000000	NaN	NaN	NaN	NaN	NaN	NaN	NaN	NaN	NaN
165.997466	0.000000	0.000000	0.000000	-614.800000	3.000000	601.200000	3.000000	-139.750000	2.000000	NaN	NaN	NaN	NaN	NaN	NaN	NaN	NaN	NaN
166.997493	0.000000	0.000000	0.000000	-615.100000	3.000000	601.600000	3.000000	-139.830000	2.000000	NaN	NaN	NaN	NaN	NaN	NaN	NaN	NaN	NaN
167.997527	0.000000	0.000000	0.000000	-615.500000	3.000000	601.900000	3.000000	-140.140000	2.000000	NaN	NaN	NaN	NaN	NaN	NaN	NaN	NaN	NaN
168.997597	0.000000	0.000000	0.000000	-615.900000	3.000000	602.200000	3.000000	-140.000000	2.000000	NaN	NaN	NaN	NaN	NaN	NaN	NaN	NaN	NaN
169.997611	0.000000	0.000000	0.000000	-616.200000	3.000000	602.500000	3.000000	-140.080000	2.000000	NaN	NaN	NaN	NaN	NaN	NaN	NaN	NaN	NaN
170.997602	0.000000	0.000000	0.000000	-616.500000	3.000000	602.900000	3.000000	-140.120000	2.000000	NaN	NaN	NaN	NaN	NaN	NaN	NaN	NaN	NaN
171.997605	0.000000	0.000000	0.000000	-616.800000	3.000000	603.200000	3.000000	-140.160000	2.000000	NaN	NaN	NaN	NaN	NaN	NaN	NaN	NaN	NaN
172.997655	0.000000	0.000000	0.000000	-617.300000	3.000000	603.600000	3.000000	-140.220000	2.000000	NaN	NaN	NaN	NaN	NaN	NaN	NaN	NaN	NaN
173.997657	0.000000	0.000000	0.000000	-617.600000	3.000000	603.900000	3.000000	-140.110000	2.000000	NaN	NaN	NaN	NaN	NaN	NaN	NaN	NaN	NaN
174.997680	0.000000	0.000000	0.000000	-617.800000	3.000000	604.200000	3.000000	-140.130000	2.000000	NaN	NaN	NaN	NaN	NaN	NaN	NaN	NaN	NaN
175.997747	0.000000	0.000000	0.000000	-618.300000	3.000000	604.500000	3.000000	-140.340000	2.000000	NaN	NaN	NaN	NaN	NaN	NaN	NaN	NaN	NaN
176.997752	0.000000	0.000000	0.000000	-618.600000	3.000000	604.900000	3.000000	-140.370000	2.000000	NaN	NaN	NaN	NaN	NaN	NaN	NaN	NaN	NaN
177.997809	0.000000	0.000000	0.000000	-618.900000	3.000000	605.200000	3.000000	-140.160000	2.000000	NaN	NaN	NaN	NaN	NaN	NaN	NaN	NaN	NaN
178.997764	0.000000	0.000000	0.000000	-619.100000	3.000000	605.500000	3.000000	-140.260000	2.000000	NaN	NaN	NaN	NaN	NaN	NaN	NaN	NaN	NaN
179.996858	0.000000	0.000000	0.000000	-619.600000	3.000000	605.800000	3.000000	-140.270000	2.000000	NaN	NaN	NaN	NaN	NaN	NaN	NaN	NaN	NaN
180.996879	0.000000	0.000000	0.000000	-619.900000	3.000000	606.200000	3.000000	-140.250000	2.000000	NaN	NaN	NaN	NaN	NaN	NaN	NaN	NaN	NaN
181.997303	0.000000	0.000000	0.000000	-620.300000	3.000000	606.500000	3.000000	-140.130000	2.000000	NaN	NaN	NaN	NaN	NaN	NaN	NaN	NaN	NaN
182.996925	0.000000	0.000000	0.000000	-620.800000	3.000000	606.800000	3.000000	-140.030000	2.000000	NaN	NaN	NaN	NaN	NaN	NaN	NaN	NaN	NaN
183.996907	0.000000	0.000000	0.000000	-621.100000	3.000000	607.200000	3.000000	-140.000000	2.000000	NaN	NaN	NaN	NaN	NaN	NaN	NaN	NaN	NaN
184.996990	0.000000	0.000000	0.000000	-621.300000	3.000000	607.500000	3.000000	-140.010000	2.000000	NaN	NaN	NaN	NaN	NaN	NaN	NaN	NaN	NaN
185.997000	0.000000	0.000000	0.000000	-621.800000	3.000000	607.800000	3.000000	-139.930000	2.000000	NaN	NaN	NaN	NaN	NaN	NaN	NaN	NaN	NaN
186.997097	0.000000	0.000000	0.000000	-622.000000	3.000000	608.200000	3.000000	-139.820000	2.000000	NaN	NaN	NaN	NaN	NaN	NaN	NaN	NaN	NaN
187.997073	0.000000	0.000000	0.000000	-622.300000	3.000000	608.500000	3.000000	-139.850000	2.000000	NaN	NaN	NaN	NaN	NaN	NaN	NaN	NaN	NaN
188.997115	0.000000	0.000000	0.000000	-622.700000	3.000000	608.800000	3.000000	-139.720000	2.000000	NaN	NaN	NaN	NaN	NaN	NaN	NaN	NaN	NaN
189.997138	0.000000	0.000000	0.000000	-623.100000	3.000000	609.200000	3.000000	-140.330000	2.000000	NaN	NaN	NaN	NaN	NaN	NaN	NaN	NaN	NaN
190.997157	0.000000	0.000000	0.000000	-623.300000	3.000000	609.500000	3.000000	-140.070000	2.000000	NaN	NaN	NaN	NaN	NaN	NaN	NaN	NaN	NaN
191.997210	0.000000	0.000000	0.000000	-623.700000	3.000000	609.800000	3.000000	-139.870000	2.000000	NaN	NaN	NaN	NaN	NaN	NaN	NaN	NaN	NaN
192.997179	0.000000	0.000000	0.000000	-624.100000	3.000000	610.200000	3.000000	-139.710000	2.000000	NaN	NaN	NaN	NaN	NaN	NaN	NaN	NaN	NaN
193.997215	0.000000	0.000000	0.000000	-624.400000	3.000000	610.500000	3.000000	-139.900000	2.000000	NaN	NaN	NaN	NaN	NaN	NaN	NaN	NaN	NaN
194.997218	0.000000	0.000000	0.000000	-624.700000	3.000000	610.800000	3.000000	-140.220000	2.000000	NaN	NaN	NaN	NaN	NaN	NaN	NaN	NaN	NaN
195.997299	0.000000	0.000000	0.000000	-625.100000	3.000000	611.200000	3.000000	-140.110000	2.000000	NaN	NaN	NaN	NaN	NaN	NaN	NaN	NaN	NaN
196.996361	0.000000	0.000000	0.000000	-625.400000	3.000000	611.500000	3.000000	-140.000000	2.000000	NaN	NaN	NaN	NaN	NaN	NaN	NaN	NaN	NaN
197.996349	0.000000	0.000000	0.000000	-625.700000	3.000000	611.800000	3.000000	-140.050000	2.000000	NaN	NaN	NaN	NaN	NaN	NaN	NaN	NaN	NaN
198.996376	0.000000	0.000000	0.000000	-625.900000	3.000000	612.100000	3.000000	-139.920000	2.000000	NaN	NaN	NaN	NaN	NaN	NaN	NaN	NaN	NaN
199.996380	0.000000	0.000000	0.000000	-626.600000	3.000000	612.500000	3.000000	-139.640000	2.000000	NaN	NaN	NaN	NaN	NaN	NaN	NaN	NaN	NaN
200.996422	0.000000	0.000000	0.000000	-626.700000	3.000000	612.800000	3.000000	-139.620000	2.000000	NaN	NaN	NaN	NaN	NaN	NaN	NaN	NaN	NaN
201.996471	0.000000	0.000000	0.000000	-626.900000	3.000000	613.100000	3.000000	-139.540000	2.000000	NaN	NaN	NaN	NaN	NaN	NaN	NaN	NaN	NaN
202.996813	0.000000	0.000000	0.000000	-627.200000	3.000000	613.500000	3.000000	-139.340000	2.000000	NaN	NaN	NaN	NaN	NaN	NaN	NaN	NaN	NaN
203.996489	0.000000	0.000000	0.000000	-627.700000	3.000000	613.800000	3.000000	-139.220000	2.000000	NaN	NaN	NaN	NaN	NaN	NaN	NaN	NaN	NaN
204.996487	0.000000	0.000000	0.000000	-628.000000	3.000000	614.100000	3.000000	-139.630000	2.000000	NaN	NaN	NaN	NaN	NaN	NaN	NaN	NaN	NaN
205.996591	0.000000	0.000000	0.000000	-628.300000	3.000000	614.500000	3.000000	-140.090000	2.000000	NaN	NaN	NaN	NaN	NaN	NaN	NaN	NaN	NaN
206.996633	0.000000	0.000000	0.000000	-628.600000	3.000000	614.800000	3.000000	-140.080000	2.000000	NaN	NaN	NaN	NaN	NaN	NaN	NaN	NaN	NaN
207.996619	0.000000	0.000000	0.000000	-629.000000	3.000000	615.100000	3.000000	-140.130000	2.000000	NaN	NaN	NaN	NaN	NaN	NaN	NaN	NaN	NaN
208.996696	0.000000	0.000000	0.000000	-629.300000	3.000000	615.400000	3.000000	-140.080000	2.000000	NaN	NaN	NaN	NaN	NaN	NaN	NaN	NaN	NaN
209.996685	0.000000	0.000000	0.000000	-629.600000	3.000000	615.800000	3.000000	-140.010000	2.000000	NaN	NaN	NaN	NaN	NaN	NaN	NaN	NaN	NaN
210.996667	0.000000	0.000000	0.000000	-630.000000	3.000000	616.100000	3.000000	-140.280000	2.000000	NaN	NaN	NaN	NaN	NaN	NaN	NaN	NaN	NaN
211.996732	0.000000	0.000000	0.000000	-630.400000	3.000000	616.500000	3.000000	-140.300000	2.000000	NaN	NaN	NaN	NaN	NaN	NaN	NaN	NaN	NaN
212.996762	0.000000	0.000000	0.000000	-630.600000	3.000000	616.800000	3.000000	-140.120000	2.000000	NaN	NaN	NaN	NaN	NaN	NaN	NaN	NaN	NaN
213.996734	0.000000	0.000000	0.000000	-631.100000	3.000000	617.100000	3.000000	-139.970000	2.000000	NaN	NaN	NaN	NaN	NaN	NaN	NaN	NaN	NaN
214.995741	0.000000	0.000000	0.000000	-631.600000	3.000000	617.400000	3.000000	-139.990000	2.000000	NaN	NaN	NaN	NaN	NaN	NaN	NaN	NaN	NaN
215.995764	0.000000	0.000000	0.000000	-631.800000	3.000000	617.800000	3.000000	-140.050000	2.000000	NaN	NaN	NaN	NaN	NaN	NaN	NaN	NaN	NaN
216.995897	0.000000	0.000000	0.000000	-632.300000	3.000000	618.100000	3.000000	-140.090000	2.000000	NaN	NaN	NaN	NaN	NaN	NaN	NaN	NaN	NaN
217.995863	0.000000	0.000000	0.000000	-632.500000	3.000000	618.400000	3.000000	-139.770000	2.000000	NaN	NaN	NaN	NaN	NaN	NaN	NaN	NaN	NaN
218.995962	0.000000	0.000000	0.000000	-632.800000	3.000000	618.800000	3.000000	-138.710000	2.000000	NaN	NaN	NaN	NaN	NaN	NaN	NaN	NaN	NaN
219.995906	0.000000	0.000000	0.000000	-633.200000	3.000000	619.100000	3.000000	-138.740000	2.000000	NaN	NaN	NaN	NaN	NaN	NaN	NaN	NaN	NaN
220.995987	0.000000	0.000000	0.000000	-633.600000	3.000000	619.400000	3.000000	-138.540000	2.000000	NaN	NaN	NaN	NaN	NaN	NaN	NaN	NaN	NaN
221.995999	0.000000	0.000000	0.000000	-633.800000	3.000000	619.700000	3.000000	-138.770000	2.000000	NaN	NaN	NaN	NaN	NaN	NaN	NaN	NaN	NaN
222.996004	0.000000	0.000000	0.000000	-634.200000	3.000000	620.100000	3.000000	-139.170000	2.000000	NaN	NaN	NaN	NaN	NaN	NaN	NaN	NaN	NaN
223.996349	0.000000	0.000000	0.000000	-634.400000	3.000000	620.400000	3.000000	-139.780000	2.000000	NaN	NaN	NaN	NaN	NaN	NaN	NaN	NaN	NaN
224.996076	0.000000	0.000000	0.000000	-634.700000	3.000000	620.700000	3.000000	-138.870000	2.000000	NaN	NaN	NaN	NaN	NaN	NaN	NaN	NaN	NaN
225.996086	0.000000	0.000000	0.000000	-635.200000	3.000000	621.000000	3.000000	-138.760000	2.000000	NaN	NaN	NaN	NaN	NaN	NaN	NaN	NaN	NaN
226.996128	0.000000	0.000000	0.000000	-635.400000	3.000000	621.400000	3.000000	-139.120000	2.000000	NaN	NaN	NaN	NaN	NaN	NaN	NaN	NaN	NaN
227.996212	0.000000	0.000000	0.000000	-635.800000	3.000000	621.700000	3.000000	-139.700000	2.000000	NaN	NaN	NaN	NaN	NaN	NaN	NaN	NaN	NaN
228.996202	0.000000	0.000000	0.000000	-636.200000	3.000000	622.100000	3.000000	-139.720000	2.000000	NaN	NaN	NaN	NaN	NaN	NaN	NaN	NaN	NaN
229.996188	0.000000	0.000000	0.000000	-636.500000	3.000000	622.400000	3.000000	-139.710000	2.000000	NaN	NaN	NaN	NaN	NaN	NaN	NaN	NaN	NaN
230.996223	0.000000	0.000000	0.000000	-636.900000	3.000000	622.700000	3.000000	-139.920000	2.000000	NaN	NaN	NaN	NaN	NaN	NaN	NaN	NaN	NaN
231.995258	0.000000	0.000000	0.000000	-637.200000	3.000000	623.000000	3.000000	-139.550000	2.000000	NaN	NaN	NaN	NaN	NaN	NaN	NaN	NaN	NaN
232.995316	0.000000	0.000000	0.000000	-637.600000	3.000000	623.400000	3.000000	-139.900000	2.000000	NaN	NaN	NaN	NaN	NaN	NaN	NaN	NaN	NaN
233.995340	0.000000	0.000000	0.000000	-637.900000	3.000000	623.700000	3.000000	-139.990000	2.000000	NaN	NaN	NaN	NaN	NaN	NaN	NaN	NaN	NaN
234.995381	0.000000	0.000000	0.000000	-638.400000	3.000000	624.000000	3.000000	-140.400000	2.000000	NaN	NaN	NaN	NaN	NaN	NaN	NaN	NaN	NaN
235.995337	0.000000	0.000000	0.000000	-638.700000	3.000000	624.400000	3.000000	-140.480000	2.000000	NaN	NaN	NaN	NaN	NaN	NaN	NaN	NaN	NaN
236.995387	0.000000	0.000000	0.000000	-639.100000	3.000000	624.700000	3.000000	-140.510000	2.000000	NaN	NaN	NaN	NaN	NaN	NaN	NaN	NaN	NaN
237.995408	0.000000	0.000000	0.000000	-639.400000	3.000000	625.000000	3.000000	-140.650000	2.000000	NaN	NaN	NaN	NaN	NaN	NaN	NaN	NaN	NaN
238.995453	0.000000	0.000000	0.000000	-639.800000	3.000000	625.300000	3.000000	-140.760000	2.000000	NaN	NaN	NaN	NaN	NaN	NaN	NaN	NaN	NaN
239.995475	0.000000	0.000000	0.000000	-640.200000	3.000000	625.700000	3.000000	-140.010000	2.000000	NaN	NaN	NaN	NaN	NaN	NaN	NaN	NaN	NaN
240.995528	0.000000	0.000000	0.000000	-640.000000	3.000000	626.000000	3.000000	-140.110000	2.000000	NaN	NaN	NaN	NaN	NaN	NaN	NaN	NaN	NaN
241.995558	0.000000	0.000000	0.000000	-640.500000	3.000000	626.300000	3.000000	-139.890000	2.000000	NaN	NaN	NaN	NaN	NaN	NaN	NaN	NaN	NaN
242.995579	0.000000	0.000000	0.000000	-641.000000	3.000000	626.700000	3.000000	-140.470000	2.000000	NaN	NaN	NaN	NaN	NaN	NaN	NaN	NaN	NaN
243.995614	0.000000	0.000000	0.000000	-641.500000	3.000000	627.000000	3.000000	-140.860000	2.000000	NaN	NaN	NaN	NaN	NaN	NaN	NaN	NaN	NaN
244.995631	0.000000	0.000000	0.000000	-642.000000	3.000000	627.300000	3.000000	-140.680000	2.000000	NaN	NaN	NaN	NaN	NaN	NaN	NaN	NaN	NaN
245.995597	0.000000	0.000000	0.000000	-642.200000	3.000000	627.600000	3.000000	-140.940000	2.000000	NaN	NaN	NaN	NaN	NaN	NaN	NaN	NaN	NaN
246.995628	0.000000	0.000000	0.000000	-642.500000	3.000000	628.000000	3.000000	-141.310000	2.000000	NaN	NaN	NaN	NaN	NaN	NaN	NaN	NaN	NaN
247.995670	0.000000	0.000000	0.000000	-643.000000	3.000000	628.300000	3.000000	-141.130000	2.000000	NaN	NaN	NaN	NaN	NaN	NaN	NaN	NaN	NaN
248.995715	0.000000	0.000000	0.000000	-643.300000	3.000000	628.600000	3.000000	-141.220000	2.000000	NaN	NaN	NaN	NaN	NaN	NaN	NaN	NaN	NaN
249.994779	0.000000	0.000000	0.000000	-643.500000	3.000000	628.900000	3.000000	-141.950000	2.000000	NaN	NaN	NaN	NaN	NaN	NaN	NaN	NaN	NaN
250.994771	0.000000	0.000000	0.000000	-643.900000	3.000000	629.300000	3.000000	-142.120000	2.000000	NaN	NaN	NaN	NaN	NaN	NaN	NaN	NaN	NaN
251.994791	0.000000	0.000000	0.000000	-644.200000	3.000000	629.600000	3.000000	-142.160000	2.000000	NaN	NaN	NaN	NaN	NaN	NaN	NaN	NaN	NaN
252.994829	0.000000	0.000000	0.000000	-644.500000	3.000000	629.900000	3.000000	-142.350000	2.000000	NaN	NaN	NaN	NaN	NaN	NaN	NaN	NaN	NaN
253.994882	0.000000	0.000000	0.000000	-645.000000	3.000000	630.300000	3.000000	-142.340000	2.000000	NaN	NaN	NaN	NaN	NaN	NaN	NaN	NaN	NaN
254.994918	0.000000	0.000000	0.000000	-645.400000	3.000000	630.600000	3.000000	-142.540000	2.000000	NaN	NaN	NaN	NaN	NaN	NaN	NaN	NaN	NaN
255.994904	0.000000	0.000000	0.000000	-645.800000	3.000000	630.900000	3.000000	-142.750000	2.000000	NaN	NaN	NaN	NaN	NaN	NaN	NaN	NaN	NaN
256.994900	0.000000	0.000000	0.000000	-645.900000	3.000000	631.200000	3.000000	-142.370000	2.000000	NaN	NaN	NaN	NaN	NaN	NaN	NaN	NaN	NaN
257.994956	0.000000	0.000000	0.000000	-646.400000	3.000000	631.600000	3.000000	-142.370000	2.000000	NaN	NaN	NaN	NaN	NaN	NaN	NaN	NaN	NaN
258.994987	0.000000	0.000000	0.000000	-646.800000	3.000000	631.900000	3.000000	-142.760000	2.000000	NaN	NaN	NaN	NaN	NaN	NaN	NaN	NaN	NaN
259.995116	0.000000	0.000000	0.000000	-647.200000	3.000000	632.200000	3.000000	-142.720000	2.000000	NaN	NaN	NaN	NaN	NaN	NaN	NaN	NaN	NaN
260.995040	0.000000	0.000000	0.000000	-647.500000	3.000000	632.600000	3.000000	-143.280000	2.000000	NaN	NaN	NaN	NaN	NaN	NaN	NaN	NaN	NaN
261.995075	0.000000	0.000000	0.000000	-647.600000	3.000000	632.900000	3.000000	-143.410000	2.000000	NaN	NaN	NaN	NaN	NaN	NaN	NaN	NaN	NaN
262.995170	0.000000	0.000000	0.000000	-648.300000	3.000000	633.200000	3.000000	-143.740000	2.000000	NaN	NaN	NaN	NaN	NaN	NaN	NaN	NaN	NaN
263.995159	0.000000	0.000000	0.000000	-648.600000	3.000000	633.600000	3.000000	-143.860000	2.000000	NaN	NaN	NaN	NaN	NaN	NaN	NaN	NaN	NaN
264.995200	0.000000	0.000000	0.000000	-649.000000	3.000000	633.900000	3.000000	-144.060000	2.000000	NaN	NaN	NaN	NaN	NaN	NaN	NaN	NaN	NaN
265.995152	0.000000	0.000000	0.000000	-649.300000	3.000000	634.200000	3.000000	-143.890000	2.000000	NaN	NaN	NaN	NaN	NaN	NaN	NaN	NaN	NaN
266.994209	0.000000	0.000000	0.000000	-649.700000	3.000000	634.500000	3.000000	-144.070000	2.000000	NaN	NaN	NaN	NaN	NaN	NaN	NaN	NaN	NaN
267.994236	0.000000	0.000000	0.000000	-650.100000	3.000000	634.800000	3.000000	-145.050000	2.000000	NaN	NaN	NaN	NaN	NaN	NaN	NaN	NaN	NaN
268.994319	0.000000	0.000000	0.000000	-650.100000	3.000000	635.200000	3.000000	-145.250000	2.000000	NaN	NaN	NaN	NaN	NaN	NaN	NaN	NaN	NaN
269.994290	0.000000	0.000000	0.000000	-650.500000	3.000000	635.500000	3.000000	-145.680000	2.000000	NaN	NaN	NaN	NaN	NaN	NaN	NaN	NaN	NaN
270.994355	0.000000	0.000000	0.000000	-650.700000	3.000000	635.800000	3.000000	-145.820000	2.000000	NaN	NaN	NaN	NaN	NaN	NaN	NaN	NaN	NaN
271.994347	0.000000	0.000000	0.000000	-651.400000	3.000000	636.100000	3.000000	-145.910000	2.000000	NaN	NaN	NaN	NaN	NaN	NaN	NaN	NaN	NaN
272.994466	0.000000	0.000000	0.000000	-651.500000	3.000000	636.500000	3.000000	-146.080000	2.000000	NaN	NaN	NaN	NaN	NaN	NaN	NaN	NaN	NaN
273.994403	0.000000	0.000000	0.000000	-652.000000	3.000000	636.900000	3.000000	-146.700000	2.000000	NaN	NaN	NaN	NaN	NaN	NaN	NaN	NaN	NaN
274.994461	0.000000	0.000000	0.000000	-652.200000	3.000000	637.200000	3.000000	-146.540000	2.000000	NaN	NaN	NaN	NaN	NaN	NaN	NaN	NaN	NaN
275.994538	0.000000	0.000000	0.000000	-652.800000	3.000000	637.600000	3.000000	-146.600000	2.000000	NaN	NaN	NaN	NaN	NaN	NaN	NaN	NaN	NaN
276.994455	0.000000	0.000000	0.000000	-653.000000	3.000000	637.800000	3.000000	-147.080000	2.000000	NaN	NaN	NaN	NaN	NaN	NaN	NaN	NaN	NaN
277.994478	0.000000	0.000000	0.000000	-653.300000	3.000000	638.100000	3.000000	-147.350000	2.000000	NaN	NaN	NaN	NaN	NaN	NaN	NaN	NaN	NaN
278.994589	0.000000	0.000000	0.000000	-653.400000	3.000000	638.200000	3.000000	-147.530000	2.000000	NaN	NaN	NaN	NaN	NaN	NaN	NaN	NaN	NaN
279.994589	0.000000	0.000000	0.000000	-653.600000	3.000000	638.400000	3.000000	-148.070000	2.000000	NaN	NaN	NaN	NaN	NaN	NaN	NaN	NaN	NaN
280.994663	0.000000	0.000000	0.000000	-653.900000	3.000000	638.700000	3.000000	-148.260000	2.000000	NaN	NaN	NaN	NaN	NaN	NaN	NaN	NaN	NaN
281.994700	0.000000	0.000000	0.000000	-654.100000	3.000000	638.800000	3.000000	-148.500000	2.000000	NaN	NaN	NaN	NaN	NaN	NaN	NaN	NaN	NaN
282.994721	0.000000	0.000000	0.000000	-654.100000	3.000000	639.000000	3.000000	-148.590000	2.000000	NaN	NaN	NaN	NaN	NaN	NaN	NaN	NaN	NaN
283.994774	0.000000	0.000000	0.000000	-654.300000	3.000000	639.300000	3.000000	-148.710000	2.000000	NaN	NaN	NaN	NaN	NaN	NaN	NaN	NaN	NaN
284.993769	0.000000	0.000000	0.000000	-654.600000	3.000000	639.400000	3.000000	-148.980000	2.000000	NaN	NaN	NaN	NaN	NaN	NaN	NaN	NaN	NaN
285.993788	0.000000	0.000000	0.000000	-654.800000	3.000000	639.600000	3.000000	-149.280000	2.000000	NaN	NaN	NaN	NaN	NaN	NaN	NaN	NaN	NaN
286.993837	0.000000	0.000000	0.000000	-655.000000	3.000000	639.700000	3.000000	-149.430000	2.000000	NaN	NaN	NaN	NaN	NaN	NaN	NaN	NaN	NaN
287.993794	0.000000	0.000000	0.000000	-655.100000	3.000000	639.900000	3.000000	-149.640000	2.000000	NaN	NaN	NaN	NaN	NaN	NaN	NaN	NaN	NaN
288.993776	0.000000	0.000000	0.000000	-655.300000	3.000000	640.100000	3.000000	-149.830000	2.000000	NaN	NaN	NaN	NaN	NaN	NaN	NaN	NaN	NaN
289.993824	0.000000	0.000000	0.000000	-655.400000	3.000000	640.300000	3.000000	-150.160000	2.000000	NaN	NaN	NaN	NaN	NaN	NaN	NaN	NaN	NaN
290.993863	0.000000	0.000000	0.000000	-655.600000	3.000000	640.500000	3.000000	-150.120000	2.000000	NaN	NaN	NaN	NaN	NaN	NaN	NaN	NaN	NaN
291.993898	0.000000	0.000000	0.000000	-656.000000	3.000000	640.600000	3.000000	-150.310000	2.000000	NaN	NaN	NaN	NaN	NaN	NaN	NaN	NaN	NaN
292.993952	0.000000	0.000000	0.000000	-656.100000	3.000000	640.800000	3.000000	-151.180000	2.000000	NaN	NaN	NaN	NaN	NaN	NaN	NaN	NaN	NaN
293.994029	0.000000	0.000000	0.000000	-656.100000	3.000000	640.900000	3.000000	-151.360000	2.000000	NaN	NaN	NaN	NaN	NaN	NaN	NaN	NaN	NaN
294.994013	0.000000	0.000000	0.000000	-656.200000	3.000000	641.100000	3.000000	-151.580000	2.000000	NaN	NaN	NaN	NaN	NaN	NaN	NaN	NaN	NaN
295.994041	0.000000	0.000000	0.000000	-656.600000	3.000000	641.200000	3.000000	-151.790000	2.000000	NaN	NaN	NaN	NaN	NaN	NaN	NaN	NaN	NaN
296.994087	0.000000	0.000000	0.000000	-656.500000	3.000000	641.300000	3.000000	-152.210000	2.000000	NaN	NaN	NaN	NaN	NaN	NaN	NaN	NaN	NaN
297.994048	0.000000	0.000000	0.000000	-656.700000	3.000000	641.500000	3.000000	-152.500000	2.000000	NaN	NaN	NaN	NaN	NaN	NaN	NaN	NaN	NaN
298.994068	0.000000	0.000000	0.000000	-656.700000	3.000000	641.600000	3.000000	-152.750000	2.000000	NaN	NaN	NaN	NaN	NaN	NaN	NaN	NaN	NaN
299.994130	0.000000	0.000000	0.000000	-656.800000	3.000000	641.700000	3.000000	-153.120000	2.000000	NaN	NaN	NaN	NaN	NaN	NaN	NaN	NaN	NaN
300.994159	0.000000	0.000000	0.000000	-656.900000	3.000000	641.800000	3.000000	-153.300000	2.000000	NaN	NaN	NaN	NaN	NaN	NaN	NaN	NaN	NaN
301.993184	0.000000	0.000000	0.000000	-657.100000	3.000000	642.000000	3.000000	-153.720000	2.000000	NaN	NaN	NaN	NaN	NaN	NaN	NaN	NaN	NaN
302.993199	0.000000	0.000000	0.000000	-657.200000	3.000000	642.100000	3.000000	-153.690000	2.000000	NaN	NaN	NaN	NaN	NaN	NaN	NaN	NaN	NaN
303.993306	0.000000	0.000000	0.000000	-657.100000	3.000000	642.200000	3.000000	-153.750000	2.000000	NaN	NaN	NaN	NaN	NaN	NaN	NaN	NaN	NaN
304.993255	0.000000	0.000000	0.000000	-657.300000	3.000000	642.300000	3.000000	-154.110000	2.000000	NaN	NaN	NaN	NaN	NaN	NaN	NaN	NaN	NaN
305.993345	0.000000	0.000000	0.000000	-657.600000	3.000000	642.400000	3.000000	-154.730000	2.000000	NaN	NaN	NaN	NaN	NaN	NaN	NaN	NaN	NaN
306.993386	0.000000	0.000000	0.000000	-657.900000	3.000000	642.600000	3.000000	-154.850000	2.000000	NaN	NaN	NaN	NaN	NaN	NaN	NaN	NaN	NaN
307.993338	0.000000	0.000000	0.000000	-657.700000	3.000000	642.700000	3.000000	-155.300000	2.000000	NaN	NaN	NaN	NaN	NaN	NaN	NaN	NaN	NaN
308.993340	0.000000	0.000000	0.000000	-658.000000	3.000000	642.700000	3.000000	-155.800000	2.000000	NaN	NaN	NaN	NaN	NaN	NaN	NaN	NaN	NaN
309.993385	0.000000	0.000000	0.000000	-658.100000	3.000000	642.900000	3.000000	-155.740000	2.000000	NaN	NaN	NaN	NaN	NaN	NaN	NaN	NaN	NaN
310.993443	0.000000	0.000000	0.000000	-658.200000	3.000000	643.000000	3.000000	-156.000000	2.000000	NaN	NaN	NaN	NaN	NaN	NaN	NaN	NaN	NaN
311.993462	0.000000	0.000000	0.000000	-658.400000	3.000000	643.100000	3.000000	-156.180000	2.000000	NaN	NaN	NaN	NaN	NaN	NaN	NaN	NaN	NaN
312.993545	0.000000	0.000000	0.000000	-658.400000	3.000000	643.200000	3.000000	-156.790000	2.000000	NaN	NaN	NaN	NaN	NaN	NaN	NaN	NaN	NaN
313.993521	0.000000	0.000000	0.000000	-658.500000	3.000000	643.300000	3.000000	-157.420000	2.000000	NaN	NaN	NaN	NaN	NaN	NaN	NaN	NaN	NaN
314.993563	0.000000	0.000000	0.000000	-658.500000	3.000000	643.400000	3.000000	-157.160000	2.000000	NaN	NaN	NaN	NaN	NaN	NaN	NaN	NaN	NaN
315.993552	0.000000	0.000000	0.000000	-658.400000	3.000000	643.500000	3.000000	-157.510000	2.000000	NaN	NaN	NaN	NaN	NaN	NaN	NaN	NaN	NaN
316.993624	0.000000	0.000000	0.000000	-658.700000	3.000000	643.600000	3.000000	-157.940000	2.000000	NaN	NaN	NaN	NaN	NaN	NaN	NaN	NaN	NaN
317.993687	0.000000	0.000000	0.000000	-658.500000	3.000000	643.600000	3.000000	-158.440000	2.000000	NaN	NaN	NaN	NaN	NaN	NaN	NaN	NaN	NaN
318.993709	0.000000	0.000000	0.000000	-658.400000	3.000000	643.700000	3.000000	-158.420000	2.000000	NaN	NaN	NaN	NaN	NaN	NaN	NaN	NaN	NaN
319.992668	0.000000	0.000000	0.000000	-658.800000	3.000000	643.800000	3.000000	-159.170000	2.000000	NaN	NaN	NaN	NaN	NaN	NaN	NaN	NaN	NaN
320.992689	0.000000	0.000000	0.000000	-658.800000	3.000000	643.900000	3.000000	-159.330000	2.000000	NaN	NaN	NaN	NaN	NaN	NaN	NaN	NaN	NaN
321.992723	0.000000	0.000000	0.000000	-658.900000	3.000000	644.000000	3.000000	-159.510000	2.000000	NaN	NaN	NaN	NaN	NaN	NaN	NaN	NaN	NaN
322.992745	0.000000	0.000000	0.000000	-659.100000	3.000000	644.000000	3.000000	-159.570000	2.000000	NaN	NaN	NaN	NaN	NaN	NaN	NaN	NaN	NaN
323.992776	0.000000	0.000000	0.000000	-659.200000	3.000000	644.100000	3.000000	-159.660000	2.000000	NaN	NaN	NaN	NaN	NaN	NaN	NaN	NaN	NaN
324.992838	0.000000	0.000000	0.000000	-659.000000	3.000000	644.200000	3.000000	-159.980000	2.000000	NaN	NaN	NaN	NaN	NaN	NaN	NaN	NaN	NaN
325.992866	0.000000	0.000000	0.000000	-659.400000	3.000000	644.200000	3.000000	-160.660000	2.000000	NaN	NaN	NaN	NaN	NaN	NaN	NaN	NaN	NaN
326.992895	0.000000	0.000000	0.000000	-659.200000	3.000000	644.300000	3.000000	-161.300000	2.000000	NaN	NaN	NaN	NaN	NaN	NaN	NaN	NaN	NaN
327.992982	0.000000	0.000000	0.000000	-659.200000	3.000000	644.300000	3.000000	-161.190000	2.000000	NaN	NaN	NaN	NaN	NaN	NaN	NaN	NaN	NaN
328.992973	0.000000	0.000000	0.000000	-659.200000	3.000000	644.300000	3.000000	-161.470000	2.000000	NaN	NaN	NaN	NaN	NaN	NaN	NaN	NaN	NaN
329.992956	0.000000	0.000000	0.000000	-659.800000	3.000000	644.400000	3.000000	-161.850000	2.000000	NaN	NaN	NaN	NaN	NaN	NaN	NaN	NaN	NaN
330.992933	0.000000	0.000000	0.000000	-659.800000	3.000000	644.400000	3.000000	-161.990000	2.000000	NaN	NaN	NaN	NaN	NaN	NaN	NaN	NaN	NaN
331.992991	0.000000	0.000000	0.000000	-659.700000	3.000000	644.500000	3.000000	-162.310000	2.000000	NaN	NaN	NaN	NaN	NaN	NaN	NaN	NaN	NaN
332.993060	0.000000	0.000000	0.000000	-659.900000	3.000000	644.500000	3.000000	-162.990000	2.000000	NaN	NaN	NaN	NaN	NaN	NaN	NaN	NaN	NaN
333.993085	0.000000	0.000000	0.000000	-659.900000	3.000000	644.500000	3.000000	-163.310000	2.000000	NaN	NaN	NaN	NaN	NaN	NaN	NaN	NaN	NaN
334.993075	0.000000	0.000000	0.000000	-659.800000	3.000000	644.500000	3.000000	-163.340000	2.000000	NaN	NaN	NaN	NaN	NaN	NaN	NaN	NaN	NaN
335.993137	0.000000	0.000000	0.000000	-659.500000	3.000000	644.500000	3.000000	-163.600000	2.000000	NaN	NaN	NaN	NaN	NaN	NaN	NaN	NaN	NaN
336.992134	0.000000	0.000000	0.000000	-659.400000	3.000000	644.600000	3.000000	-163.790000	2.000000	NaN	NaN	NaN	NaN	NaN	NaN	NaN	NaN	NaN
337.992162	0.000000	0.000000	0.000000	-659.400000	3.000000	644.600000	3.000000	-164.300000	2.000000	NaN	NaN	NaN	NaN	NaN	NaN	NaN	NaN	NaN
338.992217	0.000000	0.000000	0.000000	-659.700000	3.000000	644.600000	3.000000	-164.790000	2.000000	NaN	NaN	NaN	NaN	NaN	NaN	NaN	NaN	NaN
339.992292	0.000000	0.000000	0.000000	-660.000000	3.000000	644.500000	3.000000	-164.950000	2.000000	NaN	NaN	NaN	NaN	NaN	NaN	NaN	NaN	NaN
340.992265	0.000000	0.000000	0.000000	-659.600000	3.000000	644.600000	3.000000	-165.370000	2.000000	NaN	NaN	NaN	NaN	NaN	NaN	NaN	NaN	NaN
341.992480	0.000000	0.000000	0.000000	-660.300000	3.000000	644.600000	3.000000	-166.020000	2.000000	NaN	NaN	NaN	NaN	NaN	NaN	NaN	NaN	NaN
342.992386	0.000000	0.000000	0.000000	-659.500000	3.000000	644.600000	3.000000	-166.210000	2.000000	NaN	NaN	NaN	NaN	NaN	NaN	NaN	NaN	NaN
343.992354	0.000000	0.000000	0.000000	-660.000000	3.000000	644.600000	3.000000	-166.470000	2.000000	NaN	NaN	NaN	NaN	NaN	NaN	NaN	NaN	NaN
344.992320	0.000000	0.000000	0.000000	-659.900000	3.000000	644.600000	3.000000	-167.150000	2.000000	NaN	NaN	NaN	NaN	NaN	NaN	NaN	NaN	NaN
345.992417	0.000000	0.000000	0.000000	-660.100000	3.000000	644.600000	3.000000	-167.400000	2.000000	NaN	NaN	NaN	NaN	NaN	NaN	NaN	NaN	NaN
346.992407	0.000000	0.000000	0.000000	-659.900000	3.000000	644.600000	3.000000	-167.670000	2.000000	NaN	NaN	NaN	NaN	NaN	NaN	NaN	NaN	NaN
347.992504	0.000000	0.000000	0.000000	-660.000000	3.000000	644.600000	3.000000	-168.270000	2.000000	NaN	NaN	NaN	NaN	NaN	NaN	NaN	NaN	NaN
348.992492	0.000000	0.000000	0.000000	-659.600000	3.000000	644.600000	3.000000	-168.530000	2.000000	NaN	NaN	NaN	NaN	NaN	NaN	NaN	NaN	NaN
349.992561	0.000000	0.000000	0.000000	-659.500000	3.000000	644.600000	3.000000	-168.600000	2.000000	NaN	NaN	NaN	NaN	NaN	NaN	NaN	NaN	NaN
350.992479	0.000000	0.000000	0.000000	-659.600000	3.000000	644.500000	3.000000	-168.670000	2.000000	NaN	NaN	NaN	NaN	NaN	NaN	NaN	NaN	NaN
351.992509	0.000000	0.000000	0.000000	-659.900000	3.000000	644.600000	3.000000	-169.260000	2.000000	NaN	NaN	NaN	NaN	NaN	NaN	NaN	NaN	NaN
352.992587	0.000000	0.000000	0.000000	-660.100000	3.000000	644.600000	3.000000	-169.420000	2.000000	NaN	NaN	NaN	NaN	NaN	NaN	NaN	NaN	NaN
353.992632	0.000000	0.000000	0.000000	-660.500000	3.000000	644.500000	3.000000	-169.730000	2.000000	NaN	NaN	NaN	NaN	NaN	NaN	NaN	NaN	NaN
354.991703	0.000000	0.000000	0.000000	-659.400000	3.000000	644.600000	3.000000	-170.000000	2.000000	NaN	NaN	NaN	NaN	NaN	NaN	NaN	NaN	NaN
355.991731	0.000000	0.000000	0.000000	-659.600000	3.000000	644.600000	3.000000	-170.260000	2.000000	NaN	NaN	NaN	NaN	NaN	NaN	NaN	NaN	NaN
356.991682	0.000000	0.000000	0.000000	-659.500000	3.000000	644.600000	3.000000	-170.030000	2.000000	NaN	NaN	NaN	NaN	NaN	NaN	NaN	NaN	NaN
357.991742	0.000000	0.000000	0.000000	-659.800000	3.000000	644.600000	3.000000	-171.040000	2.000000	NaN	NaN	NaN	NaN	NaN	NaN	NaN	NaN	NaN
358.991745	0.000000	0.000000	0.000000	-659.500000	3.000000	644.600000	3.000000	-171.530000	2.000000	NaN	NaN	NaN	NaN	NaN	NaN	NaN	NaN	NaN
359.991755	0.000000	0.000000	0.000000	-660.200000	3.000000	644.600000	3.000000	-171.710000	2.000000	NaN	NaN	NaN	NaN	NaN	NaN	NaN	NaN	NaN
360.992530	0.000000	0.000000	0.000000	-660.100000	3.000000	644.600000	3.000000	-171.790000	2.000000	NaN	NaN	NaN	NaN	NaN	NaN	NaN	NaN	NaN
361.991802	0.000000	0.000000	0.000000	-660.100000	3.000000	644.600000	3.000000	-171.910000	2.000000	NaN	NaN	NaN	NaN	NaN	NaN	NaN	NaN	NaN
362.991836	0.000000	0.000000	0.000000	-659.500000	3.000000	644.600000	3.000000	-172.510000	2.000000	NaN	NaN	NaN	NaN	NaN	NaN	NaN	NaN	NaN
363.991888	0.000000	0.000000	0.000000	-660.700000	3.000000	644.600000	3.000000	-172.500000	2.000000	NaN	NaN	NaN	NaN	NaN	NaN	NaN	NaN	NaN
364.991930	0.000000	0.000000	0.000000	-659.500000	3.000000	644.600000	3.000000	-172.550000	2.000000	NaN	NaN	NaN	NaN	NaN	NaN	NaN	NaN	NaN
365.991995	0.000000	0.000000	0.000000	-660.300000	3.000000	644.600000	3.000000	-172.840000	2.000000	NaN	NaN	NaN	NaN	NaN	NaN	NaN	NaN	NaN
366.991955	0.000000	0.000000	0.000000	-660.100000	3.000000	644.600000	3.000000	-172.910000	2.000000	NaN	NaN	NaN	NaN	NaN	NaN	NaN	NaN	NaN
367.992053	0.000000	0.000000	0.000000	-659.600000	3.000000	644.600000	3.000000	-173.110000	2.000000	NaN	NaN	NaN	NaN	NaN	NaN	NaN	NaN	NaN
368.992049	0.000000	0.000000	0.000000	-659.200000	3.000000	644.600000	3.000000	-173.690000	2.000000	NaN	NaN	NaN	NaN	NaN	NaN	NaN	NaN	NaN
369.992069	0.000000	0.000000	0.000000	-659.400000	3.000000	644.600000	3.000000	-174.330000	2.000000	NaN	NaN	NaN	NaN	NaN	NaN	NaN	NaN	NaN
370.992124	0.000000	0.000000	0.000000	-659.200000	3.000000	644.600000	3.000000	-174.630000	2.000000	NaN	NaN	NaN	NaN	NaN	NaN	NaN	NaN	NaN
371.991095	0.000000	0.000000	0.000000	-659.700000	3.000000	644.600000	3.000000	-175.070000	2.000000	NaN	NaN	NaN	NaN	NaN	NaN	NaN	NaN	NaN
372.991117	0.000000	0.000000	0.000000	-659.900000	3.000000	644.600000	3.000000	-175.110000	2.000000	NaN	NaN	NaN	NaN	NaN	NaN	NaN	NaN	NaN
373.991110	0.000000	0.000000	0.000000	-660.100000	3.000000	644.600000	3.000000	-175.680000	2.000000	NaN	NaN	NaN	NaN	NaN	NaN	NaN	NaN	NaN
374.991216	0.000000	0.000000	0.000000	-660.400000	3.000000	644.600000	3.000000	-175.710000	2.000000	NaN	NaN	NaN	NaN	NaN	NaN	NaN	NaN	NaN
375.991245	0.000000	0.000000	0.000000	-661.300000	3.000000	644.600000	3.000000	-175.870000	2.000000	NaN	NaN	NaN	NaN	NaN	NaN	NaN	NaN	NaN
376.991254	0.000000	0.000000	0.000000	-660.600000	3.000000	644.600000	3.000000	-176.180000	2.000000	NaN	NaN	NaN	NaN	NaN	NaN	NaN	NaN	NaN
377.991279	0.000000	0.000000	0.000000	-660.500000	3.000000	644.600000	3.000000	-176.170000	2.000000	NaN	NaN	NaN	NaN	NaN	NaN	NaN	NaN	NaN
378.991284	0.000000	0.000000	0.000000	-660.400000	3.000000	644.600000	3.000000	-176.170000	2.000000	NaN	NaN	NaN	NaN	NaN	NaN	NaN	NaN	NaN
379.991395	0.000000	0.000000	0.000000	-660.500000	3.000000	644.600000	3.000000	-176.670000	2.000000	NaN	NaN	NaN	NaN	NaN	NaN	NaN	NaN	NaN
380.991335	0.000000	0.000000	0.000000	-660.400000	3.000000	644.600000	3.000000	-176.790000	2.000000	NaN	NaN	NaN	NaN	NaN	NaN	NaN	NaN	NaN
381.992119	0.000000	0.000000	0.000000	-660.900000	3.000000	644.600000	3.000000	-176.900000	2.000000	NaN	NaN	NaN	NaN	NaN	NaN	NaN	NaN	NaN
382.991359	0.000000	0.000000	0.000000	-660.600000	3.000000	644.600000	3.000000	-176.950000	2.000000	NaN	NaN	NaN	NaN	NaN	NaN	NaN	NaN	NaN
383.991444	0.000000	0.000000	0.000000	-661.200000	3.000000	644.700000	3.000000	-177.140000	2.000000	NaN	NaN	NaN	NaN	NaN	NaN	NaN	NaN	NaN
384.991497	0.000000	0.000000	0.000000	-660.500000	3.000000	644.600000	3.000000	-177.370000	2.000000	NaN	NaN	NaN	NaN	NaN	NaN	NaN	NaN	NaN
385.991499	0.000000	0.000000	0.000000	-659.900000	3.000000	644.600000	3.000000	-177.490000	2.000000	NaN	NaN	NaN	NaN	NaN	NaN	NaN	NaN	NaN
386.991541	0.000000	0.000000	0.000000	-659.600000	3.000000	644.600000	3.000000	-177.330000	2.000000	NaN	NaN	NaN	NaN	NaN	NaN	NaN	NaN	NaN
387.991565	0.000000	0.000000	0.000000	-659.700000	3.000000	644.700000	3.000000	-177.540000	2.000000	NaN	NaN	NaN	NaN	NaN	NaN	NaN	NaN	NaN
388.991595	0.000000	0.000000	0.000000	-659.900000	3.000000	644.600000	3.000000	-177.680000	2.000000	NaN	NaN	NaN	NaN	NaN	NaN	NaN	NaN	NaN
389.990634	0.000000	0.000000	0.000000	-659.800000	3.000000	644.600000	3.000000	-177.960000	2.000000	NaN	NaN	NaN	NaN	NaN	NaN	NaN	NaN	NaN
390.990652	0.000000	0.000000	0.000000	-659.600000	3.000000	644.700000	3.000000	-178.170000	2.000000	NaN	NaN	NaN	NaN	NaN	NaN	NaN	NaN	NaN
391.990736	0.000000	0.000000	0.000000	-659.600000	3.000000	644.600000	3.000000	-177.970000	2.000000	NaN	NaN	NaN	NaN	NaN	NaN	NaN	NaN	NaN
392.990633	0.000000	0.000000	0.000000	-661.300000	3.000000	644.600000	3.000000	-178.310000	2.000000	NaN	NaN	NaN	NaN	NaN	NaN	NaN	NaN	NaN
393.990703	0.000000	0.000000	0.000000	-660.500000	3.000000	644.700000	3.000000	-178.580000	2.000000	NaN	NaN	NaN	NaN	NaN	NaN	NaN	NaN	NaN
394.990678	0.000000	0.000000	0.000000	-661.100000	3.000000	644.600000	3.000000	-178.730000	2.000000	NaN	NaN	NaN	NaN	NaN	NaN	NaN	NaN	NaN
395.990761	0.000000	0.000000	0.000000	-660.300000	3.000000	644.600000	3.000000	-178.910000	2.000000	NaN	NaN	NaN	NaN	NaN	NaN	NaN	NaN	NaN
396.990808	0.000000	0.000000	0.000000	-660.800000	3.000000	644.600000	3.000000	-179.160000	2.000000	NaN	NaN	NaN	NaN	NaN	NaN	NaN	NaN	NaN
397.990835	0.000000	0.000000	0.000000	-660.800000	3.000000	644.600000	3.000000	-179.770000	2.000000	NaN	NaN	NaN	NaN	NaN	NaN	NaN	NaN	NaN
398.990869	0.000000	0.000000	0.000000	-661.000000	3.000000	644.600000	3.000000	-179.820000	2.000000	NaN	NaN	NaN	NaN	NaN	NaN	NaN	NaN	NaN
399.990903	0.000000	0.000000	0.000000	-659.800000	3.000000	644.700000	3.000000	-180.130000	2.000000	NaN	NaN	NaN	NaN	NaN	NaN	NaN	NaN	NaN
400.990945	0.000000	0.000000	0.000000	-659.800000	3.000000	644.600000	3.000000	-180.180000	2.000000	NaN	NaN	NaN	NaN	NaN	NaN	NaN	NaN	NaN
401.990917	0.000000	0.000000	0.000000	-659.900000	3.000000	644.700000	3.000000	-180.560000	2.000000	NaN	NaN	NaN	NaN	NaN	NaN	NaN	NaN	NaN
402.990941	0.000000	0.000000	0.000000	-660.000000	3.000000	644.700000	3.000000	-180.630000	2.000000	NaN	NaN	NaN	NaN	NaN	NaN	NaN	NaN	NaN
403.990971	0.000000	0.000000	0.000000	-660.700000	3.000000	644.700000	3.000000	-180.750000	2.000000	NaN	NaN	NaN	NaN	NaN	NaN	NaN	NaN	NaN
404.991193	0.000000	0.000000	0.000000	-661.300000	3.000000	644.700000	3.000000	-180.660000	2.000000	NaN	NaN	NaN	NaN	NaN	NaN	NaN	NaN	NaN
405.991068	0.000000	0.000000	0.000000	-660.900000	3.000000	644.700000	3.000000	-181.270000	2.000000	NaN	NaN	NaN	NaN	NaN	NaN	NaN	NaN	NaN
406.990082	0.000000	0.000000	0.000000	-660.900000	3.000000	644.700000	3.000000	-181.320000	2.000000	NaN	NaN	NaN	NaN	NaN	NaN	NaN	NaN	NaN
407.990093	0.000000	0.000000	0.000000	-660.400000	3.000000	644.700000	3.000000	-181.580000	2.000000	NaN	NaN	NaN	NaN	NaN	NaN	NaN	NaN	NaN
408.990142	0.000000	0.000000	0.000000	-660.000000	3.000000	644.600000	3.000000	-181.830000	2.000000	NaN	NaN	NaN	NaN	NaN	NaN	NaN	NaN	NaN
409.990135	0.000000	0.000000	0.000000	-660.000000	3.000000	644.600000	3.000000	-181.660000	2.000000	NaN	NaN	NaN	NaN	NaN	NaN	NaN	NaN	NaN
410.990164	0.000000	0.000000	0.000000	-659.900000	3.000000	644.600000	3.000000	-181.660000	2.000000	NaN	NaN	NaN	NaN	NaN	NaN	NaN	NaN	NaN
411.990190	0.000000	0.000000	0.000000	-660.900000	3.000000	644.700000	3.000000	-181.940000	2.000000	NaN	NaN	NaN	NaN	NaN	NaN	NaN	NaN	NaN
412.990218	0.000000	0.000000	0.000000	-660.300000	3.000000	644.600000	3.000000	-181.870000	2.000000	NaN	NaN	NaN	NaN	NaN	NaN	NaN	NaN	NaN
413.990404	0.000000	0.000000	0.000000	-659.900000	3.000000	644.600000	3.000000	-182.450000	2.000000	NaN	NaN	NaN	NaN	NaN	NaN	NaN	NaN	NaN
414.990236	0.000000	0.000000	0.000000	-660.100000	3.000000	644.600000	3.000000	-182.490000	2.000000	NaN	NaN	NaN	NaN	NaN	NaN	NaN	NaN	NaN
415.990294	0.000000	0.000000	0.000000	-661.300000	3.000000	644.600000	3.000000	-181.980000	2.000000	NaN	NaN	NaN	NaN	NaN	NaN	NaN	NaN	NaN
416.990395	0.000000	0.000000	0.000000	-659.800000	3.000000	644.600000	3.000000	-182.280000	2.000000	NaN	NaN	NaN	NaN	NaN	NaN	NaN	NaN	NaN
417.990389	0.000000	0.000000	0.000000	-659.900000	3.000000	644.600000	3.000000	-182.520000	2.000000	NaN	NaN	NaN	NaN	NaN	NaN	NaN	NaN	NaN
418.990413	0.000000	0.000000	0.000000	-661.100000	3.000000	644.600000	3.000000	-182.530000	2.000000	NaN	NaN	NaN	NaN	NaN	NaN	NaN	NaN	NaN
419.990411	0.000000	0.000000	0.000000	-660.800000	3.000000	644.700000	3.000000	-182.530000	2.000000	NaN	NaN	NaN	NaN	NaN	NaN	NaN	NaN	NaN
420.990512	0.000000	0.000000	0.000000	-660.400000	3.000000	644.700000	3.000000	-182.540000	2.000000	NaN	NaN	NaN	NaN	NaN	NaN	NaN	NaN	NaN
421.990475	0.000000	0.000000	0.000000	-660.500000	3.000000	644.600000	3.000000	-183.260000	2.000000	NaN	NaN	NaN	NaN	NaN	NaN	NaN	NaN	NaN
422.990521	0.000000	0.000000	0.000000	-660.300000	3.000000	644.700000	3.000000	-183.590000	2.000000	NaN	NaN	NaN	NaN	NaN	NaN	NaN	NaN	NaN
423.990483	0.000000	0.000000	0.000000	-660.000000	3.000000	644.600000	3.000000	-183.940000	2.000000	NaN	NaN	NaN	NaN	NaN	NaN	NaN	NaN	NaN
424.989573	0.000000	0.000000	0.000000	-659.700000	3.000000	644.600000	3.000000	-183.600000	2.000000	NaN	NaN	NaN	NaN	NaN	NaN	NaN	NaN	NaN
425.989538	0.000000	0.000000	0.000000	-660.000000	3.000000	644.600000	3.000000	-184.220000	2.000000	NaN	NaN	NaN	NaN	NaN	NaN	NaN	NaN	NaN
426.989590	0.000000	0.000000	0.000000	-659.800000	3.000000	644.600000	3.000000	-184.230000	2.000000	NaN	NaN	NaN	NaN	NaN	NaN	NaN	NaN	NaN
427.989696	0.000000	0.000000	0.000000	-661.000000	3.000000	644.600000	3.000000	-184.310000	2.000000	NaN	NaN	NaN	NaN	NaN	NaN	NaN	NaN	NaN
428.989696	0.000000	0.000000	0.000000	-661.300000	3.000000	644.600000	3.000000	-184.870000	2.000000	NaN	NaN	NaN	NaN	NaN	NaN	NaN	NaN	NaN
429.989758	0.000000	0.000000	0.000000	-660.800000	3.000000	644.600000	3.000000	-184.480000	2.000000	NaN	NaN	NaN	NaN	NaN	NaN	NaN	NaN	NaN
430.989692	0.000000	0.000000	0.000000	-661.300000	3.000000	644.600000	3.000000	-184.190000	2.000000	NaN	NaN	NaN	NaN	NaN	NaN	NaN	NaN	NaN
431.989741	0.000000	0.000000	0.000000	-659.900000	3.000000	644.600000	3.000000	-184.300000	2.000000	NaN	NaN	NaN	NaN	NaN	NaN	NaN	NaN	NaN
432.989802	0.000000	0.000000	0.000000	-660.200000	3.000000	644.600000	3.000000	-184.150000	2.000000	NaN	NaN	NaN	NaN	NaN	NaN	NaN	NaN	NaN
433.989823	0.000000	0.000000	0.000000	-660.000000	3.000000	644.600000	3.000000	-184.900000	2.000000	NaN	NaN	NaN	NaN	NaN	NaN	NaN	NaN	NaN
434.989792	0.000000	0.000000	0.000000	-660.100000	3.000000	644.700000	3.000000	-184.460000	2.000000	NaN	NaN	NaN	NaN	NaN	NaN	NaN	NaN	NaN
435.989800	0.000000	0.000000	0.000000	-659.800000	3.000000	644.600000	3.000000	-184.540000	2.000000	NaN	NaN	NaN	NaN	NaN	NaN	NaN	NaN	NaN
436.989867	0.000000	0.000000	0.000000	-660.000000	3.000000	644.600000	3.000000	-184.940000	2.000000	NaN	NaN	NaN	NaN	NaN	NaN	NaN	NaN	NaN
437.989933	0.000000	0.000000	0.000000	-660.100000	3.000000	644.700000	3.000000	-185.240000	2.000000	NaN	NaN	NaN	NaN	NaN	NaN	NaN	NaN	NaN
438.989909	0.000000	0.000000	0.000000	-660.100000	3.000000	644.700000	3.000000	-185.740000	2.000000	NaN	NaN	NaN	NaN	NaN	NaN	NaN	NaN	NaN
439.989942	0.000000	0.000000	0.000000	-659.900000	3.000000	644.600000	3.000000	-185.790000	2.000000	NaN	NaN	NaN	NaN	NaN	NaN	NaN	NaN	NaN
440.990000	0.000000	0.000000	0.000000	-660.000000	3.000000	644.600000	3.000000	-185.260000	2.000000	NaN	NaN	NaN	NaN	NaN	NaN	NaN	NaN	NaN
441.989095	0.000000	0.000000	0.000000	-659.800000	3.000000	644.700000	3.000000	-185.920000	2.000000	NaN	NaN	NaN	NaN	NaN	NaN	NaN	NaN	NaN
442.989109	0.000000	0.000000	0.000000	-659.800000	3.000000	644.700000	3.000000	-185.500000	2.000000	NaN	NaN	NaN	NaN	NaN	NaN	NaN	NaN	NaN
443.989097	0.000000	0.000000	0.000000	-659.900000	3.000000	644.700000	3.000000	-185.930000	2.000000	NaN	NaN	NaN	NaN	NaN	NaN	NaN	NaN	NaN
444.989127	0.000000	0.000000	0.000000	-659.900000	3.000000	644.700000	3.000000	-186.350000	2.000000	NaN	NaN	NaN	NaN	NaN	NaN	NaN	NaN	NaN
445.989099	0.000000	0.000000	0.000000	-660.100000	3.000000	644.700000	3.000000	-186.450000	2.000000	NaN	NaN	NaN	NaN	NaN	NaN	NaN	NaN	NaN
446.989116	0.000000	0.000000	0.000000	-660.200000	3.000000	644.700000	3.000000	-186.690000	2.000000	NaN	NaN	NaN	NaN	NaN	NaN	NaN	NaN	NaN
447.989209	0.000000	0.000000	0.000000	-659.800000	3.000000	644.700000	3.000000	-187.260000	2.000000	NaN	NaN	NaN	NaN	NaN	NaN	NaN	NaN	NaN
448.989237	0.000000	0.000000	0.000000	-660.000000	3.000000	644.700000	3.000000	-186.990000	2.000000	NaN	NaN	NaN	NaN	NaN	NaN	NaN	NaN	NaN
449.989233	0.000000	0.000000	0.000000	-660.200000	3.000000	644.700000	3.000000	-187.080000	2.000000	NaN	NaN	NaN	NaN	NaN	NaN	NaN	NaN	NaN
450.989307	0.000000	0.000000	0.000000	-660.000000	3.000000	644.700000	3.000000	-187.110000	2.000000	NaN	NaN	NaN	NaN	NaN	NaN	NaN	NaN	NaN
451.989261	0.000000	0.000000	0.000000	-660.000000	3.000000	644.700000	3.000000	-187.170000	2.000000	NaN	NaN	NaN	NaN	NaN	NaN	NaN	NaN	NaN
452.989388	0.000000	0.000000	0.000000	-659.900000	3.000000	644.700000	3.000000	-187.300000	2.000000	NaN	NaN	NaN	NaN	NaN	NaN	NaN	NaN	NaN
453.989416	0.000000	0.000000	0.000000	-660.100000	3.000000	644.700000	3.000000	-187.650000	2.000000	NaN	NaN	NaN	NaN	NaN	NaN	NaN	NaN	NaN
454.989354	0.000000	0.000000	0.000000	-660.400000	3.000000	644.700000	3.000000	-188.100000	2.000000	NaN	NaN	NaN	NaN	NaN	NaN	NaN	NaN	NaN
455.989436	0.000000	0.000000	0.000000	-660.000000	3.000000	644.700000	3.000000	-188.270000	2.000000	NaN	NaN	NaN	NaN	NaN	NaN	NaN	NaN	NaN
456.989494	0.000000	0.000000	0.000000	-660.000000	3.000000	644.700000	3.000000	-188.050000	2.000000	NaN	NaN	NaN	NaN	NaN	NaN	NaN	NaN	NaN
457.989524	0.000000	0.000000	0.000000	-659.700000	3.000000	644.700000	3.000000	-188.000000	2.000000	NaN	NaN	NaN	NaN	NaN	NaN	NaN	NaN	NaN
458.988544	0.000000	0.000000	0.000000	-660.200000	3.000000	644.700000	3.000000	-188.410000	2.000000	NaN	NaN	NaN	NaN	NaN	NaN	NaN	NaN	NaN
459.988546	0.000000	0.000000	0.000000	-660.600000	3.000000	644.700000	3.000000	-188.410000	2.000000	NaN	NaN	NaN	NaN	NaN	NaN	NaN	NaN	NaN
460.988607	0.000000	0.000000	0.000000	-660.900000	3.000000	644.700000	3.000000	-188.560000	2.000000	NaN	NaN	NaN	NaN	NaN	NaN	NaN	NaN	NaN
461.988612	0.000000	0.000000	0.000000	-660.500000	3.000000	644.700000	3.000000	-188.870000	2.000000	NaN	NaN	NaN	NaN	NaN	NaN	NaN	NaN	NaN
462.988625	0.000000	0.000000	0.000000	-660.400000	3.000000	644.700000	3.000000	-190.070000	2.000000	NaN	NaN	NaN	NaN	NaN	NaN	NaN	NaN	NaN
463.988656	0.000000	0.000000	0.000000	-660.700000	3.000000	644.700000	3.000000	-189.960000	2.000000	NaN	NaN	NaN	NaN	NaN	NaN	NaN	NaN	NaN
464.988739	0.000000	0.000000	0.000000	-661.000000	3.000000	644.700000	3.000000	-189.940000	2.000000	NaN	NaN	NaN	NaN	NaN	NaN	NaN	NaN	NaN
465.988754	0.000000	0.000000	0.000000	-661.200000	3.000000	644.700000	3.000000	-190.420000	2.000000	NaN	NaN	NaN	NaN	NaN	NaN	NaN	NaN	NaN
466.988722	0.000000	0.000000	0.000000	-660.300000	3.000000	644.700000	3.000000	-189.920000	2.000000	NaN	NaN	NaN	NaN	NaN	NaN	NaN	NaN	NaN
467.988759	0.000000	0.000000	0.000000	-660.300000	3.000000	644.700000	3.000000	-189.700000	2.000000	NaN	NaN	NaN	NaN	NaN	NaN	NaN	NaN	NaN
468.988822	0.000000	0.000000	0.000000	-660.500000	3.000000	644.700000	3.000000	-189.680000	2.000000	NaN	NaN	NaN	NaN	NaN	NaN	NaN	NaN	NaN
469.988800	0.000000	0.000000	0.000000	-660.700000	3.000000	644.700000	3.000000	-189.640000	2.000000	NaN	NaN	NaN	NaN	NaN	NaN	NaN	NaN	NaN
470.988838	0.000000	0.000000	0.000000	-660.600000	3.000000	644.700000	3.000000	-190.130000	2.000000	NaN	NaN	NaN	NaN	NaN	NaN	NaN	NaN	NaN
471.988872	0.000000	0.000000	0.000000	-660.600000	3.000000	644.700000	3.000000	-190.440000	2.000000	NaN	NaN	NaN	NaN	NaN	NaN	NaN	NaN	NaN
472.988933	0.000000	0.000000	0.000000	-660.300000	3.000000	644.700000	3.000000	-190.140000	2.000000	NaN	NaN	NaN	NaN	NaN	NaN	NaN	NaN	NaN
473.988965	0.000000	0.000000	0.000000	-660.000000	3.000000	644.700000	3.000000	-190.380000	2.000000	NaN	NaN	NaN	NaN	NaN	NaN	NaN	NaN	NaN
474.988965	0.000000	0.000000	0.000000	-661.700000	3.000000	644.700000	3.000000	-190.980000	2.000000	NaN	NaN	NaN	NaN	NaN	NaN	NaN	NaN	NaN
475.988999	0.000000	0.000000	0.000000	-660.700000	3.000000	644.700000	3.000000	-190.800000	2.000000	NaN	NaN	NaN	NaN	NaN	NaN	NaN	NaN	NaN
476.988010	0.000000	0.000000	0.000000	-660.500000	3.000000	644.700000	3.000000	-190.970000	2.000000	NaN	NaN	NaN	NaN	NaN	NaN	NaN	NaN	NaN
477.988083	0.000000	0.000000	0.000000	-660.400000	3.000000	644.700000	3.000000	-191.460000	2.000000	NaN	NaN	NaN	NaN	NaN	NaN	NaN	NaN	NaN
478.988091	0.000000	0.000000	0.000000	-660.300000	3.000000	644.700000	3.000000	-191.360000	2.000000	NaN	NaN	NaN	NaN	NaN	NaN	NaN	NaN	NaN
479.988130	0.000000	0.000000	0.000000	-660.200000	3.000000	644.700000	3.000000	-191.340000	2.000000	NaN	NaN	NaN	NaN	NaN	NaN	NaN	NaN	NaN
480.988160	0.000000	0.000000	0.000000	-660.600000	3.000000	644.700000	3.000000	-191.520000	2.000000	NaN	NaN	NaN	NaN	NaN	NaN	NaN	NaN	NaN
481.988142	0.000000	0.000000	0.000000	-660.700000	3.000000	644.700000	3.000000	-191.630000	2.000000	NaN	NaN	NaN	NaN	NaN	NaN	NaN	NaN	NaN
482.988190	0.000000	0.000000	0.000000	-660.600000	3.000000	644.700000	3.000000	-191.920000	2.000000	NaN	NaN	NaN	NaN	NaN	NaN	NaN	NaN	NaN
483.988328	0.000000	0.000000	0.000000	-660.500000	3.000000	644.700000	3.000000	-191.820000	2.000000	NaN	NaN	NaN	NaN	NaN	NaN	NaN	NaN	NaN
484.988252	0.000000	0.000000	0.000000	-660.300000	3.000000	644.700000	3.000000	-192.100000	2.000000	NaN	NaN	NaN	NaN	NaN	NaN	NaN	NaN	NaN
485.988287	0.000000	0.000000	0.000000	-660.600000	3.000000	644.700000	3.000000	-192.350000	2.000000	NaN	NaN	NaN	NaN	NaN	NaN	NaN	NaN	NaN
486.988323	0.000000	0.000000	0.000000	-660.800000	3.000000	644.700000	3.000000	-193.030000	2.000000	NaN	NaN	NaN	NaN	NaN	NaN	NaN	NaN	NaN
487.988362	0.000000	0.000000	0.000000	-660.600000	3.000000	644.700000	3.000000	-192.950000	2.000000	NaN	NaN	NaN	NaN	NaN	NaN	NaN	NaN	NaN
488.988368	0.000000	0.000000	0.000000	-660.500000	3.000000	644.700000	3.000000	-193.080000	2.000000	NaN	NaN	NaN	NaN	NaN	NaN	NaN	NaN	NaN
489.988402	0.000000	0.000000	0.000000	-660.600000	3.000000	644.700000	3.000000	-193.770000	2.000000	NaN	NaN	NaN	NaN	NaN	NaN	NaN	NaN	NaN
490.988448	0.000000	0.000000	0.000000	-660.200000	3.000000	644.700000	3.000000	-193.440000	2.000000	NaN	NaN	NaN	NaN	NaN	NaN	NaN	NaN	NaN
491.988472	0.000000	0.000000	0.000000	-660.100000	3.000000	644.700000	3.000000	-193.610000	2.000000	NaN	NaN	NaN	NaN	NaN	NaN	NaN	NaN	NaN
492.988449	0.000000	0.000000	0.000000	-661.300000	3.000000	644.700000	3.000000	-194.170000	2.000000	NaN	NaN	NaN	NaN	NaN	NaN	NaN	NaN	NaN
493.987471	0.000000	0.000000	0.000000	-660.700000	3.000000	644.600000	3.000000	-194.050000	2.000000	NaN	NaN	NaN	NaN	NaN	NaN	NaN	NaN	NaN
494.987503	0.000000	0.000000	0.000000	-661.200000	3.000000	644.600000	3.000000	-194.110000	2.000000	NaN	NaN	NaN	NaN	NaN	NaN	NaN	NaN	NaN
495.987564	0.000000	0.000000	0.000000	-660.100000	3.000000	644.500000	3.000000	-193.910000	2.000000	NaN	NaN	NaN	NaN	NaN	NaN	NaN	NaN	NaN
496.987563	0.000000	0.000000	0.000000	-660.400000	3.000000	644.400000	3.000000	-193.850000	2.000000	NaN	NaN	NaN	NaN	NaN	NaN	NaN	NaN	NaN
497.987634	0.000000	0.000000	0.000000	-661.000000	3.000000	644.500000	3.000000	-193.570000	2.000000	NaN	NaN	NaN	NaN	NaN	NaN	NaN	NaN	NaN
498.987630	0.000000	0.000000	0.000000	-660.900000	3.000000	644.600000	3.000000	-193.980000	2.000000	NaN	NaN	NaN	NaN	NaN	NaN	NaN	NaN	NaN
499.987683	0.000000	0.000000	0.000000	-660.300000	3.000000	644.600000	3.000000	-193.660000	2.000000	NaN	NaN	NaN	NaN	NaN	NaN	NaN	NaN	NaN
500.987731	0.000000	0.000000	0.000000	-660.600000	3.000000	644.700000	3.000000	-193.300000	2.000000	NaN	NaN	NaN	NaN	NaN	NaN	NaN	NaN	NaN
501.987728	0.000000	0.000000	0.000000	-660.400000	3.000000	644.700000	3.000000	-193.480000	2.000000	NaN	NaN	NaN	NaN	NaN	NaN	NaN	NaN	NaN
502.987757	0.000000	0.000000	0.000000	-660.700000	3.000000	644.600000	3.000000	-193.780000	2.000000	NaN	NaN	NaN	NaN	NaN	NaN	NaN	NaN	NaN
503.987711	0.000000	0.000000	0.000000	-660.300000	3.000000	644.700000	3.000000	-194.040000	2.000000	NaN	NaN	NaN	NaN	NaN	NaN	NaN	NaN	NaN
504.987818	0.000000	0.000000	0.000000	-660.500000	3.000000	644.700000	3.000000	-194.740000	2.000000	NaN	NaN	NaN	NaN	NaN	NaN	NaN	NaN	NaN
505.987809	0.000000	0.000000	0.000000	-660.800000	3.000000	644.600000	3.000000	-194.410000	2.000000	NaN	NaN	NaN	NaN	NaN	NaN	NaN	NaN	NaN
506.987832	0.000000	0.000000	0.000000	-660.500000	3.000000	644.600000	3.000000	-195.120000	2.000000	NaN	NaN	NaN	NaN	NaN	NaN	NaN	NaN	NaN
507.987779	0.000000	0.000000	0.000000	-660.200000	3.000000	644.600000	3.000000	-195.010000	2.000000	NaN	NaN	NaN	NaN	NaN	NaN	NaN	NaN	NaN
508.987917	0.000000	0.000000	0.000000	-661.000000	3.000000	644.700000	3.000000	-195.560000	2.000000	NaN	NaN	NaN	NaN	NaN	NaN	NaN	NaN	NaN
509.987917	0.000000	0.000000	0.000000	-660.700000	3.000000	644.600000	3.000000	-195.560000	2.000000	NaN	NaN	NaN	NaN	NaN	NaN	NaN	NaN	NaN
510.987973	0.000000	0.000000	0.000000	-660.500000	3.000000	644.600000	3.000000	-195.200000	2.000000	NaN	NaN	NaN	NaN	NaN	NaN	NaN	NaN	NaN
511.986929	0.000000	0.000000	0.000000	-660.400000	3.000000	644.700000	3.000000	-195.610000	2.000000	NaN	NaN	NaN	NaN	NaN	NaN	NaN	NaN	NaN
512.987036	0.000000	0.000000	0.000000	-660.800000	3.000000	644.700000	3.000000	-195.480000	2.000000	NaN	NaN	NaN	NaN	NaN	NaN	NaN	NaN	NaN
513.987025	0.000000	0.000000	0.000000	-660.700000	3.000000	644.700000	3.000000	-195.580000	2.000000	NaN	NaN	NaN	NaN	NaN	NaN	NaN	NaN	NaN
514.987050	0.000000	0.000000	0.000000	-660.400000	3.000000	644.700000	3.000000	-195.570000	2.000000	NaN	NaN	NaN	NaN	NaN	NaN	NaN	NaN	NaN
515.987026	0.000000	0.000000	0.000000	-660.200000	3.000000	644.800000	3.000000	-195.220000	2.000000	NaN	NaN	NaN	NaN	NaN	NaN	NaN	NaN	NaN
516.987135	0.000000	0.000000	0.000000	-660.500000	3.000000	644.800000	3.000000	-195.600000	2.000000	NaN	NaN	NaN	NaN	NaN	NaN	NaN	NaN	NaN
