# Gaussmeter 1
# VISA Name: COM3
# Probe Type: 51
# Probe Serial Number: 67249     
# Field Compensation On: TRUE
# Field Range: 1
# Field Units: 2
# Auto Range On: TRUE
# Moving: FALSE
# x: 0.000000
# y: 0.000000
# z: 0.000000
#
# Gaussmeter 2
# VISA Name: COM4
# Probe Type: 51
# Probe Serial Number: 67248     
# Field Compensation On: TRUE
# Field Range: 1
# Field Units: 2
# Auto Range On: TRUE
# Moving: FALSE
# x: 0.000000
# y: 0.000000
# z: 0.000000
#
# Gaussmeter 3
# VISA Name: COM9
# Probe Type: 50
# Probe Serial Number: 60124     
# Field Compensation On: TRUE
# Field Range: 4
# Field Units: 2
# Auto Range On: TRUE
# Moving: FALSE
# x: 0.000000
# y: 0.000000
# z: 0.000000
#
time/F:x:y:z:B1:B1range:B2:B2range:B3:B3range:multi:temp1:temp2:temp3:temp4:temp5:temp6:temp7:temp8
0.008894	0.000000	0.000000	0.000000	-8.030000	1.000000	-8.628000	1.000000	1446.000000	4.000000	NaN	NaN	NaN	NaN	NaN	NaN	NaN	NaN	NaN
1.008970	0.000000	0.000000	0.000000	-8.030000	1.000000	-8.626000	1.000000	1446.000000	4.000000	NaN	NaN	NaN	NaN	NaN	NaN	NaN	NaN	NaN
2.008987	0.000000	0.000000	0.000000	-8.029000	1.000000	-8.626000	1.000000	1446.000000	4.000000	NaN	NaN	NaN	NaN	NaN	NaN	NaN	NaN	NaN
3.009005	0.000000	0.000000	0.000000	-8.030000	1.000000	-8.623000	1.000000	1446.000000	4.000000	NaN	NaN	NaN	NaN	NaN	NaN	NaN	NaN	NaN
4.009047	0.000000	0.000000	0.000000	-8.029000	1.000000	-8.623000	1.000000	1446.000000	4.000000	NaN	NaN	NaN	NaN	NaN	NaN	NaN	NaN	NaN
5.009084	0.000000	0.000000	0.000000	-7.991000	1.000000	-8.615000	1.000000	1446.000000	4.000000	NaN	NaN	NaN	NaN	NaN	NaN	NaN	NaN	NaN
6.009129	0.000000	0.000000	0.000000	-7.947000	1.000000	-8.601000	1.000000	1446.000000	4.000000	NaN	NaN	NaN	NaN	NaN	NaN	NaN	NaN	NaN
7.009155	0.000000	0.000000	0.000000	-7.960000	1.000000	-8.601000	1.000000	1446.000000	4.000000	NaN	NaN	NaN	NaN	NaN	NaN	NaN	NaN	NaN
8.009110	0.000000	0.000000	0.000000	-7.965000	1.000000	-8.602000	1.000000	1446.000000	4.000000	NaN	NaN	NaN	NaN	NaN	NaN	NaN	NaN	NaN
9.009158	0.000000	0.000000	0.000000	-7.964000	1.000000	-8.603000	1.000000	1446.000000	4.000000	NaN	NaN	NaN	NaN	NaN	NaN	NaN	NaN	NaN
10.009233	0.000000	0.000000	0.000000	-7.964000	1.000000	-8.602000	1.000000	1446.000000	4.000000	NaN	NaN	NaN	NaN	NaN	NaN	NaN	NaN	NaN
11.009249	0.000000	0.000000	0.000000	-7.965000	1.000000	-8.604000	1.000000	1446.000000	4.000000	NaN	NaN	NaN	NaN	NaN	NaN	NaN	NaN	NaN
12.009272	0.000000	0.000000	0.000000	-8.002000	1.000000	-8.612000	1.000000	1446.000000	4.000000	NaN	NaN	NaN	NaN	NaN	NaN	NaN	NaN	NaN
13.008278	0.000000	0.000000	0.000000	-8.050000	1.000000	-8.626000	1.000000	1446.000000	4.000000	NaN	NaN	NaN	NaN	NaN	NaN	NaN	NaN	NaN
14.008334	0.000000	0.000000	0.000000	-8.039000	1.000000	-8.627000	1.000000	1446.000000	4.000000	NaN	NaN	NaN	NaN	NaN	NaN	NaN	NaN	NaN
15.008434	0.000000	0.000000	0.000000	-8.031000	1.000000	-8.625000	1.000000	1446.000000	4.000000	NaN	NaN	NaN	NaN	NaN	NaN	NaN	NaN	NaN
16.008406	0.000000	0.000000	0.000000	-8.032000	1.000000	-8.625000	1.000000	1446.000000	4.000000	NaN	NaN	NaN	NaN	NaN	NaN	NaN	NaN	NaN
17.008421	0.000000	0.000000	0.000000	-8.031000	1.000000	-8.626000	1.000000	1446.000000	4.000000	NaN	NaN	NaN	NaN	NaN	NaN	NaN	NaN	NaN
18.008449	0.000000	0.000000	0.000000	-8.031000	1.000000	-8.623000	1.000000	1446.000000	4.000000	NaN	NaN	NaN	NaN	NaN	NaN	NaN	NaN	NaN
19.008431	0.000000	0.000000	0.000000	-7.993000	1.000000	-8.615000	1.000000	1446.000000	4.000000	NaN	NaN	NaN	NaN	NaN	NaN	NaN	NaN	NaN
20.008498	0.000000	0.000000	0.000000	-7.948000	1.000000	-8.600000	1.000000	1446.000000	4.000000	NaN	NaN	NaN	NaN	NaN	NaN	NaN	NaN	NaN
21.008486	0.000000	0.000000	0.000000	-7.971000	1.000000	-8.610000	1.000000	1446.000000	4.000000	NaN	NaN	NaN	NaN	NaN	NaN	NaN	NaN	NaN
22.008536	0.000000	0.000000	0.000000	-7.987000	1.000000	-8.618000	1.000000	1446.000000	4.000000	NaN	NaN	NaN	NaN	NaN	NaN	NaN	NaN	NaN
23.008584	0.000000	0.000000	0.000000	-7.964000	1.000000	-8.573000	1.000000	1446.000000	4.000000	NaN	NaN	NaN	NaN	NaN	NaN	NaN	NaN	NaN
24.008610	0.000000	0.000000	0.000000	-7.957000	1.000000	-8.583000	1.000000	1446.000000	4.000000	NaN	NaN	NaN	NaN	NaN	NaN	NaN	NaN	NaN
25.008647	0.000000	0.000000	0.000000	-7.952000	1.000000	-8.583000	1.000000	1446.000000	4.000000	NaN	NaN	NaN	NaN	NaN	NaN	NaN	NaN	NaN
26.008668	0.000000	0.000000	0.000000	-8.007000	1.000000	-8.593000	1.000000	1446.000000	4.000000	NaN	NaN	NaN	NaN	NaN	NaN	NaN	NaN	NaN
27.008688	0.000000	0.000000	0.000000	-8.074000	1.000000	-8.606000	1.000000	1446.000000	4.000000	NaN	NaN	NaN	NaN	NaN	NaN	NaN	NaN	NaN
28.008713	0.000000	0.000000	0.000000	-8.066000	1.000000	-8.601000	1.000000	1446.000000	4.000000	NaN	NaN	NaN	NaN	NaN	NaN	NaN	NaN	NaN
29.008743	0.000000	0.000000	0.000000	-8.060000	1.000000	-8.598000	1.000000	1446.000000	4.000000	NaN	NaN	NaN	NaN	NaN	NaN	NaN	NaN	NaN
30.007733	0.000000	0.000000	0.000000	-8.059000	1.000000	-8.595000	1.000000	1446.000000	4.000000	NaN	NaN	NaN	NaN	NaN	NaN	NaN	NaN	NaN
31.007835	0.000000	0.000000	0.000000	-8.061000	1.000000	-8.567000	1.000000	1446.000000	4.000000	NaN	NaN	NaN	NaN	NaN	NaN	NaN	NaN	NaN
32.007825	0.000000	0.000000	0.000000	-7.989000	1.000000	-8.584000	1.000000	1446.000000	4.000000	NaN	NaN	NaN	NaN	NaN	NaN	NaN	NaN	NaN
33.007806	0.000000	0.000000	0.000000	-8.005000	1.000000	-8.595000	1.000000	1446.000000	4.000000	NaN	NaN	NaN	NaN	NaN	NaN	NaN	NaN	NaN
34.007843	0.000000	0.000000	0.000000	-8.039000	1.000000	-8.578000	1.000000	1446.000000	4.000000	NaN	NaN	NaN	NaN	NaN	NaN	NaN	NaN	NaN
35.007870	0.000000	0.000000	0.000000	-7.989000	1.000000	-8.586000	1.000000	1446.000000	4.000000	NaN	NaN	NaN	NaN	NaN	NaN	NaN	NaN	NaN
36.007952	0.000000	0.000000	0.000000	-7.966000	1.000000	-8.574000	1.000000	1446.000000	4.000000	NaN	NaN	NaN	NaN	NaN	NaN	NaN	NaN	NaN
37.007949	0.000000	0.000000	0.000000	-7.971000	1.000000	-8.569000	1.000000	1446.000000	4.000000	NaN	NaN	NaN	NaN	NaN	NaN	NaN	NaN	NaN
38.007955	0.000000	0.000000	0.000000	-7.959000	1.000000	-8.557000	1.000000	1446.000000	4.000000	NaN	NaN	NaN	NaN	NaN	NaN	NaN	NaN	NaN
39.007979	0.000000	0.000000	0.000000	-7.944000	1.000000	-8.556000	1.000000	1446.000000	4.000000	NaN	NaN	NaN	NaN	NaN	NaN	NaN	NaN	NaN
40.008007	0.000000	0.000000	0.000000	-8.006000	1.000000	-8.590000	1.000000	1446.000000	4.000000	NaN	NaN	NaN	NaN	NaN	NaN	NaN	NaN	NaN
41.008060	0.000000	0.000000	0.000000	-8.016000	1.000000	-8.620000	1.000000	1446.000000	4.000000	NaN	NaN	NaN	NaN	NaN	NaN	NaN	NaN	NaN
42.008058	0.000000	0.000000	0.000000	-8.012000	1.000000	-8.629000	1.000000	1446.000000	4.000000	NaN	NaN	NaN	NaN	NaN	NaN	NaN	NaN	NaN
43.008100	0.000000	0.000000	0.000000	-8.029000	1.000000	-8.622000	1.000000	1446.000000	4.000000	NaN	NaN	NaN	NaN	NaN	NaN	NaN	NaN	NaN
44.008129	0.000000	0.000000	0.000000	-8.011000	1.000000	-8.596000	1.000000	1446.000000	4.000000	NaN	NaN	NaN	NaN	NaN	NaN	NaN	NaN	NaN
45.008150	0.000000	0.000000	0.000000	-8.050000	1.000000	-8.597000	1.000000	1446.000000	4.000000	NaN	NaN	NaN	NaN	NaN	NaN	NaN	NaN	NaN
46.008166	0.000000	0.000000	0.000000	-8.047000	1.000000	-8.616000	1.000000	1446.000000	4.000000	NaN	NaN	NaN	NaN	NaN	NaN	NaN	NaN	NaN
47.008219	0.000000	0.000000	0.000000	-7.999000	1.000000	-8.613000	1.000000	1446.000000	4.000000	NaN	NaN	NaN	NaN	NaN	NaN	NaN	NaN	NaN
48.007227	0.000000	0.000000	0.000000	-7.969000	1.000000	-8.528000	1.000000	1446.000000	4.000000	NaN	NaN	NaN	NaN	NaN	NaN	NaN	NaN	NaN
49.007268	0.000000	0.000000	0.000000	-7.981000	1.000000	-8.515000	1.000000	1446.000000	4.000000	NaN	NaN	NaN	NaN	NaN	NaN	NaN	NaN	NaN
50.007281	0.000000	0.000000	0.000000	-7.994000	1.000000	-8.527000	1.000000	1446.000000	4.000000	NaN	NaN	NaN	NaN	NaN	NaN	NaN	NaN	NaN
51.007367	0.000000	0.000000	0.000000	-7.980000	1.000000	-8.530000	1.000000	1446.000000	4.000000	NaN	NaN	NaN	NaN	NaN	NaN	NaN	NaN	NaN
52.007338	0.000000	0.000000	0.000000	-7.963000	1.000000	-8.537000	1.000000	1446.000000	4.000000	NaN	NaN	NaN	NaN	NaN	NaN	NaN	NaN	NaN
53.007345	0.000000	0.000000	0.000000	-7.963000	1.000000	-8.521000	1.000000	1446.000000	4.000000	NaN	NaN	NaN	NaN	NaN	NaN	NaN	NaN	NaN
54.007389	0.000000	0.000000	0.000000	-8.004000	1.000000	-8.578000	1.000000	1446.000000	4.000000	NaN	NaN	NaN	NaN	NaN	NaN	NaN	NaN	NaN
55.007429	0.000000	0.000000	0.000000	-8.046000	1.000000	-8.660000	1.000000	1446.000000	4.000000	NaN	NaN	NaN	NaN	NaN	NaN	NaN	NaN	NaN
56.007428	0.000000	0.000000	0.000000	-8.043000	1.000000	-8.657000	1.000000	1446.000000	4.000000	NaN	NaN	NaN	NaN	NaN	NaN	NaN	NaN	NaN
57.007498	0.000000	0.000000	0.000000	-8.041000	1.000000	-8.663000	1.000000	1446.000000	4.000000	NaN	NaN	NaN	NaN	NaN	NaN	NaN	NaN	NaN
58.008768	0.000000	0.000000	0.000000	-8.036000	1.000000	-8.662000	1.000000	1446.000000	4.000000	NaN	NaN	NaN	NaN	NaN	NaN	NaN	NaN	NaN
59.007527	0.000000	0.000000	0.000000	-8.041000	1.000000	-8.665000	1.000000	1446.000000	4.000000	NaN	NaN	NaN	NaN	NaN	NaN	NaN	NaN	NaN
60.007555	0.000000	0.000000	0.000000	-8.032000	1.000000	-8.683000	1.000000	1446.000000	4.000000	NaN	NaN	NaN	NaN	NaN	NaN	NaN	NaN	NaN
61.007597	0.000000	0.000000	0.000000	-8.000000	1.000000	-8.613000	1.000000	1446.000000	4.000000	NaN	NaN	NaN	NaN	NaN	NaN	NaN	NaN	NaN
62.007651	0.000000	0.000000	0.000000	-7.975000	1.000000	-8.493000	1.000000	1446.000000	4.000000	NaN	NaN	NaN	NaN	NaN	NaN	NaN	NaN	NaN
63.007637	0.000000	0.000000	0.000000	-7.981000	1.000000	-8.450000	1.000000	1446.000000	4.000000	NaN	NaN	NaN	NaN	NaN	NaN	NaN	NaN	NaN
64.007667	0.000000	0.000000	0.000000	-7.919000	1.000000	-8.503000	1.000000	1446.000000	4.000000	NaN	NaN	NaN	NaN	NaN	NaN	NaN	NaN	NaN
65.006729	0.000000	0.000000	0.000000	-7.938000	1.000000	-8.500000	1.000000	1446.000000	4.000000	NaN	NaN	NaN	NaN	NaN	NaN	NaN	NaN	NaN
66.006718	0.000000	0.000000	0.000000	-7.891000	1.000000	-8.455000	1.000000	1446.000000	4.000000	NaN	NaN	NaN	NaN	NaN	NaN	NaN	NaN	NaN
67.006774	0.000000	0.000000	0.000000	-7.954000	1.000000	-8.491000	1.000000	1446.000000	4.000000	NaN	NaN	NaN	NaN	NaN	NaN	NaN	NaN	NaN
68.006765	0.000000	0.000000	0.000000	-8.003000	1.000000	-8.584000	1.000000	1446.000000	4.000000	NaN	NaN	NaN	NaN	NaN	NaN	NaN	NaN	NaN
69.006789	0.000000	0.000000	0.000000	-8.031000	1.000000	-8.618000	1.000000	1446.000000	4.000000	NaN	NaN	NaN	NaN	NaN	NaN	NaN	NaN	NaN
70.006881	0.000000	0.000000	0.000000	-8.025000	1.000000	-8.609000	1.000000	1446.000000	4.000000	NaN	NaN	NaN	NaN	NaN	NaN	NaN	NaN	NaN
71.006849	0.000000	0.000000	0.000000	-8.027000	1.000000	-8.625000	1.000000	1446.000000	4.000000	NaN	NaN	NaN	NaN	NaN	NaN	NaN	NaN	NaN
72.006872	0.000000	0.000000	0.000000	-8.043000	1.000000	-8.644000	1.000000	1446.000000	4.000000	NaN	NaN	NaN	NaN	NaN	NaN	NaN	NaN	NaN
73.006974	0.000000	0.000000	0.000000	-8.037000	1.000000	-8.628000	1.000000	1446.000000	4.000000	NaN	NaN	NaN	NaN	NaN	NaN	NaN	NaN	NaN
74.006995	0.000000	0.000000	0.000000	-8.022000	1.000000	-8.647000	1.000000	1446.000000	4.000000	NaN	NaN	NaN	NaN	NaN	NaN	NaN	NaN	NaN
75.006967	0.000000	0.000000	0.000000	-8.000000	1.000000	-8.599000	1.000000	1446.000000	4.000000	NaN	NaN	NaN	NaN	NaN	NaN	NaN	NaN	NaN
76.009350	0.000000	0.000000	0.000000	-7.980000	1.000000	-8.536000	1.000000	1446.000000	4.000000	NaN	NaN	NaN	NaN	NaN	NaN	NaN	NaN	NaN
77.007038	0.000000	0.000000	0.000000	-7.985000	1.000000	-8.550000	1.000000	1446.000000	4.000000	NaN	NaN	NaN	NaN	NaN	NaN	NaN	NaN	NaN
78.007053	0.000000	0.000000	0.000000	-8.006000	1.000000	-8.528000	1.000000	1446.000000	4.000000	NaN	NaN	NaN	NaN	NaN	NaN	NaN	NaN	NaN
79.007077	0.000000	0.000000	0.000000	-8.004000	1.000000	-8.517000	1.000000	1446.000000	4.000000	NaN	NaN	NaN	NaN	NaN	NaN	NaN	NaN	NaN
80.007115	0.000000	0.000000	0.000000	-8.000000	1.000000	-8.533000	1.000000	1446.000000	4.000000	NaN	NaN	NaN	NaN	NaN	NaN	NaN	NaN	NaN
81.007128	0.000000	0.000000	0.000000	-7.994000	1.000000	-8.518000	1.000000	1446.000000	4.000000	NaN	NaN	NaN	NaN	NaN	NaN	NaN	NaN	NaN
82.007199	0.000000	0.000000	0.000000	-8.012000	1.000000	-8.581000	1.000000	1446.000000	4.000000	NaN	NaN	NaN	NaN	NaN	NaN	NaN	NaN	NaN
83.006189	0.000000	0.000000	0.000000	-8.045000	1.000000	-8.633000	1.000000	1446.000000	4.000000	NaN	NaN	NaN	NaN	NaN	NaN	NaN	NaN	NaN
84.006253	0.000000	0.000000	0.000000	-8.034000	1.000000	-8.635000	1.000000	1446.000000	4.000000	NaN	NaN	NaN	NaN	NaN	NaN	NaN	NaN	NaN
85.006241	0.000000	0.000000	0.000000	-8.031000	1.000000	-8.624000	1.000000	1446.000000	4.000000	NaN	NaN	NaN	NaN	NaN	NaN	NaN	NaN	NaN
86.006294	0.000000	0.000000	0.000000	-8.029000	1.000000	-8.613000	1.000000	1446.000000	4.000000	NaN	NaN	NaN	NaN	NaN	NaN	NaN	NaN	NaN
87.006310	0.000000	0.000000	0.000000	-8.025000	1.000000	-8.609000	1.000000	1446.000000	4.000000	NaN	NaN	NaN	NaN	NaN	NaN	NaN	NaN	NaN
88.006332	0.000000	0.000000	0.000000	-8.028000	1.000000	-8.610000	1.000000	1446.000000	4.000000	NaN	NaN	NaN	NaN	NaN	NaN	NaN	NaN	NaN
89.006398	0.000000	0.000000	0.000000	-8.000000	1.000000	-8.585000	1.000000	1446.000000	4.000000	NaN	NaN	NaN	NaN	NaN	NaN	NaN	NaN	NaN
90.006392	0.000000	0.000000	0.000000	-7.985000	1.000000	-8.558000	1.000000	1446.000000	4.000000	NaN	NaN	NaN	NaN	NaN	NaN	NaN	NaN	NaN
91.006405	0.000000	0.000000	0.000000	-8.003000	1.000000	-8.551000	1.000000	1446.000000	4.000000	NaN	NaN	NaN	NaN	NaN	NaN	NaN	NaN	NaN
92.006487	0.000000	0.000000	0.000000	-8.005000	1.000000	-8.545000	1.000000	1446.000000	4.000000	NaN	NaN	NaN	NaN	NaN	NaN	NaN	NaN	NaN
93.006484	0.000000	0.000000	0.000000	-7.998000	1.000000	-8.552000	1.000000	1446.000000	4.000000	NaN	NaN	NaN	NaN	NaN	NaN	NaN	NaN	NaN
94.006516	0.000000	0.000000	0.000000	-7.994000	1.000000	-8.549000	1.000000	1446.000000	4.000000	NaN	NaN	NaN	NaN	NaN	NaN	NaN	NaN	NaN
95.006564	0.000000	0.000000	0.000000	-7.991000	1.000000	-8.546000	1.000000	1446.000000	4.000000	NaN	NaN	NaN	NaN	NaN	NaN	NaN	NaN	NaN
96.006543	0.000000	0.000000	0.000000	-8.016000	1.000000	-8.577000	1.000000	1446.000000	4.000000	NaN	NaN	NaN	NaN	NaN	NaN	NaN	NaN	NaN
97.009809	0.000000	0.000000	0.000000	-8.018000	1.000000	-8.653000	1.000000	1446.000000	4.000000	NaN	NaN	NaN	NaN	NaN	NaN	NaN	NaN	NaN
98.006623	0.000000	0.000000	0.000000	-8.019000	1.000000	-8.648000	1.000000	1446.000000	4.000000	NaN	NaN	NaN	NaN	NaN	NaN	NaN	NaN	NaN
99.006631	0.000000	0.000000	0.000000	-8.018000	1.000000	-8.624000	1.000000	1446.000000	4.000000	NaN	NaN	NaN	NaN	NaN	NaN	NaN	NaN	NaN
100.005691	0.000000	0.000000	0.000000	-8.005000	1.000000	-8.642000	1.000000	1446.000000	4.000000	NaN	NaN	NaN	NaN	NaN	NaN	NaN	NaN	NaN
101.005680	0.000000	0.000000	0.000000	-8.000000	1.000000	-8.653000	1.000000	1446.000000	4.000000	NaN	NaN	NaN	NaN	NaN	NaN	NaN	NaN	NaN
102.005717	0.000000	0.000000	0.000000	-8.000000	1.000000	-8.651000	1.000000	1446.000000	4.000000	NaN	NaN	NaN	NaN	NaN	NaN	NaN	NaN	NaN
103.005723	0.000000	0.000000	0.000000	-8.002000	1.000000	-8.591000	1.000000	1446.000000	4.000000	NaN	NaN	NaN	NaN	NaN	NaN	NaN	NaN	NaN
104.005768	0.000000	0.000000	0.000000	-8.003000	1.000000	-8.534000	1.000000	1446.000000	4.000000	NaN	NaN	NaN	NaN	NaN	NaN	NaN	NaN	NaN
105.005802	0.000000	0.000000	0.000000	-8.005000	1.000000	-8.530000	1.000000	1446.000000	4.000000	NaN	NaN	NaN	NaN	NaN	NaN	NaN	NaN	NaN
106.005849	0.000000	0.000000	0.000000	-7.999000	1.000000	-8.539000	1.000000	1446.000000	4.000000	NaN	NaN	NaN	NaN	NaN	NaN	NaN	NaN	NaN
107.005899	0.000000	0.000000	0.000000	-7.990000	1.000000	-8.547000	1.000000	1446.000000	4.000000	NaN	NaN	NaN	NaN	NaN	NaN	NaN	NaN	NaN
108.005894	0.000000	0.000000	0.000000	-8.000000	1.000000	-8.548000	1.000000	1446.000000	4.000000	NaN	NaN	NaN	NaN	NaN	NaN	NaN	NaN	NaN
109.005935	0.000000	0.000000	0.000000	-7.972000	1.000000	-8.571000	1.000000	1446.000000	4.000000	NaN	NaN	NaN	NaN	NaN	NaN	NaN	NaN	NaN
110.005943	0.000000	0.000000	0.000000	-8.018000	1.000000	-8.584000	1.000000	1446.000000	4.000000	NaN	NaN	NaN	NaN	NaN	NaN	NaN	NaN	NaN
111.005953	0.000000	0.000000	0.000000	-8.034000	1.000000	-8.631000	1.000000	1446.000000	4.000000	NaN	NaN	NaN	NaN	NaN	NaN	NaN	NaN	NaN
112.005992	0.000000	0.000000	0.000000	-8.040000	1.000000	-8.613000	1.000000	1446.000000	4.000000	NaN	NaN	NaN	NaN	NaN	NaN	NaN	NaN	NaN
113.006014	0.000000	0.000000	0.000000	-8.050000	1.000000	-8.624000	1.000000	1446.000000	4.000000	NaN	NaN	NaN	NaN	NaN	NaN	NaN	NaN	NaN
114.006056	0.000000	0.000000	0.000000	-8.069000	1.000000	-8.587000	1.000000	1446.000000	4.000000	NaN	NaN	NaN	NaN	NaN	NaN	NaN	NaN	NaN
115.006106	0.000000	0.000000	0.000000	-8.056000	1.000000	-8.627000	1.000000	1446.000000	4.000000	NaN	NaN	NaN	NaN	NaN	NaN	NaN	NaN	NaN
116.006078	0.000000	0.000000	0.000000	-8.040000	1.000000	-8.584000	1.000000	1446.000000	4.000000	NaN	NaN	NaN	NaN	NaN	NaN	NaN	NaN	NaN
117.006144	0.000000	0.000000	0.000000	-7.992000	1.000000	-8.582000	1.000000	1446.000000	4.000000	NaN	NaN	NaN	NaN	NaN	NaN	NaN	NaN	NaN
118.005149	0.000000	0.000000	0.000000	-7.946000	1.000000	-8.582000	1.000000	1446.000000	4.000000	NaN	NaN	NaN	NaN	NaN	NaN	NaN	NaN	NaN
119.005174	0.000000	0.000000	0.000000	-7.931000	1.000000	-8.604000	1.000000	1446.000000	4.000000	NaN	NaN	NaN	NaN	NaN	NaN	NaN	NaN	NaN
120.005185	0.000000	0.000000	0.000000	-7.931000	1.000000	-8.583000	1.000000	1446.000000	4.000000	NaN	NaN	NaN	NaN	NaN	NaN	NaN	NaN	NaN
121.005239	0.000000	0.000000	0.000000	-7.936000	1.000000	-8.582000	1.000000	1446.000000	4.000000	NaN	NaN	NaN	NaN	NaN	NaN	NaN	NaN	NaN
122.005244	0.000000	0.000000	0.000000	-7.966000	1.000000	-8.576000	1.000000	1446.000000	4.000000	NaN	NaN	NaN	NaN	NaN	NaN	NaN	NaN	NaN
123.005285	0.000000	0.000000	0.000000	-7.973000	1.000000	-8.532000	1.000000	1446.000000	4.000000	NaN	NaN	NaN	NaN	NaN	NaN	NaN	NaN	NaN
124.005335	0.000000	0.000000	0.000000	-8.019000	1.000000	-8.579000	1.000000	1446.000000	4.000000	NaN	NaN	NaN	NaN	NaN	NaN	NaN	NaN	NaN
125.005366	0.000000	0.000000	0.000000	-8.039000	1.000000	-8.637000	1.000000	1446.000000	4.000000	NaN	NaN	NaN	NaN	NaN	NaN	NaN	NaN	NaN
126.005405	0.000000	0.000000	0.000000	-8.056000	1.000000	-8.623000	1.000000	1446.000000	4.000000	NaN	NaN	NaN	NaN	NaN	NaN	NaN	NaN	NaN
127.005423	0.000000	0.000000	0.000000	-8.040000	1.000000	-8.623000	1.000000	1446.000000	4.000000	NaN	NaN	NaN	NaN	NaN	NaN	NaN	NaN	NaN
128.005420	0.000000	0.000000	0.000000	-8.049000	1.000000	-8.587000	1.000000	1446.000000	4.000000	NaN	NaN	NaN	NaN	NaN	NaN	NaN	NaN	NaN
129.006952	0.000000	0.000000	0.000000	-8.032000	1.000000	-8.557000	1.000000	1446.000000	4.000000	NaN	NaN	NaN	NaN	NaN	NaN	NaN	NaN	NaN
130.005490	0.000000	0.000000	0.000000	-8.051000	1.000000	-8.533000	1.000000	1446.000000	4.000000	NaN	NaN	NaN	NaN	NaN	NaN	NaN	NaN	NaN
131.005528	0.000000	0.000000	0.000000	-7.987000	1.000000	-8.569000	1.000000	1446.000000	4.000000	NaN	NaN	NaN	NaN	NaN	NaN	NaN	NaN	NaN
132.005523	0.000000	0.000000	0.000000	-7.969000	1.000000	-8.572000	1.000000	1446.000000	4.000000	NaN	NaN	NaN	NaN	NaN	NaN	NaN	NaN	NaN
133.005616	0.000000	0.000000	0.000000	-7.981000	1.000000	-8.531000	1.000000	1446.000000	4.000000	NaN	NaN	NaN	NaN	NaN	NaN	NaN	NaN	NaN
134.005642	0.000000	0.000000	0.000000	-7.969000	1.000000	-8.575000	1.000000	1446.000000	4.000000	NaN	NaN	NaN	NaN	NaN	NaN	NaN	NaN	NaN
135.004612	0.000000	0.000000	0.000000	-7.992000	1.000000	-8.578000	1.000000	1446.000000	4.000000	NaN	NaN	NaN	NaN	NaN	NaN	NaN	NaN	NaN
136.004653	0.000000	0.000000	0.000000	-7.980000	1.000000	-8.566000	1.000000	1446.000000	4.000000	NaN	NaN	NaN	NaN	NaN	NaN	NaN	NaN	NaN
137.004684	0.000000	0.000000	0.000000	-7.975000	1.000000	-8.540000	1.000000	1446.000000	4.000000	NaN	NaN	NaN	NaN	NaN	NaN	NaN	NaN	NaN
138.004746	0.000000	0.000000	0.000000	-8.013000	1.000000	-8.585000	1.000000	1446.000000	4.000000	NaN	NaN	NaN	NaN	NaN	NaN	NaN	NaN	NaN
139.004759	0.000000	0.000000	0.000000	-8.026000	1.000000	-8.610000	1.000000	1446.000000	4.000000	NaN	NaN	NaN	NaN	NaN	NaN	NaN	NaN	NaN
140.004769	0.000000	0.000000	0.000000	-8.047000	1.000000	-8.626000	1.000000	1446.000000	4.000000	NaN	NaN	NaN	NaN	NaN	NaN	NaN	NaN	NaN
141.004809	0.000000	0.000000	0.000000	-8.043000	1.000000	-8.581000	1.000000	1446.000000	4.000000	NaN	NaN	NaN	NaN	NaN	NaN	NaN	NaN	NaN
142.004814	0.000000	0.000000	0.000000	-8.075000	1.000000	-8.600000	1.000000	1446.000000	4.000000	NaN	NaN	NaN	NaN	NaN	NaN	NaN	NaN	NaN
143.004889	0.000000	0.000000	0.000000	-8.016000	1.000000	-8.621000	1.000000	1446.000000	4.000000	NaN	NaN	NaN	NaN	NaN	NaN	NaN	NaN	NaN
144.004872	0.000000	0.000000	0.000000	-8.022000	1.000000	-8.614000	1.000000	1446.000000	4.000000	NaN	NaN	NaN	NaN	NaN	NaN	NaN	NaN	NaN
145.004933	0.000000	0.000000	0.000000	-8.002000	1.000000	-8.585000	1.000000	1446.000000	4.000000	NaN	NaN	NaN	NaN	NaN	NaN	NaN	NaN	NaN
146.004925	0.000000	0.000000	0.000000	-7.993000	1.000000	-8.581000	1.000000	1446.000000	4.000000	NaN	NaN	NaN	NaN	NaN	NaN	NaN	NaN	NaN
147.004952	0.000000	0.000000	0.000000	-7.985000	1.000000	-8.550000	1.000000	1446.000000	4.000000	NaN	NaN	NaN	NaN	NaN	NaN	NaN	NaN	NaN
148.005027	0.000000	0.000000	0.000000	-7.983000	1.000000	-8.568000	1.000000	1446.000000	4.000000	NaN	NaN	NaN	NaN	NaN	NaN	NaN	NaN	NaN
149.005037	0.000000	0.000000	0.000000	-7.993000	1.000000	-8.559000	1.000000	1446.000000	4.000000	NaN	NaN	NaN	NaN	NaN	NaN	NaN	NaN	NaN
150.005032	0.000000	0.000000	0.000000	-8.000000	1.000000	-8.560000	1.000000	1446.000000	4.000000	NaN	NaN	NaN	NaN	NaN	NaN	NaN	NaN	NaN
151.005055	0.000000	0.000000	0.000000	-7.991000	1.000000	-8.548000	1.000000	1446.000000	4.000000	NaN	NaN	NaN	NaN	NaN	NaN	NaN	NaN	NaN
152.004097	0.000000	0.000000	0.000000	-8.021000	1.000000	-8.582000	1.000000	1446.000000	4.000000	NaN	NaN	NaN	NaN	NaN	NaN	NaN	NaN	NaN
153.004117	0.000000	0.000000	0.000000	-8.036000	1.000000	-8.601000	1.000000	1446.000000	4.000000	NaN	NaN	NaN	NaN	NaN	NaN	NaN	NaN	NaN
154.004117	0.000000	0.000000	0.000000	-7.983000	1.000000	-8.567000	1.000000	1446.000000	4.000000	NaN	NaN	NaN	NaN	NaN	NaN	NaN	NaN	NaN
155.004164	0.000000	0.000000	0.000000	-7.995000	1.000000	-8.581000	1.000000	1446.000000	4.000000	NaN	NaN	NaN	NaN	NaN	NaN	NaN	NaN	NaN
156.004173	0.000000	0.000000	0.000000	-7.970000	1.000000	-8.574000	1.000000	1446.000000	4.000000	NaN	NaN	NaN	NaN	NaN	NaN	NaN	NaN	NaN
157.004234	0.000000	0.000000	0.000000	-7.966000	1.000000	-8.579000	1.000000	1446.000000	4.000000	NaN	NaN	NaN	NaN	NaN	NaN	NaN	NaN	NaN
158.004284	0.000000	0.000000	0.000000	-7.982000	1.000000	-8.582000	1.000000	1446.000000	4.000000	NaN	NaN	NaN	NaN	NaN	NaN	NaN	NaN	NaN
159.004286	0.000000	0.000000	0.000000	-8.018000	1.000000	-8.591000	1.000000	1446.000000	4.000000	NaN	NaN	NaN	NaN	NaN	NaN	NaN	NaN	NaN
160.004289	0.000000	0.000000	0.000000	-8.053000	1.000000	-8.601000	1.000000	1446.000000	4.000000	NaN	NaN	NaN	NaN	NaN	NaN	NaN	NaN	NaN
161.004370	0.000000	0.000000	0.000000	-8.046000	1.000000	-8.599000	1.000000	1446.000000	4.000000	NaN	NaN	NaN	NaN	NaN	NaN	NaN	NaN	NaN
162.004351	0.000000	0.000000	0.000000	-8.047000	1.000000	-8.598000	1.000000	1446.000000	4.000000	NaN	NaN	NaN	NaN	NaN	NaN	NaN	NaN	NaN
163.004380	0.000000	0.000000	0.000000	-8.051000	1.000000	-8.599000	1.000000	1446.000000	4.000000	NaN	NaN	NaN	NaN	NaN	NaN	NaN	NaN	NaN
164.004433	0.000000	0.000000	0.000000	-8.057000	1.000000	-8.601000	1.000000	1446.000000	4.000000	NaN	NaN	NaN	NaN	NaN	NaN	NaN	NaN	NaN
165.004481	0.000000	0.000000	0.000000	-8.055000	1.000000	-8.602000	1.000000	1446.000000	4.000000	NaN	NaN	NaN	NaN	NaN	NaN	NaN	NaN	NaN
166.004498	0.000000	0.000000	0.000000	-8.019000	1.000000	-8.598000	1.000000	1446.000000	4.000000	NaN	NaN	NaN	NaN	NaN	NaN	NaN	NaN	NaN
167.004523	0.000000	0.000000	0.000000	-7.990000	1.000000	-8.586000	1.000000	1446.000000	4.000000	NaN	NaN	NaN	NaN	NaN	NaN	NaN	NaN	NaN
168.004545	0.000000	0.000000	0.000000	-7.990000	1.000000	-8.584000	1.000000	1446.000000	4.000000	NaN	NaN	NaN	NaN	NaN	NaN	NaN	NaN	NaN
169.004597	0.000000	0.000000	0.000000	-7.992000	1.000000	-8.583000	1.000000	1446.000000	4.000000	NaN	NaN	NaN	NaN	NaN	NaN	NaN	NaN	NaN
170.003595	0.000000	0.000000	0.000000	-7.994000	1.000000	-8.584000	1.000000	1446.000000	4.000000	NaN	NaN	NaN	NaN	NaN	NaN	NaN	NaN	NaN
171.003655	0.000000	0.000000	0.000000	-7.991000	1.000000	-8.578000	1.000000	1446.000000	4.000000	NaN	NaN	NaN	NaN	NaN	NaN	NaN	NaN	NaN
172.003637	0.000000	0.000000	0.000000	-8.004000	1.000000	-8.596000	1.000000	1446.000000	4.000000	NaN	NaN	NaN	NaN	NaN	NaN	NaN	NaN	NaN
173.003682	0.000000	0.000000	0.000000	-8.017000	1.000000	-8.593000	1.000000	1446.000000	4.000000	NaN	NaN	NaN	NaN	NaN	NaN	NaN	NaN	NaN
174.003707	0.000000	0.000000	0.000000	-8.021000	1.000000	-8.591000	1.000000	1446.000000	4.000000	NaN	NaN	NaN	NaN	NaN	NaN	NaN	NaN	NaN
175.003710	0.000000	0.000000	0.000000	-8.022000	1.000000	-8.590000	1.000000	1446.000000	4.000000	NaN	NaN	NaN	NaN	NaN	NaN	NaN	NaN	NaN
176.003730	0.000000	0.000000	0.000000	-8.019000	1.000000	-8.589000	1.000000	1446.000000	4.000000	NaN	NaN	NaN	NaN	NaN	NaN	NaN	NaN	NaN
177.003808	0.000000	0.000000	0.000000	-8.020000	1.000000	-8.590000	1.000000	1446.000000	4.000000	NaN	NaN	NaN	NaN	NaN	NaN	NaN	NaN	NaN
178.003793	0.000000	0.000000	0.000000	-8.022000	1.000000	-8.592000	1.000000	1446.000000	4.000000	NaN	NaN	NaN	NaN	NaN	NaN	NaN	NaN	NaN
179.003811	0.000000	0.000000	0.000000	-8.018000	1.000000	-8.593000	1.000000	1446.000000	4.000000	NaN	NaN	NaN	NaN	NaN	NaN	NaN	NaN	NaN
180.003890	0.000000	0.000000	0.000000	-8.010000	1.000000	-8.595000	1.000000	1446.000000	4.000000	NaN	NaN	NaN	NaN	NaN	NaN	NaN	NaN	NaN
181.003875	0.000000	0.000000	0.000000	-8.020000	1.000000	-8.603000	1.000000	1446.000000	4.000000	NaN	NaN	NaN	NaN	NaN	NaN	NaN	NaN	NaN
182.003931	0.000000	0.000000	0.000000	-8.001000	1.000000	-8.605000	1.000000	1446.000000	4.000000	NaN	NaN	NaN	NaN	NaN	NaN	NaN	NaN	NaN
183.003939	0.000000	0.000000	0.000000	-8.005000	1.000000	-8.607000	1.000000	1446.000000	4.000000	NaN	NaN	NaN	NaN	NaN	NaN	NaN	NaN	NaN
184.003967	0.000000	0.000000	0.000000	-8.024000	1.000000	-8.603000	1.000000	1446.000000	4.000000	NaN	NaN	NaN	NaN	NaN	NaN	NaN	NaN	NaN
185.003986	0.000000	0.000000	0.000000	-8.025000	1.000000	-8.602000	1.000000	1446.000000	4.000000	NaN	NaN	NaN	NaN	NaN	NaN	NaN	NaN	NaN
186.004041	0.000000	0.000000	0.000000	-8.076000	1.000000	-8.612000	1.000000	1446.000000	4.000000	NaN	NaN	NaN	NaN	NaN	NaN	NaN	NaN	NaN
187.003053	0.000000	0.000000	0.000000	-8.008000	1.000000	-8.587000	1.000000	1446.000000	4.000000	NaN	NaN	NaN	NaN	NaN	NaN	NaN	NaN	NaN
188.003110	0.000000	0.000000	0.000000	-7.976000	1.000000	-8.575000	1.000000	1446.000000	4.000000	NaN	NaN	NaN	NaN	NaN	NaN	NaN	NaN	NaN
189.003126	0.000000	0.000000	0.000000	-7.975000	1.000000	-8.563000	1.000000	1446.000000	4.000000	NaN	NaN	NaN	NaN	NaN	NaN	NaN	NaN	NaN
190.003145	0.000000	0.000000	0.000000	-7.981000	1.000000	-8.565000	1.000000	1446.000000	4.000000	NaN	NaN	NaN	NaN	NaN	NaN	NaN	NaN	NaN
191.003209	0.000000	0.000000	0.000000	-7.974000	1.000000	-8.571000	1.000000	1446.000000	4.000000	NaN	NaN	NaN	NaN	NaN	NaN	NaN	NaN	NaN
192.003177	0.000000	0.000000	0.000000	-7.969000	1.000000	-8.572000	1.000000	1446.000000	4.000000	NaN	NaN	NaN	NaN	NaN	NaN	NaN	NaN	NaN
193.003257	0.000000	0.000000	0.000000	-7.982000	1.000000	-8.572000	1.000000	1446.000000	4.000000	NaN	NaN	NaN	NaN	NaN	NaN	NaN	NaN	NaN
194.003225	0.000000	0.000000	0.000000	-8.020000	1.000000	-8.588000	1.000000	1446.000000	4.000000	NaN	NaN	NaN	NaN	NaN	NaN	NaN	NaN	NaN
195.003250	0.000000	0.000000	0.000000	-8.065000	1.000000	-8.619000	1.000000	1446.000000	4.000000	NaN	NaN	NaN	NaN	NaN	NaN	NaN	NaN	NaN
196.003331	0.000000	0.000000	0.000000	-8.084000	1.000000	-8.628000	1.000000	1446.000000	4.000000	NaN	NaN	NaN	NaN	NaN	NaN	NaN	NaN	NaN
197.003355	0.000000	0.000000	0.000000	-8.081000	1.000000	-8.640000	1.000000	1446.000000	4.000000	NaN	NaN	NaN	NaN	NaN	NaN	NaN	NaN	NaN
198.003369	0.000000	0.000000	0.000000	-8.071000	1.000000	-8.635000	1.000000	1446.000000	4.000000	NaN	NaN	NaN	NaN	NaN	NaN	NaN	NaN	NaN
199.003372	0.000000	0.000000	0.000000	-8.073000	1.000000	-8.633000	1.000000	1446.000000	4.000000	NaN	NaN	NaN	NaN	NaN	NaN	NaN	NaN	NaN
200.003439	0.000000	0.000000	0.000000	-8.076000	1.000000	-8.633000	1.000000	1446.000000	4.000000	NaN	NaN	NaN	NaN	NaN	NaN	NaN	NaN	NaN
201.003472	0.000000	0.000000	0.000000	-8.009000	1.000000	-8.605000	1.000000	1446.000000	4.000000	NaN	NaN	NaN	NaN	NaN	NaN	NaN	NaN	NaN
202.003462	0.000000	0.000000	0.000000	-7.983000	1.000000	-8.564000	1.000000	1446.000000	4.000000	NaN	NaN	NaN	NaN	NaN	NaN	NaN	NaN	NaN
203.003491	0.000000	0.000000	0.000000	-7.983000	1.000000	-8.547000	1.000000	1446.000000	4.000000	NaN	NaN	NaN	NaN	NaN	NaN	NaN	NaN	NaN
204.003548	0.000000	0.000000	0.000000	-7.958000	1.000000	-8.531000	1.000000	1446.000000	4.000000	NaN	NaN	NaN	NaN	NaN	NaN	NaN	NaN	NaN
205.003235	0.000000	0.000000	0.000000	-7.957000	1.000000	-8.567000	1.000000	1446.000000	4.000000	NaN	NaN	NaN	NaN	NaN	NaN	NaN	NaN	NaN
206.002610	0.000000	0.000000	0.000000	-7.949000	1.000000	-8.565000	1.000000	1446.000000	4.000000	NaN	NaN	NaN	NaN	NaN	NaN	NaN	NaN	NaN
207.002572	0.000000	0.000000	0.000000	-7.963000	1.000000	-8.567000	1.000000	1446.000000	4.000000	NaN	NaN	NaN	NaN	NaN	NaN	NaN	NaN	NaN
208.002639	0.000000	0.000000	0.000000	-8.023000	1.000000	-8.587000	1.000000	1446.000000	4.000000	NaN	NaN	NaN	NaN	NaN	NaN	NaN	NaN	NaN
209.002642	0.000000	0.000000	0.000000	-8.093000	1.000000	-8.623000	1.000000	1446.000000	4.000000	NaN	NaN	NaN	NaN	NaN	NaN	NaN	NaN	NaN
210.002672	0.000000	0.000000	0.000000	-8.077000	1.000000	-8.624000	1.000000	1446.000000	4.000000	NaN	NaN	NaN	NaN	NaN	NaN	NaN	NaN	NaN
211.002714	0.000000	0.000000	0.000000	-8.068000	1.000000	-8.626000	1.000000	1446.000000	4.000000	NaN	NaN	NaN	NaN	NaN	NaN	NaN	NaN	NaN
212.002766	0.000000	0.000000	0.000000	-8.071000	1.000000	-8.625000	1.000000	1446.000000	4.000000	NaN	NaN	NaN	NaN	NaN	NaN	NaN	NaN	NaN
213.002797	0.000000	0.000000	0.000000	-8.072000	1.000000	-8.622000	1.000000	1446.000000	4.000000	NaN	NaN	NaN	NaN	NaN	NaN	NaN	NaN	NaN
214.002813	0.000000	0.000000	0.000000	-8.072000	1.000000	-8.623000	1.000000	1446.000000	4.000000	NaN	NaN	NaN	NaN	NaN	NaN	NaN	NaN	NaN
215.002808	0.000000	0.000000	0.000000	-8.011000	1.000000	-8.607000	1.000000	1446.000000	4.000000	NaN	NaN	NaN	NaN	NaN	NaN	NaN	NaN	NaN
216.002834	0.000000	0.000000	0.000000	-7.939000	1.000000	-8.566000	1.000000	1446.000000	4.000000	NaN	NaN	NaN	NaN	NaN	NaN	NaN	NaN	NaN
217.002866	0.000000	0.000000	0.000000	-7.950000	1.000000	-8.564000	1.000000	1446.000000	4.000000	NaN	NaN	NaN	NaN	NaN	NaN	NaN	NaN	NaN
218.002945	0.000000	0.000000	0.000000	-7.956000	1.000000	-8.566000	1.000000	1446.000000	4.000000	NaN	NaN	NaN	NaN	NaN	NaN	NaN	NaN	NaN
219.002931	0.000000	0.000000	0.000000	-7.966000	1.000000	-8.565000	1.000000	1446.000000	4.000000	NaN	NaN	NaN	NaN	NaN	NaN	NaN	NaN	NaN
220.002973	0.000000	0.000000	0.000000	-7.961000	1.000000	-8.567000	1.000000	1446.000000	4.000000	NaN	NaN	NaN	NaN	NaN	NaN	NaN	NaN	NaN
221.002998	0.000000	0.000000	0.000000	-7.962000	1.000000	-8.568000	1.000000	1446.000000	4.000000	NaN	NaN	NaN	NaN	NaN	NaN	NaN	NaN	NaN
222.001998	0.000000	0.000000	0.000000	-8.020000	1.000000	-8.581000	1.000000	1446.000000	4.000000	NaN	NaN	NaN	NaN	NaN	NaN	NaN	NaN	NaN
223.002059	0.000000	0.000000	0.000000	-8.095000	1.000000	-8.621000	1.000000	1446.000000	4.000000	NaN	NaN	NaN	NaN	NaN	NaN	NaN	NaN	NaN
224.002067	0.000000	0.000000	0.000000	-8.082000	1.000000	-8.625000	1.000000	1446.000000	4.000000	NaN	NaN	NaN	NaN	NaN	NaN	NaN	NaN	NaN
225.002095	0.000000	0.000000	0.000000	-8.081000	1.000000	-8.623000	1.000000	1446.000000	4.000000	NaN	NaN	NaN	NaN	NaN	NaN	NaN	NaN	NaN
226.002103	0.000000	0.000000	0.000000	-8.075000	1.000000	-8.624000	1.000000	1446.000000	4.000000	NaN	NaN	NaN	NaN	NaN	NaN	NaN	NaN	NaN
227.002123	0.000000	0.000000	0.000000	-8.069000	1.000000	-8.623000	1.000000	1446.000000	4.000000	NaN	NaN	NaN	NaN	NaN	NaN	NaN	NaN	NaN
228.002204	0.000000	0.000000	0.000000	-8.072000	1.000000	-8.621000	1.000000	1446.000000	4.000000	NaN	NaN	NaN	NaN	NaN	NaN	NaN	NaN	NaN
229.002221	0.000000	0.000000	0.000000	-8.012000	1.000000	-8.609000	1.000000	1446.000000	4.000000	NaN	NaN	NaN	NaN	NaN	NaN	NaN	NaN	NaN
230.002220	0.000000	0.000000	0.000000	-7.937000	1.000000	-8.567000	1.000000	1446.000000	4.000000	NaN	NaN	NaN	NaN	NaN	NaN	NaN	NaN	NaN
231.002287	0.000000	0.000000	0.000000	-7.954000	1.000000	-8.560000	1.000000	1446.000000	4.000000	NaN	NaN	NaN	NaN	NaN	NaN	NaN	NaN	NaN
232.002314	0.000000	0.000000	0.000000	-7.954000	1.000000	-8.561000	1.000000	1446.000000	4.000000	NaN	NaN	NaN	NaN	NaN	NaN	NaN	NaN	NaN
233.002306	0.000000	0.000000	0.000000	-7.952000	1.000000	-8.561000	1.000000	1446.000000	4.000000	NaN	NaN	NaN	NaN	NaN	NaN	NaN	NaN	NaN
234.002375	0.000000	0.000000	0.000000	-7.959000	1.000000	-8.561000	1.000000	1446.000000	4.000000	NaN	NaN	NaN	NaN	NaN	NaN	NaN	NaN	NaN
235.002370	0.000000	0.000000	0.000000	-7.969000	1.000000	-8.561000	1.000000	1446.000000	4.000000	NaN	NaN	NaN	NaN	NaN	NaN	NaN	NaN	NaN
236.002415	0.000000	0.000000	0.000000	-8.022000	1.000000	-8.573000	1.000000	1446.000000	4.000000	NaN	NaN	NaN	NaN	NaN	NaN	NaN	NaN	NaN
237.002416	0.000000	0.000000	0.000000	-8.095000	1.000000	-8.619000	1.000000	1446.000000	4.000000	NaN	NaN	NaN	NaN	NaN	NaN	NaN	NaN	NaN
238.002423	0.000000	0.000000	0.000000	-8.080000	1.000000	-8.623000	1.000000	1446.000000	4.000000	NaN	NaN	NaN	NaN	NaN	NaN	NaN	NaN	NaN
239.002465	0.000000	0.000000	0.000000	-8.080000	1.000000	-8.622000	1.000000	1446.000000	4.000000	NaN	NaN	NaN	NaN	NaN	NaN	NaN	NaN	NaN
240.001491	0.000000	0.000000	0.000000	-8.079000	1.000000	-8.621000	1.000000	1446.000000	4.000000	NaN	NaN	NaN	NaN	NaN	NaN	NaN	NaN	NaN
241.001562	0.000000	0.000000	0.000000	-8.079000	1.000000	-8.620000	1.000000	1446.000000	4.000000	NaN	NaN	NaN	NaN	NaN	NaN	NaN	NaN	NaN
242.001589	0.000000	0.000000	0.000000	-8.073000	1.000000	-8.618000	1.000000	1446.000000	4.000000	NaN	NaN	NaN	NaN	NaN	NaN	NaN	NaN	NaN
243.001564	0.000000	0.000000	0.000000	-8.008000	1.000000	-8.612000	1.000000	1446.000000	4.000000	NaN	NaN	NaN	NaN	NaN	NaN	NaN	NaN	NaN
244.001658	0.000000	0.000000	0.000000	-7.932000	1.000000	-8.561000	1.000000	1446.000000	4.000000	NaN	NaN	NaN	NaN	NaN	NaN	NaN	NaN	NaN
245.001685	0.000000	0.000000	0.000000	-7.950000	1.000000	-8.558000	1.000000	1446.000000	4.000000	NaN	NaN	NaN	NaN	NaN	NaN	NaN	NaN	NaN
246.001704	0.000000	0.000000	0.000000	-7.951000	1.000000	-8.557000	1.000000	1446.000000	4.000000	NaN	NaN	NaN	NaN	NaN	NaN	NaN	NaN	NaN
247.001674	0.000000	0.000000	0.000000	-7.950000	1.000000	-8.558000	1.000000	1446.000000	4.000000	NaN	NaN	NaN	NaN	NaN	NaN	NaN	NaN	NaN
248.001761	0.000000	0.000000	0.000000	-7.950000	1.000000	-8.557000	1.000000	1446.000000	4.000000	NaN	NaN	NaN	NaN	NaN	NaN	NaN	NaN	NaN
249.001815	0.000000	0.000000	0.000000	-7.949000	1.000000	-8.557000	1.000000	1446.000000	4.000000	NaN	NaN	NaN	NaN	NaN	NaN	NaN	NaN	NaN
250.001770	0.000000	0.000000	0.000000	-8.015000	1.000000	-8.563000	1.000000	1446.000000	4.000000	NaN	NaN	NaN	NaN	NaN	NaN	NaN	NaN	NaN
251.001845	0.000000	0.000000	0.000000	-8.098000	1.000000	-8.617000	1.000000	1446.000000	4.000000	NaN	NaN	NaN	NaN	NaN	NaN	NaN	NaN	NaN
252.001861	0.000000	0.000000	0.000000	-8.079000	1.000000	-8.624000	1.000000	1446.000000	4.000000	NaN	NaN	NaN	NaN	NaN	NaN	NaN	NaN	NaN
253.001888	0.000000	0.000000	0.000000	-8.079000	1.000000	-8.623000	1.000000	1446.000000	4.000000	NaN	NaN	NaN	NaN	NaN	NaN	NaN	NaN	NaN
254.001881	0.000000	0.000000	0.000000	-8.079000	1.000000	-8.622000	1.000000	1446.000000	4.000000	NaN	NaN	NaN	NaN	NaN	NaN	NaN	NaN	NaN
255.001908	0.000000	0.000000	0.000000	-8.079000	1.000000	-8.622000	1.000000	1446.000000	4.000000	NaN	NaN	NaN	NaN	NaN	NaN	NaN	NaN	NaN
256.001973	0.000000	0.000000	0.000000	-8.079000	1.000000	-8.622000	1.000000	1446.000000	4.000000	NaN	NaN	NaN	NaN	NaN	NaN	NaN	NaN	NaN
257.000947	0.000000	0.000000	0.000000	-8.024000	1.000000	-8.620000	1.000000	1446.000000	4.000000	NaN	NaN	NaN	NaN	NaN	NaN	NaN	NaN	NaN
258.001000	0.000000	0.000000	0.000000	-7.933000	1.000000	-8.568000	1.000000	1446.000000	4.000000	NaN	NaN	NaN	NaN	NaN	NaN	NaN	NaN	NaN
259.001058	0.000000	0.000000	0.000000	-7.950000	1.000000	-8.563000	1.000000	1446.000000	4.000000	NaN	NaN	NaN	NaN	NaN	NaN	NaN	NaN	NaN
260.001084	0.000000	0.000000	0.000000	-7.951000	1.000000	-8.564000	1.000000	1446.000000	4.000000	NaN	NaN	NaN	NaN	NaN	NaN	NaN	NaN	NaN
261.001073	0.000000	0.000000	0.000000	-7.951000	1.000000	-8.566000	1.000000	1446.000000	4.000000	NaN	NaN	NaN	NaN	NaN	NaN	NaN	NaN	NaN
262.001137	0.000000	0.000000	0.000000	-7.951000	1.000000	-8.568000	1.000000	1446.000000	4.000000	NaN	NaN	NaN	NaN	NaN	NaN	NaN	NaN	NaN
263.001142	0.000000	0.000000	0.000000	-7.953000	1.000000	-8.567000	1.000000	1446.000000	4.000000	NaN	NaN	NaN	NaN	NaN	NaN	NaN	NaN	NaN
264.001179	0.000000	0.000000	0.000000	-8.005000	1.000000	-8.569000	1.000000	1446.000000	4.000000	NaN	NaN	NaN	NaN	NaN	NaN	NaN	NaN	NaN
265.001211	0.000000	0.000000	0.000000	-8.090000	1.000000	-8.621000	1.000000	1446.000000	4.000000	NaN	NaN	NaN	NaN	NaN	NaN	NaN	NaN	NaN
266.002629	0.000000	0.000000	0.000000	-8.080000	1.000000	-8.627000	1.000000	1446.000000	4.000000	NaN	NaN	NaN	NaN	NaN	NaN	NaN	NaN	NaN
267.001217	0.000000	0.000000	0.000000	-8.079000	1.000000	-8.627000	1.000000	1446.000000	4.000000	NaN	NaN	NaN	NaN	NaN	NaN	NaN	NaN	NaN
268.001296	0.000000	0.000000	0.000000	-8.079000	1.000000	-8.626000	1.000000	1446.000000	4.000000	NaN	NaN	NaN	NaN	NaN	NaN	NaN	NaN	NaN
269.001323	0.000000	0.000000	0.000000	-8.078000	1.000000	-8.625000	1.000000	1446.000000	4.000000	NaN	NaN	NaN	NaN	NaN	NaN	NaN	NaN	NaN
270.001345	0.000000	0.000000	0.000000	-8.079000	1.000000	-8.625000	1.000000	1446.000000	4.000000	NaN	NaN	NaN	NaN	NaN	NaN	NaN	NaN	NaN
271.001360	0.000000	0.000000	0.000000	-8.026000	1.000000	-8.627000	1.000000	1446.000000	4.000000	NaN	NaN	NaN	NaN	NaN	NaN	NaN	NaN	NaN
272.001412	0.000000	0.000000	0.000000	-7.936000	1.000000	-8.575000	1.000000	1446.000000	4.000000	NaN	NaN	NaN	NaN	NaN	NaN	NaN	NaN	NaN
273.001454	0.000000	0.000000	0.000000	-7.962000	1.000000	-8.563000	1.000000	1446.000000	4.000000	NaN	NaN	NaN	NaN	NaN	NaN	NaN	NaN	NaN
274.001488	0.000000	0.000000	0.000000	-7.950000	1.000000	-8.564000	1.000000	1446.000000	4.000000	NaN	NaN	NaN	NaN	NaN	NaN	NaN	NaN	NaN
275.000500	0.000000	0.000000	0.000000	-7.949000	1.000000	-8.565000	1.000000	1446.000000	4.000000	NaN	NaN	NaN	NaN	NaN	NaN	NaN	NaN	NaN
276.000522	0.000000	0.000000	0.000000	-7.951000	1.000000	-8.565000	1.000000	1446.000000	4.000000	NaN	NaN	NaN	NaN	NaN	NaN	NaN	NaN	NaN
277.000494	0.000000	0.000000	0.000000	-7.952000	1.000000	-8.566000	1.000000	1446.000000	4.000000	NaN	NaN	NaN	NaN	NaN	NaN	NaN	NaN	NaN
278.000540	0.000000	0.000000	0.000000	-8.004000	1.000000	-8.561000	1.000000	1446.000000	4.000000	NaN	NaN	NaN	NaN	NaN	NaN	NaN	NaN	NaN
279.000608	0.000000	0.000000	0.000000	-8.096000	1.000000	-8.617000	1.000000	1446.000000	4.000000	NaN	NaN	NaN	NaN	NaN	NaN	NaN	NaN	NaN
280.000640	0.000000	0.000000	0.000000	-8.066000	1.000000	-8.628000	1.000000	1446.000000	4.000000	NaN	NaN	NaN	NaN	NaN	NaN	NaN	NaN	NaN
281.000654	0.000000	0.000000	0.000000	-8.070000	1.000000	-8.627000	1.000000	1446.000000	4.000000	NaN	NaN	NaN	NaN	NaN	NaN	NaN	NaN	NaN
282.000666	0.000000	0.000000	0.000000	-8.084000	1.000000	-8.626000	1.000000	1446.000000	4.000000	NaN	NaN	NaN	NaN	NaN	NaN	NaN	NaN	NaN
283.000713	0.000000	0.000000	0.000000	-8.080000	1.000000	-8.625000	1.000000	1446.000000	4.000000	NaN	NaN	NaN	NaN	NaN	NaN	NaN	NaN	NaN
284.000703	0.000000	0.000000	0.000000	-8.080000	1.000000	-8.624000	1.000000	1446.000000	4.000000	NaN	NaN	NaN	NaN	NaN	NaN	NaN	NaN	NaN
285.000774	0.000000	0.000000	0.000000	-8.028000	1.000000	-8.633000	1.000000	1446.000000	4.000000	NaN	NaN	NaN	NaN	NaN	NaN	NaN	NaN	NaN
286.000758	0.000000	0.000000	0.000000	-7.933000	1.000000	-8.576000	1.000000	1446.000000	4.000000	NaN	NaN	NaN	NaN	NaN	NaN	NaN	NaN	NaN
287.000770	0.000000	0.000000	0.000000	-7.966000	1.000000	-8.565000	1.000000	1446.000000	4.000000	NaN	NaN	NaN	NaN	NaN	NaN	NaN	NaN	NaN
288.000813	0.000000	0.000000	0.000000	-7.966000	1.000000	-8.566000	1.000000	1446.000000	4.000000	NaN	NaN	NaN	NaN	NaN	NaN	NaN	NaN	NaN
289.000869	0.000000	0.000000	0.000000	-7.959000	1.000000	-8.566000	1.000000	1446.000000	4.000000	NaN	NaN	NaN	NaN	NaN	NaN	NaN	NaN	NaN
290.000879	0.000000	0.000000	0.000000	-7.946000	1.000000	-8.567000	1.000000	1446.000000	4.000000	NaN	NaN	NaN	NaN	NaN	NaN	NaN	NaN	NaN
291.000924	0.000000	0.000000	0.000000	-7.952000	1.000000	-8.566000	1.000000	1446.000000	4.000000	NaN	NaN	NaN	NaN	NaN	NaN	NaN	NaN	NaN
291.999921	0.000000	0.000000	0.000000	-8.002000	1.000000	-8.557000	1.000000	1446.000000	4.000000	NaN	NaN	NaN	NaN	NaN	NaN	NaN	NaN	NaN
292.999993	0.000000	0.000000	0.000000	-8.100000	1.000000	-8.616000	1.000000	1446.000000	4.000000	NaN	NaN	NaN	NaN	NaN	NaN	NaN	NaN	NaN
293.999981	0.000000	0.000000	0.000000	-8.066000	1.000000	-8.629000	1.000000	1446.000000	4.000000	NaN	NaN	NaN	NaN	NaN	NaN	NaN	NaN	NaN
295.000066	0.000000	0.000000	0.000000	-8.065000	1.000000	-8.627000	1.000000	1446.000000	4.000000	NaN	NaN	NaN	NaN	NaN	NaN	NaN	NaN	NaN
296.000072	0.000000	0.000000	0.000000	-8.066000	1.000000	-8.626000	1.000000	1446.000000	4.000000	NaN	NaN	NaN	NaN	NaN	NaN	NaN	NaN	NaN
297.000073	0.000000	0.000000	0.000000	-8.071000	1.000000	-8.624000	1.000000	1446.000000	4.000000	NaN	NaN	NaN	NaN	NaN	NaN	NaN	NaN	NaN
298.000099	0.000000	0.000000	0.000000	-8.085000	1.000000	-8.626000	1.000000	1446.000000	4.000000	NaN	NaN	NaN	NaN	NaN	NaN	NaN	NaN	NaN
299.000144	0.000000	0.000000	0.000000	-8.031000	1.000000	-8.637000	1.000000	1446.000000	4.000000	NaN	NaN	NaN	NaN	NaN	NaN	NaN	NaN	NaN
300.000186	0.000000	0.000000	0.000000	-7.924000	1.000000	-8.581000	1.000000	1446.000000	4.000000	NaN	NaN	NaN	NaN	NaN	NaN	NaN	NaN	NaN
301.000208	0.000000	0.000000	0.000000	-7.964000	1.000000	-8.563000	1.000000	1446.000000	4.000000	NaN	NaN	NaN	NaN	NaN	NaN	NaN	NaN	NaN
302.000227	0.000000	0.000000	0.000000	-7.965000	1.000000	-8.566000	1.000000	1446.000000	4.000000	NaN	NaN	NaN	NaN	NaN	NaN	NaN	NaN	NaN
303.000239	0.000000	0.000000	0.000000	-7.967000	1.000000	-8.565000	1.000000	1446.000000	4.000000	NaN	NaN	NaN	NaN	NaN	NaN	NaN	NaN	NaN
304.000295	0.000000	0.000000	0.000000	-7.965000	1.000000	-8.566000	1.000000	1446.000000	4.000000	NaN	NaN	NaN	NaN	NaN	NaN	NaN	NaN	NaN
305.000278	0.000000	0.000000	0.000000	-7.958000	1.000000	-8.567000	1.000000	1446.000000	4.000000	NaN	NaN	NaN	NaN	NaN	NaN	NaN	NaN	NaN
306.000338	0.000000	0.000000	0.000000	-7.991000	1.000000	-8.552000	1.000000	1446.000000	4.000000	NaN	NaN	NaN	NaN	NaN	NaN	NaN	NaN	NaN
307.000347	0.000000	0.000000	0.000000	-8.109000	1.000000	-8.611000	1.000000	1446.000000	4.000000	NaN	NaN	NaN	NaN	NaN	NaN	NaN	NaN	NaN
308.000412	0.000000	0.000000	0.000000	-8.066000	1.000000	-8.628000	1.000000	1446.000000	4.000000	NaN	NaN	NaN	NaN	NaN	NaN	NaN	NaN	NaN
309.000439	0.000000	0.000000	0.000000	-8.064000	1.000000	-8.629000	1.000000	1446.000000	4.000000	NaN	NaN	NaN	NaN	NaN	NaN	NaN	NaN	NaN
309.999464	0.000000	0.000000	0.000000	-8.066000	1.000000	-8.628000	1.000000	1446.000000	4.000000	NaN	NaN	NaN	NaN	NaN	NaN	NaN	NaN	NaN
310.999492	0.000000	0.000000	0.000000	-8.065000	1.000000	-8.628000	1.000000	1446.000000	4.000000	NaN	NaN	NaN	NaN	NaN	NaN	NaN	NaN	NaN
311.999519	0.000000	0.000000	0.000000	-8.064000	1.000000	-8.627000	1.000000	1446.000000	4.000000	NaN	NaN	NaN	NaN	NaN	NaN	NaN	NaN	NaN
312.999503	0.000000	0.000000	0.000000	-8.032000	1.000000	-8.641000	1.000000	1446.000000	4.000000	NaN	NaN	NaN	NaN	NaN	NaN	NaN	NaN	NaN
313.999538	0.000000	0.000000	0.000000	-7.927000	1.000000	-8.581000	1.000000	1446.000000	4.000000	NaN	NaN	NaN	NaN	NaN	NaN	NaN	NaN	NaN
314.999585	0.000000	0.000000	0.000000	-7.963000	1.000000	-8.561000	1.000000	1446.000000	4.000000	NaN	NaN	NaN	NaN	NaN	NaN	NaN	NaN	NaN
315.999624	0.000000	0.000000	0.000000	-7.966000	1.000000	-8.562000	1.000000	1446.000000	4.000000	NaN	NaN	NaN	NaN	NaN	NaN	NaN	NaN	NaN
316.999608	0.000000	0.000000	0.000000	-7.965000	1.000000	-8.563000	1.000000	1446.000000	4.000000	NaN	NaN	NaN	NaN	NaN	NaN	NaN	NaN	NaN
317.999674	0.000000	0.000000	0.000000	-7.966000	1.000000	-8.562000	1.000000	1446.000000	4.000000	NaN	NaN	NaN	NaN	NaN	NaN	NaN	NaN	NaN
318.999706	0.000000	0.000000	0.000000	-7.965000	1.000000	-8.564000	1.000000	1446.000000	4.000000	NaN	NaN	NaN	NaN	NaN	NaN	NaN	NaN	NaN
319.999744	0.000000	0.000000	0.000000	-8.005000	1.000000	-8.550000	1.000000	1446.000000	4.000000	NaN	NaN	NaN	NaN	NaN	NaN	NaN	NaN	NaN
320.999756	0.000000	0.000000	0.000000	-8.116000	1.000000	-8.604000	1.000000	1446.000000	4.000000	NaN	NaN	NaN	NaN	NaN	NaN	NaN	NaN	NaN
321.999791	0.000000	0.000000	0.000000	-8.063000	1.000000	-8.623000	1.000000	1446.000000	4.000000	NaN	NaN	NaN	NaN	NaN	NaN	NaN	NaN	NaN
322.999788	0.000000	0.000000	0.000000	-8.065000	1.000000	-8.622000	1.000000	1446.000000	4.000000	NaN	NaN	NaN	NaN	NaN	NaN	NaN	NaN	NaN
323.999853	0.000000	0.000000	0.000000	-8.066000	1.000000	-8.623000	1.000000	1446.000000	4.000000	NaN	NaN	NaN	NaN	NaN	NaN	NaN	NaN	NaN
324.999891	0.000000	0.000000	0.000000	-8.065000	1.000000	-8.619000	1.000000	1446.000000	4.000000	NaN	NaN	NaN	NaN	NaN	NaN	NaN	NaN	NaN
325.999865	0.000000	0.000000	0.000000	-8.065000	1.000000	-8.619000	1.000000	1446.000000	4.000000	NaN	NaN	NaN	NaN	NaN	NaN	NaN	NaN	NaN
326.998893	0.000000	0.000000	0.000000	-8.028000	1.000000	-8.633000	1.000000	1446.000000	4.000000	NaN	NaN	NaN	NaN	NaN	NaN	NaN	NaN	NaN
327.998909	0.000000	0.000000	0.000000	-7.909000	1.000000	-8.580000	1.000000	1446.000000	4.000000	NaN	NaN	NaN	NaN	NaN	NaN	NaN	NaN	NaN
328.998954	0.000000	0.000000	0.000000	-7.958000	1.000000	-8.560000	1.000000	1446.000000	4.000000	NaN	NaN	NaN	NaN	NaN	NaN	NaN	NaN	NaN
329.999569	0.000000	0.000000	0.000000	-7.968000	1.000000	-8.559000	1.000000	1446.000000	4.000000	NaN	NaN	NaN	NaN	NaN	NaN	NaN	NaN	NaN
330.999029	0.000000	0.000000	0.000000	-7.965000	1.000000	-8.560000	1.000000	1446.000000	4.000000	NaN	NaN	NaN	NaN	NaN	NaN	NaN	NaN	NaN
331.999035	0.000000	0.000000	0.000000	-7.967000	1.000000	-8.560000	1.000000	1446.000000	4.000000	NaN	NaN	NaN	NaN	NaN	NaN	NaN	NaN	NaN
332.999087	0.000000	0.000000	0.000000	-7.966000	1.000000	-8.562000	1.000000	1446.000000	4.000000	NaN	NaN	NaN	NaN	NaN	NaN	NaN	NaN	NaN
333.999075	0.000000	0.000000	0.000000	-7.996000	1.000000	-8.549000	1.000000	1446.000000	4.000000	NaN	NaN	NaN	NaN	NaN	NaN	NaN	NaN	NaN
334.999128	0.000000	0.000000	0.000000	-8.112000	1.000000	-8.601000	1.000000	1446.000000	4.000000	NaN	NaN	NaN	NaN	NaN	NaN	NaN	NaN	NaN
335.999151	0.000000	0.000000	0.000000	-8.080000	1.000000	-8.621000	1.000000	1446.000000	4.000000	NaN	NaN	NaN	NaN	NaN	NaN	NaN	NaN	NaN
336.999164	0.000000	0.000000	0.000000	-8.072000	1.000000	-8.621000	1.000000	1446.000000	4.000000	NaN	NaN	NaN	NaN	NaN	NaN	NaN	NaN	NaN
337.999239	0.000000	0.000000	0.000000	-8.063000	1.000000	-8.621000	1.000000	1446.000000	4.000000	NaN	NaN	NaN	NaN	NaN	NaN	NaN	NaN	NaN
338.999248	0.000000	0.000000	0.000000	-8.065000	1.000000	-8.621000	1.000000	1446.000000	4.000000	NaN	NaN	NaN	NaN	NaN	NaN	NaN	NaN	NaN
339.999239	0.000000	0.000000	0.000000	-8.064000	1.000000	-8.620000	1.000000	1446.000000	4.000000	NaN	NaN	NaN	NaN	NaN	NaN	NaN	NaN	NaN
340.999276	0.000000	0.000000	0.000000	-8.039000	1.000000	-8.630000	1.000000	1446.000000	4.000000	NaN	NaN	NaN	NaN	NaN	NaN	NaN	NaN	NaN
341.999340	0.000000	0.000000	0.000000	-7.923000	1.000000	-8.583000	1.000000	1446.000000	4.000000	NaN	NaN	NaN	NaN	NaN	NaN	NaN	NaN	NaN
342.999355	0.000000	0.000000	0.000000	-7.950000	1.000000	-8.560000	1.000000	1446.000000	4.000000	NaN	NaN	NaN	NaN	NaN	NaN	NaN	NaN	NaN
343.999389	0.000000	0.000000	0.000000	-7.951000	1.000000	-8.560000	1.000000	1446.000000	4.000000	NaN	NaN	NaN	NaN	NaN	NaN	NaN	NaN	NaN
344.998392	0.000000	0.000000	0.000000	-7.958000	1.000000	-8.560000	1.000000	1446.000000	4.000000	NaN	NaN	NaN	NaN	NaN	NaN	NaN	NaN	NaN
345.998392	0.000000	0.000000	0.000000	-7.967000	1.000000	-8.560000	1.000000	1446.000000	4.000000	NaN	NaN	NaN	NaN	NaN	NaN	NaN	NaN	NaN
346.998436	0.000000	0.000000	0.000000	-7.966000	1.000000	-8.561000	1.000000	1446.000000	4.000000	NaN	NaN	NaN	NaN	NaN	NaN	NaN	NaN	NaN
347.998460	0.000000	0.000000	0.000000	-7.987000	1.000000	-8.553000	1.000000	1446.000000	4.000000	NaN	NaN	NaN	NaN	NaN	NaN	NaN	NaN	NaN
348.998488	0.000000	0.000000	0.000000	-8.099000	1.000000	-8.598000	1.000000	1446.000000	4.000000	NaN	NaN	NaN	NaN	NaN	NaN	NaN	NaN	NaN
349.998542	0.000000	0.000000	0.000000	-8.082000	1.000000	-8.621000	1.000000	1446.000000	4.000000	NaN	NaN	NaN	NaN	NaN	NaN	NaN	NaN	NaN
350.998583	0.000000	0.000000	0.000000	-8.080000	1.000000	-8.620000	1.000000	1446.000000	4.000000	NaN	NaN	NaN	NaN	NaN	NaN	NaN	NaN	NaN
351.998566	0.000000	0.000000	0.000000	-8.079000	1.000000	-8.622000	1.000000	1446.000000	4.000000	NaN	NaN	NaN	NaN	NaN	NaN	NaN	NaN	NaN
352.998580	0.000000	0.000000	0.000000	-8.071000	1.000000	-8.621000	1.000000	1446.000000	4.000000	NaN	NaN	NaN	NaN	NaN	NaN	NaN	NaN	NaN
353.998658	0.000000	0.000000	0.000000	-8.064000	1.000000	-8.619000	1.000000	1446.000000	4.000000	NaN	NaN	NaN	NaN	NaN	NaN	NaN	NaN	NaN
354.998675	0.000000	0.000000	0.000000	-8.047000	1.000000	-8.626000	1.000000	1446.000000	4.000000	NaN	NaN	NaN	NaN	NaN	NaN	NaN	NaN	NaN
355.998728	0.000000	0.000000	0.000000	-7.938000	1.000000	-8.584000	1.000000	1446.000000	4.000000	NaN	NaN	NaN	NaN	NaN	NaN	NaN	NaN	NaN
356.998691	0.000000	0.000000	0.000000	-7.948000	1.000000	-8.558000	1.000000	1446.000000	4.000000	NaN	NaN	NaN	NaN	NaN	NaN	NaN	NaN	NaN
357.998761	0.000000	0.000000	0.000000	-7.950000	1.000000	-8.560000	1.000000	1446.000000	4.000000	NaN	NaN	NaN	NaN	NaN	NaN	NaN	NaN	NaN
358.998788	0.000000	0.000000	0.000000	-7.951000	1.000000	-8.558000	1.000000	1446.000000	4.000000	NaN	NaN	NaN	NaN	NaN	NaN	NaN	NaN	NaN
359.998833	0.000000	0.000000	0.000000	-7.952000	1.000000	-8.561000	1.000000	1446.000000	4.000000	NaN	NaN	NaN	NaN	NaN	NaN	NaN	NaN	NaN
360.998831	0.000000	0.000000	0.000000	-7.960000	1.000000	-8.562000	1.000000	1446.000000	4.000000	NaN	NaN	NaN	NaN	NaN	NaN	NaN	NaN	NaN
361.997862	0.000000	0.000000	0.000000	-7.979000	1.000000	-8.558000	1.000000	1446.000000	4.000000	NaN	NaN	NaN	NaN	NaN	NaN	NaN	NaN	NaN
362.997904	0.000000	0.000000	0.000000	-8.078000	1.000000	-8.596000	1.000000	1446.000000	4.000000	NaN	NaN	NaN	NaN	NaN	NaN	NaN	NaN	NaN
363.997883	0.000000	0.000000	0.000000	-8.082000	1.000000	-8.622000	1.000000	1446.000000	4.000000	NaN	NaN	NaN	NaN	NaN	NaN	NaN	NaN	NaN
364.997953	0.000000	0.000000	0.000000	-8.079000	1.000000	-8.622000	1.000000	1446.000000	4.000000	NaN	NaN	NaN	NaN	NaN	NaN	NaN	NaN	NaN
365.997957	0.000000	0.000000	0.000000	-8.079000	1.000000	-8.621000	1.000000	1446.000000	4.000000	NaN	NaN	NaN	NaN	NaN	NaN	NaN	NaN	NaN
366.997989	0.000000	0.000000	0.000000	-8.079000	1.000000	-8.622000	1.000000	1446.000000	4.000000	NaN	NaN	NaN	NaN	NaN	NaN	NaN	NaN	NaN
367.998051	0.000000	0.000000	0.000000	-8.077000	1.000000	-8.620000	1.000000	1446.000000	4.000000	NaN	NaN	NaN	NaN	NaN	NaN	NaN	NaN	NaN
368.998040	0.000000	0.000000	0.000000	-8.060000	1.000000	-8.624000	1.000000	1446.000000	4.000000	NaN	NaN	NaN	NaN	NaN	NaN	NaN	NaN	NaN
369.998051	0.000000	0.000000	0.000000	-7.960000	1.000000	-8.584000	1.000000	1446.000000	4.000000	NaN	NaN	NaN	NaN	NaN	NaN	NaN	NaN	NaN
370.998135	0.000000	0.000000	0.000000	-7.948000	1.000000	-8.559000	1.000000	1446.000000	4.000000	NaN	NaN	NaN	NaN	NaN	NaN	NaN	NaN	NaN
371.998123	0.000000	0.000000	0.000000	-7.951000	1.000000	-8.558000	1.000000	1446.000000	4.000000	NaN	NaN	NaN	NaN	NaN	NaN	NaN	NaN	NaN
372.998160	0.000000	0.000000	0.000000	-7.951000	1.000000	-8.556000	1.000000	1446.000000	4.000000	NaN	NaN	NaN	NaN	NaN	NaN	NaN	NaN	NaN
373.998228	0.000000	0.000000	0.000000	-7.952000	1.000000	-8.558000	1.000000	1446.000000	4.000000	NaN	NaN	NaN	NaN	NaN	NaN	NaN	NaN	NaN
374.998374	0.000000	0.000000	0.000000	-7.951000	1.000000	-8.561000	1.000000	1446.000000	4.000000	NaN	NaN	NaN	NaN	NaN	NaN	NaN	NaN	NaN
375.998223	0.000000	0.000000	0.000000	-7.959000	1.000000	-8.561000	1.000000	1446.000000	4.000000	NaN	NaN	NaN	NaN	NaN	NaN	NaN	NaN	NaN
376.998243	0.000000	0.000000	0.000000	-8.058000	1.000000	-8.597000	1.000000	1446.000000	4.000000	NaN	NaN	NaN	NaN	NaN	NaN	NaN	NaN	NaN
377.998324	0.000000	0.000000	0.000000	-8.083000	1.000000	-8.624000	1.000000	1446.000000	4.000000	NaN	NaN	NaN	NaN	NaN	NaN	NaN	NaN	NaN
378.998327	0.000000	0.000000	0.000000	-8.085000	1.000000	-8.628000	1.000000	1446.000000	4.000000	NaN	NaN	NaN	NaN	NaN	NaN	NaN	NaN	NaN
379.997331	0.000000	0.000000	0.000000	-8.082000	1.000000	-8.624000	1.000000	1446.000000	4.000000	NaN	NaN	NaN	NaN	NaN	NaN	NaN	NaN	NaN
380.997346	0.000000	0.000000	0.000000	-8.081000	1.000000	-8.627000	1.000000	1446.000000	4.000000	NaN	NaN	NaN	NaN	NaN	NaN	NaN	NaN	NaN
381.997391	0.000000	0.000000	0.000000	-8.087000	1.000000	-8.624000	1.000000	1446.000000	4.000000	NaN	NaN	NaN	NaN	NaN	NaN	NaN	NaN	NaN
382.997436	0.000000	0.000000	0.000000	-8.081000	1.000000	-8.628000	1.000000	1446.000000	4.000000	NaN	NaN	NaN	NaN	NaN	NaN	NaN	NaN	NaN
383.997456	0.000000	0.000000	0.000000	-7.985000	1.000000	-8.591000	1.000000	1446.000000	4.000000	NaN	NaN	NaN	NaN	NaN	NaN	NaN	NaN	NaN
384.997513	0.000000	0.000000	0.000000	-7.940000	1.000000	-8.558000	1.000000	1446.000000	4.000000	NaN	NaN	NaN	NaN	NaN	NaN	NaN	NaN	NaN
385.997540	0.000000	0.000000	0.000000	-7.941000	1.000000	-8.559000	1.000000	1446.000000	4.000000	NaN	NaN	NaN	NaN	NaN	NaN	NaN	NaN	NaN
386.997527	0.000000	0.000000	0.000000	-7.942000	1.000000	-8.564000	1.000000	1446.000000	4.000000	NaN	NaN	NaN	NaN	NaN	NaN	NaN	NaN	NaN
387.997557	0.000000	0.000000	0.000000	-7.942000	1.000000	-8.565000	1.000000	1446.000000	4.000000	NaN	NaN	NaN	NaN	NaN	NaN	NaN	NaN	NaN
388.997606	0.000000	0.000000	0.000000	-7.945000	1.000000	-8.563000	1.000000	1446.000000	4.000000	NaN	NaN	NaN	NaN	NaN	NaN	NaN	NaN	NaN
389.997620	0.000000	0.000000	0.000000	-7.947000	1.000000	-8.562000	1.000000	1446.000000	4.000000	NaN	NaN	NaN	NaN	NaN	NaN	NaN	NaN	NaN
390.997661	0.000000	0.000000	0.000000	-8.028000	1.000000	-8.597000	1.000000	1446.000000	4.000000	NaN	NaN	NaN	NaN	NaN	NaN	NaN	NaN	NaN
391.997676	0.000000	0.000000	0.000000	-8.080000	1.000000	-8.631000	1.000000	1446.000000	4.000000	NaN	NaN	NaN	NaN	NaN	NaN	NaN	NaN	NaN
392.998357	0.000000	0.000000	0.000000	-8.086000	1.000000	-8.630000	1.000000	1446.000000	4.000000	NaN	NaN	NaN	NaN	NaN	NaN	NaN	NaN	NaN
393.997760	0.000000	0.000000	0.000000	-8.087000	1.000000	-8.630000	1.000000	1446.000000	4.000000	NaN	NaN	NaN	NaN	NaN	NaN	NaN	NaN	NaN
394.997799	0.000000	0.000000	0.000000	-8.086000	1.000000	-8.629000	1.000000	1446.000000	4.000000	NaN	NaN	NaN	NaN	NaN	NaN	NaN	NaN	NaN
395.997801	0.000000	0.000000	0.000000	-8.087000	1.000000	-8.627000	1.000000	1446.000000	4.000000	NaN	NaN	NaN	NaN	NaN	NaN	NaN	NaN	NaN
396.996838	0.000000	0.000000	0.000000	-8.086000	1.000000	-8.628000	1.000000	1446.000000	4.000000	NaN	NaN	NaN	NaN	NaN	NaN	NaN	NaN	NaN
