# Gaussmeter 1
# VISA Name: COM3
# Probe Type: 51
# Probe Serial Number: 67249     
# Field Compensation On: TRUE
# Field Range: 3
# Field Units: 2
# Auto Range On: TRUE
# Moving: FALSE
# x: 0.000000
# y: 0.000000
# z: 0.000000
#
# Gaussmeter 2
# VISA Name: COM4
# Probe Type: 51
# Probe Serial Number: 061292   
# Field Compensation On: TRUE
# Field Range: 3
# Field Units: 2
# Auto Range On: TRUE
# Moving: FALSE
# x: 0.000000
# y: 0.000000
# z: 0.000000
#
# Gaussmeter 3
# VISA Name: COM9
# Probe Type: 51
# Probe Serial Number: 67248     
# Field Compensation On: TRUE
# Field Range: 1
# Field Units: 2
# Auto Range On: TRUE
# Moving: FALSE
# x: 0.000000
# y: 0.000000
# z: 0.000000
#
time/F:x:y:z:B1:B1range:B2:B2range:B3:B3range:multi:temp1:temp2:temp3:temp4:temp5:temp6:temp7:temp8
0.001876	0.000000	0.000000	0.000000	-445.700000	3.000000	435.200000	3.000000	-2.231000	1.000000	NaN	NaN	NaN	NaN	NaN	NaN	NaN	NaN	NaN
1.001945	0.000000	0.000000	0.000000	-445.700000	3.000000	435.200000	3.000000	-2.249000	1.000000	NaN	NaN	NaN	NaN	NaN	NaN	NaN	NaN	NaN
2.001966	0.000000	0.000000	0.000000	-445.400000	3.000000	435.200000	3.000000	-2.183000	1.000000	NaN	NaN	NaN	NaN	NaN	NaN	NaN	NaN	NaN
3.002003	0.000000	0.000000	0.000000	-445.400000	3.000000	435.200000	3.000000	-2.297000	1.000000	NaN	NaN	NaN	NaN	NaN	NaN	NaN	NaN	NaN
4.001992	0.000000	0.000000	0.000000	-446.300000	3.000000	435.200000	3.000000	-2.243000	1.000000	NaN	NaN	NaN	NaN	NaN	NaN	NaN	NaN	NaN
5.002025	0.000000	0.000000	0.000000	-446.600000	3.000000	435.200000	3.000000	-2.219000	1.000000	NaN	NaN	NaN	NaN	NaN	NaN	NaN	NaN	NaN
6.002040	0.000000	0.000000	0.000000	-446.400000	3.000000	435.200000	3.000000	-2.249000	1.000000	NaN	NaN	NaN	NaN	NaN	NaN	NaN	NaN	NaN
7.002104	0.000000	0.000000	0.000000	-445.900000	3.000000	435.200000	3.000000	-2.194000	1.000000	NaN	NaN	NaN	NaN	NaN	NaN	NaN	NaN	NaN
8.002144	0.000000	0.000000	0.000000	-445.800000	3.000000	435.200000	3.000000	-2.311000	1.000000	NaN	NaN	NaN	NaN	NaN	NaN	NaN	NaN	NaN
9.002183	0.000000	0.000000	0.000000	-445.600000	3.000000	435.200000	3.000000	-2.054000	1.000000	NaN	NaN	NaN	NaN	NaN	NaN	NaN	NaN	NaN
10.001216	0.000000	0.000000	0.000000	-445.700000	3.000000	435.200000	3.000000	-2.292000	1.000000	NaN	NaN	NaN	NaN	NaN	NaN	NaN	NaN	NaN
11.001227	0.000000	0.000000	0.000000	-445.400000	3.000000	435.300000	3.000000	-2.108000	1.000000	NaN	NaN	NaN	NaN	NaN	NaN	NaN	NaN	NaN
12.001294	0.000000	0.000000	0.000000	-445.500000	3.000000	435.200000	3.000000	-2.043000	1.000000	NaN	NaN	NaN	NaN	NaN	NaN	NaN	NaN	NaN
13.001293	0.000000	0.000000	0.000000	-445.700000	3.000000	435.200000	3.000000	-2.132000	1.000000	NaN	NaN	NaN	NaN	NaN	NaN	NaN	NaN	NaN
14.001355	0.000000	0.000000	0.000000	-445.800000	3.000000	435.200000	3.000000	-2.093000	1.000000	NaN	NaN	NaN	NaN	NaN	NaN	NaN	NaN	NaN
15.001328	0.000000	0.000000	0.000000	-446.300000	3.000000	435.200000	3.000000	-2.204000	1.000000	NaN	NaN	NaN	NaN	NaN	NaN	NaN	NaN	NaN
16.001401	0.000000	0.000000	0.000000	-445.900000	3.000000	435.200000	3.000000	-2.081000	1.000000	NaN	NaN	NaN	NaN	NaN	NaN	NaN	NaN	NaN
17.001390	0.000000	0.000000	0.000000	-445.500000	3.000000	435.200000	3.000000	-2.133000	1.000000	NaN	NaN	NaN	NaN	NaN	NaN	NaN	NaN	NaN
18.001433	0.000000	0.000000	0.000000	-445.700000	3.000000	435.200000	3.000000	-2.015000	1.000000	NaN	NaN	NaN	NaN	NaN	NaN	NaN	NaN	NaN
19.001441	0.000000	0.000000	0.000000	-445.400000	3.000000	435.200000	3.000000	-1.997000	1.000000	NaN	NaN	NaN	NaN	NaN	NaN	NaN	NaN	NaN
20.001465	0.000000	0.000000	0.000000	-445.400000	3.000000	435.200000	3.000000	-1.990000	1.000000	NaN	NaN	NaN	NaN	NaN	NaN	NaN	NaN	NaN
21.001463	0.000000	0.000000	0.000000	-445.300000	3.000000	435.200000	3.000000	-2.063000	1.000000	NaN	NaN	NaN	NaN	NaN	NaN	NaN	NaN	NaN
22.001524	0.000000	0.000000	0.000000	-444.900000	3.000000	435.200000	3.000000	-1.979000	1.000000	NaN	NaN	NaN	NaN	NaN	NaN	NaN	NaN	NaN
23.001550	0.000000	0.000000	0.000000	-445.100000	3.000000	435.200000	3.000000	-2.033000	1.000000	NaN	NaN	NaN	NaN	NaN	NaN	NaN	NaN	NaN
24.001617	0.000000	0.000000	0.000000	-445.300000	3.000000	435.200000	3.000000	-1.849000	1.000000	NaN	NaN	NaN	NaN	NaN	NaN	NaN	NaN	NaN
25.001539	0.000000	0.000000	0.000000	-445.200000	3.000000	435.200000	3.000000	-1.904000	1.000000	NaN	NaN	NaN	NaN	NaN	NaN	NaN	NaN	NaN
26.001659	0.000000	0.000000	0.000000	-445.100000	3.000000	435.200000	3.000000	-2.002000	1.000000	NaN	NaN	NaN	NaN	NaN	NaN	NaN	NaN	NaN
27.000667	0.000000	0.000000	0.000000	-445.200000	3.000000	435.200000	3.000000	-1.942000	1.000000	NaN	NaN	NaN	NaN	NaN	NaN	NaN	NaN	NaN
28.000655	0.000000	0.000000	0.000000	-445.000000	3.000000	435.200000	3.000000	-2.005000	1.000000	NaN	NaN	NaN	NaN	NaN	NaN	NaN	NaN	NaN
29.000692	0.000000	0.000000	0.000000	-445.000000	3.000000	435.200000	3.000000	-2.072000	1.000000	NaN	NaN	NaN	NaN	NaN	NaN	NaN	NaN	NaN
30.000758	0.000000	0.000000	0.000000	-445.300000	3.000000	435.200000	3.000000	-2.083000	1.000000	NaN	NaN	NaN	NaN	NaN	NaN	NaN	NaN	NaN
31.000808	0.000000	0.000000	0.000000	-445.600000	3.000000	435.200000	3.000000	-2.032000	1.000000	NaN	NaN	NaN	NaN	NaN	NaN	NaN	NaN	NaN
32.000838	0.000000	0.000000	0.000000	-445.300000	3.000000	435.200000	3.000000	-2.040000	1.000000	NaN	NaN	NaN	NaN	NaN	NaN	NaN	NaN	NaN
33.000845	0.000000	0.000000	0.000000	-445.400000	3.000000	435.200000	3.000000	-2.091000	1.000000	NaN	NaN	NaN	NaN	NaN	NaN	NaN	NaN	NaN
34.000884	0.000000	0.000000	0.000000	-445.400000	3.000000	435.200000	3.000000	-2.033000	1.000000	NaN	NaN	NaN	NaN	NaN	NaN	NaN	NaN	NaN
35.000901	0.000000	0.000000	0.000000	-444.900000	3.000000	435.200000	3.000000	-1.987000	1.000000	NaN	NaN	NaN	NaN	NaN	NaN	NaN	NaN	NaN
36.000877	0.000000	0.000000	0.000000	-444.800000	3.000000	435.200000	3.000000	-1.938000	1.000000	NaN	NaN	NaN	NaN	NaN	NaN	NaN	NaN	NaN
37.001037	0.000000	0.000000	0.000000	-445.500000	3.000000	435.200000	3.000000	-2.000000	1.000000	NaN	NaN	NaN	NaN	NaN	NaN	NaN	NaN	NaN
38.000961	0.000000	0.000000	0.000000	-444.700000	3.000000	435.200000	3.000000	-1.980000	1.000000	NaN	NaN	NaN	NaN	NaN	NaN	NaN	NaN	NaN
39.001037	0.000000	0.000000	0.000000	-445.700000	3.000000	435.200000	3.000000	-1.934000	1.000000	NaN	NaN	NaN	NaN	NaN	NaN	NaN	NaN	NaN
40.000967	0.000000	0.000000	0.000000	-444.900000	3.000000	435.200000	3.000000	-1.924000	1.000000	NaN	NaN	NaN	NaN	NaN	NaN	NaN	NaN	NaN
41.001088	0.000000	0.000000	0.000000	-445.600000	3.000000	435.200000	3.000000	-1.991000	1.000000	NaN	NaN	NaN	NaN	NaN	NaN	NaN	NaN	NaN
42.001098	0.000000	0.000000	0.000000	-446.000000	3.000000	435.200000	3.000000	-2.151000	1.000000	NaN	NaN	NaN	NaN	NaN	NaN	NaN	NaN	NaN
43.001081	0.000000	0.000000	0.000000	-445.400000	3.000000	435.200000	3.000000	-2.035000	1.000000	NaN	NaN	NaN	NaN	NaN	NaN	NaN	NaN	NaN
44.001165	0.000000	0.000000	0.000000	-445.300000	3.000000	435.200000	3.000000	-2.000000	1.000000	NaN	NaN	NaN	NaN	NaN	NaN	NaN	NaN	NaN
45.000157	0.000000	0.000000	0.000000	-445.300000	3.000000	435.200000	3.000000	-2.108000	1.000000	NaN	NaN	NaN	NaN	NaN	NaN	NaN	NaN	NaN
46.000186	0.000000	0.000000	0.000000	-444.800000	3.000000	435.200000	3.000000	-2.076000	1.000000	NaN	NaN	NaN	NaN	NaN	NaN	NaN	NaN	NaN
47.000178	0.000000	0.000000	0.000000	-444.900000	3.000000	435.200000	3.000000	-1.929000	1.000000	NaN	NaN	NaN	NaN	NaN	NaN	NaN	NaN	NaN
48.000204	0.000000	0.000000	0.000000	-445.100000	3.000000	435.200000	3.000000	-1.925000	1.000000	NaN	NaN	NaN	NaN	NaN	NaN	NaN	NaN	NaN
49.000269	0.000000	0.000000	0.000000	-445.200000	3.000000	435.200000	3.000000	-1.950000	1.000000	NaN	NaN	NaN	NaN	NaN	NaN	NaN	NaN	NaN
50.000293	0.000000	0.000000	0.000000	-445.000000	3.000000	435.200000	3.000000	-1.928000	1.000000	NaN	NaN	NaN	NaN	NaN	NaN	NaN	NaN	NaN
51.000365	0.000000	0.000000	0.000000	-445.400000	3.000000	435.200000	3.000000	-2.047000	1.000000	NaN	NaN	NaN	NaN	NaN	NaN	NaN	NaN	NaN
52.000377	0.000000	0.000000	0.000000	-444.700000	3.000000	435.200000	3.000000	-1.987000	1.000000	NaN	NaN	NaN	NaN	NaN	NaN	NaN	NaN	NaN
53.000408	0.000000	0.000000	0.000000	-444.700000	3.000000	435.200000	3.000000	-2.140000	1.000000	NaN	NaN	NaN	NaN	NaN	NaN	NaN	NaN	NaN
54.000409	0.000000	0.000000	0.000000	-445.200000	3.000000	435.200000	3.000000	-2.086000	1.000000	NaN	NaN	NaN	NaN	NaN	NaN	NaN	NaN	NaN
55.000439	0.000000	0.000000	0.000000	-444.500000	3.000000	435.200000	3.000000	-2.121000	1.000000	NaN	NaN	NaN	NaN	NaN	NaN	NaN	NaN	NaN
56.000457	0.000000	0.000000	0.000000	-444.500000	3.000000	435.200000	3.000000	-2.140000	1.000000	NaN	NaN	NaN	NaN	NaN	NaN	NaN	NaN	NaN
57.000983	0.000000	0.000000	0.000000	-445.600000	3.000000	435.200000	3.000000	-2.259000	1.000000	NaN	NaN	NaN	NaN	NaN	NaN	NaN	NaN	NaN
58.000521	0.000000	0.000000	0.000000	-446.100000	3.000000	435.200000	3.000000	-2.159000	1.000000	NaN	NaN	NaN	NaN	NaN	NaN	NaN	NaN	NaN
59.000496	0.000000	0.000000	0.000000	-445.800000	3.000000	435.200000	3.000000	-2.049000	1.000000	NaN	NaN	NaN	NaN	NaN	NaN	NaN	NaN	NaN
60.000570	0.000000	0.000000	0.000000	-445.900000	3.000000	435.200000	3.000000	-2.059000	1.000000	NaN	NaN	NaN	NaN	NaN	NaN	NaN	NaN	NaN
61.000583	0.000000	0.000000	0.000000	-445.900000	3.000000	435.200000	3.000000	-2.152000	1.000000	NaN	NaN	NaN	NaN	NaN	NaN	NaN	NaN	NaN
61.999659	0.000000	0.000000	0.000000	-446.000000	3.000000	435.200000	3.000000	-2.161000	1.000000	NaN	NaN	NaN	NaN	NaN	NaN	NaN	NaN	NaN
62.999654	0.000000	0.000000	0.000000	-445.000000	3.000000	435.100000	3.000000	-2.040000	1.000000	NaN	NaN	NaN	NaN	NaN	NaN	NaN	NaN	NaN
63.999675	0.000000	0.000000	0.000000	-445.100000	3.000000	435.200000	3.000000	-1.960000	1.000000	NaN	NaN	NaN	NaN	NaN	NaN	NaN	NaN	NaN
64.999741	0.000000	0.000000	0.000000	-444.900000	3.000000	435.200000	3.000000	-2.010000	1.000000	NaN	NaN	NaN	NaN	NaN	NaN	NaN	NaN	NaN
65.999701	0.000000	0.000000	0.000000	-445.200000	3.000000	435.200000	3.000000	-2.057000	1.000000	NaN	NaN	NaN	NaN	NaN	NaN	NaN	NaN	NaN
66.999730	0.000000	0.000000	0.000000	-445.300000	3.000000	435.200000	3.000000	-2.182000	1.000000	NaN	NaN	NaN	NaN	NaN	NaN	NaN	NaN	NaN
67.999754	0.000000	0.000000	0.000000	-445.100000	3.000000	435.200000	3.000000	-2.092000	1.000000	NaN	NaN	NaN	NaN	NaN	NaN	NaN	NaN	NaN
68.999781	0.000000	0.000000	0.000000	-445.300000	3.000000	435.200000	3.000000	-2.191000	1.000000	NaN	NaN	NaN	NaN	NaN	NaN	NaN	NaN	NaN
69.999848	0.000000	0.000000	0.000000	-445.400000	3.000000	435.200000	3.000000	-2.160000	1.000000	NaN	NaN	NaN	NaN	NaN	NaN	NaN	NaN	NaN
70.999835	0.000000	0.000000	0.000000	-445.300000	3.000000	435.200000	3.000000	-2.128000	1.000000	NaN	NaN	NaN	NaN	NaN	NaN	NaN	NaN	NaN
71.999927	0.000000	0.000000	0.000000	-446.300000	3.000000	435.100000	3.000000	-2.098000	1.000000	NaN	NaN	NaN	NaN	NaN	NaN	NaN	NaN	NaN
72.999953	0.000000	0.000000	0.000000	-446.000000	3.000000	435.200000	3.000000	-2.161000	1.000000	NaN	NaN	NaN	NaN	NaN	NaN	NaN	NaN	NaN
73.999997	0.000000	0.000000	0.000000	-446.100000	3.000000	435.200000	3.000000	-1.973000	1.000000	NaN	NaN	NaN	NaN	NaN	NaN	NaN	NaN	NaN
74.999903	0.000000	0.000000	0.000000	-445.500000	3.000000	435.200000	3.000000	-2.064000	1.000000	NaN	NaN	NaN	NaN	NaN	NaN	NaN	NaN	NaN
76.000051	0.000000	0.000000	0.000000	-445.300000	3.000000	435.200000	3.000000	-1.996000	1.000000	NaN	NaN	NaN	NaN	NaN	NaN	NaN	NaN	NaN
77.000080	0.000000	0.000000	0.000000	-445.300000	3.000000	435.200000	3.000000	-2.093000	1.000000	NaN	NaN	NaN	NaN	NaN	NaN	NaN	NaN	NaN
78.000028	0.000000	0.000000	0.000000	-445.500000	3.000000	435.200000	3.000000	-2.000000	1.000000	NaN	NaN	NaN	NaN	NaN	NaN	NaN	NaN	NaN
79.000091	0.000000	0.000000	0.000000	-445.100000	3.000000	435.200000	3.000000	-2.097000	1.000000	NaN	NaN	NaN	NaN	NaN	NaN	NaN	NaN	NaN
79.999122	0.000000	0.000000	0.000000	-445.000000	3.000000	435.200000	3.000000	-2.190000	1.000000	NaN	NaN	NaN	NaN	NaN	NaN	NaN	NaN	NaN
80.999149	0.000000	0.000000	0.000000	-445.400000	3.000000	435.100000	3.000000	-2.103000	1.000000	NaN	NaN	NaN	NaN	NaN	NaN	NaN	NaN	NaN
81.999171	0.000000	0.000000	0.000000	-445.000000	3.000000	435.200000	3.000000	-2.070000	1.000000	NaN	NaN	NaN	NaN	NaN	NaN	NaN	NaN	NaN
82.999198	0.000000	0.000000	0.000000	-445.700000	3.000000	435.200000	3.000000	-1.988000	1.000000	NaN	NaN	NaN	NaN	NaN	NaN	NaN	NaN	NaN
83.999224	0.000000	0.000000	0.000000	-445.500000	3.000000	435.200000	3.000000	-1.866000	1.000000	NaN	NaN	NaN	NaN	NaN	NaN	NaN	NaN	NaN
84.999304	0.000000	0.000000	0.000000	-445.500000	3.000000	435.200000	3.000000	-1.868000	1.000000	NaN	NaN	NaN	NaN	NaN	NaN	NaN	NaN	NaN
85.999341	0.000000	0.000000	0.000000	-445.300000	3.000000	435.200000	3.000000	-1.895000	1.000000	NaN	NaN	NaN	NaN	NaN	NaN	NaN	NaN	NaN
86.999364	0.000000	0.000000	0.000000	-445.400000	3.000000	435.200000	3.000000	-2.037000	1.000000	NaN	NaN	NaN	NaN	NaN	NaN	NaN	NaN	NaN
87.999347	0.000000	0.000000	0.000000	-445.100000	3.000000	435.100000	3.000000	-2.003000	1.000000	NaN	NaN	NaN	NaN	NaN	NaN	NaN	NaN	NaN
88.999319	0.000000	0.000000	0.000000	-445.300000	3.000000	435.100000	3.000000	-1.960000	1.000000	NaN	NaN	NaN	NaN	NaN	NaN	NaN	NaN	NaN
89.999398	0.000000	0.000000	0.000000	-445.100000	3.000000	435.100000	3.000000	-1.987000	1.000000	NaN	NaN	NaN	NaN	NaN	NaN	NaN	NaN	NaN
90.999478	0.000000	0.000000	0.000000	-445.000000	3.000000	435.100000	3.000000	-1.823000	1.000000	NaN	NaN	NaN	NaN	NaN	NaN	NaN	NaN	NaN
91.999362	0.000000	0.000000	0.000000	-445.300000	3.000000	435.200000	3.000000	-2.194000	1.000000	NaN	NaN	NaN	NaN	NaN	NaN	NaN	NaN	NaN
92.999470	0.000000	0.000000	0.000000	-445.200000	3.000000	435.200000	3.000000	-2.282000	1.000000	NaN	NaN	NaN	NaN	NaN	NaN	NaN	NaN	NaN
93.999543	0.000000	0.000000	0.000000	-445.300000	3.000000	435.200000	3.000000	-2.359000	1.000000	NaN	NaN	NaN	NaN	NaN	NaN	NaN	NaN	NaN
94.999575	0.000000	0.000000	0.000000	-445.300000	3.000000	435.200000	3.000000	-2.168000	1.000000	NaN	NaN	NaN	NaN	NaN	NaN	NaN	NaN	NaN
95.999595	0.000000	0.000000	0.000000	-445.100000	3.000000	435.100000	3.000000	-2.099000	1.000000	NaN	NaN	NaN	NaN	NaN	NaN	NaN	NaN	NaN
96.998645	0.000000	0.000000	0.000000	-444.900000	3.000000	435.200000	3.000000	-2.135000	1.000000	NaN	NaN	NaN	NaN	NaN	NaN	NaN	NaN	NaN
97.998617	0.000000	0.000000	0.000000	-445.300000	3.000000	435.200000	3.000000	-2.244000	1.000000	NaN	NaN	NaN	NaN	NaN	NaN	NaN	NaN	NaN
98.998695	0.000000	0.000000	0.000000	-445.300000	3.000000	435.200000	3.000000	-2.141000	1.000000	NaN	NaN	NaN	NaN	NaN	NaN	NaN	NaN	NaN
99.998671	0.000000	0.000000	0.000000	-444.900000	3.000000	435.200000	3.000000	-2.211000	1.000000	NaN	NaN	NaN	NaN	NaN	NaN	NaN	NaN	NaN
100.998697	0.000000	0.000000	0.000000	-445.200000	3.000000	435.200000	3.000000	-2.282000	1.000000	NaN	NaN	NaN	NaN	NaN	NaN	NaN	NaN	NaN
101.998731	0.000000	0.000000	0.000000	-445.200000	3.000000	435.200000	3.000000	-2.232000	1.000000	NaN	NaN	NaN	NaN	NaN	NaN	NaN	NaN	NaN
102.998774	0.000000	0.000000	0.000000	-445.600000	3.000000	435.200000	3.000000	-1.889000	1.000000	NaN	NaN	NaN	NaN	NaN	NaN	NaN	NaN	NaN
103.998768	0.000000	0.000000	0.000000	-445.300000	3.000000	435.200000	3.000000	-2.234000	1.000000	NaN	NaN	NaN	NaN	NaN	NaN	NaN	NaN	NaN
104.998849	0.000000	0.000000	0.000000	-445.500000	3.000000	435.200000	3.000000	-2.176000	1.000000	NaN	NaN	NaN	NaN	NaN	NaN	NaN	NaN	NaN
105.998832	0.000000	0.000000	0.000000	-445.700000	3.000000	435.200000	3.000000	-2.140000	1.000000	NaN	NaN	NaN	NaN	NaN	NaN	NaN	NaN	NaN
106.998914	0.000000	0.000000	0.000000	-445.600000	3.000000	435.200000	3.000000	-2.173000	1.000000	NaN	NaN	NaN	NaN	NaN	NaN	NaN	NaN	NaN
107.998902	0.000000	0.000000	0.000000	-445.600000	3.000000	435.200000	3.000000	-2.214000	1.000000	NaN	NaN	NaN	NaN	NaN	NaN	NaN	NaN	NaN
108.998955	0.000000	0.000000	0.000000	-445.500000	3.000000	435.200000	3.000000	-2.273000	1.000000	NaN	NaN	NaN	NaN	NaN	NaN	NaN	NaN	NaN
109.998873	0.000000	0.000000	0.000000	-445.700000	3.000000	435.200000	3.000000	-2.300000	1.000000	NaN	NaN	NaN	NaN	NaN	NaN	NaN	NaN	NaN
110.998989	0.000000	0.000000	0.000000	-445.600000	3.000000	435.200000	3.000000	-2.196000	1.000000	NaN	NaN	NaN	NaN	NaN	NaN	NaN	NaN	NaN
111.999039	0.000000	0.000000	0.000000	-445.700000	3.000000	435.200000	3.000000	-2.223000	1.000000	NaN	NaN	NaN	NaN	NaN	NaN	NaN	NaN	NaN
112.999074	0.000000	0.000000	0.000000	-445.800000	3.000000	435.200000	3.000000	-2.120000	1.000000	NaN	NaN	NaN	NaN	NaN	NaN	NaN	NaN	NaN
113.999055	0.000000	0.000000	0.000000	-445.600000	3.000000	435.200000	3.000000	-2.195000	1.000000	NaN	NaN	NaN	NaN	NaN	NaN	NaN	NaN	NaN
114.998127	0.000000	0.000000	0.000000	-445.600000	3.000000	435.300000	3.000000	-2.146000	1.000000	NaN	NaN	NaN	NaN	NaN	NaN	NaN	NaN	NaN
115.998152	0.000000	0.000000	0.000000	-445.700000	3.000000	435.200000	3.000000	-2.184000	1.000000	NaN	NaN	NaN	NaN	NaN	NaN	NaN	NaN	NaN
116.998131	0.000000	0.000000	0.000000	-445.900000	3.000000	435.300000	3.000000	-2.298000	1.000000	NaN	NaN	NaN	NaN	NaN	NaN	NaN	NaN	NaN
117.998223	0.000000	0.000000	0.000000	-445.700000	3.000000	435.300000	3.000000	-2.127000	1.000000	NaN	NaN	NaN	NaN	NaN	NaN	NaN	NaN	NaN
118.998273	0.000000	0.000000	0.000000	-445.900000	3.000000	435.200000	3.000000	-2.242000	1.000000	NaN	NaN	NaN	NaN	NaN	NaN	NaN	NaN	NaN
119.998147	0.000000	0.000000	0.000000	-445.900000	3.000000	435.200000	3.000000	-2.218000	1.000000	NaN	NaN	NaN	NaN	NaN	NaN	NaN	NaN	NaN
120.998197	0.000000	0.000000	0.000000	-446.000000	3.000000	435.200000	3.000000	-2.125000	1.000000	NaN	NaN	NaN	NaN	NaN	NaN	NaN	NaN	NaN
121.998270	0.000000	0.000000	0.000000	-445.900000	3.000000	435.200000	3.000000	-2.093000	1.000000	NaN	NaN	NaN	NaN	NaN	NaN	NaN	NaN	NaN
122.998267	0.000000	0.000000	0.000000	-444.600000	3.000000	435.200000	3.000000	-2.129000	1.000000	NaN	NaN	NaN	NaN	NaN	NaN	NaN	NaN	NaN
123.998379	0.000000	0.000000	0.000000	-444.600000	3.000000	435.200000	3.000000	-2.214000	1.000000	NaN	NaN	NaN	NaN	NaN	NaN	NaN	NaN	NaN
124.998425	0.000000	0.000000	0.000000	-445.600000	3.000000	435.200000	3.000000	-1.984000	1.000000	NaN	NaN	NaN	NaN	NaN	NaN	NaN	NaN	NaN
125.998381	0.000000	0.000000	0.000000	-445.600000	3.000000	435.100000	3.000000	-2.065000	1.000000	NaN	NaN	NaN	NaN	NaN	NaN	NaN	NaN	NaN
126.998405	0.000000	0.000000	0.000000	-445.800000	3.000000	435.100000	3.000000	-2.062000	1.000000	NaN	NaN	NaN	NaN	NaN	NaN	NaN	NaN	NaN
127.998462	0.000000	0.000000	0.000000	-445.700000	3.000000	435.100000	3.000000	-2.103000	1.000000	NaN	NaN	NaN	NaN	NaN	NaN	NaN	NaN	NaN
128.998481	0.000000	0.000000	0.000000	-445.800000	3.000000	435.100000	3.000000	-2.347000	1.000000	NaN	NaN	NaN	NaN	NaN	NaN	NaN	NaN	NaN
129.998510	0.000000	0.000000	0.000000	-445.800000	3.000000	435.100000	3.000000	-2.221000	1.000000	NaN	NaN	NaN	NaN	NaN	NaN	NaN	NaN	NaN
130.998481	0.000000	0.000000	0.000000	-445.700000	3.000000	435.000000	3.000000	-2.335000	1.000000	NaN	NaN	NaN	NaN	NaN	NaN	NaN	NaN	NaN
131.997575	0.000000	0.000000	0.000000	-445.700000	3.000000	435.000000	3.000000	-2.259000	1.000000	NaN	NaN	NaN	NaN	NaN	NaN	NaN	NaN	NaN
132.997535	0.000000	0.000000	0.000000	-445.600000	3.000000	435.000000	3.000000	-2.090000	1.000000	NaN	NaN	NaN	NaN	NaN	NaN	NaN	NaN	NaN
133.997647	0.000000	0.000000	0.000000	-445.500000	3.000000	435.000000	3.000000	-1.904000	1.000000	NaN	NaN	NaN	NaN	NaN	NaN	NaN	NaN	NaN
134.997618	0.000000	0.000000	0.000000	-445.300000	3.000000	435.000000	3.000000	-2.041000	1.000000	NaN	NaN	NaN	NaN	NaN	NaN	NaN	NaN	NaN
135.997691	0.000000	0.000000	0.000000	-445.000000	3.000000	435.000000	3.000000	-1.951000	1.000000	NaN	NaN	NaN	NaN	NaN	NaN	NaN	NaN	NaN
136.997640	0.000000	0.000000	0.000000	-444.700000	3.000000	435.000000	3.000000	-1.954000	1.000000	NaN	NaN	NaN	NaN	NaN	NaN	NaN	NaN	NaN
137.997749	0.000000	0.000000	0.000000	-444.400000	3.000000	435.000000	3.000000	-1.714000	1.000000	NaN	NaN	NaN	NaN	NaN	NaN	NaN	NaN	NaN
138.997755	0.000000	0.000000	0.000000	-445.200000	3.000000	435.000000	3.000000	-1.968000	1.000000	NaN	NaN	NaN	NaN	NaN	NaN	NaN	NaN	NaN
139.997796	0.000000	0.000000	0.000000	-445.600000	3.000000	434.900000	3.000000	-2.004000	1.000000	NaN	NaN	NaN	NaN	NaN	NaN	NaN	NaN	NaN
140.997816	0.000000	0.000000	0.000000	-446.000000	3.000000	434.900000	3.000000	-2.000000	1.000000	NaN	NaN	NaN	NaN	NaN	NaN	NaN	NaN	NaN
141.997851	0.000000	0.000000	0.000000	-446.000000	3.000000	434.900000	3.000000	-1.963000	1.000000	NaN	NaN	NaN	NaN	NaN	NaN	NaN	NaN	NaN
142.997920	0.000000	0.000000	0.000000	-446.000000	3.000000	434.900000	3.000000	-2.016000	1.000000	NaN	NaN	NaN	NaN	NaN	NaN	NaN	NaN	NaN
143.997871	0.000000	0.000000	0.000000	-446.100000	3.000000	434.900000	3.000000	-2.059000	1.000000	NaN	NaN	NaN	NaN	NaN	NaN	NaN	NaN	NaN
144.997937	0.000000	0.000000	0.000000	-446.100000	3.000000	434.900000	3.000000	-2.162000	1.000000	NaN	NaN	NaN	NaN	NaN	NaN	NaN	NaN	NaN
145.997978	0.000000	0.000000	0.000000	-446.100000	3.000000	434.900000	3.000000	-1.833000	1.000000	NaN	NaN	NaN	NaN	NaN	NaN	NaN	NaN	NaN
146.997950	0.000000	0.000000	0.000000	-446.200000	3.000000	435.000000	3.000000	-1.914000	1.000000	NaN	NaN	NaN	NaN	NaN	NaN	NaN	NaN	NaN
147.997988	0.000000	0.000000	0.000000	-446.400000	3.000000	435.200000	3.000000	-1.877000	1.000000	NaN	NaN	NaN	NaN	NaN	NaN	NaN	NaN	NaN
148.998044	0.000000	0.000000	0.000000	-446.600000	3.000000	435.500000	3.000000	-2.063000	1.000000	NaN	NaN	NaN	NaN	NaN	NaN	NaN	NaN	NaN
149.997005	0.000000	0.000000	0.000000	-446.800000	3.000000	435.900000	3.000000	-2.095000	1.000000	NaN	NaN	NaN	NaN	NaN	NaN	NaN	NaN	NaN
150.997087	0.000000	0.000000	0.000000	-447.300000	3.000000	436.300000	3.000000	-1.970000	1.000000	NaN	NaN	NaN	NaN	NaN	NaN	NaN	NaN	NaN
151.997095	0.000000	0.000000	0.000000	-447.700000	3.000000	436.600000	3.000000	-1.910000	1.000000	NaN	NaN	NaN	NaN	NaN	NaN	NaN	NaN	NaN
152.997075	0.000000	0.000000	0.000000	-448.100000	3.000000	437.000000	3.000000	-1.955000	1.000000	NaN	NaN	NaN	NaN	NaN	NaN	NaN	NaN	NaN
153.997166	0.000000	0.000000	0.000000	-448.400000	3.000000	437.300000	3.000000	-1.958000	1.000000	NaN	NaN	NaN	NaN	NaN	NaN	NaN	NaN	NaN
154.997136	0.000000	0.000000	0.000000	-448.900000	3.000000	437.600000	3.000000	-1.835000	1.000000	NaN	NaN	NaN	NaN	NaN	NaN	NaN	NaN	NaN
155.997212	0.000000	0.000000	0.000000	-449.200000	3.000000	438.000000	3.000000	-1.817000	1.000000	NaN	NaN	NaN	NaN	NaN	NaN	NaN	NaN	NaN
156.997205	0.000000	0.000000	0.000000	-449.600000	3.000000	438.300000	3.000000	-1.789000	1.000000	NaN	NaN	NaN	NaN	NaN	NaN	NaN	NaN	NaN
157.997261	0.000000	0.000000	0.000000	-449.800000	3.000000	438.600000	3.000000	-1.723000	1.000000	NaN	NaN	NaN	NaN	NaN	NaN	NaN	NaN	NaN
158.997257	0.000000	0.000000	0.000000	-450.100000	3.000000	439.000000	3.000000	-1.804000	1.000000	NaN	NaN	NaN	NaN	NaN	NaN	NaN	NaN	NaN
159.997350	0.000000	0.000000	0.000000	-450.500000	3.000000	439.300000	3.000000	-1.768000	1.000000	NaN	NaN	NaN	NaN	NaN	NaN	NaN	NaN	NaN
160.997311	0.000000	0.000000	0.000000	-450.600000	3.000000	439.600000	3.000000	-1.769000	1.000000	NaN	NaN	NaN	NaN	NaN	NaN	NaN	NaN	NaN
161.997384	0.000000	0.000000	0.000000	-451.100000	3.000000	440.000000	3.000000	-1.808000	1.000000	NaN	NaN	NaN	NaN	NaN	NaN	NaN	NaN	NaN
162.997354	0.000000	0.000000	0.000000	-451.500000	3.000000	440.300000	3.000000	-1.683000	1.000000	NaN	NaN	NaN	NaN	NaN	NaN	NaN	NaN	NaN
163.997384	0.000000	0.000000	0.000000	-451.900000	3.000000	440.700000	3.000000	-1.857000	1.000000	NaN	NaN	NaN	NaN	NaN	NaN	NaN	NaN	NaN
164.997382	0.000000	0.000000	0.000000	-452.300000	3.000000	441.000000	3.000000	-1.655000	1.000000	NaN	NaN	NaN	NaN	NaN	NaN	NaN	NaN	NaN
165.997509	0.000000	0.000000	0.000000	-452.400000	3.000000	441.400000	3.000000	-1.129000	1.000000	NaN	NaN	NaN	NaN	NaN	NaN	NaN	NaN	NaN
166.996488	0.000000	0.000000	0.000000	-452.600000	3.000000	441.700000	3.000000	-1.492000	1.000000	NaN	NaN	NaN	NaN	NaN	NaN	NaN	NaN	NaN
167.996572	0.000000	0.000000	0.000000	-453.000000	3.000000	442.000000	3.000000	-1.895000	1.000000	NaN	NaN	NaN	NaN	NaN	NaN	NaN	NaN	NaN
168.996512	0.000000	0.000000	0.000000	-453.600000	3.000000	442.400000	3.000000	-1.885000	1.000000	NaN	NaN	NaN	NaN	NaN	NaN	NaN	NaN	NaN
169.996621	0.000000	0.000000	0.000000	-454.000000	3.000000	442.700000	3.000000	-1.522000	1.000000	NaN	NaN	NaN	NaN	NaN	NaN	NaN	NaN	NaN
170.996616	0.000000	0.000000	0.000000	-454.300000	3.000000	443.000000	3.000000	-1.532000	1.000000	NaN	NaN	NaN	NaN	NaN	NaN	NaN	NaN	NaN
171.996603	0.000000	0.000000	0.000000	-454.300000	3.000000	443.400000	3.000000	-1.505000	1.000000	NaN	NaN	NaN	NaN	NaN	NaN	NaN	NaN	NaN
172.996678	0.000000	0.000000	0.000000	-454.700000	3.000000	443.700000	3.000000	-1.508000	1.000000	NaN	NaN	NaN	NaN	NaN	NaN	NaN	NaN	NaN
173.996722	0.000000	0.000000	0.000000	-455.300000	3.000000	444.000000	3.000000	-1.555000	1.000000	NaN	NaN	NaN	NaN	NaN	NaN	NaN	NaN	NaN
174.996791	0.000000	0.000000	0.000000	-455.600000	3.000000	444.300000	3.000000	-1.485000	1.000000	NaN	NaN	NaN	NaN	NaN	NaN	NaN	NaN	NaN
175.996719	0.000000	0.000000	0.000000	-456.000000	3.000000	444.600000	3.000000	-1.462000	1.000000	NaN	NaN	NaN	NaN	NaN	NaN	NaN	NaN	NaN
176.996815	0.000000	0.000000	0.000000	-456.400000	3.000000	445.000000	3.000000	-1.571000	1.000000	NaN	NaN	NaN	NaN	NaN	NaN	NaN	NaN	NaN
177.996755	0.000000	0.000000	0.000000	-456.600000	3.000000	445.300000	3.000000	-1.528000	1.000000	NaN	NaN	NaN	NaN	NaN	NaN	NaN	NaN	NaN
178.996875	0.000000	0.000000	0.000000	-457.000000	3.000000	445.700000	3.000000	-1.443000	1.000000	NaN	NaN	NaN	NaN	NaN	NaN	NaN	NaN	NaN
179.996885	0.000000	0.000000	0.000000	-457.300000	3.000000	446.000000	3.000000	-1.662000	1.000000	NaN	NaN	NaN	NaN	NaN	NaN	NaN	NaN	NaN
180.996932	0.000000	0.000000	0.000000	-457.700000	3.000000	446.300000	3.000000	-1.646000	1.000000	NaN	NaN	NaN	NaN	NaN	NaN	NaN	NaN	NaN
181.996951	0.000000	0.000000	0.000000	-457.700000	3.000000	446.600000	3.000000	-1.732000	1.000000	NaN	NaN	NaN	NaN	NaN	NaN	NaN	NaN	NaN
182.997931	0.000000	0.000000	0.000000	-458.000000	3.000000	447.000000	3.000000	-1.694000	1.000000	NaN	NaN	NaN	NaN	NaN	NaN	NaN	NaN	NaN
183.995951	0.000000	0.000000	0.000000	-458.500000	3.000000	447.300000	3.000000	-1.629000	1.000000	NaN	NaN	NaN	NaN	NaN	NaN	NaN	NaN	NaN
184.995949	0.000000	0.000000	0.000000	-458.700000	3.000000	447.600000	3.000000	-1.639000	1.000000	NaN	NaN	NaN	NaN	NaN	NaN	NaN	NaN	NaN
185.996028	0.000000	0.000000	0.000000	-459.000000	3.000000	448.000000	3.000000	-1.714000	1.000000	NaN	NaN	NaN	NaN	NaN	NaN	NaN	NaN	NaN
186.996017	0.000000	0.000000	0.000000	-459.300000	3.000000	448.300000	3.000000	-1.725000	1.000000	NaN	NaN	NaN	NaN	NaN	NaN	NaN	NaN	NaN
187.996041	0.000000	0.000000	0.000000	-459.500000	3.000000	448.600000	3.000000	-1.665000	1.000000	NaN	NaN	NaN	NaN	NaN	NaN	NaN	NaN	NaN
188.996140	0.000000	0.000000	0.000000	-459.900000	3.000000	449.000000	3.000000	-1.475000	1.000000	NaN	NaN	NaN	NaN	NaN	NaN	NaN	NaN	NaN
189.996140	0.000000	0.000000	0.000000	-460.500000	3.000000	449.300000	3.000000	-1.552000	1.000000	NaN	NaN	NaN	NaN	NaN	NaN	NaN	NaN	NaN
190.996165	0.000000	0.000000	0.000000	-460.800000	3.000000	449.500000	3.000000	-1.599000	1.000000	NaN	NaN	NaN	NaN	NaN	NaN	NaN	NaN	NaN
191.996236	0.000000	0.000000	0.000000	-461.000000	3.000000	449.700000	3.000000	-1.439000	1.000000	NaN	NaN	NaN	NaN	NaN	NaN	NaN	NaN	NaN
192.996288	0.000000	0.000000	0.000000	-461.200000	3.000000	449.900000	3.000000	-1.503000	1.000000	NaN	NaN	NaN	NaN	NaN	NaN	NaN	NaN	NaN
193.996345	0.000000	0.000000	0.000000	-461.200000	3.000000	450.100000	3.000000	-1.350000	1.000000	NaN	NaN	NaN	NaN	NaN	NaN	NaN	NaN	NaN
194.996285	0.000000	0.000000	0.000000	-461.400000	3.000000	450.200000	3.000000	-1.426000	1.000000	NaN	NaN	NaN	NaN	NaN	NaN	NaN	NaN	NaN
195.996360	0.000000	0.000000	0.000000	-461.600000	3.000000	450.400000	3.000000	-1.467000	1.000000	NaN	NaN	NaN	NaN	NaN	NaN	NaN	NaN	NaN
196.996359	0.000000	0.000000	0.000000	-461.700000	3.000000	450.600000	3.000000	-1.594000	1.000000	NaN	NaN	NaN	NaN	NaN	NaN	NaN	NaN	NaN
197.996357	0.000000	0.000000	0.000000	-461.900000	3.000000	450.800000	3.000000	-1.772000	1.000000	NaN	NaN	NaN	NaN	NaN	NaN	NaN	NaN	NaN
198.996393	0.000000	0.000000	0.000000	-461.900000	3.000000	450.900000	3.000000	-1.488000	1.000000	NaN	NaN	NaN	NaN	NaN	NaN	NaN	NaN	NaN
199.996440	0.000000	0.000000	0.000000	-462.100000	3.000000	451.100000	3.000000	-1.462000	1.000000	NaN	NaN	NaN	NaN	NaN	NaN	NaN	NaN	NaN
200.996428	0.000000	0.000000	0.000000	-462.600000	3.000000	451.300000	3.000000	-1.582000	1.000000	NaN	NaN	NaN	NaN	NaN	NaN	NaN	NaN	NaN
201.995518	0.000000	0.000000	0.000000	-463.200000	3.000000	451.400000	3.000000	-1.560000	1.000000	NaN	NaN	NaN	NaN	NaN	NaN	NaN	NaN	NaN
202.995456	0.000000	0.000000	0.000000	-462.900000	3.000000	451.600000	3.000000	-1.512000	1.000000	NaN	NaN	NaN	NaN	NaN	NaN	NaN	NaN	NaN
203.995556	0.000000	0.000000	0.000000	-462.800000	3.000000	451.700000	3.000000	-1.446000	1.000000	NaN	NaN	NaN	NaN	NaN	NaN	NaN	NaN	NaN
204.995593	0.000000	0.000000	0.000000	-462.800000	3.000000	451.800000	3.000000	-1.472000	1.000000	NaN	NaN	NaN	NaN	NaN	NaN	NaN	NaN	NaN
205.995582	0.000000	0.000000	0.000000	-463.200000	3.000000	452.000000	3.000000	-1.500000	1.000000	NaN	NaN	NaN	NaN	NaN	NaN	NaN	NaN	NaN
206.995643	0.000000	0.000000	0.000000	-463.200000	3.000000	452.100000	3.000000	-1.468000	1.000000	NaN	NaN	NaN	NaN	NaN	NaN	NaN	NaN	NaN
207.995598	0.000000	0.000000	0.000000	-463.700000	3.000000	452.300000	3.000000	-1.603000	1.000000	NaN	NaN	NaN	NaN	NaN	NaN	NaN	NaN	NaN
208.995699	0.000000	0.000000	0.000000	-463.700000	3.000000	452.400000	3.000000	-1.558000	1.000000	NaN	NaN	NaN	NaN	NaN	NaN	NaN	NaN	NaN
209.995745	0.000000	0.000000	0.000000	-463.600000	3.000000	452.500000	3.000000	-1.589000	1.000000	NaN	NaN	NaN	NaN	NaN	NaN	NaN	NaN	NaN
210.995677	0.000000	0.000000	0.000000	-463.700000	3.000000	452.600000	3.000000	-1.555000	1.000000	NaN	NaN	NaN	NaN	NaN	NaN	NaN	NaN	NaN
211.995780	0.000000	0.000000	0.000000	-464.000000	3.000000	452.800000	3.000000	-1.509000	1.000000	NaN	NaN	NaN	NaN	NaN	NaN	NaN	NaN	NaN
212.995757	0.000000	0.000000	0.000000	-463.900000	3.000000	452.900000	3.000000	-1.482000	1.000000	NaN	NaN	NaN	NaN	NaN	NaN	NaN	NaN	NaN
213.995797	0.000000	0.000000	0.000000	-464.000000	3.000000	453.000000	3.000000	-1.495000	1.000000	NaN	NaN	NaN	NaN	NaN	NaN	NaN	NaN	NaN
214.995838	0.000000	0.000000	0.000000	-464.200000	3.000000	453.200000	3.000000	-1.558000	1.000000	NaN	NaN	NaN	NaN	NaN	NaN	NaN	NaN	NaN
215.995906	0.000000	0.000000	0.000000	-464.400000	3.000000	453.300000	3.000000	-1.500000	1.000000	NaN	NaN	NaN	NaN	NaN	NaN	NaN	NaN	NaN
216.995903	0.000000	0.000000	0.000000	-464.600000	3.000000	453.400000	3.000000	-1.538000	1.000000	NaN	NaN	NaN	NaN	NaN	NaN	NaN	NaN	NaN
217.995945	0.000000	0.000000	0.000000	-464.700000	3.000000	453.500000	3.000000	-1.485000	1.000000	NaN	NaN	NaN	NaN	NaN	NaN	NaN	NaN	NaN
218.994971	0.000000	0.000000	0.000000	-464.800000	3.000000	453.600000	3.000000	-1.673000	1.000000	NaN	NaN	NaN	NaN	NaN	NaN	NaN	NaN	NaN
219.995008	0.000000	0.000000	0.000000	-464.900000	3.000000	453.700000	3.000000	-1.600000	1.000000	NaN	NaN	NaN	NaN	NaN	NaN	NaN	NaN	NaN
220.995050	0.000000	0.000000	0.000000	-465.000000	3.000000	453.800000	3.000000	-1.613000	1.000000	NaN	NaN	NaN	NaN	NaN	NaN	NaN	NaN	NaN
221.995100	0.000000	0.000000	0.000000	-465.000000	3.000000	453.900000	3.000000	-1.609000	1.000000	NaN	NaN	NaN	NaN	NaN	NaN	NaN	NaN	NaN
222.995121	0.000000	0.000000	0.000000	-465.100000	3.000000	454.000000	3.000000	-1.596000	1.000000	NaN	NaN	NaN	NaN	NaN	NaN	NaN	NaN	NaN
223.995154	0.000000	0.000000	0.000000	-465.200000	3.000000	454.100000	3.000000	-1.607000	1.000000	NaN	NaN	NaN	NaN	NaN	NaN	NaN	NaN	NaN
224.995058	0.000000	0.000000	0.000000	-465.300000	3.000000	454.200000	3.000000	-1.592000	1.000000	NaN	NaN	NaN	NaN	NaN	NaN	NaN	NaN	NaN
225.995161	0.000000	0.000000	0.000000	-465.100000	3.000000	454.300000	3.000000	-1.582000	1.000000	NaN	NaN	NaN	NaN	NaN	NaN	NaN	NaN	NaN
226.995126	0.000000	0.000000	0.000000	-465.300000	3.000000	454.400000	3.000000	-1.607000	1.000000	NaN	NaN	NaN	NaN	NaN	NaN	NaN	NaN	NaN
227.995173	0.000000	0.000000	0.000000	-465.500000	3.000000	454.500000	3.000000	-1.673000	1.000000	NaN	NaN	NaN	NaN	NaN	NaN	NaN	NaN	NaN
228.995288	0.000000	0.000000	0.000000	-465.600000	3.000000	454.500000	3.000000	-1.677000	1.000000	NaN	NaN	NaN	NaN	NaN	NaN	NaN	NaN	NaN
229.995204	0.000000	0.000000	0.000000	-465.700000	3.000000	454.600000	3.000000	-1.649000	1.000000	NaN	NaN	NaN	NaN	NaN	NaN	NaN	NaN	NaN
230.995248	0.000000	0.000000	0.000000	-466.100000	3.000000	454.700000	3.000000	-1.713000	1.000000	NaN	NaN	NaN	NaN	NaN	NaN	NaN	NaN	NaN
231.995317	0.000000	0.000000	0.000000	-466.300000	3.000000	454.700000	3.000000	-1.702000	1.000000	NaN	NaN	NaN	NaN	NaN	NaN	NaN	NaN	NaN
232.995324	0.000000	0.000000	0.000000	-466.100000	3.000000	454.800000	3.000000	-1.669000	1.000000	NaN	NaN	NaN	NaN	NaN	NaN	NaN	NaN	NaN
233.995345	0.000000	0.000000	0.000000	-465.900000	3.000000	454.900000	3.000000	-1.792000	1.000000	NaN	NaN	NaN	NaN	NaN	NaN	NaN	NaN	NaN
234.995418	0.000000	0.000000	0.000000	-465.800000	3.000000	455.000000	3.000000	-1.519000	1.000000	NaN	NaN	NaN	NaN	NaN	NaN	NaN	NaN	NaN
235.995415	0.000000	0.000000	0.000000	-466.000000	3.000000	455.000000	3.000000	-1.488000	1.000000	NaN	NaN	NaN	NaN	NaN	NaN	NaN	NaN	NaN
236.994481	0.000000	0.000000	0.000000	-466.200000	3.000000	455.000000	3.000000	-1.349000	1.000000	NaN	NaN	NaN	NaN	NaN	NaN	NaN	NaN	NaN
237.994459	0.000000	0.000000	0.000000	-466.400000	3.000000	455.100000	3.000000	-1.420000	1.000000	NaN	NaN	NaN	NaN	NaN	NaN	NaN	NaN	NaN
238.994523	0.000000	0.000000	0.000000	-466.200000	3.000000	455.200000	3.000000	-1.373000	1.000000	NaN	NaN	NaN	NaN	NaN	NaN	NaN	NaN	NaN
239.994453	0.000000	0.000000	0.000000	-466.100000	3.000000	455.200000	3.000000	-1.300000	1.000000	NaN	NaN	NaN	NaN	NaN	NaN	NaN	NaN	NaN
240.994504	0.000000	0.000000	0.000000	-465.900000	3.000000	455.200000	3.000000	-1.220000	1.000000	NaN	NaN	NaN	NaN	NaN	NaN	NaN	NaN	NaN
241.994582	0.000000	0.000000	0.000000	-466.100000	3.000000	455.200000	3.000000	-1.224000	1.000000	NaN	NaN	NaN	NaN	NaN	NaN	NaN	NaN	NaN
242.994564	0.000000	0.000000	0.000000	-466.200000	3.000000	455.200000	3.000000	-1.218000	1.000000	NaN	NaN	NaN	NaN	NaN	NaN	NaN	NaN	NaN
243.994624	0.000000	0.000000	0.000000	-466.300000	3.000000	455.200000	3.000000	-1.241000	1.000000	NaN	NaN	NaN	NaN	NaN	NaN	NaN	NaN	NaN
244.994613	0.000000	0.000000	0.000000	-466.500000	3.000000	455.200000	3.000000	-1.247000	1.000000	NaN	NaN	NaN	NaN	NaN	NaN	NaN	NaN	NaN
245.994641	0.000000	0.000000	0.000000	-467.400000	3.000000	455.200000	3.000000	-1.258000	1.000000	NaN	NaN	NaN	NaN	NaN	NaN	NaN	NaN	NaN
246.994938	0.000000	0.000000	0.000000	-467.300000	3.000000	455.200000	3.000000	-1.354000	1.000000	NaN	NaN	NaN	NaN	NaN	NaN	NaN	NaN	NaN
247.994759	0.000000	0.000000	0.000000	-466.600000	3.000000	455.200000	3.000000	-1.211000	1.000000	NaN	NaN	NaN	NaN	NaN	NaN	NaN	NaN	NaN
248.994728	0.000000	0.000000	0.000000	-466.400000	3.000000	455.200000	3.000000	-1.292000	1.000000	NaN	NaN	NaN	NaN	NaN	NaN	NaN	NaN	NaN
249.994813	0.000000	0.000000	0.000000	-466.400000	3.000000	455.200000	3.000000	-1.412000	1.000000	NaN	NaN	NaN	NaN	NaN	NaN	NaN	NaN	NaN
250.994783	0.000000	0.000000	0.000000	-466.200000	3.000000	455.200000	3.000000	-1.439000	1.000000	NaN	NaN	NaN	NaN	NaN	NaN	NaN	NaN	NaN
251.994824	0.000000	0.000000	0.000000	-466.000000	3.000000	455.200000	3.000000	-1.429000	1.000000	NaN	NaN	NaN	NaN	NaN	NaN	NaN	NaN	NaN
252.994830	0.000000	0.000000	0.000000	-466.400000	3.000000	455.200000	3.000000	-1.306000	1.000000	NaN	NaN	NaN	NaN	NaN	NaN	NaN	NaN	NaN
253.993908	0.000000	0.000000	0.000000	-466.700000	3.000000	455.200000	3.000000	-1.293000	1.000000	NaN	NaN	NaN	NaN	NaN	NaN	NaN	NaN	NaN
254.993870	0.000000	0.000000	0.000000	-466.800000	3.000000	455.200000	3.000000	-1.249000	1.000000	NaN	NaN	NaN	NaN	NaN	NaN	NaN	NaN	NaN
255.993995	0.000000	0.000000	0.000000	-466.800000	3.000000	455.200000	3.000000	-1.375000	1.000000	NaN	NaN	NaN	NaN	NaN	NaN	NaN	NaN	NaN
256.993933	0.000000	0.000000	0.000000	-466.600000	3.000000	455.200000	3.000000	-1.539000	1.000000	NaN	NaN	NaN	NaN	NaN	NaN	NaN	NaN	NaN
257.993936	0.000000	0.000000	0.000000	-466.700000	3.000000	455.100000	3.000000	-1.520000	1.000000	NaN	NaN	NaN	NaN	NaN	NaN	NaN	NaN	NaN
258.993996	0.000000	0.000000	0.000000	-466.700000	3.000000	455.200000	3.000000	-1.491000	1.000000	NaN	NaN	NaN	NaN	NaN	NaN	NaN	NaN	NaN
259.994004	0.000000	0.000000	0.000000	-466.600000	3.000000	455.200000	3.000000	-1.431000	1.000000	NaN	NaN	NaN	NaN	NaN	NaN	NaN	NaN	NaN
260.994094	0.000000	0.000000	0.000000	-467.100000	3.000000	455.200000	3.000000	-1.323000	1.000000	NaN	NaN	NaN	NaN	NaN	NaN	NaN	NaN	NaN
261.994109	0.000000	0.000000	0.000000	-467.400000	3.000000	455.200000	3.000000	-1.337000	1.000000	NaN	NaN	NaN	NaN	NaN	NaN	NaN	NaN	NaN
262.994139	0.000000	0.000000	0.000000	-466.800000	3.000000	455.200000	3.000000	-1.336000	1.000000	NaN	NaN	NaN	NaN	NaN	NaN	NaN	NaN	NaN
263.994187	0.000000	0.000000	0.000000	-466.300000	3.000000	455.200000	3.000000	-1.265000	1.000000	NaN	NaN	NaN	NaN	NaN	NaN	NaN	NaN	NaN
264.994265	0.000000	0.000000	0.000000	-466.400000	3.000000	455.200000	3.000000	-1.407000	1.000000	NaN	NaN	NaN	NaN	NaN	NaN	NaN	NaN	NaN
265.994191	0.000000	0.000000	0.000000	-466.500000	3.000000	455.100000	3.000000	-1.481000	1.000000	NaN	NaN	NaN	NaN	NaN	NaN	NaN	NaN	NaN
266.994248	0.000000	0.000000	0.000000	-466.400000	3.000000	455.100000	3.000000	-1.454000	1.000000	NaN	NaN	NaN	NaN	NaN	NaN	NaN	NaN	NaN
267.994230	0.000000	0.000000	0.000000	-466.500000	3.000000	455.200000	3.000000	-1.242000	1.000000	NaN	NaN	NaN	NaN	NaN	NaN	NaN	NaN	NaN
268.994258	0.000000	0.000000	0.000000	-466.300000	3.000000	455.200000	3.000000	-1.363000	1.000000	NaN	NaN	NaN	NaN	NaN	NaN	NaN	NaN	NaN
269.994329	0.000000	0.000000	0.000000	-466.400000	3.000000	455.200000	3.000000	-1.423000	1.000000	NaN	NaN	NaN	NaN	NaN	NaN	NaN	NaN	NaN
270.994355	0.000000	0.000000	0.000000	-466.400000	3.000000	455.200000	3.000000	-1.509000	1.000000	NaN	NaN	NaN	NaN	NaN	NaN	NaN	NaN	NaN
271.993349	0.000000	0.000000	0.000000	-466.400000	3.000000	455.200000	3.000000	-1.739000	1.000000	NaN	NaN	NaN	NaN	NaN	NaN	NaN	NaN	NaN
272.993459	0.000000	0.000000	0.000000	-466.600000	3.000000	455.200000	3.000000	-1.703000	1.000000	NaN	NaN	NaN	NaN	NaN	NaN	NaN	NaN	NaN
273.993447	0.000000	0.000000	0.000000	-466.600000	3.000000	455.100000	3.000000	-1.842000	1.000000	NaN	NaN	NaN	NaN	NaN	NaN	NaN	NaN	NaN
274.993490	0.000000	0.000000	0.000000	-466.600000	3.000000	455.200000	3.000000	-1.678000	1.000000	NaN	NaN	NaN	NaN	NaN	NaN	NaN	NaN	NaN
275.993486	0.000000	0.000000	0.000000	-466.500000	3.000000	455.100000	3.000000	-1.486000	1.000000	NaN	NaN	NaN	NaN	NaN	NaN	NaN	NaN	NaN
276.993529	0.000000	0.000000	0.000000	-466.500000	3.000000	455.100000	3.000000	-1.697000	1.000000	NaN	NaN	NaN	NaN	NaN	NaN	NaN	NaN	NaN
277.993518	0.000000	0.000000	0.000000	-466.500000	3.000000	455.200000	3.000000	-1.656000	1.000000	NaN	NaN	NaN	NaN	NaN	NaN	NaN	NaN	NaN
278.993551	0.000000	0.000000	0.000000	-466.400000	3.000000	455.200000	3.000000	-1.665000	1.000000	NaN	NaN	NaN	NaN	NaN	NaN	NaN	NaN	NaN
279.993542	0.000000	0.000000	0.000000	-466.400000	3.000000	455.100000	3.000000	-1.740000	1.000000	NaN	NaN	NaN	NaN	NaN	NaN	NaN	NaN	NaN
280.993656	0.000000	0.000000	0.000000	-466.500000	3.000000	455.100000	3.000000	-1.724000	1.000000	NaN	NaN	NaN	NaN	NaN	NaN	NaN	NaN	NaN
281.993652	0.000000	0.000000	0.000000	-466.300000	3.000000	455.100000	3.000000	-1.715000	1.000000	NaN	NaN	NaN	NaN	NaN	NaN	NaN	NaN	NaN
282.993696	0.000000	0.000000	0.000000	-466.300000	3.000000	455.200000	3.000000	-1.678000	1.000000	NaN	NaN	NaN	NaN	NaN	NaN	NaN	NaN	NaN
283.993721	0.000000	0.000000	0.000000	-466.300000	3.000000	455.100000	3.000000	-1.750000	1.000000	NaN	NaN	NaN	NaN	NaN	NaN	NaN	NaN	NaN
284.993757	0.000000	0.000000	0.000000	-466.300000	3.000000	455.100000	3.000000	-1.761000	1.000000	NaN	NaN	NaN	NaN	NaN	NaN	NaN	NaN	NaN
285.993772	0.000000	0.000000	0.000000	-466.400000	3.000000	455.100000	3.000000	-1.746000	1.000000	NaN	NaN	NaN	NaN	NaN	NaN	NaN	NaN	NaN
286.993797	0.000000	0.000000	0.000000	-466.300000	3.000000	455.100000	3.000000	-1.868000	1.000000	NaN	NaN	NaN	NaN	NaN	NaN	NaN	NaN	NaN
287.993839	0.000000	0.000000	0.000000	-466.300000	3.000000	455.200000	3.000000	-2.057000	1.000000	NaN	NaN	NaN	NaN	NaN	NaN	NaN	NaN	NaN
288.992830	0.000000	0.000000	0.000000	-466.300000	3.000000	455.100000	3.000000	-1.787000	1.000000	NaN	NaN	NaN	NaN	NaN	NaN	NaN	NaN	NaN
289.992858	0.000000	0.000000	0.000000	-466.300000	3.000000	455.200000	3.000000	-1.771000	1.000000	NaN	NaN	NaN	NaN	NaN	NaN	NaN	NaN	NaN
290.992864	0.000000	0.000000	0.000000	-466.400000	3.000000	455.200000	3.000000	-1.735000	1.000000	NaN	NaN	NaN	NaN	NaN	NaN	NaN	NaN	NaN
291.992973	0.000000	0.000000	0.000000	-466.300000	3.000000	455.200000	3.000000	-1.716000	1.000000	NaN	NaN	NaN	NaN	NaN	NaN	NaN	NaN	NaN
292.992975	0.000000	0.000000	0.000000	-466.300000	3.000000	455.200000	3.000000	-1.697000	1.000000	NaN	NaN	NaN	NaN	NaN	NaN	NaN	NaN	NaN
293.993030	0.000000	0.000000	0.000000	-466.300000	3.000000	455.200000	3.000000	-1.669000	1.000000	NaN	NaN	NaN	NaN	NaN	NaN	NaN	NaN	NaN
294.993027	0.000000	0.000000	0.000000	-466.400000	3.000000	455.200000	3.000000	-1.696000	1.000000	NaN	NaN	NaN	NaN	NaN	NaN	NaN	NaN	NaN
295.993013	0.000000	0.000000	0.000000	-466.300000	3.000000	455.200000	3.000000	-1.775000	1.000000	NaN	NaN	NaN	NaN	NaN	NaN	NaN	NaN	NaN
296.993086	0.000000	0.000000	0.000000	-466.400000	3.000000	455.200000	3.000000	-1.731000	1.000000	NaN	NaN	NaN	NaN	NaN	NaN	NaN	NaN	NaN
297.993102	0.000000	0.000000	0.000000	-466.500000	3.000000	455.200000	3.000000	-1.765000	1.000000	NaN	NaN	NaN	NaN	NaN	NaN	NaN	NaN	NaN
298.993100	0.000000	0.000000	0.000000	-466.600000	3.000000	455.200000	3.000000	-1.834000	1.000000	NaN	NaN	NaN	NaN	NaN	NaN	NaN	NaN	NaN
299.993106	0.000000	0.000000	0.000000	-466.700000	3.000000	455.200000	3.000000	-1.763000	1.000000	NaN	NaN	NaN	NaN	NaN	NaN	NaN	NaN	NaN
300.993151	0.000000	0.000000	0.000000	-466.700000	3.000000	455.200000	3.000000	-1.781000	1.000000	NaN	NaN	NaN	NaN	NaN	NaN	NaN	NaN	NaN
301.993196	0.000000	0.000000	0.000000	-466.600000	3.000000	455.200000	3.000000	-1.801000	1.000000	NaN	NaN	NaN	NaN	NaN	NaN	NaN	NaN	NaN
302.993242	0.000000	0.000000	0.000000	-466.700000	3.000000	455.100000	3.000000	-1.794000	1.000000	NaN	NaN	NaN	NaN	NaN	NaN	NaN	NaN	NaN
303.993260	0.000000	0.000000	0.000000	-466.800000	3.000000	455.100000	3.000000	-1.808000	1.000000	NaN	NaN	NaN	NaN	NaN	NaN	NaN	NaN	NaN
304.993315	0.000000	0.000000	0.000000	-466.700000	3.000000	455.200000	3.000000	-1.840000	1.000000	NaN	NaN	NaN	NaN	NaN	NaN	NaN	NaN	NaN
305.993335	0.000000	0.000000	0.000000	-466.600000	3.000000	455.200000	3.000000	-1.887000	1.000000	NaN	NaN	NaN	NaN	NaN	NaN	NaN	NaN	NaN
306.992342	0.000000	0.000000	0.000000	-466.700000	3.000000	455.200000	3.000000	-1.898000	1.000000	NaN	NaN	NaN	NaN	NaN	NaN	NaN	NaN	NaN
307.992342	0.000000	0.000000	0.000000	-466.600000	3.000000	455.200000	3.000000	-1.976000	1.000000	NaN	NaN	NaN	NaN	NaN	NaN	NaN	NaN	NaN
308.992446	0.000000	0.000000	0.000000	-466.800000	3.000000	455.200000	3.000000	-1.995000	1.000000	NaN	NaN	NaN	NaN	NaN	NaN	NaN	NaN	NaN
309.992493	0.000000	0.000000	0.000000	-466.600000	3.000000	455.200000	3.000000	-1.944000	1.000000	NaN	NaN	NaN	NaN	NaN	NaN	NaN	NaN	NaN
310.992411	0.000000	0.000000	0.000000	-466.400000	3.000000	455.200000	3.000000	-2.006000	1.000000	NaN	NaN	NaN	NaN	NaN	NaN	NaN	NaN	NaN
311.992460	0.000000	0.000000	0.000000	-466.300000	3.000000	455.200000	3.000000	-1.788000	1.000000	NaN	NaN	NaN	NaN	NaN	NaN	NaN	NaN	NaN
312.992526	0.000000	0.000000	0.000000	-466.500000	3.000000	455.200000	3.000000	-1.798000	1.000000	NaN	NaN	NaN	NaN	NaN	NaN	NaN	NaN	NaN
313.992508	0.000000	0.000000	0.000000	-466.500000	3.000000	455.200000	3.000000	-1.839000	1.000000	NaN	NaN	NaN	NaN	NaN	NaN	NaN	NaN	NaN
314.992573	0.000000	0.000000	0.000000	-466.500000	3.000000	455.200000	3.000000	-1.825000	1.000000	NaN	NaN	NaN	NaN	NaN	NaN	NaN	NaN	NaN
315.992561	0.000000	0.000000	0.000000	-466.400000	3.000000	455.200000	3.000000	-1.850000	1.000000	NaN	NaN	NaN	NaN	NaN	NaN	NaN	NaN	NaN
316.992631	0.000000	0.000000	0.000000	-466.400000	3.000000	455.200000	3.000000	-1.885000	1.000000	NaN	NaN	NaN	NaN	NaN	NaN	NaN	NaN	NaN
317.992697	0.000000	0.000000	0.000000	-466.400000	3.000000	455.200000	3.000000	-1.827000	1.000000	NaN	NaN	NaN	NaN	NaN	NaN	NaN	NaN	NaN
318.992682	0.000000	0.000000	0.000000	-466.300000	3.000000	455.200000	3.000000	-1.771000	1.000000	NaN	NaN	NaN	NaN	NaN	NaN	NaN	NaN	NaN
319.992976	0.000000	0.000000	0.000000	-466.300000	3.000000	455.200000	3.000000	-1.806000	1.000000	NaN	NaN	NaN	NaN	NaN	NaN	NaN	NaN	NaN
320.992705	0.000000	0.000000	0.000000	-466.200000	3.000000	455.200000	3.000000	-1.853000	1.000000	NaN	NaN	NaN	NaN	NaN	NaN	NaN	NaN	NaN
321.992734	0.000000	0.000000	0.000000	-466.300000	3.000000	455.200000	3.000000	-1.779000	1.000000	NaN	NaN	NaN	NaN	NaN	NaN	NaN	NaN	NaN
322.992788	0.000000	0.000000	0.000000	-466.300000	3.000000	455.200000	3.000000	-1.790000	1.000000	NaN	NaN	NaN	NaN	NaN	NaN	NaN	NaN	NaN
323.991827	0.000000	0.000000	0.000000	-466.300000	3.000000	455.200000	3.000000	-1.881000	1.000000	NaN	NaN	NaN	NaN	NaN	NaN	NaN	NaN	NaN
324.991865	0.000000	0.000000	0.000000	-466.300000	3.000000	455.200000	3.000000	-1.929000	1.000000	NaN	NaN	NaN	NaN	NaN	NaN	NaN	NaN	NaN
325.991865	0.000000	0.000000	0.000000	-466.300000	3.000000	455.200000	3.000000	-1.864000	1.000000	NaN	NaN	NaN	NaN	NaN	NaN	NaN	NaN	NaN
326.991838	0.000000	0.000000	0.000000	-466.300000	3.000000	455.200000	3.000000	-1.934000	1.000000	NaN	NaN	NaN	NaN	NaN	NaN	NaN	NaN	NaN
327.991962	0.000000	0.000000	0.000000	-466.400000	3.000000	455.200000	3.000000	-2.022000	1.000000	NaN	NaN	NaN	NaN	NaN	NaN	NaN	NaN	NaN
328.991984	0.000000	0.000000	0.000000	-466.400000	3.000000	455.200000	3.000000	-2.033000	1.000000	NaN	NaN	NaN	NaN	NaN	NaN	NaN	NaN	NaN
329.991965	0.000000	0.000000	0.000000	-466.600000	3.000000	455.200000	3.000000	-2.024000	1.000000	NaN	NaN	NaN	NaN	NaN	NaN	NaN	NaN	NaN
330.991969	0.000000	0.000000	0.000000	-466.700000	3.000000	455.200000	3.000000	-1.965000	1.000000	NaN	NaN	NaN	NaN	NaN	NaN	NaN	NaN	NaN
331.991983	0.000000	0.000000	0.000000	-466.500000	3.000000	455.200000	3.000000	-2.150000	1.000000	NaN	NaN	NaN	NaN	NaN	NaN	NaN	NaN	NaN
332.992059	0.000000	0.000000	0.000000	-466.200000	3.000000	455.200000	3.000000	-2.016000	1.000000	NaN	NaN	NaN	NaN	NaN	NaN	NaN	NaN	NaN
333.992070	0.000000	0.000000	0.000000	-466.400000	3.000000	455.200000	3.000000	-2.102000	1.000000	NaN	NaN	NaN	NaN	NaN	NaN	NaN	NaN	NaN
334.992067	0.000000	0.000000	0.000000	-466.400000	3.000000	455.200000	3.000000	-2.027000	1.000000	NaN	NaN	NaN	NaN	NaN	NaN	NaN	NaN	NaN
335.992167	0.000000	0.000000	0.000000	-466.500000	3.000000	455.200000	3.000000	-2.113000	1.000000	NaN	NaN	NaN	NaN	NaN	NaN	NaN	NaN	NaN
336.992159	0.000000	0.000000	0.000000	-466.400000	3.000000	455.200000	3.000000	-2.002000	1.000000	NaN	NaN	NaN	NaN	NaN	NaN	NaN	NaN	NaN
337.992252	0.000000	0.000000	0.000000	-466.300000	3.000000	455.200000	3.000000	-1.938000	1.000000	NaN	NaN	NaN	NaN	NaN	NaN	NaN	NaN	NaN
338.992207	0.000000	0.000000	0.000000	-466.300000	3.000000	455.200000	3.000000	-1.926000	1.000000	NaN	NaN	NaN	NaN	NaN	NaN	NaN	NaN	NaN
339.992337	0.000000	0.000000	0.000000	-466.400000	3.000000	455.200000	3.000000	-1.924000	1.000000	NaN	NaN	NaN	NaN	NaN	NaN	NaN	NaN	NaN
340.992294	0.000000	0.000000	0.000000	-466.400000	3.000000	455.200000	3.000000	-1.815000	1.000000	NaN	NaN	NaN	NaN	NaN	NaN	NaN	NaN	NaN
341.991281	0.000000	0.000000	0.000000	-466.300000	3.000000	455.200000	3.000000	-1.831000	1.000000	NaN	NaN	NaN	NaN	NaN	NaN	NaN	NaN	NaN
342.991304	0.000000	0.000000	0.000000	-466.400000	3.000000	455.200000	3.000000	-1.891000	1.000000	NaN	NaN	NaN	NaN	NaN	NaN	NaN	NaN	NaN
343.991321	0.000000	0.000000	0.000000	-466.600000	3.000000	455.200000	3.000000	-1.771000	1.000000	NaN	NaN	NaN	NaN	NaN	NaN	NaN	NaN	NaN
344.991349	0.000000	0.000000	0.000000	-466.600000	3.000000	455.200000	3.000000	-1.787000	1.000000	NaN	NaN	NaN	NaN	NaN	NaN	NaN	NaN	NaN
345.991413	0.000000	0.000000	0.000000	-466.400000	3.000000	455.200000	3.000000	-1.852000	1.000000	NaN	NaN	NaN	NaN	NaN	NaN	NaN	NaN	NaN
346.991401	0.000000	0.000000	0.000000	-466.500000	3.000000	455.200000	3.000000	-1.737000	1.000000	NaN	NaN	NaN	NaN	NaN	NaN	NaN	NaN	NaN
347.991461	0.000000	0.000000	0.000000	-466.700000	3.000000	455.200000	3.000000	-1.793000	1.000000	NaN	NaN	NaN	NaN	NaN	NaN	NaN	NaN	NaN
348.991496	0.000000	0.000000	0.000000	-466.400000	3.000000	455.200000	3.000000	-1.927000	1.000000	NaN	NaN	NaN	NaN	NaN	NaN	NaN	NaN	NaN
349.991492	0.000000	0.000000	0.000000	-466.400000	3.000000	455.200000	3.000000	-1.864000	1.000000	NaN	NaN	NaN	NaN	NaN	NaN	NaN	NaN	NaN
350.991559	0.000000	0.000000	0.000000	-466.400000	3.000000	455.200000	3.000000	-1.787000	1.000000	NaN	NaN	NaN	NaN	NaN	NaN	NaN	NaN	NaN
351.991558	0.000000	0.000000	0.000000	-466.300000	3.000000	455.200000	3.000000	-1.765000	1.000000	NaN	NaN	NaN	NaN	NaN	NaN	NaN	NaN	NaN
352.991563	0.000000	0.000000	0.000000	-466.300000	3.000000	455.200000	3.000000	-1.664000	1.000000	NaN	NaN	NaN	NaN	NaN	NaN	NaN	NaN	NaN
353.991604	0.000000	0.000000	0.000000	-466.300000	3.000000	455.200000	3.000000	-1.754000	1.000000	NaN	NaN	NaN	NaN	NaN	NaN	NaN	NaN	NaN
354.991659	0.000000	0.000000	0.000000	-466.200000	3.000000	455.200000	3.000000	-1.776000	1.000000	NaN	NaN	NaN	NaN	NaN	NaN	NaN	NaN	NaN
355.991659	0.000000	0.000000	0.000000	-466.100000	3.000000	455.200000	3.000000	-1.809000	1.000000	NaN	NaN	NaN	NaN	NaN	NaN	NaN	NaN	NaN
356.991748	0.000000	0.000000	0.000000	-466.100000	3.000000	455.200000	3.000000	-1.703000	1.000000	NaN	NaN	NaN	NaN	NaN	NaN	NaN	NaN	NaN
357.991766	0.000000	0.000000	0.000000	-466.100000	3.000000	455.200000	3.000000	-1.731000	1.000000	NaN	NaN	NaN	NaN	NaN	NaN	NaN	NaN	NaN
358.990784	0.000000	0.000000	0.000000	-466.100000	3.000000	455.200000	3.000000	-1.720000	1.000000	NaN	NaN	NaN	NaN	NaN	NaN	NaN	NaN	NaN
359.990847	0.000000	0.000000	0.000000	-466.100000	3.000000	455.200000	3.000000	-1.822000	1.000000	NaN	NaN	NaN	NaN	NaN	NaN	NaN	NaN	NaN
360.990872	0.000000	0.000000	0.000000	-466.200000	3.000000	455.200000	3.000000	-1.745000	1.000000	NaN	NaN	NaN	NaN	NaN	NaN	NaN	NaN	NaN
361.990861	0.000000	0.000000	0.000000	-466.100000	3.000000	455.200000	3.000000	-1.706000	1.000000	NaN	NaN	NaN	NaN	NaN	NaN	NaN	NaN	NaN
362.990931	0.000000	0.000000	0.000000	-466.300000	3.000000	455.200000	3.000000	-1.747000	1.000000	NaN	NaN	NaN	NaN	NaN	NaN	NaN	NaN	NaN
363.990919	0.000000	0.000000	0.000000	-466.700000	3.000000	455.200000	3.000000	-1.728000	1.000000	NaN	NaN	NaN	NaN	NaN	NaN	NaN	NaN	NaN
364.990973	0.000000	0.000000	0.000000	-466.600000	3.000000	455.200000	3.000000	-1.601000	1.000000	NaN	NaN	NaN	NaN	NaN	NaN	NaN	NaN	NaN
365.991005	0.000000	0.000000	0.000000	-466.600000	3.000000	455.200000	3.000000	-1.832000	1.000000	NaN	NaN	NaN	NaN	NaN	NaN	NaN	NaN	NaN
366.991014	0.000000	0.000000	0.000000	-466.700000	3.000000	455.200000	3.000000	-1.819000	1.000000	NaN	NaN	NaN	NaN	NaN	NaN	NaN	NaN	NaN
367.991061	0.000000	0.000000	0.000000	-466.400000	3.000000	455.200000	3.000000	-1.757000	1.000000	NaN	NaN	NaN	NaN	NaN	NaN	NaN	NaN	NaN
368.991068	0.000000	0.000000	0.000000	-466.400000	3.000000	455.200000	3.000000	-1.749000	1.000000	NaN	NaN	NaN	NaN	NaN	NaN	NaN	NaN	NaN
369.991063	0.000000	0.000000	0.000000	-466.300000	3.000000	455.200000	3.000000	-1.713000	1.000000	NaN	NaN	NaN	NaN	NaN	NaN	NaN	NaN	NaN
370.991140	0.000000	0.000000	0.000000	-466.300000	3.000000	455.200000	3.000000	-1.753000	1.000000	NaN	NaN	NaN	NaN	NaN	NaN	NaN	NaN	NaN
371.991173	0.000000	0.000000	0.000000	-466.400000	3.000000	455.200000	3.000000	-1.795000	1.000000	NaN	NaN	NaN	NaN	NaN	NaN	NaN	NaN	NaN
372.991172	0.000000	0.000000	0.000000	-466.500000	3.000000	455.200000	3.000000	-1.814000	1.000000	NaN	NaN	NaN	NaN	NaN	NaN	NaN	NaN	NaN
373.991247	0.000000	0.000000	0.000000	-466.100000	3.000000	455.200000	3.000000	-1.879000	1.000000	NaN	NaN	NaN	NaN	NaN	NaN	NaN	NaN	NaN
374.991240	0.000000	0.000000	0.000000	-466.200000	3.000000	455.200000	3.000000	-1.884000	1.000000	NaN	NaN	NaN	NaN	NaN	NaN	NaN	NaN	NaN
375.991240	0.000000	0.000000	0.000000	-466.200000	3.000000	455.200000	3.000000	-1.899000	1.000000	NaN	NaN	NaN	NaN	NaN	NaN	NaN	NaN	NaN
376.990271	0.000000	0.000000	0.000000	-466.300000	3.000000	455.200000	3.000000	-1.977000	1.000000	NaN	NaN	NaN	NaN	NaN	NaN	NaN	NaN	NaN
377.990300	0.000000	0.000000	0.000000	-466.400000	3.000000	455.200000	3.000000	-1.940000	1.000000	NaN	NaN	NaN	NaN	NaN	NaN	NaN	NaN	NaN
378.990379	0.000000	0.000000	0.000000	-466.300000	3.000000	455.200000	3.000000	-1.979000	1.000000	NaN	NaN	NaN	NaN	NaN	NaN	NaN	NaN	NaN
379.990340	0.000000	0.000000	0.000000	-466.300000	3.000000	455.200000	3.000000	-2.111000	1.000000	NaN	NaN	NaN	NaN	NaN	NaN	NaN	NaN	NaN
380.990375	0.000000	0.000000	0.000000	-466.300000	3.000000	455.200000	3.000000	-1.960000	1.000000	NaN	NaN	NaN	NaN	NaN	NaN	NaN	NaN	NaN
381.990414	0.000000	0.000000	0.000000	-466.300000	3.000000	455.200000	3.000000	-1.988000	1.000000	NaN	NaN	NaN	NaN	NaN	NaN	NaN	NaN	NaN
382.990546	0.000000	0.000000	0.000000	-466.400000	3.000000	455.200000	3.000000	-2.010000	1.000000	NaN	NaN	NaN	NaN	NaN	NaN	NaN	NaN	NaN
383.990474	0.000000	0.000000	0.000000	-466.400000	3.000000	455.200000	3.000000	-2.039000	1.000000	NaN	NaN	NaN	NaN	NaN	NaN	NaN	NaN	NaN
384.990504	0.000000	0.000000	0.000000	-466.600000	3.000000	455.200000	3.000000	-2.081000	1.000000	NaN	NaN	NaN	NaN	NaN	NaN	NaN	NaN	NaN
385.990607	0.000000	0.000000	0.000000	-466.600000	3.000000	455.200000	3.000000	-2.090000	1.000000	NaN	NaN	NaN	NaN	NaN	NaN	NaN	NaN	NaN
386.990545	0.000000	0.000000	0.000000	-466.500000	3.000000	455.200000	3.000000	-2.145000	1.000000	NaN	NaN	NaN	NaN	NaN	NaN	NaN	NaN	NaN
387.990559	0.000000	0.000000	0.000000	-466.600000	3.000000	455.200000	3.000000	-2.139000	1.000000	NaN	NaN	NaN	NaN	NaN	NaN	NaN	NaN	NaN
388.990594	0.000000	0.000000	0.000000	-466.400000	3.000000	455.200000	3.000000	-2.086000	1.000000	NaN	NaN	NaN	NaN	NaN	NaN	NaN	NaN	NaN
389.990615	0.000000	0.000000	0.000000	-466.400000	3.000000	455.100000	3.000000	-2.009000	1.000000	NaN	NaN	NaN	NaN	NaN	NaN	NaN	NaN	NaN
390.990655	0.000000	0.000000	0.000000	-466.500000	3.000000	455.100000	3.000000	-2.085000	1.000000	NaN	NaN	NaN	NaN	NaN	NaN	NaN	NaN	NaN
391.990723	0.000000	0.000000	0.000000	-466.400000	3.000000	455.100000	3.000000	-2.093000	1.000000	NaN	NaN	NaN	NaN	NaN	NaN	NaN	NaN	NaN
392.990764	0.000000	0.000000	0.000000	-466.500000	3.000000	455.100000	3.000000	-2.084000	1.000000	NaN	NaN	NaN	NaN	NaN	NaN	NaN	NaN	NaN
393.990080	0.000000	0.000000	0.000000	-466.500000	3.000000	455.100000	3.000000	-2.111000	1.000000	NaN	NaN	NaN	NaN	NaN	NaN	NaN	NaN	NaN
394.989766	0.000000	0.000000	0.000000	-466.600000	3.000000	455.100000	3.000000	-2.100000	1.000000	NaN	NaN	NaN	NaN	NaN	NaN	NaN	NaN	NaN
395.989807	0.000000	0.000000	0.000000	-466.500000	3.000000	455.100000	3.000000	-2.118000	1.000000	NaN	NaN	NaN	NaN	NaN	NaN	NaN	NaN	NaN
396.989832	0.000000	0.000000	0.000000	-466.600000	3.000000	455.200000	3.000000	-2.026000	1.000000	NaN	NaN	NaN	NaN	NaN	NaN	NaN	NaN	NaN
397.989904	0.000000	0.000000	0.000000	-466.500000	3.000000	455.100000	3.000000	-2.010000	1.000000	NaN	NaN	NaN	NaN	NaN	NaN	NaN	NaN	NaN
398.989919	0.000000	0.000000	0.000000	-466.500000	3.000000	455.100000	3.000000	-2.046000	1.000000	NaN	NaN	NaN	NaN	NaN	NaN	NaN	NaN	NaN
399.989923	0.000000	0.000000	0.000000	-466.500000	3.000000	455.200000	3.000000	-2.127000	1.000000	NaN	NaN	NaN	NaN	NaN	NaN	NaN	NaN	NaN
400.989958	0.000000	0.000000	0.000000	-466.500000	3.000000	455.200000	3.000000	-2.190000	1.000000	NaN	NaN	NaN	NaN	NaN	NaN	NaN	NaN	NaN
401.989865	0.000000	0.000000	0.000000	-466.400000	3.000000	455.100000	3.000000	-2.217000	1.000000	NaN	NaN	NaN	NaN	NaN	NaN	NaN	NaN	NaN
402.989984	0.000000	0.000000	0.000000	-466.400000	3.000000	455.100000	3.000000	-2.253000	1.000000	NaN	NaN	NaN	NaN	NaN	NaN	NaN	NaN	NaN
403.989952	0.000000	0.000000	0.000000	-466.400000	3.000000	455.100000	3.000000	-2.266000	1.000000	NaN	NaN	NaN	NaN	NaN	NaN	NaN	NaN	NaN
404.990067	0.000000	0.000000	0.000000	-466.400000	3.000000	455.100000	3.000000	-2.266000	1.000000	NaN	NaN	NaN	NaN	NaN	NaN	NaN	NaN	NaN
405.990064	0.000000	0.000000	0.000000	-466.500000	3.000000	455.100000	3.000000	-2.273000	1.000000	NaN	NaN	NaN	NaN	NaN	NaN	NaN	NaN	NaN
406.990122	0.000000	0.000000	0.000000	-466.500000	3.000000	455.200000	3.000000	-2.226000	1.000000	NaN	NaN	NaN	NaN	NaN	NaN	NaN	NaN	NaN
407.990079	0.000000	0.000000	0.000000	-466.500000	3.000000	455.100000	3.000000	-2.176000	1.000000	NaN	NaN	NaN	NaN	NaN	NaN	NaN	NaN	NaN
408.990135	0.000000	0.000000	0.000000	-466.600000	3.000000	455.100000	3.000000	-2.101000	1.000000	NaN	NaN	NaN	NaN	NaN	NaN	NaN	NaN	NaN
409.990174	0.000000	0.000000	0.000000	-466.500000	3.000000	455.200000	3.000000	-2.060000	1.000000	NaN	NaN	NaN	NaN	NaN	NaN	NaN	NaN	NaN
410.990214	0.000000	0.000000	0.000000	-466.300000	3.000000	455.100000	3.000000	-2.085000	1.000000	NaN	NaN	NaN	NaN	NaN	NaN	NaN	NaN	NaN
411.989229	0.000000	0.000000	0.000000	-466.500000	3.000000	455.100000	3.000000	-2.071000	1.000000	NaN	NaN	NaN	NaN	NaN	NaN	NaN	NaN	NaN
412.989272	0.000000	0.000000	0.000000	-466.300000	3.000000	455.200000	3.000000	-2.021000	1.000000	NaN	NaN	NaN	NaN	NaN	NaN	NaN	NaN	NaN
413.989264	0.000000	0.000000	0.000000	-466.600000	3.000000	455.200000	3.000000	-2.134000	1.000000	NaN	NaN	NaN	NaN	NaN	NaN	NaN	NaN	NaN
414.990082	0.000000	0.000000	0.000000	-466.400000	3.000000	455.100000	3.000000	-2.121000	1.000000	NaN	NaN	NaN	NaN	NaN	NaN	NaN	NaN	NaN
415.989362	0.000000	0.000000	0.000000	-466.300000	3.000000	455.100000	3.000000	-2.055000	1.000000	NaN	NaN	NaN	NaN	NaN	NaN	NaN	NaN	NaN
416.989328	0.000000	0.000000	0.000000	-466.100000	3.000000	455.100000	3.000000	-2.070000	1.000000	NaN	NaN	NaN	NaN	NaN	NaN	NaN	NaN	NaN
417.989353	0.000000	0.000000	0.000000	-466.400000	3.000000	455.200000	3.000000	-1.969000	1.000000	NaN	NaN	NaN	NaN	NaN	NaN	NaN	NaN	NaN
418.989381	0.000000	0.000000	0.000000	-466.400000	3.000000	455.100000	3.000000	-2.062000	1.000000	NaN	NaN	NaN	NaN	NaN	NaN	NaN	NaN	NaN
419.989472	0.000000	0.000000	0.000000	-466.300000	3.000000	455.100000	3.000000	-2.103000	1.000000	NaN	NaN	NaN	NaN	NaN	NaN	NaN	NaN	NaN
