# Gaussmeter 1
# VISA Name: COM3
# Probe Type: 51
# Probe Serial Number: 67249     
# Field Compensation On: TRUE
# Field Range: 3
# Field Units: 2
# Auto Range On: TRUE
# Moving: FALSE
# x: 0.000000
# y: 0.000000
# z: 0.000000
#
# Gaussmeter 2
# VISA Name: COM4
# Probe Type: 51
# Probe Serial Number: 061292   
# Field Compensation On: TRUE
# Field Range: 3
# Field Units: 2
# Auto Range On: TRUE
# Moving: FALSE
# x: 0.000000
# y: 0.000000
# z: 0.000000
#
# Gaussmeter 3
# VISA Name: COM9
# Probe Type: 51
# Probe Serial Number: 67248     
# Field Compensation On: TRUE
# Field Range: 2
# Field Units: 2
# Auto Range On: TRUE
# Moving: FALSE
# x: 0.000000
# y: 0.000000
# z: 0.000000
#
time/F:x:y:z:B1:B1range:B2:B2range:B3:B3range:multi:temp1:temp2:temp3:temp4:temp5:temp6:temp7:temp8
0.001831	0.000000	0.000000	0.000000	-589.300000	3.000000	574.500000	3.000000	-107.230000	2.000000	NaN	NaN	NaN	NaN	NaN	NaN	NaN	NaN	NaN
1.001906	0.000000	0.000000	0.000000	-589.600000	3.000000	574.500000	3.000000	-107.250000	2.000000	NaN	NaN	NaN	NaN	NaN	NaN	NaN	NaN	NaN
2.001955	0.000000	0.000000	0.000000	-589.200000	3.000000	574.500000	3.000000	-107.110000	2.000000	NaN	NaN	NaN	NaN	NaN	NaN	NaN	NaN	NaN
3.001967	0.000000	0.000000	0.000000	-589.300000	3.000000	574.500000	3.000000	-107.160000	2.000000	NaN	NaN	NaN	NaN	NaN	NaN	NaN	NaN	NaN
4.001995	0.000000	0.000000	0.000000	-588.200000	3.000000	574.500000	3.000000	-107.440000	2.000000	NaN	NaN	NaN	NaN	NaN	NaN	NaN	NaN	NaN
5.001977	0.000000	0.000000	0.000000	-589.300000	3.000000	574.500000	3.000000	-107.690000	2.000000	NaN	NaN	NaN	NaN	NaN	NaN	NaN	NaN	NaN
6.002058	0.000000	0.000000	0.000000	-589.200000	3.000000	574.500000	3.000000	-107.260000	2.000000	NaN	NaN	NaN	NaN	NaN	NaN	NaN	NaN	NaN
7.002029	0.000000	0.000000	0.000000	-589.500000	3.000000	574.500000	3.000000	-107.100000	2.000000	NaN	NaN	NaN	NaN	NaN	NaN	NaN	NaN	NaN
8.002107	0.000000	0.000000	0.000000	-589.500000	3.000000	574.500000	3.000000	-107.450000	2.000000	NaN	NaN	NaN	NaN	NaN	NaN	NaN	NaN	NaN
9.002092	0.000000	0.000000	0.000000	-589.400000	3.000000	574.500000	3.000000	-107.540000	2.000000	NaN	NaN	NaN	NaN	NaN	NaN	NaN	NaN	NaN
10.002159	0.000000	0.000000	0.000000	-589.000000	3.000000	574.500000	3.000000	-107.440000	2.000000	NaN	NaN	NaN	NaN	NaN	NaN	NaN	NaN	NaN
11.002186	0.000000	0.000000	0.000000	-589.300000	3.000000	574.500000	3.000000	-106.960000	2.000000	NaN	NaN	NaN	NaN	NaN	NaN	NaN	NaN	NaN
12.002207	0.000000	0.000000	0.000000	-589.400000	3.000000	574.500000	3.000000	-107.310000	2.000000	NaN	NaN	NaN	NaN	NaN	NaN	NaN	NaN	NaN
13.001252	0.000000	0.000000	0.000000	-589.400000	3.000000	574.600000	3.000000	-106.910000	2.000000	NaN	NaN	NaN	NaN	NaN	NaN	NaN	NaN	NaN
14.001264	0.000000	0.000000	0.000000	-588.900000	3.000000	574.500000	3.000000	-107.010000	2.000000	NaN	NaN	NaN	NaN	NaN	NaN	NaN	NaN	NaN
15.001220	0.000000	0.000000	0.000000	-589.000000	3.000000	574.500000	3.000000	-106.810000	2.000000	NaN	NaN	NaN	NaN	NaN	NaN	NaN	NaN	NaN
16.001278	0.000000	0.000000	0.000000	-589.200000	3.000000	574.500000	3.000000	-107.200000	2.000000	NaN	NaN	NaN	NaN	NaN	NaN	NaN	NaN	NaN
17.001302	0.000000	0.000000	0.000000	-589.000000	3.000000	574.500000	3.000000	-107.130000	2.000000	NaN	NaN	NaN	NaN	NaN	NaN	NaN	NaN	NaN
18.001377	0.000000	0.000000	0.000000	-589.200000	3.000000	574.500000	3.000000	-107.010000	2.000000	NaN	NaN	NaN	NaN	NaN	NaN	NaN	NaN	NaN
19.001414	0.000000	0.000000	0.000000	-589.500000	3.000000	574.500000	3.000000	-107.250000	2.000000	NaN	NaN	NaN	NaN	NaN	NaN	NaN	NaN	NaN
20.001453	0.000000	0.000000	0.000000	-588.700000	3.000000	574.500000	3.000000	-107.170000	2.000000	NaN	NaN	NaN	NaN	NaN	NaN	NaN	NaN	NaN
21.001487	0.000000	0.000000	0.000000	-589.200000	3.000000	574.500000	3.000000	-106.640000	2.000000	NaN	NaN	NaN	NaN	NaN	NaN	NaN	NaN	NaN
22.001514	0.000000	0.000000	0.000000	-589.500000	3.000000	574.500000	3.000000	-107.090000	2.000000	NaN	NaN	NaN	NaN	NaN	NaN	NaN	NaN	NaN
23.001478	0.000000	0.000000	0.000000	-588.800000	3.000000	574.500000	3.000000	-107.030000	2.000000	NaN	NaN	NaN	NaN	NaN	NaN	NaN	NaN	NaN
24.001545	0.000000	0.000000	0.000000	-589.000000	3.000000	574.500000	3.000000	-106.380000	2.000000	NaN	NaN	NaN	NaN	NaN	NaN	NaN	NaN	NaN
25.001509	0.000000	0.000000	0.000000	-588.900000	3.000000	574.500000	3.000000	-106.560000	2.000000	NaN	NaN	NaN	NaN	NaN	NaN	NaN	NaN	NaN
26.001519	0.000000	0.000000	0.000000	-589.000000	3.000000	574.500000	3.000000	-107.440000	2.000000	NaN	NaN	NaN	NaN	NaN	NaN	NaN	NaN	NaN
27.001587	0.000000	0.000000	0.000000	-589.100000	3.000000	574.500000	3.000000	-106.950000	2.000000	NaN	NaN	NaN	NaN	NaN	NaN	NaN	NaN	NaN
28.001627	0.000000	0.000000	0.000000	-589.100000	3.000000	574.500000	3.000000	-106.590000	2.000000	NaN	NaN	NaN	NaN	NaN	NaN	NaN	NaN	NaN
29.001655	0.000000	0.000000	0.000000	-588.900000	3.000000	574.500000	3.000000	-106.820000	2.000000	NaN	NaN	NaN	NaN	NaN	NaN	NaN	NaN	NaN
30.001705	0.000000	0.000000	0.000000	-589.100000	3.000000	574.500000	3.000000	-106.940000	2.000000	NaN	NaN	NaN	NaN	NaN	NaN	NaN	NaN	NaN
31.000723	0.000000	0.000000	0.000000	-588.900000	3.000000	574.500000	3.000000	-107.360000	2.000000	NaN	NaN	NaN	NaN	NaN	NaN	NaN	NaN	NaN
32.000794	0.000000	0.000000	0.000000	-589.000000	3.000000	574.500000	3.000000	-107.310000	2.000000	NaN	NaN	NaN	NaN	NaN	NaN	NaN	NaN	NaN
33.000827	0.000000	0.000000	0.000000	-588.900000	3.000000	574.500000	3.000000	-107.320000	2.000000	NaN	NaN	NaN	NaN	NaN	NaN	NaN	NaN	NaN
34.000812	0.000000	0.000000	0.000000	-589.000000	3.000000	574.500000	3.000000	-107.080000	2.000000	NaN	NaN	NaN	NaN	NaN	NaN	NaN	NaN	NaN
35.000866	0.000000	0.000000	0.000000	-589.100000	3.000000	574.500000	3.000000	-107.080000	2.000000	NaN	NaN	NaN	NaN	NaN	NaN	NaN	NaN	NaN
36.000818	0.000000	0.000000	0.000000	-589.300000	3.000000	574.500000	3.000000	-107.040000	2.000000	NaN	NaN	NaN	NaN	NaN	NaN	NaN	NaN	NaN
37.000854	0.000000	0.000000	0.000000	-589.100000	3.000000	574.500000	3.000000	-107.220000	2.000000	NaN	NaN	NaN	NaN	NaN	NaN	NaN	NaN	NaN
38.000963	0.000000	0.000000	0.000000	-589.300000	3.000000	574.500000	3.000000	-107.590000	2.000000	NaN	NaN	NaN	NaN	NaN	NaN	NaN	NaN	NaN
39.000928	0.000000	0.000000	0.000000	-589.400000	3.000000	574.500000	3.000000	-107.500000	2.000000	NaN	NaN	NaN	NaN	NaN	NaN	NaN	NaN	NaN
40.000981	0.000000	0.000000	0.000000	-589.300000	3.000000	574.500000	3.000000	-107.380000	2.000000	NaN	NaN	NaN	NaN	NaN	NaN	NaN	NaN	NaN
41.001003	0.000000	0.000000	0.000000	-588.900000	3.000000	574.500000	3.000000	-107.330000	2.000000	NaN	NaN	NaN	NaN	NaN	NaN	NaN	NaN	NaN
42.001062	0.000000	0.000000	0.000000	-589.100000	3.000000	574.500000	3.000000	-106.770000	2.000000	NaN	NaN	NaN	NaN	NaN	NaN	NaN	NaN	NaN
43.001055	0.000000	0.000000	0.000000	-589.000000	3.000000	574.500000	3.000000	-107.160000	2.000000	NaN	NaN	NaN	NaN	NaN	NaN	NaN	NaN	NaN
44.001087	0.000000	0.000000	0.000000	-589.200000	3.000000	574.500000	3.000000	-107.240000	2.000000	NaN	NaN	NaN	NaN	NaN	NaN	NaN	NaN	NaN
45.001114	0.000000	0.000000	0.000000	-589.200000	3.000000	574.500000	3.000000	-107.510000	2.000000	NaN	NaN	NaN	NaN	NaN	NaN	NaN	NaN	NaN
46.001094	0.000000	0.000000	0.000000	-589.400000	3.000000	574.500000	3.000000	-107.340000	2.000000	NaN	NaN	NaN	NaN	NaN	NaN	NaN	NaN	NaN
47.001127	0.000000	0.000000	0.000000	-589.100000	3.000000	574.500000	3.000000	-107.610000	2.000000	NaN	NaN	NaN	NaN	NaN	NaN	NaN	NaN	NaN
48.000172	0.000000	0.000000	0.000000	-589.200000	3.000000	574.500000	3.000000	-106.660000	2.000000	NaN	NaN	NaN	NaN	NaN	NaN	NaN	NaN	NaN
49.000297	0.000000	0.000000	0.000000	-589.200000	3.000000	574.500000	3.000000	-106.620000	2.000000	NaN	NaN	NaN	NaN	NaN	NaN	NaN	NaN	NaN
50.000245	0.000000	0.000000	0.000000	-589.000000	3.000000	574.500000	3.000000	-106.480000	2.000000	NaN	NaN	NaN	NaN	NaN	NaN	NaN	NaN	NaN
51.000326	0.000000	0.000000	0.000000	-589.000000	3.000000	574.500000	3.000000	-106.120000	2.000000	NaN	NaN	NaN	NaN	NaN	NaN	NaN	NaN	NaN
52.000324	0.000000	0.000000	0.000000	-588.800000	3.000000	574.500000	3.000000	-106.460000	2.000000	NaN	NaN	NaN	NaN	NaN	NaN	NaN	NaN	NaN
53.000330	0.000000	0.000000	0.000000	-589.200000	3.000000	574.500000	3.000000	-105.520000	2.000000	NaN	NaN	NaN	NaN	NaN	NaN	NaN	NaN	NaN
54.000400	0.000000	0.000000	0.000000	-588.700000	3.000000	574.500000	3.000000	-105.540000	2.000000	NaN	NaN	NaN	NaN	NaN	NaN	NaN	NaN	NaN
55.000354	0.000000	0.000000	0.000000	-588.700000	3.000000	574.500000	3.000000	-105.750000	2.000000	NaN	NaN	NaN	NaN	NaN	NaN	NaN	NaN	NaN
56.000417	0.000000	0.000000	0.000000	-589.000000	3.000000	574.500000	3.000000	-106.450000	2.000000	NaN	NaN	NaN	NaN	NaN	NaN	NaN	NaN	NaN
57.000438	0.000000	0.000000	0.000000	-589.500000	3.000000	574.500000	3.000000	-106.320000	2.000000	NaN	NaN	NaN	NaN	NaN	NaN	NaN	NaN	NaN
58.000442	0.000000	0.000000	0.000000	-589.500000	3.000000	574.500000	3.000000	-105.610000	2.000000	NaN	NaN	NaN	NaN	NaN	NaN	NaN	NaN	NaN
59.000430	0.000000	0.000000	0.000000	-589.000000	3.000000	574.500000	3.000000	-105.860000	2.000000	NaN	NaN	NaN	NaN	NaN	NaN	NaN	NaN	NaN
60.000440	0.000000	0.000000	0.000000	-589.200000	3.000000	574.500000	3.000000	-105.830000	2.000000	NaN	NaN	NaN	NaN	NaN	NaN	NaN	NaN	NaN
61.000515	0.000000	0.000000	0.000000	-589.300000	3.000000	574.500000	3.000000	-105.960000	2.000000	NaN	NaN	NaN	NaN	NaN	NaN	NaN	NaN	NaN
62.000547	0.000000	0.000000	0.000000	-589.100000	3.000000	574.500000	3.000000	-105.740000	2.000000	NaN	NaN	NaN	NaN	NaN	NaN	NaN	NaN	NaN
63.000572	0.000000	0.000000	0.000000	-589.100000	3.000000	574.500000	3.000000	-105.770000	2.000000	NaN	NaN	NaN	NaN	NaN	NaN	NaN	NaN	NaN
64.000735	0.000000	0.000000	0.000000	-589.300000	3.000000	574.500000	3.000000	-106.450000	2.000000	NaN	NaN	NaN	NaN	NaN	NaN	NaN	NaN	NaN
65.000706	0.000000	0.000000	0.000000	-589.000000	3.000000	574.500000	3.000000	-106.880000	2.000000	NaN	NaN	NaN	NaN	NaN	NaN	NaN	NaN	NaN
65.999736	0.000000	0.000000	0.000000	-589.100000	3.000000	574.500000	3.000000	-106.330000	2.000000	NaN	NaN	NaN	NaN	NaN	NaN	NaN	NaN	NaN
66.999747	0.000000	0.000000	0.000000	-589.300000	3.000000	574.500000	3.000000	-105.450000	2.000000	NaN	NaN	NaN	NaN	NaN	NaN	NaN	NaN	NaN
67.999704	0.000000	0.000000	0.000000	-589.300000	3.000000	574.500000	3.000000	-105.140000	2.000000	NaN	NaN	NaN	NaN	NaN	NaN	NaN	NaN	NaN
68.999718	0.000000	0.000000	0.000000	-589.100000	3.000000	574.500000	3.000000	-105.830000	2.000000	NaN	NaN	NaN	NaN	NaN	NaN	NaN	NaN	NaN
69.999782	0.000000	0.000000	0.000000	-588.800000	3.000000	574.500000	3.000000	-105.450000	2.000000	NaN	NaN	NaN	NaN	NaN	NaN	NaN	NaN	NaN
70.999870	0.000000	0.000000	0.000000	-589.300000	3.000000	574.500000	3.000000	-105.150000	2.000000	NaN	NaN	NaN	NaN	NaN	NaN	NaN	NaN	NaN
71.999875	0.000000	0.000000	0.000000	-589.000000	3.000000	574.500000	3.000000	-105.050000	2.000000	NaN	NaN	NaN	NaN	NaN	NaN	NaN	NaN	NaN
72.999968	0.000000	0.000000	0.000000	-588.900000	3.000000	574.500000	3.000000	-105.390000	2.000000	NaN	NaN	NaN	NaN	NaN	NaN	NaN	NaN	NaN
73.999874	0.000000	0.000000	0.000000	-588.800000	3.000000	574.500000	3.000000	-105.440000	2.000000	NaN	NaN	NaN	NaN	NaN	NaN	NaN	NaN	NaN
74.999904	0.000000	0.000000	0.000000	-589.000000	3.000000	574.500000	3.000000	-105.880000	2.000000	NaN	NaN	NaN	NaN	NaN	NaN	NaN	NaN	NaN
75.999982	0.000000	0.000000	0.000000	-589.100000	3.000000	574.500000	3.000000	-105.830000	2.000000	NaN	NaN	NaN	NaN	NaN	NaN	NaN	NaN	NaN
76.999993	0.000000	0.000000	0.000000	-589.100000	3.000000	574.500000	3.000000	-105.390000	2.000000	NaN	NaN	NaN	NaN	NaN	NaN	NaN	NaN	NaN
77.999984	0.000000	0.000000	0.000000	-589.300000	3.000000	574.500000	3.000000	-105.310000	2.000000	NaN	NaN	NaN	NaN	NaN	NaN	NaN	NaN	NaN
79.000022	0.000000	0.000000	0.000000	-589.100000	3.000000	574.500000	3.000000	-105.180000	2.000000	NaN	NaN	NaN	NaN	NaN	NaN	NaN	NaN	NaN
80.000052	0.000000	0.000000	0.000000	-588.800000	3.000000	574.500000	3.000000	-106.330000	2.000000	NaN	NaN	NaN	NaN	NaN	NaN	NaN	NaN	NaN
81.000111	0.000000	0.000000	0.000000	-589.200000	3.000000	574.500000	3.000000	-106.010000	2.000000	NaN	NaN	NaN	NaN	NaN	NaN	NaN	NaN	NaN
82.000119	0.000000	0.000000	0.000000	-589.000000	3.000000	574.500000	3.000000	-105.050000	2.000000	NaN	NaN	NaN	NaN	NaN	NaN	NaN	NaN	NaN
82.999189	0.000000	0.000000	0.000000	-588.600000	3.000000	574.500000	3.000000	-105.090000	2.000000	NaN	NaN	NaN	NaN	NaN	NaN	NaN	NaN	NaN
83.999201	0.000000	0.000000	0.000000	-589.100000	3.000000	574.500000	3.000000	-105.780000	2.000000	NaN	NaN	NaN	NaN	NaN	NaN	NaN	NaN	NaN
84.999257	0.000000	0.000000	0.000000	-589.200000	3.000000	574.500000	3.000000	-107.160000	2.000000	NaN	NaN	NaN	NaN	NaN	NaN	NaN	NaN	NaN
85.999242	0.000000	0.000000	0.000000	-589.000000	3.000000	574.500000	3.000000	-107.300000	2.000000	NaN	NaN	NaN	NaN	NaN	NaN	NaN	NaN	NaN
86.999309	0.000000	0.000000	0.000000	-588.700000	3.000000	574.500000	3.000000	-107.370000	2.000000	NaN	NaN	NaN	NaN	NaN	NaN	NaN	NaN	NaN
87.999311	0.000000	0.000000	0.000000	-589.400000	3.000000	574.500000	3.000000	-106.300000	2.000000	NaN	NaN	NaN	NaN	NaN	NaN	NaN	NaN	NaN
88.999293	0.000000	0.000000	0.000000	-589.100000	3.000000	574.500000	3.000000	-105.900000	2.000000	NaN	NaN	NaN	NaN	NaN	NaN	NaN	NaN	NaN
89.999309	0.000000	0.000000	0.000000	-589.200000	3.000000	574.500000	3.000000	-106.510000	2.000000	NaN	NaN	NaN	NaN	NaN	NaN	NaN	NaN	NaN
90.999334	0.000000	0.000000	0.000000	-589.200000	3.000000	574.500000	3.000000	-106.520000	2.000000	NaN	NaN	NaN	NaN	NaN	NaN	NaN	NaN	NaN
91.999408	0.000000	0.000000	0.000000	-589.000000	3.000000	574.500000	3.000000	-106.230000	2.000000	NaN	NaN	NaN	NaN	NaN	NaN	NaN	NaN	NaN
92.999453	0.000000	0.000000	0.000000	-589.200000	3.000000	574.500000	3.000000	-106.310000	2.000000	NaN	NaN	NaN	NaN	NaN	NaN	NaN	NaN	NaN
93.999453	0.000000	0.000000	0.000000	-588.900000	3.000000	574.500000	3.000000	-105.550000	2.000000	NaN	NaN	NaN	NaN	NaN	NaN	NaN	NaN	NaN
94.999559	0.000000	0.000000	0.000000	-588.800000	3.000000	574.500000	3.000000	-105.630000	2.000000	NaN	NaN	NaN	NaN	NaN	NaN	NaN	NaN	NaN
95.999481	0.000000	0.000000	0.000000	-588.800000	3.000000	574.500000	3.000000	-106.970000	2.000000	NaN	NaN	NaN	NaN	NaN	NaN	NaN	NaN	NaN
96.999577	0.000000	0.000000	0.000000	-588.200000	3.000000	574.500000	3.000000	-107.110000	2.000000	NaN	NaN	NaN	NaN	NaN	NaN	NaN	NaN	NaN
97.999553	0.000000	0.000000	0.000000	-588.300000	3.000000	574.500000	3.000000	-106.490000	2.000000	NaN	NaN	NaN	NaN	NaN	NaN	NaN	NaN	NaN
98.999575	0.000000	0.000000	0.000000	-588.700000	3.000000	574.500000	3.000000	-106.080000	2.000000	NaN	NaN	NaN	NaN	NaN	NaN	NaN	NaN	NaN
99.999578	0.000000	0.000000	0.000000	-588.700000	3.000000	574.500000	3.000000	-105.770000	2.000000	NaN	NaN	NaN	NaN	NaN	NaN	NaN	NaN	NaN
100.998623	0.000000	0.000000	0.000000	-588.800000	3.000000	574.500000	3.000000	-105.790000	2.000000	NaN	NaN	NaN	NaN	NaN	NaN	NaN	NaN	NaN
101.998730	0.000000	0.000000	0.000000	-588.900000	3.000000	574.500000	3.000000	-105.710000	2.000000	NaN	NaN	NaN	NaN	NaN	NaN	NaN	NaN	NaN
102.998664	0.000000	0.000000	0.000000	-588.900000	3.000000	574.500000	3.000000	-107.390000	2.000000	NaN	NaN	NaN	NaN	NaN	NaN	NaN	NaN	NaN
103.998699	0.000000	0.000000	0.000000	-588.700000	3.000000	574.500000	3.000000	-106.440000	2.000000	NaN	NaN	NaN	NaN	NaN	NaN	NaN	NaN	NaN
104.998799	0.000000	0.000000	0.000000	-588.800000	3.000000	574.500000	3.000000	-106.690000	2.000000	NaN	NaN	NaN	NaN	NaN	NaN	NaN	NaN	NaN
105.998753	0.000000	0.000000	0.000000	-589.000000	3.000000	574.500000	3.000000	-105.730000	2.000000	NaN	NaN	NaN	NaN	NaN	NaN	NaN	NaN	NaN
106.998815	0.000000	0.000000	0.000000	-588.800000	3.000000	574.400000	3.000000	-105.810000	2.000000	NaN	NaN	NaN	NaN	NaN	NaN	NaN	NaN	NaN
107.998839	0.000000	0.000000	0.000000	-588.700000	3.000000	574.400000	3.000000	-105.680000	2.000000	NaN	NaN	NaN	NaN	NaN	NaN	NaN	NaN	NaN
108.999719	0.000000	0.000000	0.000000	-588.700000	3.000000	574.400000	3.000000	-105.880000	2.000000	NaN	NaN	NaN	NaN	NaN	NaN	NaN	NaN	NaN
109.998867	0.000000	0.000000	0.000000	-588.700000	3.000000	574.400000	3.000000	-106.100000	2.000000	NaN	NaN	NaN	NaN	NaN	NaN	NaN	NaN	NaN
110.998884	0.000000	0.000000	0.000000	-588.800000	3.000000	574.400000	3.000000	-106.870000	2.000000	NaN	NaN	NaN	NaN	NaN	NaN	NaN	NaN	NaN
111.998938	0.000000	0.000000	0.000000	-589.000000	3.000000	574.400000	3.000000	-107.230000	2.000000	NaN	NaN	NaN	NaN	NaN	NaN	NaN	NaN	NaN
112.998977	0.000000	0.000000	0.000000	-589.100000	3.000000	574.400000	3.000000	-105.890000	2.000000	NaN	NaN	NaN	NaN	NaN	NaN	NaN	NaN	NaN
113.999033	0.000000	0.000000	0.000000	-588.800000	3.000000	574.300000	3.000000	-105.880000	2.000000	NaN	NaN	NaN	NaN	NaN	NaN	NaN	NaN	NaN
114.999008	0.000000	0.000000	0.000000	-588.800000	3.000000	574.300000	3.000000	-105.680000	2.000000	NaN	NaN	NaN	NaN	NaN	NaN	NaN	NaN	NaN
115.999051	0.000000	0.000000	0.000000	-588.800000	3.000000	574.300000	3.000000	-105.980000	2.000000	NaN	NaN	NaN	NaN	NaN	NaN	NaN	NaN	NaN
116.999141	0.000000	0.000000	0.000000	-588.700000	3.000000	574.300000	3.000000	-105.620000	2.000000	NaN	NaN	NaN	NaN	NaN	NaN	NaN	NaN	NaN
117.998113	0.000000	0.000000	0.000000	-588.700000	3.000000	574.300000	3.000000	-105.650000	2.000000	NaN	NaN	NaN	NaN	NaN	NaN	NaN	NaN	NaN
118.998151	0.000000	0.000000	0.000000	-588.700000	3.000000	574.300000	3.000000	-106.300000	2.000000	NaN	NaN	NaN	NaN	NaN	NaN	NaN	NaN	NaN
119.998127	0.000000	0.000000	0.000000	-588.600000	3.000000	574.300000	3.000000	-106.250000	2.000000	NaN	NaN	NaN	NaN	NaN	NaN	NaN	NaN	NaN
120.998138	0.000000	0.000000	0.000000	-588.600000	3.000000	574.200000	3.000000	-105.350000	2.000000	NaN	NaN	NaN	NaN	NaN	NaN	NaN	NaN	NaN
121.998230	0.000000	0.000000	0.000000	-588.600000	3.000000	574.200000	3.000000	-107.140000	2.000000	NaN	NaN	NaN	NaN	NaN	NaN	NaN	NaN	NaN
122.998234	0.000000	0.000000	0.000000	-588.500000	3.000000	574.200000	3.000000	-107.740000	2.000000	NaN	NaN	NaN	NaN	NaN	NaN	NaN	NaN	NaN
123.998279	0.000000	0.000000	0.000000	-588.500000	3.000000	574.200000	3.000000	-107.250000	2.000000	NaN	NaN	NaN	NaN	NaN	NaN	NaN	NaN	NaN
124.998343	0.000000	0.000000	0.000000	-588.600000	3.000000	574.200000	3.000000	-106.040000	2.000000	NaN	NaN	NaN	NaN	NaN	NaN	NaN	NaN	NaN
125.998359	0.000000	0.000000	0.000000	-588.200000	3.000000	574.200000	3.000000	-105.830000	2.000000	NaN	NaN	NaN	NaN	NaN	NaN	NaN	NaN	NaN
126.998357	0.000000	0.000000	0.000000	-588.600000	3.000000	574.200000	3.000000	-106.040000	2.000000	NaN	NaN	NaN	NaN	NaN	NaN	NaN	NaN	NaN
127.998386	0.000000	0.000000	0.000000	-588.700000	3.000000	574.200000	3.000000	-105.840000	2.000000	NaN	NaN	NaN	NaN	NaN	NaN	NaN	NaN	NaN
128.998511	0.000000	0.000000	0.000000	-588.600000	3.000000	574.100000	3.000000	-107.220000	2.000000	NaN	NaN	NaN	NaN	NaN	NaN	NaN	NaN	NaN
129.999074	0.000000	0.000000	0.000000	-588.300000	3.000000	574.100000	3.000000	-107.410000	2.000000	NaN	NaN	NaN	NaN	NaN	NaN	NaN	NaN	NaN
130.998433	0.000000	0.000000	0.000000	-588.700000	3.000000	574.100000	3.000000	-107.410000	2.000000	NaN	NaN	NaN	NaN	NaN	NaN	NaN	NaN	NaN
131.998455	0.000000	0.000000	0.000000	-588.600000	3.000000	574.100000	3.000000	-107.240000	2.000000	NaN	NaN	NaN	NaN	NaN	NaN	NaN	NaN	NaN
132.998518	0.000000	0.000000	0.000000	-588.500000	3.000000	574.100000	3.000000	-107.570000	2.000000	NaN	NaN	NaN	NaN	NaN	NaN	NaN	NaN	NaN
133.998561	0.000000	0.000000	0.000000	-588.600000	3.000000	574.100000	3.000000	-107.320000	2.000000	NaN	NaN	NaN	NaN	NaN	NaN	NaN	NaN	NaN
134.998615	0.000000	0.000000	0.000000	-588.600000	3.000000	574.100000	3.000000	-107.410000	2.000000	NaN	NaN	NaN	NaN	NaN	NaN	NaN	NaN	NaN
135.997616	0.000000	0.000000	0.000000	-588.700000	3.000000	574.400000	3.000000	-107.930000	2.000000	NaN	NaN	NaN	NaN	NaN	NaN	NaN	NaN	NaN
136.997619	0.000000	0.000000	0.000000	-589.100000	3.000000	574.600000	3.000000	-108.130000	2.000000	NaN	NaN	NaN	NaN	NaN	NaN	NaN	NaN	NaN
137.997716	0.000000	0.000000	0.000000	-589.200000	3.000000	575.000000	3.000000	-107.730000	2.000000	NaN	NaN	NaN	NaN	NaN	NaN	NaN	NaN	NaN
138.997723	0.000000	0.000000	0.000000	-589.600000	3.000000	575.300000	3.000000	-107.780000	2.000000	NaN	NaN	NaN	NaN	NaN	NaN	NaN	NaN	NaN
139.997724	0.000000	0.000000	0.000000	-589.800000	3.000000	575.700000	3.000000	-108.150000	2.000000	NaN	NaN	NaN	NaN	NaN	NaN	NaN	NaN	NaN
140.998145	0.000000	0.000000	0.000000	-590.100000	3.000000	576.000000	3.000000	-108.140000	2.000000	NaN	NaN	NaN	NaN	NaN	NaN	NaN	NaN	NaN
141.997716	0.000000	0.000000	0.000000	-590.500000	3.000000	576.300000	3.000000	-107.300000	2.000000	NaN	NaN	NaN	NaN	NaN	NaN	NaN	NaN	NaN
142.997797	0.000000	0.000000	0.000000	-591.100000	3.000000	576.700000	3.000000	-106.290000	2.000000	NaN	NaN	NaN	NaN	NaN	NaN	NaN	NaN	NaN
143.997869	0.000000	0.000000	0.000000	-591.400000	3.000000	577.000000	3.000000	-107.290000	2.000000	NaN	NaN	NaN	NaN	NaN	NaN	NaN	NaN	NaN
144.997886	0.000000	0.000000	0.000000	-591.700000	3.000000	577.300000	3.000000	-107.530000	2.000000	NaN	NaN	NaN	NaN	NaN	NaN	NaN	NaN	NaN
145.997848	0.000000	0.000000	0.000000	-592.400000	3.000000	577.700000	3.000000	-107.350000	2.000000	NaN	NaN	NaN	NaN	NaN	NaN	NaN	NaN	NaN
146.997848	0.000000	0.000000	0.000000	-592.300000	3.000000	578.000000	3.000000	-106.070000	2.000000	NaN	NaN	NaN	NaN	NaN	NaN	NaN	NaN	NaN
147.997938	0.000000	0.000000	0.000000	-592.700000	3.000000	578.400000	3.000000	-105.910000	2.000000	NaN	NaN	NaN	NaN	NaN	NaN	NaN	NaN	NaN
148.997969	0.000000	0.000000	0.000000	-593.200000	3.000000	578.700000	3.000000	-105.760000	2.000000	NaN	NaN	NaN	NaN	NaN	NaN	NaN	NaN	NaN
149.997995	0.000000	0.000000	0.000000	-593.600000	3.000000	579.000000	3.000000	-107.730000	2.000000	NaN	NaN	NaN	NaN	NaN	NaN	NaN	NaN	NaN
150.997979	0.000000	0.000000	0.000000	-593.900000	3.000000	579.400000	3.000000	-107.340000	2.000000	NaN	NaN	NaN	NaN	NaN	NaN	NaN	NaN	NaN
151.998020	0.000000	0.000000	0.000000	-594.100000	3.000000	579.700000	3.000000	-107.200000	2.000000	NaN	NaN	NaN	NaN	NaN	NaN	NaN	NaN	NaN
152.997034	0.000000	0.000000	0.000000	-594.400000	3.000000	580.000000	3.000000	-107.430000	2.000000	NaN	NaN	NaN	NaN	NaN	NaN	NaN	NaN	NaN
153.997112	0.000000	0.000000	0.000000	-594.900000	3.000000	580.400000	3.000000	-107.600000	2.000000	NaN	NaN	NaN	NaN	NaN	NaN	NaN	NaN	NaN
154.997095	0.000000	0.000000	0.000000	-594.900000	3.000000	580.700000	3.000000	-107.670000	2.000000	NaN	NaN	NaN	NaN	NaN	NaN	NaN	NaN	NaN
155.997157	0.000000	0.000000	0.000000	-595.300000	3.000000	581.000000	3.000000	-107.340000	2.000000	NaN	NaN	NaN	NaN	NaN	NaN	NaN	NaN	NaN
156.997222	0.000000	0.000000	0.000000	-595.700000	3.000000	581.400000	3.000000	-107.210000	2.000000	NaN	NaN	NaN	NaN	NaN	NaN	NaN	NaN	NaN
157.997216	0.000000	0.000000	0.000000	-596.200000	3.000000	581.700000	3.000000	-105.330000	2.000000	NaN	NaN	NaN	NaN	NaN	NaN	NaN	NaN	NaN
158.997250	0.000000	0.000000	0.000000	-596.400000	3.000000	582.000000	3.000000	-105.770000	2.000000	NaN	NaN	NaN	NaN	NaN	NaN	NaN	NaN	NaN
159.997315	0.000000	0.000000	0.000000	-596.700000	3.000000	582.300000	3.000000	-105.840000	2.000000	NaN	NaN	NaN	NaN	NaN	NaN	NaN	NaN	NaN
160.997338	0.000000	0.000000	0.000000	-597.200000	3.000000	582.700000	3.000000	-105.730000	2.000000	NaN	NaN	NaN	NaN	NaN	NaN	NaN	NaN	NaN
161.997519	0.000000	0.000000	0.000000	-597.600000	3.000000	583.000000	3.000000	-105.800000	2.000000	NaN	NaN	NaN	NaN	NaN	NaN	NaN	NaN	NaN
162.997316	0.000000	0.000000	0.000000	-597.700000	3.000000	583.300000	3.000000	-105.660000	2.000000	NaN	NaN	NaN	NaN	NaN	NaN	NaN	NaN	NaN
163.997466	0.000000	0.000000	0.000000	-598.200000	3.000000	583.700000	3.000000	-105.630000	2.000000	NaN	NaN	NaN	NaN	NaN	NaN	NaN	NaN	NaN
164.997406	0.000000	0.000000	0.000000	-598.700000	3.000000	584.000000	3.000000	-105.330000	2.000000	NaN	NaN	NaN	NaN	NaN	NaN	NaN	NaN	NaN
165.997415	0.000000	0.000000	0.000000	-599.200000	3.000000	584.300000	3.000000	-105.620000	2.000000	NaN	NaN	NaN	NaN	NaN	NaN	NaN	NaN	NaN
166.997504	0.000000	0.000000	0.000000	-599.400000	3.000000	584.700000	3.000000	-105.640000	2.000000	NaN	NaN	NaN	NaN	NaN	NaN	NaN	NaN	NaN
167.997480	0.000000	0.000000	0.000000	-599.800000	3.000000	585.000000	3.000000	-105.670000	2.000000	NaN	NaN	NaN	NaN	NaN	NaN	NaN	NaN	NaN
168.997544	0.000000	0.000000	0.000000	-599.800000	3.000000	585.300000	3.000000	-105.600000	2.000000	NaN	NaN	NaN	NaN	NaN	NaN	NaN	NaN	NaN
169.997571	0.000000	0.000000	0.000000	-600.000000	3.000000	585.700000	3.000000	-106.130000	2.000000	NaN	NaN	NaN	NaN	NaN	NaN	NaN	NaN	NaN
170.996568	0.000000	0.000000	0.000000	-600.400000	3.000000	586.000000	3.000000	-106.110000	2.000000	NaN	NaN	NaN	NaN	NaN	NaN	NaN	NaN	NaN
171.996658	0.000000	0.000000	0.000000	-600.300000	3.000000	586.300000	3.000000	-105.380000	2.000000	NaN	NaN	NaN	NaN	NaN	NaN	NaN	NaN	NaN
172.996618	0.000000	0.000000	0.000000	-601.200000	3.000000	586.700000	3.000000	-105.410000	2.000000	NaN	NaN	NaN	NaN	NaN	NaN	NaN	NaN	NaN
173.996621	0.000000	0.000000	0.000000	-602.000000	3.000000	587.000000	3.000000	-105.900000	2.000000	NaN	NaN	NaN	NaN	NaN	NaN	NaN	NaN	NaN
174.996631	0.000000	0.000000	0.000000	-601.500000	3.000000	587.300000	3.000000	-105.410000	2.000000	NaN	NaN	NaN	NaN	NaN	NaN	NaN	NaN	NaN
175.996671	0.000000	0.000000	0.000000	-602.200000	3.000000	587.700000	3.000000	-105.690000	2.000000	NaN	NaN	NaN	NaN	NaN	NaN	NaN	NaN	NaN
176.996728	0.000000	0.000000	0.000000	-602.100000	3.000000	588.000000	3.000000	-105.750000	2.000000	NaN	NaN	NaN	NaN	NaN	NaN	NaN	NaN	NaN
177.996728	0.000000	0.000000	0.000000	-602.200000	3.000000	588.300000	3.000000	-105.690000	2.000000	NaN	NaN	NaN	NaN	NaN	NaN	NaN	NaN	NaN
178.996785	0.000000	0.000000	0.000000	-602.600000	3.000000	588.700000	3.000000	-106.000000	2.000000	NaN	NaN	NaN	NaN	NaN	NaN	NaN	NaN	NaN
179.996815	0.000000	0.000000	0.000000	-602.500000	3.000000	589.000000	3.000000	-106.000000	2.000000	NaN	NaN	NaN	NaN	NaN	NaN	NaN	NaN	NaN
180.996880	0.000000	0.000000	0.000000	-602.800000	3.000000	589.200000	3.000000	-104.890000	2.000000	NaN	NaN	NaN	NaN	NaN	NaN	NaN	NaN	NaN
181.996887	0.000000	0.000000	0.000000	-602.600000	3.000000	589.400000	3.000000	-106.740000	2.000000	NaN	NaN	NaN	NaN	NaN	NaN	NaN	NaN	NaN
182.996854	0.000000	0.000000	0.000000	-602.700000	3.000000	589.600000	3.000000	-107.270000	2.000000	NaN	NaN	NaN	NaN	NaN	NaN	NaN	NaN	NaN
183.996844	0.000000	0.000000	0.000000	-603.200000	3.000000	589.800000	3.000000	-107.170000	2.000000	NaN	NaN	NaN	NaN	NaN	NaN	NaN	NaN	NaN
184.997131	0.000000	0.000000	0.000000	-603.100000	3.000000	589.900000	3.000000	-107.480000	2.000000	NaN	NaN	NaN	NaN	NaN	NaN	NaN	NaN	NaN
185.996963	0.000000	0.000000	0.000000	-604.300000	3.000000	590.100000	3.000000	-107.600000	2.000000	NaN	NaN	NaN	NaN	NaN	NaN	NaN	NaN	NaN
186.996978	0.000000	0.000000	0.000000	-605.300000	3.000000	590.300000	3.000000	-107.420000	2.000000	NaN	NaN	NaN	NaN	NaN	NaN	NaN	NaN	NaN
187.996063	0.000000	0.000000	0.000000	-605.500000	3.000000	590.400000	3.000000	-107.590000	2.000000	NaN	NaN	NaN	NaN	NaN	NaN	NaN	NaN	NaN
188.996064	0.000000	0.000000	0.000000	-605.400000	3.000000	590.600000	3.000000	-107.550000	2.000000	NaN	NaN	NaN	NaN	NaN	NaN	NaN	NaN	NaN
189.996139	0.000000	0.000000	0.000000	-604.700000	3.000000	590.700000	3.000000	-107.200000	2.000000	NaN	NaN	NaN	NaN	NaN	NaN	NaN	NaN	NaN
190.996088	0.000000	0.000000	0.000000	-605.600000	3.000000	590.900000	3.000000	-107.650000	2.000000	NaN	NaN	NaN	NaN	NaN	NaN	NaN	NaN	NaN
191.996171	0.000000	0.000000	0.000000	-605.500000	3.000000	591.000000	3.000000	-107.530000	2.000000	NaN	NaN	NaN	NaN	NaN	NaN	NaN	NaN	NaN
192.996180	0.000000	0.000000	0.000000	-605.100000	3.000000	591.200000	3.000000	-107.650000	2.000000	NaN	NaN	NaN	NaN	NaN	NaN	NaN	NaN	NaN
193.996165	0.000000	0.000000	0.000000	-606.200000	3.000000	591.300000	3.000000	-107.430000	2.000000	NaN	NaN	NaN	NaN	NaN	NaN	NaN	NaN	NaN
194.996166	0.000000	0.000000	0.000000	-606.800000	3.000000	591.500000	3.000000	-107.440000	2.000000	NaN	NaN	NaN	NaN	NaN	NaN	NaN	NaN	NaN
195.996286	0.000000	0.000000	0.000000	-607.100000	3.000000	591.600000	3.000000	-107.190000	2.000000	NaN	NaN	NaN	NaN	NaN	NaN	NaN	NaN	NaN
196.996300	0.000000	0.000000	0.000000	-607.500000	3.000000	591.700000	3.000000	-106.760000	2.000000	NaN	NaN	NaN	NaN	NaN	NaN	NaN	NaN	NaN
197.996334	0.000000	0.000000	0.000000	-607.500000	3.000000	591.900000	3.000000	-106.340000	2.000000	NaN	NaN	NaN	NaN	NaN	NaN	NaN	NaN	NaN
198.996367	0.000000	0.000000	0.000000	-607.800000	3.000000	592.000000	3.000000	-106.850000	2.000000	NaN	NaN	NaN	NaN	NaN	NaN	NaN	NaN	NaN
199.996369	0.000000	0.000000	0.000000	-608.200000	3.000000	592.100000	3.000000	-106.870000	2.000000	NaN	NaN	NaN	NaN	NaN	NaN	NaN	NaN	NaN
200.996360	0.000000	0.000000	0.000000	-608.100000	3.000000	592.200000	3.000000	-106.810000	2.000000	NaN	NaN	NaN	NaN	NaN	NaN	NaN	NaN	NaN
201.996385	0.000000	0.000000	0.000000	-608.500000	3.000000	592.300000	3.000000	-107.390000	2.000000	NaN	NaN	NaN	NaN	NaN	NaN	NaN	NaN	NaN
202.996456	0.000000	0.000000	0.000000	-608.800000	3.000000	592.400000	3.000000	-107.720000	2.000000	NaN	NaN	NaN	NaN	NaN	NaN	NaN	NaN	NaN
203.996548	0.000000	0.000000	0.000000	-609.100000	3.000000	592.500000	3.000000	-107.280000	2.000000	NaN	NaN	NaN	NaN	NaN	NaN	NaN	NaN	NaN
204.996419	0.000000	0.000000	0.000000	-609.400000	3.000000	592.700000	3.000000	-107.190000	2.000000	NaN	NaN	NaN	NaN	NaN	NaN	NaN	NaN	NaN
205.995593	0.000000	0.000000	0.000000	-609.400000	3.000000	592.800000	3.000000	-107.370000	2.000000	NaN	NaN	NaN	NaN	NaN	NaN	NaN	NaN	NaN
206.995504	0.000000	0.000000	0.000000	-609.600000	3.000000	592.900000	3.000000	-106.690000	2.000000	NaN	NaN	NaN	NaN	NaN	NaN	NaN	NaN	NaN
207.995614	0.000000	0.000000	0.000000	-609.800000	3.000000	593.100000	3.000000	-106.960000	2.000000	NaN	NaN	NaN	NaN	NaN	NaN	NaN	NaN	NaN
208.995551	0.000000	0.000000	0.000000	-609.800000	3.000000	593.200000	3.000000	-106.720000	2.000000	NaN	NaN	NaN	NaN	NaN	NaN	NaN	NaN	NaN
209.995659	0.000000	0.000000	0.000000	-609.900000	3.000000	593.200000	3.000000	-106.420000	2.000000	NaN	NaN	NaN	NaN	NaN	NaN	NaN	NaN	NaN
210.995682	0.000000	0.000000	0.000000	-610.200000	3.000000	593.300000	3.000000	-106.260000	2.000000	NaN	NaN	NaN	NaN	NaN	NaN	NaN	NaN	NaN
211.995745	0.000000	0.000000	0.000000	-610.600000	3.000000	593.400000	3.000000	-106.210000	2.000000	NaN	NaN	NaN	NaN	NaN	NaN	NaN	NaN	NaN
212.995763	0.000000	0.000000	0.000000	-610.600000	3.000000	593.600000	3.000000	-106.440000	2.000000	NaN	NaN	NaN	NaN	NaN	NaN	NaN	NaN	NaN
213.995784	0.000000	0.000000	0.000000	-610.900000	3.000000	593.600000	3.000000	-106.850000	2.000000	NaN	NaN	NaN	NaN	NaN	NaN	NaN	NaN	NaN
214.995826	0.000000	0.000000	0.000000	-611.200000	3.000000	593.700000	3.000000	-106.750000	2.000000	NaN	NaN	NaN	NaN	NaN	NaN	NaN	NaN	NaN
215.995762	0.000000	0.000000	0.000000	-609.900000	3.000000	593.800000	3.000000	-106.500000	2.000000	NaN	NaN	NaN	NaN	NaN	NaN	NaN	NaN	NaN
216.995872	0.000000	0.000000	0.000000	-609.700000	3.000000	593.900000	3.000000	-106.810000	2.000000	NaN	NaN	NaN	NaN	NaN	NaN	NaN	NaN	NaN
217.995920	0.000000	0.000000	0.000000	-609.600000	3.000000	594.000000	3.000000	-106.060000	2.000000	NaN	NaN	NaN	NaN	NaN	NaN	NaN	NaN	NaN
218.995930	0.000000	0.000000	0.000000	-609.600000	3.000000	594.100000	3.000000	-105.600000	2.000000	NaN	NaN	NaN	NaN	NaN	NaN	NaN	NaN	NaN
219.995952	0.000000	0.000000	0.000000	-610.500000	3.000000	594.200000	3.000000	-105.570000	2.000000	NaN	NaN	NaN	NaN	NaN	NaN	NaN	NaN	NaN
220.996008	0.000000	0.000000	0.000000	-610.400000	3.000000	594.300000	3.000000	-106.150000	2.000000	NaN	NaN	NaN	NaN	NaN	NaN	NaN	NaN	NaN
221.995972	0.000000	0.000000	0.000000	-610.100000	3.000000	594.300000	3.000000	-105.760000	2.000000	NaN	NaN	NaN	NaN	NaN	NaN	NaN	NaN	NaN
222.995008	0.000000	0.000000	0.000000	-610.300000	3.000000	594.300000	3.000000	-105.720000	2.000000	NaN	NaN	NaN	NaN	NaN	NaN	NaN	NaN	NaN
223.994967	0.000000	0.000000	0.000000	-610.500000	3.000000	594.400000	3.000000	-106.640000	2.000000	NaN	NaN	NaN	NaN	NaN	NaN	NaN	NaN	NaN
224.995023	0.000000	0.000000	0.000000	-610.200000	3.000000	594.400000	3.000000	-107.580000	2.000000	NaN	NaN	NaN	NaN	NaN	NaN	NaN	NaN	NaN
225.995050	0.000000	0.000000	0.000000	-610.300000	3.000000	594.500000	3.000000	-107.380000	2.000000	NaN	NaN	NaN	NaN	NaN	NaN	NaN	NaN	NaN
226.995105	0.000000	0.000000	0.000000	-610.400000	3.000000	594.600000	3.000000	-107.630000	2.000000	NaN	NaN	NaN	NaN	NaN	NaN	NaN	NaN	NaN
227.995096	0.000000	0.000000	0.000000	-610.500000	3.000000	594.600000	3.000000	-107.310000	2.000000	NaN	NaN	NaN	NaN	NaN	NaN	NaN	NaN	NaN
228.995133	0.000000	0.000000	0.000000	-610.900000	3.000000	594.600000	3.000000	-106.140000	2.000000	NaN	NaN	NaN	NaN	NaN	NaN	NaN	NaN	NaN
229.995265	0.000000	0.000000	0.000000	-611.100000	3.000000	594.700000	3.000000	-106.840000	2.000000	NaN	NaN	NaN	NaN	NaN	NaN	NaN	NaN	NaN
230.995218	0.000000	0.000000	0.000000	-610.000000	3.000000	594.600000	3.000000	-110.190000	2.000000	NaN	NaN	NaN	NaN	NaN	NaN	NaN	NaN	NaN
231.995247	0.000000	0.000000	0.000000	-610.300000	3.000000	594.600000	3.000000	-110.410000	2.000000	NaN	NaN	NaN	NaN	NaN	NaN	NaN	NaN	NaN
232.995281	0.000000	0.000000	0.000000	-610.000000	3.000000	594.600000	3.000000	-111.870000	2.000000	NaN	NaN	NaN	NaN	NaN	NaN	NaN	NaN	NaN
233.995308	0.000000	0.000000	0.000000	-609.900000	3.000000	594.700000	3.000000	-109.870000	2.000000	NaN	NaN	NaN	NaN	NaN	NaN	NaN	NaN	NaN
234.995292	0.000000	0.000000	0.000000	-610.200000	3.000000	594.600000	3.000000	-107.390000	2.000000	NaN	NaN	NaN	NaN	NaN	NaN	NaN	NaN	NaN
235.995343	0.000000	0.000000	0.000000	-609.900000	3.000000	594.600000	3.000000	-107.320000	2.000000	NaN	NaN	NaN	NaN	NaN	NaN	NaN	NaN	NaN
236.995364	0.000000	0.000000	0.000000	-609.600000	3.000000	594.700000	3.000000	-106.670000	2.000000	NaN	NaN	NaN	NaN	NaN	NaN	NaN	NaN	NaN
237.995379	0.000000	0.000000	0.000000	-609.900000	3.000000	594.700000	3.000000	-106.530000	2.000000	NaN	NaN	NaN	NaN	NaN	NaN	NaN	NaN	NaN
238.995424	0.000000	0.000000	0.000000	-610.000000	3.000000	594.700000	3.000000	-106.680000	2.000000	NaN	NaN	NaN	NaN	NaN	NaN	NaN	NaN	NaN
239.995425	0.000000	0.000000	0.000000	-610.500000	3.000000	594.700000	3.000000	-106.100000	2.000000	NaN	NaN	NaN	NaN	NaN	NaN	NaN	NaN	NaN
240.994530	0.000000	0.000000	0.000000	-610.600000	3.000000	594.700000	3.000000	-106.440000	2.000000	NaN	NaN	NaN	NaN	NaN	NaN	NaN	NaN	NaN
241.994472	0.000000	0.000000	0.000000	-610.200000	3.000000	594.700000	3.000000	-107.010000	2.000000	NaN	NaN	NaN	NaN	NaN	NaN	NaN	NaN	NaN
242.994508	0.000000	0.000000	0.000000	-610.600000	3.000000	594.600000	3.000000	-106.550000	2.000000	NaN	NaN	NaN	NaN	NaN	NaN	NaN	NaN	NaN
243.994528	0.000000	0.000000	0.000000	-610.400000	3.000000	594.700000	3.000000	-106.320000	2.000000	NaN	NaN	NaN	NaN	NaN	NaN	NaN	NaN	NaN
244.994608	0.000000	0.000000	0.000000	-610.300000	3.000000	594.700000	3.000000	-106.530000	2.000000	NaN	NaN	NaN	NaN	NaN	NaN	NaN	NaN	NaN
245.994687	0.000000	0.000000	0.000000	-610.000000	3.000000	594.600000	3.000000	-106.380000	2.000000	NaN	NaN	NaN	NaN	NaN	NaN	NaN	NaN	NaN
246.994659	0.000000	0.000000	0.000000	-610.500000	3.000000	594.700000	3.000000	-107.000000	2.000000	NaN	NaN	NaN	NaN	NaN	NaN	NaN	NaN	NaN
247.994719	0.000000	0.000000	0.000000	-611.000000	3.000000	594.600000	3.000000	-106.300000	2.000000	NaN	NaN	NaN	NaN	NaN	NaN	NaN	NaN	NaN
248.994701	0.000000	0.000000	0.000000	-610.500000	3.000000	594.600000	3.000000	-106.840000	2.000000	NaN	NaN	NaN	NaN	NaN	NaN	NaN	NaN	NaN
249.994772	0.000000	0.000000	0.000000	-610.300000	3.000000	594.600000	3.000000	-107.250000	2.000000	NaN	NaN	NaN	NaN	NaN	NaN	NaN	NaN	NaN
250.994821	0.000000	0.000000	0.000000	-610.200000	3.000000	594.700000	3.000000	-107.000000	2.000000	NaN	NaN	NaN	NaN	NaN	NaN	NaN	NaN	NaN
251.994785	0.000000	0.000000	0.000000	-610.100000	3.000000	594.600000	3.000000	-107.610000	2.000000	NaN	NaN	NaN	NaN	NaN	NaN	NaN	NaN	NaN
252.994797	0.000000	0.000000	0.000000	-610.200000	3.000000	594.600000	3.000000	-107.800000	2.000000	NaN	NaN	NaN	NaN	NaN	NaN	NaN	NaN	NaN
253.994824	0.000000	0.000000	0.000000	-611.100000	3.000000	594.600000	3.000000	-108.040000	2.000000	NaN	NaN	NaN	NaN	NaN	NaN	NaN	NaN	NaN
254.994883	0.000000	0.000000	0.000000	-611.100000	3.000000	594.500000	3.000000	-108.490000	2.000000	NaN	NaN	NaN	NaN	NaN	NaN	NaN	NaN	NaN
255.994908	0.000000	0.000000	0.000000	-611.200000	3.000000	594.600000	3.000000	-108.480000	2.000000	NaN	NaN	NaN	NaN	NaN	NaN	NaN	NaN	NaN
256.994930	0.000000	0.000000	0.000000	-611.600000	3.000000	594.700000	3.000000	-109.140000	2.000000	NaN	NaN	NaN	NaN	NaN	NaN	NaN	NaN	NaN
257.993920	0.000000	0.000000	0.000000	-611.100000	3.000000	594.600000	3.000000	-109.350000	2.000000	NaN	NaN	NaN	NaN	NaN	NaN	NaN	NaN	NaN
258.993989	0.000000	0.000000	0.000000	-612.000000	3.000000	594.600000	3.000000	-109.750000	2.000000	NaN	NaN	NaN	NaN	NaN	NaN	NaN	NaN	NaN
259.994046	0.000000	0.000000	0.000000	-612.500000	3.000000	594.700000	3.000000	-109.260000	2.000000	NaN	NaN	NaN	NaN	NaN	NaN	NaN	NaN	NaN
260.994043	0.000000	0.000000	0.000000	-611.000000	3.000000	594.700000	3.000000	-109.180000	2.000000	NaN	NaN	NaN	NaN	NaN	NaN	NaN	NaN	NaN
261.994065	0.000000	0.000000	0.000000	-611.000000	3.000000	594.700000	3.000000	-109.800000	2.000000	NaN	NaN	NaN	NaN	NaN	NaN	NaN	NaN	NaN
262.994101	0.000000	0.000000	0.000000	-610.400000	3.000000	594.700000	3.000000	-109.850000	2.000000	NaN	NaN	NaN	NaN	NaN	NaN	NaN	NaN	NaN
263.994155	0.000000	0.000000	0.000000	-610.300000	3.000000	594.700000	3.000000	-107.540000	2.000000	NaN	NaN	NaN	NaN	NaN	NaN	NaN	NaN	NaN
264.994116	0.000000	0.000000	0.000000	-609.700000	3.000000	594.700000	3.000000	-108.730000	2.000000	NaN	NaN	NaN	NaN	NaN	NaN	NaN	NaN	NaN
265.994143	0.000000	0.000000	0.000000	-609.400000	3.000000	594.700000	3.000000	-109.640000	2.000000	NaN	NaN	NaN	NaN	NaN	NaN	NaN	NaN	NaN
266.994213	0.000000	0.000000	0.000000	-608.800000	3.000000	594.700000	3.000000	-110.660000	2.000000	NaN	NaN	NaN	NaN	NaN	NaN	NaN	NaN	NaN
267.994286	0.000000	0.000000	0.000000	-608.900000	3.000000	594.600000	3.000000	-109.850000	2.000000	NaN	NaN	NaN	NaN	NaN	NaN	NaN	NaN	NaN
268.994235	0.000000	0.000000	0.000000	-608.800000	3.000000	594.700000	3.000000	-108.050000	2.000000	NaN	NaN	NaN	NaN	NaN	NaN	NaN	NaN	NaN
269.994312	0.000000	0.000000	0.000000	-609.600000	3.000000	594.700000	3.000000	-108.640000	2.000000	NaN	NaN	NaN	NaN	NaN	NaN	NaN	NaN	NaN
270.994348	0.000000	0.000000	0.000000	-609.500000	3.000000	594.700000	3.000000	-108.450000	2.000000	NaN	NaN	NaN	NaN	NaN	NaN	NaN	NaN	NaN
271.994343	0.000000	0.000000	0.000000	-609.400000	3.000000	594.600000	3.000000	-108.890000	2.000000	NaN	NaN	NaN	NaN	NaN	NaN	NaN	NaN	NaN
272.994335	0.000000	0.000000	0.000000	-609.300000	3.000000	594.600000	3.000000	-110.050000	2.000000	NaN	NaN	NaN	NaN	NaN	NaN	NaN	NaN	NaN
273.994410	0.000000	0.000000	0.000000	-609.100000	3.000000	594.700000	3.000000	-110.730000	2.000000	NaN	NaN	NaN	NaN	NaN	NaN	NaN	NaN	NaN
274.994458	0.000000	0.000000	0.000000	-608.900000	3.000000	594.700000	3.000000	-110.120000	2.000000	NaN	NaN	NaN	NaN	NaN	NaN	NaN	NaN	NaN
275.993447	0.000000	0.000000	0.000000	-608.800000	3.000000	594.600000	3.000000	-109.930000	2.000000	NaN	NaN	NaN	NaN	NaN	NaN	NaN	NaN	NaN
276.993439	0.000000	0.000000	0.000000	-608.500000	3.000000	594.700000	3.000000	-110.700000	2.000000	NaN	NaN	NaN	NaN	NaN	NaN	NaN	NaN	NaN
277.993546	0.000000	0.000000	0.000000	-608.700000	3.000000	594.600000	3.000000	-109.010000	2.000000	NaN	NaN	NaN	NaN	NaN	NaN	NaN	NaN	NaN
278.993585	0.000000	0.000000	0.000000	-608.700000	3.000000	594.600000	3.000000	-108.670000	2.000000	NaN	NaN	NaN	NaN	NaN	NaN	NaN	NaN	NaN
279.993565	0.000000	0.000000	0.000000	-608.700000	3.000000	594.600000	3.000000	-108.640000	2.000000	NaN	NaN	NaN	NaN	NaN	NaN	NaN	NaN	NaN
280.993553	0.000000	0.000000	0.000000	-608.800000	3.000000	594.500000	3.000000	-108.490000	2.000000	NaN	NaN	NaN	NaN	NaN	NaN	NaN	NaN	NaN
281.993617	0.000000	0.000000	0.000000	-608.800000	3.000000	594.600000	3.000000	-108.610000	2.000000	NaN	NaN	NaN	NaN	NaN	NaN	NaN	NaN	NaN
282.993647	0.000000	0.000000	0.000000	-608.500000	3.000000	594.600000	3.000000	-108.650000	2.000000	NaN	NaN	NaN	NaN	NaN	NaN	NaN	NaN	NaN
283.993673	0.000000	0.000000	0.000000	-608.400000	3.000000	594.600000	3.000000	-108.290000	2.000000	NaN	NaN	NaN	NaN	NaN	NaN	NaN	NaN	NaN
284.993654	0.000000	0.000000	0.000000	-608.400000	3.000000	594.600000	3.000000	-108.020000	2.000000	NaN	NaN	NaN	NaN	NaN	NaN	NaN	NaN	NaN
285.993726	0.000000	0.000000	0.000000	-608.400000	3.000000	594.600000	3.000000	-107.870000	2.000000	NaN	NaN	NaN	NaN	NaN	NaN	NaN	NaN	NaN
286.993740	0.000000	0.000000	0.000000	-608.400000	3.000000	594.600000	3.000000	-108.170000	2.000000	NaN	NaN	NaN	NaN	NaN	NaN	NaN	NaN	NaN
287.993787	0.000000	0.000000	0.000000	-608.400000	3.000000	594.600000	3.000000	-108.230000	2.000000	NaN	NaN	NaN	NaN	NaN	NaN	NaN	NaN	NaN
288.993807	0.000000	0.000000	0.000000	-608.400000	3.000000	594.600000	3.000000	-108.280000	2.000000	NaN	NaN	NaN	NaN	NaN	NaN	NaN	NaN	NaN
289.993803	0.000000	0.000000	0.000000	-608.300000	3.000000	594.600000	3.000000	-108.420000	2.000000	NaN	NaN	NaN	NaN	NaN	NaN	NaN	NaN	NaN
290.993816	0.000000	0.000000	0.000000	-608.300000	3.000000	594.600000	3.000000	-108.790000	2.000000	NaN	NaN	NaN	NaN	NaN	NaN	NaN	NaN	NaN
291.993811	0.000000	0.000000	0.000000	-608.300000	3.000000	594.600000	3.000000	-109.080000	2.000000	NaN	NaN	NaN	NaN	NaN	NaN	NaN	NaN	NaN
292.992887	0.000000	0.000000	0.000000	-608.200000	3.000000	594.600000	3.000000	-109.230000	2.000000	NaN	NaN	NaN	NaN	NaN	NaN	NaN	NaN	NaN
293.992908	0.000000	0.000000	0.000000	-608.200000	3.000000	594.600000	3.000000	-109.790000	2.000000	NaN	NaN	NaN	NaN	NaN	NaN	NaN	NaN	NaN
294.992937	0.000000	0.000000	0.000000	-608.200000	3.000000	594.600000	3.000000	-109.750000	2.000000	NaN	NaN	NaN	NaN	NaN	NaN	NaN	NaN	NaN
295.993003	0.000000	0.000000	0.000000	-608.200000	3.000000	594.600000	3.000000	-110.040000	2.000000	NaN	NaN	NaN	NaN	NaN	NaN	NaN	NaN	NaN
296.992995	0.000000	0.000000	0.000000	-608.100000	3.000000	594.600000	3.000000	-110.230000	2.000000	NaN	NaN	NaN	NaN	NaN	NaN	NaN	NaN	NaN
297.993110	0.000000	0.000000	0.000000	-608.200000	3.000000	594.600000	3.000000	-110.750000	2.000000	NaN	NaN	NaN	NaN	NaN	NaN	NaN	NaN	NaN
298.993066	0.000000	0.000000	0.000000	-608.100000	3.000000	594.700000	3.000000	-110.200000	2.000000	NaN	NaN	NaN	NaN	NaN	NaN	NaN	NaN	NaN
299.993049	0.000000	0.000000	0.000000	-608.200000	3.000000	594.600000	3.000000	-110.230000	2.000000	NaN	NaN	NaN	NaN	NaN	NaN	NaN	NaN	NaN
300.993087	0.000000	0.000000	0.000000	-608.200000	3.000000	594.600000	3.000000	-110.250000	2.000000	NaN	NaN	NaN	NaN	NaN	NaN	NaN	NaN	NaN
301.993143	0.000000	0.000000	0.000000	-608.100000	3.000000	594.600000	3.000000	-110.320000	2.000000	NaN	NaN	NaN	NaN	NaN	NaN	NaN	NaN	NaN
302.993159	0.000000	0.000000	0.000000	-608.200000	3.000000	594.600000	3.000000	-110.370000	2.000000	NaN	NaN	NaN	NaN	NaN	NaN	NaN	NaN	NaN
303.993212	0.000000	0.000000	0.000000	-608.200000	3.000000	594.600000	3.000000	-110.430000	2.000000	NaN	NaN	NaN	NaN	NaN	NaN	NaN	NaN	NaN
304.993253	0.000000	0.000000	0.000000	-608.200000	3.000000	594.600000	3.000000	-110.600000	2.000000	NaN	NaN	NaN	NaN	NaN	NaN	NaN	NaN	NaN
305.993279	0.000000	0.000000	0.000000	-608.100000	3.000000	594.600000	3.000000	-110.650000	2.000000	NaN	NaN	NaN	NaN	NaN	NaN	NaN	NaN	NaN
306.993348	0.000000	0.000000	0.000000	-608.200000	3.000000	594.600000	3.000000	-110.640000	2.000000	NaN	NaN	NaN	NaN	NaN	NaN	NaN	NaN	NaN
307.993319	0.000000	0.000000	0.000000	-608.100000	3.000000	594.700000	3.000000	-110.780000	2.000000	NaN	NaN	NaN	NaN	NaN	NaN	NaN	NaN	NaN
308.993322	0.000000	0.000000	0.000000	-608.100000	3.000000	594.600000	3.000000	-110.970000	2.000000	NaN	NaN	NaN	NaN	NaN	NaN	NaN	NaN	NaN
309.993372	0.000000	0.000000	0.000000	-608.100000	3.000000	594.700000	3.000000	-111.010000	2.000000	NaN	NaN	NaN	NaN	NaN	NaN	NaN	NaN	NaN
310.992402	0.000000	0.000000	0.000000	-608.200000	3.000000	594.700000	3.000000	-111.060000	2.000000	NaN	NaN	NaN	NaN	NaN	NaN	NaN	NaN	NaN
311.992411	0.000000	0.000000	0.000000	-608.100000	3.000000	594.700000	3.000000	-111.100000	2.000000	NaN	NaN	NaN	NaN	NaN	NaN	NaN	NaN	NaN
312.992467	0.000000	0.000000	0.000000	-608.100000	3.000000	594.700000	3.000000	-111.250000	2.000000	NaN	NaN	NaN	NaN	NaN	NaN	NaN	NaN	NaN
313.992540	0.000000	0.000000	0.000000	-608.100000	3.000000	594.700000	3.000000	-111.020000	2.000000	NaN	NaN	NaN	NaN	NaN	NaN	NaN	NaN	NaN
314.992523	0.000000	0.000000	0.000000	-608.100000	3.000000	594.700000	3.000000	-111.250000	2.000000	NaN	NaN	NaN	NaN	NaN	NaN	NaN	NaN	NaN
315.992536	0.000000	0.000000	0.000000	-608.100000	3.000000	594.700000	3.000000	-111.340000	2.000000	NaN	NaN	NaN	NaN	NaN	NaN	NaN	NaN	NaN
316.992595	0.000000	0.000000	0.000000	-608.200000	3.000000	594.700000	3.000000	-111.570000	2.000000	NaN	NaN	NaN	NaN	NaN	NaN	NaN	NaN	NaN
317.992626	0.000000	0.000000	0.000000	-608.100000	3.000000	594.700000	3.000000	-111.540000	2.000000	NaN	NaN	NaN	NaN	NaN	NaN	NaN	NaN	NaN
318.992632	0.000000	0.000000	0.000000	-608.200000	3.000000	594.800000	3.000000	-111.420000	2.000000	NaN	NaN	NaN	NaN	NaN	NaN	NaN	NaN	NaN
319.992641	0.000000	0.000000	0.000000	-608.100000	3.000000	594.800000	3.000000	-111.360000	2.000000	NaN	NaN	NaN	NaN	NaN	NaN	NaN	NaN	NaN
320.992647	0.000000	0.000000	0.000000	-608.100000	3.000000	594.800000	3.000000	-111.220000	2.000000	NaN	NaN	NaN	NaN	NaN	NaN	NaN	NaN	NaN
321.992685	0.000000	0.000000	0.000000	-608.100000	3.000000	594.800000	3.000000	-111.480000	2.000000	NaN	NaN	NaN	NaN	NaN	NaN	NaN	NaN	NaN
322.992740	0.000000	0.000000	0.000000	-608.200000	3.000000	594.800000	3.000000	-111.600000	2.000000	NaN	NaN	NaN	NaN	NaN	NaN	NaN	NaN	NaN
323.992769	0.000000	0.000000	0.000000	-608.100000	3.000000	594.800000	3.000000	-111.480000	2.000000	NaN	NaN	NaN	NaN	NaN	NaN	NaN	NaN	NaN
324.992766	0.000000	0.000000	0.000000	-608.200000	3.000000	594.800000	3.000000	-111.620000	2.000000	NaN	NaN	NaN	NaN	NaN	NaN	NaN	NaN	NaN
325.992789	0.000000	0.000000	0.000000	-608.200000	3.000000	594.800000	3.000000	-111.640000	2.000000	NaN	NaN	NaN	NaN	NaN	NaN	NaN	NaN	NaN
326.992864	0.000000	0.000000	0.000000	-608.200000	3.000000	594.800000	3.000000	-111.790000	2.000000	NaN	NaN	NaN	NaN	NaN	NaN	NaN	NaN	NaN
327.991881	0.000000	0.000000	0.000000	-608.200000	3.000000	594.800000	3.000000	-111.880000	2.000000	NaN	NaN	NaN	NaN	NaN	NaN	NaN	NaN	NaN
328.991906	0.000000	0.000000	0.000000	-608.200000	3.000000	594.800000	3.000000	-111.920000	2.000000	NaN	NaN	NaN	NaN	NaN	NaN	NaN	NaN	NaN
329.991904	0.000000	0.000000	0.000000	-608.100000	3.000000	594.800000	3.000000	-111.990000	2.000000	NaN	NaN	NaN	NaN	NaN	NaN	NaN	NaN	NaN
330.992067	0.000000	0.000000	0.000000	-608.300000	3.000000	594.800000	3.000000	-111.810000	2.000000	NaN	NaN	NaN	NaN	NaN	NaN	NaN	NaN	NaN
331.991944	0.000000	0.000000	0.000000	-608.200000	3.000000	594.800000	3.000000	-111.870000	2.000000	NaN	NaN	NaN	NaN	NaN	NaN	NaN	NaN	NaN
332.992056	0.000000	0.000000	0.000000	-608.100000	3.000000	594.800000	3.000000	-111.880000	2.000000	NaN	NaN	NaN	NaN	NaN	NaN	NaN	NaN	NaN
333.992025	0.000000	0.000000	0.000000	-608.100000	3.000000	594.800000	3.000000	-111.890000	2.000000	NaN	NaN	NaN	NaN	NaN	NaN	NaN	NaN	NaN
334.992102	0.000000	0.000000	0.000000	-608.200000	3.000000	594.800000	3.000000	-112.100000	2.000000	NaN	NaN	NaN	NaN	NaN	NaN	NaN	NaN	NaN
335.992094	0.000000	0.000000	0.000000	-608.100000	3.000000	594.800000	3.000000	-112.050000	2.000000	NaN	NaN	NaN	NaN	NaN	NaN	NaN	NaN	NaN
336.992162	0.000000	0.000000	0.000000	-608.100000	3.000000	594.800000	3.000000	-112.070000	2.000000	NaN	NaN	NaN	NaN	NaN	NaN	NaN	NaN	NaN
337.992166	0.000000	0.000000	0.000000	-608.300000	3.000000	594.800000	3.000000	-112.360000	2.000000	NaN	NaN	NaN	NaN	NaN	NaN	NaN	NaN	NaN
338.992187	0.000000	0.000000	0.000000	-608.200000	3.000000	594.900000	3.000000	-112.240000	2.000000	NaN	NaN	NaN	NaN	NaN	NaN	NaN	NaN	NaN
339.992220	0.000000	0.000000	0.000000	-608.100000	3.000000	594.800000	3.000000	-112.170000	2.000000	NaN	NaN	NaN	NaN	NaN	NaN	NaN	NaN	NaN
340.992197	0.000000	0.000000	0.000000	-608.100000	3.000000	594.900000	3.000000	-112.320000	2.000000	NaN	NaN	NaN	NaN	NaN	NaN	NaN	NaN	NaN
341.992225	0.000000	0.000000	0.000000	-608.200000	3.000000	594.900000	3.000000	-112.270000	2.000000	NaN	NaN	NaN	NaN	NaN	NaN	NaN	NaN	NaN
342.992244	0.000000	0.000000	0.000000	-608.100000	3.000000	594.800000	3.000000	-111.250000	2.000000	NaN	NaN	NaN	NaN	NaN	NaN	NaN	NaN	NaN
343.992360	0.000000	0.000000	0.000000	-608.100000	3.000000	594.900000	3.000000	-111.050000	2.000000	NaN	NaN	NaN	NaN	NaN	NaN	NaN	NaN	NaN
344.992384	0.000000	0.000000	0.000000	-608.200000	3.000000	594.900000	3.000000	-112.230000	2.000000	NaN	NaN	NaN	NaN	NaN	NaN	NaN	NaN	NaN
345.991387	0.000000	0.000000	0.000000	-608.100000	3.000000	594.900000	3.000000	-112.510000	2.000000	NaN	NaN	NaN	NaN	NaN	NaN	NaN	NaN	NaN
346.991378	0.000000	0.000000	0.000000	-608.200000	3.000000	594.800000	3.000000	-113.580000	2.000000	NaN	NaN	NaN	NaN	NaN	NaN	NaN	NaN	NaN
347.991390	0.000000	0.000000	0.000000	-608.100000	3.000000	594.800000	3.000000	-113.260000	2.000000	NaN	NaN	NaN	NaN	NaN	NaN	NaN	NaN	NaN
348.991499	0.000000	0.000000	0.000000	-608.200000	3.000000	594.800000	3.000000	-113.040000	2.000000	NaN	NaN	NaN	NaN	NaN	NaN	NaN	NaN	NaN
349.991486	0.000000	0.000000	0.000000	-608.300000	3.000000	594.800000	3.000000	-113.130000	2.000000	NaN	NaN	NaN	NaN	NaN	NaN	NaN	NaN	NaN
350.991566	0.000000	0.000000	0.000000	-608.200000	3.000000	594.800000	3.000000	-113.240000	2.000000	NaN	NaN	NaN	NaN	NaN	NaN	NaN	NaN	NaN
351.991472	0.000000	0.000000	0.000000	-608.200000	3.000000	594.800000	3.000000	-113.260000	2.000000	NaN	NaN	NaN	NaN	NaN	NaN	NaN	NaN	NaN
352.991524	0.000000	0.000000	0.000000	-608.400000	3.000000	594.800000	3.000000	-113.570000	2.000000	NaN	NaN	NaN	NaN	NaN	NaN	NaN	NaN	NaN
353.991617	0.000000	0.000000	0.000000	-608.300000	3.000000	594.800000	3.000000	-113.700000	2.000000	NaN	NaN	NaN	NaN	NaN	NaN	NaN	NaN	NaN
354.991616	0.000000	0.000000	0.000000	-608.200000	3.000000	594.700000	3.000000	-113.750000	2.000000	NaN	NaN	NaN	NaN	NaN	NaN	NaN	NaN	NaN
355.991614	0.000000	0.000000	0.000000	-608.200000	3.000000	594.700000	3.000000	-113.470000	2.000000	NaN	NaN	NaN	NaN	NaN	NaN	NaN	NaN	NaN
356.991685	0.000000	0.000000	0.000000	-608.300000	3.000000	594.700000	3.000000	-113.660000	2.000000	NaN	NaN	NaN	NaN	NaN	NaN	NaN	NaN	NaN
357.991693	0.000000	0.000000	0.000000	-608.300000	3.000000	594.700000	3.000000	-113.690000	2.000000	NaN	NaN	NaN	NaN	NaN	NaN	NaN	NaN	NaN
358.991736	0.000000	0.000000	0.000000	-608.300000	3.000000	594.700000	3.000000	-113.650000	2.000000	NaN	NaN	NaN	NaN	NaN	NaN	NaN	NaN	NaN
359.991770	0.000000	0.000000	0.000000	-608.300000	3.000000	594.700000	3.000000	-113.420000	2.000000	NaN	NaN	NaN	NaN	NaN	NaN	NaN	NaN	NaN
360.991788	0.000000	0.000000	0.000000	-608.300000	3.000000	594.700000	3.000000	-113.460000	2.000000	NaN	NaN	NaN	NaN	NaN	NaN	NaN	NaN	NaN
361.991747	0.000000	0.000000	0.000000	-608.300000	3.000000	594.700000	3.000000	-113.380000	2.000000	NaN	NaN	NaN	NaN	NaN	NaN	NaN	NaN	NaN
362.990809	0.000000	0.000000	0.000000	-608.200000	3.000000	594.700000	3.000000	-113.770000	2.000000	NaN	NaN	NaN	NaN	NaN	NaN	NaN	NaN	NaN
363.990838	0.000000	0.000000	0.000000	-608.200000	3.000000	594.700000	3.000000	-113.650000	2.000000	NaN	NaN	NaN	NaN	NaN	NaN	NaN	NaN	NaN
364.990934	0.000000	0.000000	0.000000	-608.300000	3.000000	594.700000	3.000000	-113.570000	2.000000	NaN	NaN	NaN	NaN	NaN	NaN	NaN	NaN	NaN
365.990886	0.000000	0.000000	0.000000	-608.300000	3.000000	594.700000	3.000000	-113.650000	2.000000	NaN	NaN	NaN	NaN	NaN	NaN	NaN	NaN	NaN
366.990988	0.000000	0.000000	0.000000	-608.200000	3.000000	594.700000	3.000000	-113.570000	2.000000	NaN	NaN	NaN	NaN	NaN	NaN	NaN	NaN	NaN
367.990982	0.000000	0.000000	0.000000	-608.300000	3.000000	594.700000	3.000000	-113.920000	2.000000	NaN	NaN	NaN	NaN	NaN	NaN	NaN	NaN	NaN
368.991007	0.000000	0.000000	0.000000	-608.200000	3.000000	594.700000	3.000000	-114.490000	2.000000	NaN	NaN	NaN	NaN	NaN	NaN	NaN	NaN	NaN
369.991030	0.000000	0.000000	0.000000	-608.200000	3.000000	594.700000	3.000000	-114.540000	2.000000	NaN	NaN	NaN	NaN	NaN	NaN	NaN	NaN	NaN
370.991053	0.000000	0.000000	0.000000	-608.200000	3.000000	594.700000	3.000000	-114.480000	2.000000	NaN	NaN	NaN	NaN	NaN	NaN	NaN	NaN	NaN
371.991113	0.000000	0.000000	0.000000	-608.300000	3.000000	594.700000	3.000000	-114.830000	2.000000	NaN	NaN	NaN	NaN	NaN	NaN	NaN	NaN	NaN
372.991077	0.000000	0.000000	0.000000	-608.200000	3.000000	594.700000	3.000000	-114.560000	2.000000	NaN	NaN	NaN	NaN	NaN	NaN	NaN	NaN	NaN
373.991106	0.000000	0.000000	0.000000	-608.200000	3.000000	594.700000	3.000000	-114.410000	2.000000	NaN	NaN	NaN	NaN	NaN	NaN	NaN	NaN	NaN
374.991186	0.000000	0.000000	0.000000	-608.100000	3.000000	594.700000	3.000000	-114.110000	2.000000	NaN	NaN	NaN	NaN	NaN	NaN	NaN	NaN	NaN
375.991186	0.000000	0.000000	0.000000	-608.300000	3.000000	594.700000	3.000000	-114.030000	2.000000	NaN	NaN	NaN	NaN	NaN	NaN	NaN	NaN	NaN
376.991192	0.000000	0.000000	0.000000	-608.300000	3.000000	594.700000	3.000000	-113.950000	2.000000	NaN	NaN	NaN	NaN	NaN	NaN	NaN	NaN	NaN
377.991247	0.000000	0.000000	0.000000	-608.500000	3.000000	594.700000	3.000000	-113.960000	2.000000	NaN	NaN	NaN	NaN	NaN	NaN	NaN	NaN	NaN
378.991274	0.000000	0.000000	0.000000	-608.300000	3.000000	594.700000	3.000000	-113.860000	2.000000	NaN	NaN	NaN	NaN	NaN	NaN	NaN	NaN	NaN
379.991331	0.000000	0.000000	0.000000	-608.100000	3.000000	594.700000	3.000000	-113.730000	2.000000	NaN	NaN	NaN	NaN	NaN	NaN	NaN	NaN	NaN
380.990308	0.000000	0.000000	0.000000	-608.200000	3.000000	594.700000	3.000000	-113.680000	2.000000	NaN	NaN	NaN	NaN	NaN	NaN	NaN	NaN	NaN
381.990351	0.000000	0.000000	0.000000	-608.300000	3.000000	594.700000	3.000000	-113.590000	2.000000	NaN	NaN	NaN	NaN	NaN	NaN	NaN	NaN	NaN
382.990390	0.000000	0.000000	0.000000	-608.400000	3.000000	594.700000	3.000000	-113.760000	2.000000	NaN	NaN	NaN	NaN	NaN	NaN	NaN	NaN	NaN
383.990388	0.000000	0.000000	0.000000	-608.500000	3.000000	594.700000	3.000000	-114.220000	2.000000	NaN	NaN	NaN	NaN	NaN	NaN	NaN	NaN	NaN
384.990415	0.000000	0.000000	0.000000	-608.400000	3.000000	594.600000	3.000000	-114.130000	2.000000	NaN	NaN	NaN	NaN	NaN	NaN	NaN	NaN	NaN
385.990466	0.000000	0.000000	0.000000	-608.500000	3.000000	594.600000	3.000000	-114.490000	2.000000	NaN	NaN	NaN	NaN	NaN	NaN	NaN	NaN	NaN
386.990466	0.000000	0.000000	0.000000	-608.400000	3.000000	594.600000	3.000000	-114.610000	2.000000	NaN	NaN	NaN	NaN	NaN	NaN	NaN	NaN	NaN
387.990503	0.000000	0.000000	0.000000	-608.300000	3.000000	594.600000	3.000000	-114.410000	2.000000	NaN	NaN	NaN	NaN	NaN	NaN	NaN	NaN	NaN
388.990559	0.000000	0.000000	0.000000	-608.300000	3.000000	594.700000	3.000000	-114.380000	2.000000	NaN	NaN	NaN	NaN	NaN	NaN	NaN	NaN	NaN
389.990582	0.000000	0.000000	0.000000	-608.300000	3.000000	594.700000	3.000000	-114.040000	2.000000	NaN	NaN	NaN	NaN	NaN	NaN	NaN	NaN	NaN
390.990604	0.000000	0.000000	0.000000	-608.400000	3.000000	594.700000	3.000000	-114.280000	2.000000	NaN	NaN	NaN	NaN	NaN	NaN	NaN	NaN	NaN
391.990635	0.000000	0.000000	0.000000	-608.400000	3.000000	594.700000	3.000000	-114.520000	2.000000	NaN	NaN	NaN	NaN	NaN	NaN	NaN	NaN	NaN
392.990670	0.000000	0.000000	0.000000	-608.300000	3.000000	594.700000	3.000000	-114.910000	2.000000	NaN	NaN	NaN	NaN	NaN	NaN	NaN	NaN	NaN
393.990646	0.000000	0.000000	0.000000	-608.500000	3.000000	594.600000	3.000000	-114.860000	2.000000	NaN	NaN	NaN	NaN	NaN	NaN	NaN	NaN	NaN
394.990683	0.000000	0.000000	0.000000	-608.400000	3.000000	594.600000	3.000000	-114.270000	2.000000	NaN	NaN	NaN	NaN	NaN	NaN	NaN	NaN	NaN
395.990766	0.000000	0.000000	0.000000	-608.300000	3.000000	594.600000	3.000000	-114.550000	2.000000	NaN	NaN	NaN	NaN	NaN	NaN	NaN	NaN	NaN
396.990739	0.000000	0.000000	0.000000	-608.400000	3.000000	594.600000	3.000000	-114.640000	2.000000	NaN	NaN	NaN	NaN	NaN	NaN	NaN	NaN	NaN
397.989787	0.000000	0.000000	0.000000	-608.200000	3.000000	594.600000	3.000000	-114.870000	2.000000	NaN	NaN	NaN	NaN	NaN	NaN	NaN	NaN	NaN
398.989794	0.000000	0.000000	0.000000	-608.300000	3.000000	594.700000	3.000000	-114.910000	2.000000	NaN	NaN	NaN	NaN	NaN	NaN	NaN	NaN	NaN
399.989869	0.000000	0.000000	0.000000	-608.300000	3.000000	594.700000	3.000000	-114.340000	2.000000	NaN	NaN	NaN	NaN	NaN	NaN	NaN	NaN	NaN
400.989879	0.000000	0.000000	0.000000	-608.300000	3.000000	594.700000	3.000000	-113.730000	2.000000	NaN	NaN	NaN	NaN	NaN	NaN	NaN	NaN	NaN
401.989913	0.000000	0.000000	0.000000	-608.300000	3.000000	594.700000	3.000000	-114.120000	2.000000	NaN	NaN	NaN	NaN	NaN	NaN	NaN	NaN	NaN
402.989933	0.000000	0.000000	0.000000	-608.200000	3.000000	594.700000	3.000000	-113.910000	2.000000	NaN	NaN	NaN	NaN	NaN	NaN	NaN	NaN	NaN
403.989987	0.000000	0.000000	0.000000	-608.300000	3.000000	594.600000	3.000000	-114.280000	2.000000	NaN	NaN	NaN	NaN	NaN	NaN	NaN	NaN	NaN
404.989959	0.000000	0.000000	0.000000	-608.400000	3.000000	594.600000	3.000000	-114.160000	2.000000	NaN	NaN	NaN	NaN	NaN	NaN	NaN	NaN	NaN
405.989947	0.000000	0.000000	0.000000	-608.200000	3.000000	594.700000	3.000000	-114.630000	2.000000	NaN	NaN	NaN	NaN	NaN	NaN	NaN	NaN	NaN
406.990043	0.000000	0.000000	0.000000	-608.300000	3.000000	594.600000	3.000000	-114.900000	2.000000	NaN	NaN	NaN	NaN	NaN	NaN	NaN	NaN	NaN
407.990072	0.000000	0.000000	0.000000	-608.400000	3.000000	594.600000	3.000000	-115.330000	2.000000	NaN	NaN	NaN	NaN	NaN	NaN	NaN	NaN	NaN
408.990093	0.000000	0.000000	0.000000	-608.300000	3.000000	594.600000	3.000000	-115.530000	2.000000	NaN	NaN	NaN	NaN	NaN	NaN	NaN	NaN	NaN
409.990120	0.000000	0.000000	0.000000	-608.400000	3.000000	594.600000	3.000000	-115.660000	2.000000	NaN	NaN	NaN	NaN	NaN	NaN	NaN	NaN	NaN
