# Gaussmeter 1
# VISA Name: COM3
# Probe Type: 51
# Probe Serial Number: 67249     
# Field Compensation On: TRUE
# Field Range: 3
# Field Units: 2
# Auto Range On: TRUE
# Moving: FALSE
# x: 0.000000
# y: 0.000000
# z: 0.000000
#
# Gaussmeter 2
# VISA Name: COM4
# Probe Type: 51
# Probe Serial Number: 061292   
# Field Compensation On: TRUE
# Field Range: 3
# Field Units: 2
# Auto Range On: TRUE
# Moving: FALSE
# x: 0.000000
# y: 0.000000
# z: 0.000000
#
# Gaussmeter 3
# VISA Name: COM9
# Probe Type: 51
# Probe Serial Number: 67248     
# Field Compensation On: TRUE
# Field Range: 1
# Field Units: 2
# Auto Range On: TRUE
# Moving: FALSE
# x: 0.000000
# y: 0.000000
# z: 0.000000
#
time/F:x:y:z:B1:B1range:B2:B2range:B3:B3range:multi:temp1:temp2:temp3:temp4:temp5:temp6:temp7:temp8
0.002320	0.000000	0.000000	0.000000	-404.900000	3.000000	395.400000	3.000000	0.211000	1.000000	NaN	NaN	NaN	NaN	NaN	NaN	NaN	NaN	NaN
1.001991	0.000000	0.000000	0.000000	-404.700000	3.000000	395.400000	3.000000	0.126000	1.000000	NaN	NaN	NaN	NaN	NaN	NaN	NaN	NaN	NaN
2.001987	0.000000	0.000000	0.000000	-404.400000	3.000000	395.400000	3.000000	0.261000	1.000000	NaN	NaN	NaN	NaN	NaN	NaN	NaN	NaN	NaN
3.001991	0.000000	0.000000	0.000000	-404.500000	3.000000	395.300000	3.000000	0.292000	1.000000	NaN	NaN	NaN	NaN	NaN	NaN	NaN	NaN	NaN
4.002016	0.000000	0.000000	0.000000	-404.500000	3.000000	395.400000	3.000000	0.139000	1.000000	NaN	NaN	NaN	NaN	NaN	NaN	NaN	NaN	NaN
5.002063	0.000000	0.000000	0.000000	-404.500000	3.000000	395.400000	3.000000	0.166000	1.000000	NaN	NaN	NaN	NaN	NaN	NaN	NaN	NaN	NaN
6.002131	0.000000	0.000000	0.000000	-404.500000	3.000000	395.400000	3.000000	0.352000	1.000000	NaN	NaN	NaN	NaN	NaN	NaN	NaN	NaN	NaN
7.002120	0.000000	0.000000	0.000000	-404.400000	3.000000	395.400000	3.000000	-0.034000	1.000000	NaN	NaN	NaN	NaN	NaN	NaN	NaN	NaN	NaN
8.002165	0.000000	0.000000	0.000000	-404.400000	3.000000	395.400000	3.000000	-0.477000	1.000000	NaN	NaN	NaN	NaN	NaN	NaN	NaN	NaN	NaN
9.002170	0.000000	0.000000	0.000000	-404.600000	3.000000	395.400000	3.000000	-0.736000	1.000000	NaN	NaN	NaN	NaN	NaN	NaN	NaN	NaN	NaN
10.002392	0.000000	0.000000	0.000000	-404.500000	3.000000	395.400000	3.000000	-0.770000	1.000000	NaN	NaN	NaN	NaN	NaN	NaN	NaN	NaN	NaN
11.001228	0.000000	0.000000	0.000000	-404.600000	3.000000	395.400000	3.000000	-0.802000	1.000000	NaN	NaN	NaN	NaN	NaN	NaN	NaN	NaN	NaN
12.001255	0.000000	0.000000	0.000000	-404.700000	3.000000	395.400000	3.000000	-0.683000	1.000000	NaN	NaN	NaN	NaN	NaN	NaN	NaN	NaN	NaN
13.001282	0.000000	0.000000	0.000000	-405.100000	3.000000	395.400000	3.000000	-0.682000	1.000000	NaN	NaN	NaN	NaN	NaN	NaN	NaN	NaN	NaN
14.001340	0.000000	0.000000	0.000000	-405.000000	3.000000	395.400000	3.000000	-0.995000	1.000000	NaN	NaN	NaN	NaN	NaN	NaN	NaN	NaN	NaN
15.001380	0.000000	0.000000	0.000000	-405.900000	3.000000	395.400000	3.000000	-1.404000	1.000000	NaN	NaN	NaN	NaN	NaN	NaN	NaN	NaN	NaN
16.001431	0.000000	0.000000	0.000000	-405.400000	3.000000	395.400000	3.000000	-1.919000	1.000000	NaN	NaN	NaN	NaN	NaN	NaN	NaN	NaN	NaN
17.001440	0.000000	0.000000	0.000000	-405.100000	3.000000	395.400000	3.000000	-2.012000	1.000000	NaN	NaN	NaN	NaN	NaN	NaN	NaN	NaN	NaN
18.001420	0.000000	0.000000	0.000000	-405.300000	3.000000	395.400000	3.000000	-2.158000	1.000000	NaN	NaN	NaN	NaN	NaN	NaN	NaN	NaN	NaN
19.001493	0.000000	0.000000	0.000000	-405.400000	3.000000	395.400000	3.000000	-2.402000	1.000000	NaN	NaN	NaN	NaN	NaN	NaN	NaN	NaN	NaN
20.001477	0.000000	0.000000	0.000000	-405.200000	3.000000	395.400000	3.000000	-3.027000	1.000000	NaN	NaN	NaN	NaN	NaN	NaN	NaN	NaN	NaN
21.001501	0.000000	0.000000	0.000000	-405.400000	3.000000	395.400000	3.000000	-2.641000	1.000000	NaN	NaN	NaN	NaN	NaN	NaN	NaN	NaN	NaN
22.001567	0.000000	0.000000	0.000000	-405.400000	3.000000	395.400000	3.000000	-2.357000	1.000000	NaN	NaN	NaN	NaN	NaN	NaN	NaN	NaN	NaN
23.001557	0.000000	0.000000	0.000000	-405.100000	3.000000	395.400000	3.000000	-1.692000	1.000000	NaN	NaN	NaN	NaN	NaN	NaN	NaN	NaN	NaN
24.001612	0.000000	0.000000	0.000000	-404.900000	3.000000	395.400000	3.000000	-1.730000	1.000000	NaN	NaN	NaN	NaN	NaN	NaN	NaN	NaN	NaN
25.001611	0.000000	0.000000	0.000000	-404.700000	3.000000	395.400000	3.000000	-1.960000	1.000000	NaN	NaN	NaN	NaN	NaN	NaN	NaN	NaN	NaN
26.001639	0.000000	0.000000	0.000000	-404.300000	3.000000	395.400000	3.000000	-2.839000	1.000000	NaN	NaN	NaN	NaN	NaN	NaN	NaN	NaN	NaN
27.001656	0.000000	0.000000	0.000000	-404.100000	3.000000	395.400000	3.000000	-2.337000	1.000000	NaN	NaN	NaN	NaN	NaN	NaN	NaN	NaN	NaN
28.000711	0.000000	0.000000	0.000000	-403.900000	3.000000	395.400000	3.000000	-2.326000	1.000000	NaN	NaN	NaN	NaN	NaN	NaN	NaN	NaN	NaN
29.000721	0.000000	0.000000	0.000000	-404.000000	3.000000	395.400000	3.000000	-1.991000	1.000000	NaN	NaN	NaN	NaN	NaN	NaN	NaN	NaN	NaN
30.000783	0.000000	0.000000	0.000000	-404.200000	3.000000	395.400000	3.000000	-2.694000	1.000000	NaN	NaN	NaN	NaN	NaN	NaN	NaN	NaN	NaN
31.000808	0.000000	0.000000	0.000000	-404.100000	3.000000	395.500000	3.000000	-1.958000	1.000000	NaN	NaN	NaN	NaN	NaN	NaN	NaN	NaN	NaN
32.000834	0.000000	0.000000	0.000000	-404.100000	3.000000	395.400000	3.000000	-2.091000	1.000000	NaN	NaN	NaN	NaN	NaN	NaN	NaN	NaN	NaN
33.000844	0.000000	0.000000	0.000000	-404.300000	3.000000	395.500000	3.000000	-2.099000	1.000000	NaN	NaN	NaN	NaN	NaN	NaN	NaN	NaN	NaN
34.000860	0.000000	0.000000	0.000000	-404.300000	3.000000	395.500000	3.000000	-1.844000	1.000000	NaN	NaN	NaN	NaN	NaN	NaN	NaN	NaN	NaN
35.000887	0.000000	0.000000	0.000000	-404.400000	3.000000	395.500000	3.000000	-1.935000	1.000000	NaN	NaN	NaN	NaN	NaN	NaN	NaN	NaN	NaN
36.000948	0.000000	0.000000	0.000000	-404.500000	3.000000	395.500000	3.000000	-0.554000	1.000000	NaN	NaN	NaN	NaN	NaN	NaN	NaN	NaN	NaN
37.000942	0.000000	0.000000	0.000000	-404.600000	3.000000	395.500000	3.000000	-0.763000	1.000000	NaN	NaN	NaN	NaN	NaN	NaN	NaN	NaN	NaN
38.001020	0.000000	0.000000	0.000000	-404.500000	3.000000	395.500000	3.000000	-0.294000	1.000000	NaN	NaN	NaN	NaN	NaN	NaN	NaN	NaN	NaN
39.001040	0.000000	0.000000	0.000000	-404.700000	3.000000	395.500000	3.000000	-0.525000	1.000000	NaN	NaN	NaN	NaN	NaN	NaN	NaN	NaN	NaN
40.001025	0.000000	0.000000	0.000000	-405.600000	3.000000	395.500000	3.000000	-0.651000	1.000000	NaN	NaN	NaN	NaN	NaN	NaN	NaN	NaN	NaN
41.001095	0.000000	0.000000	0.000000	-404.900000	3.000000	395.500000	3.000000	-1.018000	1.000000	NaN	NaN	NaN	NaN	NaN	NaN	NaN	NaN	NaN
42.001098	0.000000	0.000000	0.000000	-404.700000	3.000000	395.500000	3.000000	-0.520000	1.000000	NaN	NaN	NaN	NaN	NaN	NaN	NaN	NaN	NaN
43.001126	0.000000	0.000000	0.000000	-404.500000	3.000000	395.400000	3.000000	0.505000	1.000000	NaN	NaN	NaN	NaN	NaN	NaN	NaN	NaN	NaN
44.001165	0.000000	0.000000	0.000000	-405.200000	3.000000	395.500000	3.000000	0.436000	1.000000	NaN	NaN	NaN	NaN	NaN	NaN	NaN	NaN	NaN
45.001192	0.000000	0.000000	0.000000	-405.300000	3.000000	395.500000	3.000000	0.227000	1.000000	NaN	NaN	NaN	NaN	NaN	NaN	NaN	NaN	NaN
46.000193	0.000000	0.000000	0.000000	-405.100000	3.000000	395.500000	3.000000	0.184000	1.000000	NaN	NaN	NaN	NaN	NaN	NaN	NaN	NaN	NaN
47.000229	0.000000	0.000000	0.000000	-404.300000	3.000000	395.500000	3.000000	0.581000	1.000000	NaN	NaN	NaN	NaN	NaN	NaN	NaN	NaN	NaN
48.000280	0.000000	0.000000	0.000000	-404.400000	3.000000	395.500000	3.000000	0.658000	1.000000	NaN	NaN	NaN	NaN	NaN	NaN	NaN	NaN	NaN
49.000281	0.000000	0.000000	0.000000	-404.600000	3.000000	395.500000	3.000000	0.814000	1.000000	NaN	NaN	NaN	NaN	NaN	NaN	NaN	NaN	NaN
50.000321	0.000000	0.000000	0.000000	-404.700000	3.000000	395.500000	3.000000	1.020000	1.000000	NaN	NaN	NaN	NaN	NaN	NaN	NaN	NaN	NaN
51.000346	0.000000	0.000000	0.000000	-404.700000	3.000000	395.500000	3.000000	1.339000	1.000000	NaN	NaN	NaN	NaN	NaN	NaN	NaN	NaN	NaN
52.000396	0.000000	0.000000	0.000000	-404.700000	3.000000	395.500000	3.000000	1.398000	1.000000	NaN	NaN	NaN	NaN	NaN	NaN	NaN	NaN	NaN
53.000385	0.000000	0.000000	0.000000	-404.700000	3.000000	395.500000	3.000000	0.008000	1.000000	NaN	NaN	NaN	NaN	NaN	NaN	NaN	NaN	NaN
54.000422	0.000000	0.000000	0.000000	-404.600000	3.000000	395.500000	3.000000	-0.999000	1.000000	NaN	NaN	NaN	NaN	NaN	NaN	NaN	NaN	NaN
55.000449	0.000000	0.000000	0.000000	-404.600000	3.000000	395.400000	3.000000	-0.694000	1.000000	NaN	NaN	NaN	NaN	NaN	NaN	NaN	NaN	NaN
56.000474	0.000000	0.000000	0.000000	-404.700000	3.000000	395.400000	3.000000	-0.610000	1.000000	NaN	NaN	NaN	NaN	NaN	NaN	NaN	NaN	NaN
57.000531	0.000000	0.000000	0.000000	-404.700000	3.000000	395.500000	3.000000	-0.456000	1.000000	NaN	NaN	NaN	NaN	NaN	NaN	NaN	NaN	NaN
58.000567	0.000000	0.000000	0.000000	-404.700000	3.000000	395.500000	3.000000	-0.458000	1.000000	NaN	NaN	NaN	NaN	NaN	NaN	NaN	NaN	NaN
59.000589	0.000000	0.000000	0.000000	-404.800000	3.000000	395.500000	3.000000	-0.233000	1.000000	NaN	NaN	NaN	NaN	NaN	NaN	NaN	NaN	NaN
60.000585	0.000000	0.000000	0.000000	-405.000000	3.000000	395.400000	3.000000	-0.194000	1.000000	NaN	NaN	NaN	NaN	NaN	NaN	NaN	NaN	NaN
61.000650	0.000000	0.000000	0.000000	-405.100000	3.000000	395.400000	3.000000	-0.296000	1.000000	NaN	NaN	NaN	NaN	NaN	NaN	NaN	NaN	NaN
62.000667	0.000000	0.000000	0.000000	-405.200000	3.000000	395.400000	3.000000	-0.348000	1.000000	NaN	NaN	NaN	NaN	NaN	NaN	NaN	NaN	NaN
62.999708	0.000000	0.000000	0.000000	-405.400000	3.000000	395.400000	3.000000	-0.292000	1.000000	NaN	NaN	NaN	NaN	NaN	NaN	NaN	NaN	NaN
63.999720	0.000000	0.000000	0.000000	-405.600000	3.000000	395.400000	3.000000	-0.081000	1.000000	NaN	NaN	NaN	NaN	NaN	NaN	NaN	NaN	NaN
64.999742	0.000000	0.000000	0.000000	-405.700000	3.000000	395.400000	3.000000	-0.223000	1.000000	NaN	NaN	NaN	NaN	NaN	NaN	NaN	NaN	NaN
65.999749	0.000000	0.000000	0.000000	-405.700000	3.000000	395.400000	3.000000	-0.348000	1.000000	NaN	NaN	NaN	NaN	NaN	NaN	NaN	NaN	NaN
66.999791	0.000000	0.000000	0.000000	-405.600000	3.000000	395.400000	3.000000	-0.288000	1.000000	NaN	NaN	NaN	NaN	NaN	NaN	NaN	NaN	NaN
67.999792	0.000000	0.000000	0.000000	-405.500000	3.000000	395.400000	3.000000	-0.265000	1.000000	NaN	NaN	NaN	NaN	NaN	NaN	NaN	NaN	NaN
68.999839	0.000000	0.000000	0.000000	-405.500000	3.000000	395.400000	3.000000	-0.232000	1.000000	NaN	NaN	NaN	NaN	NaN	NaN	NaN	NaN	NaN
69.999876	0.000000	0.000000	0.000000	-405.100000	3.000000	395.400000	3.000000	-0.172000	1.000000	NaN	NaN	NaN	NaN	NaN	NaN	NaN	NaN	NaN
70.999949	0.000000	0.000000	0.000000	-404.500000	3.000000	395.400000	3.000000	-0.243000	1.000000	NaN	NaN	NaN	NaN	NaN	NaN	NaN	NaN	NaN
71.999904	0.000000	0.000000	0.000000	-404.700000	3.000000	395.400000	3.000000	-0.365000	1.000000	NaN	NaN	NaN	NaN	NaN	NaN	NaN	NaN	NaN
72.999979	0.000000	0.000000	0.000000	-404.700000	3.000000	395.400000	3.000000	-0.404000	1.000000	NaN	NaN	NaN	NaN	NaN	NaN	NaN	NaN	NaN
73.999966	0.000000	0.000000	0.000000	-404.900000	3.000000	395.400000	3.000000	-0.353000	1.000000	NaN	NaN	NaN	NaN	NaN	NaN	NaN	NaN	NaN
74.999997	0.000000	0.000000	0.000000	-404.800000	3.000000	395.400000	3.000000	-0.339000	1.000000	NaN	NaN	NaN	NaN	NaN	NaN	NaN	NaN	NaN
76.000056	0.000000	0.000000	0.000000	-404.800000	3.000000	395.400000	3.000000	-0.357000	1.000000	NaN	NaN	NaN	NaN	NaN	NaN	NaN	NaN	NaN
77.000083	0.000000	0.000000	0.000000	-404.600000	3.000000	395.300000	3.000000	-0.020000	1.000000	NaN	NaN	NaN	NaN	NaN	NaN	NaN	NaN	NaN
78.000079	0.000000	0.000000	0.000000	-404.600000	3.000000	395.400000	3.000000	0.064000	1.000000	NaN	NaN	NaN	NaN	NaN	NaN	NaN	NaN	NaN
79.000104	0.000000	0.000000	0.000000	-404.700000	3.000000	395.400000	3.000000	0.117000	1.000000	NaN	NaN	NaN	NaN	NaN	NaN	NaN	NaN	NaN
80.000121	0.000000	0.000000	0.000000	-404.700000	3.000000	395.300000	3.000000	0.057000	1.000000	NaN	NaN	NaN	NaN	NaN	NaN	NaN	NaN	NaN
80.999198	0.000000	0.000000	0.000000	-404.700000	3.000000	395.400000	3.000000	-0.007000	1.000000	NaN	NaN	NaN	NaN	NaN	NaN	NaN	NaN	NaN
81.999178	0.000000	0.000000	0.000000	-404.700000	3.000000	395.400000	3.000000	-0.419000	1.000000	NaN	NaN	NaN	NaN	NaN	NaN	NaN	NaN	NaN
82.999216	0.000000	0.000000	0.000000	-404.700000	3.000000	395.400000	3.000000	-0.019000	1.000000	NaN	NaN	NaN	NaN	NaN	NaN	NaN	NaN	NaN
83.999276	0.000000	0.000000	0.000000	-404.700000	3.000000	395.400000	3.000000	0.075000	1.000000	NaN	NaN	NaN	NaN	NaN	NaN	NaN	NaN	NaN
84.999264	0.000000	0.000000	0.000000	-404.700000	3.000000	395.400000	3.000000	-0.198000	1.000000	NaN	NaN	NaN	NaN	NaN	NaN	NaN	NaN	NaN
85.999307	0.000000	0.000000	0.000000	-404.600000	3.000000	395.400000	3.000000	-0.341000	1.000000	NaN	NaN	NaN	NaN	NaN	NaN	NaN	NaN	NaN
86.999304	0.000000	0.000000	0.000000	-404.600000	3.000000	395.400000	3.000000	-0.306000	1.000000	NaN	NaN	NaN	NaN	NaN	NaN	NaN	NaN	NaN
87.999322	0.000000	0.000000	0.000000	-404.700000	3.000000	395.400000	3.000000	-0.444000	1.000000	NaN	NaN	NaN	NaN	NaN	NaN	NaN	NaN	NaN
88.999377	0.000000	0.000000	0.000000	-404.700000	3.000000	395.400000	3.000000	0.143000	1.000000	NaN	NaN	NaN	NaN	NaN	NaN	NaN	NaN	NaN
89.999398	0.000000	0.000000	0.000000	-404.700000	3.000000	395.400000	3.000000	0.664000	1.000000	NaN	NaN	NaN	NaN	NaN	NaN	NaN	NaN	NaN
90.999424	0.000000	0.000000	0.000000	-404.700000	3.000000	395.400000	3.000000	1.553000	1.000000	NaN	NaN	NaN	NaN	NaN	NaN	NaN	NaN	NaN
91.999491	0.000000	0.000000	0.000000	-404.700000	3.000000	395.400000	3.000000	2.343000	1.000000	NaN	NaN	NaN	NaN	NaN	NaN	NaN	NaN	NaN
92.999478	0.000000	0.000000	0.000000	-404.600000	3.000000	395.400000	3.000000	2.164000	1.000000	NaN	NaN	NaN	NaN	NaN	NaN	NaN	NaN	NaN
93.999508	0.000000	0.000000	0.000000	-404.700000	3.000000	395.400000	3.000000	2.186000	1.000000	NaN	NaN	NaN	NaN	NaN	NaN	NaN	NaN	NaN
94.999535	0.000000	0.000000	0.000000	-404.700000	3.000000	395.400000	3.000000	2.285000	1.000000	NaN	NaN	NaN	NaN	NaN	NaN	NaN	NaN	NaN
95.999583	0.000000	0.000000	0.000000	-404.700000	3.000000	395.400000	3.000000	2.079000	1.000000	NaN	NaN	NaN	NaN	NaN	NaN	NaN	NaN	NaN
96.999600	0.000000	0.000000	0.000000	-404.700000	3.000000	395.400000	3.000000	1.858000	1.000000	NaN	NaN	NaN	NaN	NaN	NaN	NaN	NaN	NaN
97.998602	0.000000	0.000000	0.000000	-404.700000	3.000000	395.400000	3.000000	2.319000	1.000000	NaN	NaN	NaN	NaN	NaN	NaN	NaN	NaN	NaN
98.998644	0.000000	0.000000	0.000000	-404.700000	3.000000	395.400000	3.000000	2.558000	1.000000	NaN	NaN	NaN	NaN	NaN	NaN	NaN	NaN	NaN
99.998672	0.000000	0.000000	0.000000	-404.700000	3.000000	395.400000	3.000000	2.550000	1.000000	NaN	NaN	NaN	NaN	NaN	NaN	NaN	NaN	NaN
100.998733	0.000000	0.000000	0.000000	-404.700000	3.000000	395.400000	3.000000	2.445000	1.000000	NaN	NaN	NaN	NaN	NaN	NaN	NaN	NaN	NaN
101.998729	0.000000	0.000000	0.000000	-404.800000	3.000000	395.400000	3.000000	2.225000	1.000000	NaN	NaN	NaN	NaN	NaN	NaN	NaN	NaN	NaN
102.998754	0.000000	0.000000	0.000000	-404.700000	3.000000	395.400000	3.000000	2.097000	1.000000	NaN	NaN	NaN	NaN	NaN	NaN	NaN	NaN	NaN
103.998783	0.000000	0.000000	0.000000	-404.800000	3.000000	395.400000	3.000000	1.918000	1.000000	NaN	NaN	NaN	NaN	NaN	NaN	NaN	NaN	NaN
104.998810	0.000000	0.000000	0.000000	-404.800000	3.000000	395.400000	3.000000	1.600000	1.000000	NaN	NaN	NaN	NaN	NaN	NaN	NaN	NaN	NaN
105.998894	0.000000	0.000000	0.000000	-404.800000	3.000000	395.400000	3.000000	1.877000	1.000000	NaN	NaN	NaN	NaN	NaN	NaN	NaN	NaN	NaN
106.998861	0.000000	0.000000	0.000000	-404.800000	3.000000	395.400000	3.000000	1.817000	1.000000	NaN	NaN	NaN	NaN	NaN	NaN	NaN	NaN	NaN
107.998893	0.000000	0.000000	0.000000	-404.800000	3.000000	395.400000	3.000000	1.768000	1.000000	NaN	NaN	NaN	NaN	NaN	NaN	NaN	NaN	NaN
108.998927	0.000000	0.000000	0.000000	-404.800000	3.000000	395.400000	3.000000	1.877000	1.000000	NaN	NaN	NaN	NaN	NaN	NaN	NaN	NaN	NaN
109.998930	0.000000	0.000000	0.000000	-404.800000	3.000000	395.400000	3.000000	1.873000	1.000000	NaN	NaN	NaN	NaN	NaN	NaN	NaN	NaN	NaN
110.998976	0.000000	0.000000	0.000000	-404.800000	3.000000	395.400000	3.000000	1.979000	1.000000	NaN	NaN	NaN	NaN	NaN	NaN	NaN	NaN	NaN
111.999014	0.000000	0.000000	0.000000	-404.800000	3.000000	395.400000	3.000000	1.911000	1.000000	NaN	NaN	NaN	NaN	NaN	NaN	NaN	NaN	NaN
112.999050	0.000000	0.000000	0.000000	-404.900000	3.000000	395.400000	3.000000	1.904000	1.000000	NaN	NaN	NaN	NaN	NaN	NaN	NaN	NaN	NaN
113.999083	0.000000	0.000000	0.000000	-404.700000	3.000000	395.400000	3.000000	2.083000	1.000000	NaN	NaN	NaN	NaN	NaN	NaN	NaN	NaN	NaN
114.999116	0.000000	0.000000	0.000000	-404.800000	3.000000	395.400000	3.000000	2.186000	1.000000	NaN	NaN	NaN	NaN	NaN	NaN	NaN	NaN	NaN
115.998110	0.000000	0.000000	0.000000	-404.800000	3.000000	395.400000	3.000000	2.055000	1.000000	NaN	NaN	NaN	NaN	NaN	NaN	NaN	NaN	NaN
116.998162	0.000000	0.000000	0.000000	-404.900000	3.000000	395.400000	3.000000	2.304000	1.000000	NaN	NaN	NaN	NaN	NaN	NaN	NaN	NaN	NaN
117.998172	0.000000	0.000000	0.000000	-404.800000	3.000000	395.400000	3.000000	2.112000	1.000000	NaN	NaN	NaN	NaN	NaN	NaN	NaN	NaN	NaN
118.998193	0.000000	0.000000	0.000000	-404.800000	3.000000	395.400000	3.000000	1.561000	1.000000	NaN	NaN	NaN	NaN	NaN	NaN	NaN	NaN	NaN
119.998222	0.000000	0.000000	0.000000	-404.900000	3.000000	395.400000	3.000000	1.464000	1.000000	NaN	NaN	NaN	NaN	NaN	NaN	NaN	NaN	NaN
120.998248	0.000000	0.000000	0.000000	-404.800000	3.000000	395.400000	3.000000	1.071000	1.000000	NaN	NaN	NaN	NaN	NaN	NaN	NaN	NaN	NaN
121.998310	0.000000	0.000000	0.000000	-404.500000	3.000000	395.400000	3.000000	0.815000	1.000000	NaN	NaN	NaN	NaN	NaN	NaN	NaN	NaN	NaN
122.998331	0.000000	0.000000	0.000000	-404.700000	3.000000	395.400000	3.000000	0.627000	1.000000	NaN	NaN	NaN	NaN	NaN	NaN	NaN	NaN	NaN
123.998339	0.000000	0.000000	0.000000	-404.700000	3.000000	395.400000	3.000000	0.387000	1.000000	NaN	NaN	NaN	NaN	NaN	NaN	NaN	NaN	NaN
124.998358	0.000000	0.000000	0.000000	-404.800000	3.000000	395.400000	3.000000	0.421000	1.000000	NaN	NaN	NaN	NaN	NaN	NaN	NaN	NaN	NaN
125.998425	0.000000	0.000000	0.000000	-404.700000	3.000000	395.400000	3.000000	0.305000	1.000000	NaN	NaN	NaN	NaN	NaN	NaN	NaN	NaN	NaN
126.998427	0.000000	0.000000	0.000000	-404.800000	3.000000	395.400000	3.000000	0.310000	1.000000	NaN	NaN	NaN	NaN	NaN	NaN	NaN	NaN	NaN
127.998462	0.000000	0.000000	0.000000	-404.800000	3.000000	395.400000	3.000000	0.438000	1.000000	NaN	NaN	NaN	NaN	NaN	NaN	NaN	NaN	NaN
128.998495	0.000000	0.000000	0.000000	-404.800000	3.000000	395.400000	3.000000	0.241000	1.000000	NaN	NaN	NaN	NaN	NaN	NaN	NaN	NaN	NaN
129.998493	0.000000	0.000000	0.000000	-404.900000	3.000000	395.400000	3.000000	0.308000	1.000000	NaN	NaN	NaN	NaN	NaN	NaN	NaN	NaN	NaN
130.998528	0.000000	0.000000	0.000000	-404.800000	3.000000	395.400000	3.000000	0.529000	1.000000	NaN	NaN	NaN	NaN	NaN	NaN	NaN	NaN	NaN
131.998550	0.000000	0.000000	0.000000	-404.800000	3.000000	395.400000	3.000000	0.369000	1.000000	NaN	NaN	NaN	NaN	NaN	NaN	NaN	NaN	NaN
132.997577	0.000000	0.000000	0.000000	-404.800000	3.000000	395.400000	3.000000	0.448000	1.000000	NaN	NaN	NaN	NaN	NaN	NaN	NaN	NaN	NaN
133.997652	0.000000	0.000000	0.000000	-404.800000	3.000000	395.400000	3.000000	-0.176000	1.000000	NaN	NaN	NaN	NaN	NaN	NaN	NaN	NaN	NaN
134.997667	0.000000	0.000000	0.000000	-404.800000	3.000000	395.400000	3.000000	-0.115000	1.000000	NaN	NaN	NaN	NaN	NaN	NaN	NaN	NaN	NaN
135.997702	0.000000	0.000000	0.000000	-404.800000	3.000000	395.400000	3.000000	0.290000	1.000000	NaN	NaN	NaN	NaN	NaN	NaN	NaN	NaN	NaN
136.998744	0.000000	0.000000	0.000000	-404.800000	3.000000	395.400000	3.000000	0.358000	1.000000	NaN	NaN	NaN	NaN	NaN	NaN	NaN	NaN	NaN
137.997718	0.000000	0.000000	0.000000	-404.800000	3.000000	395.400000	3.000000	0.333000	1.000000	NaN	NaN	NaN	NaN	NaN	NaN	NaN	NaN	NaN
138.997799	0.000000	0.000000	0.000000	-404.700000	3.000000	395.400000	3.000000	0.836000	1.000000	NaN	NaN	NaN	NaN	NaN	NaN	NaN	NaN	NaN
139.997794	0.000000	0.000000	0.000000	-404.900000	3.000000	395.400000	3.000000	0.983000	1.000000	NaN	NaN	NaN	NaN	NaN	NaN	NaN	NaN	NaN
140.997779	0.000000	0.000000	0.000000	-404.800000	3.000000	395.400000	3.000000	0.890000	1.000000	NaN	NaN	NaN	NaN	NaN	NaN	NaN	NaN	NaN
141.997826	0.000000	0.000000	0.000000	-404.800000	3.000000	395.400000	3.000000	0.839000	1.000000	NaN	NaN	NaN	NaN	NaN	NaN	NaN	NaN	NaN
142.997852	0.000000	0.000000	0.000000	-404.800000	3.000000	395.400000	3.000000	0.929000	1.000000	NaN	NaN	NaN	NaN	NaN	NaN	NaN	NaN	NaN
143.997876	0.000000	0.000000	0.000000	-404.900000	3.000000	395.400000	3.000000	0.944000	1.000000	NaN	NaN	NaN	NaN	NaN	NaN	NaN	NaN	NaN
144.997928	0.000000	0.000000	0.000000	-404.700000	3.000000	395.400000	3.000000	1.048000	1.000000	NaN	NaN	NaN	NaN	NaN	NaN	NaN	NaN	NaN
145.997960	0.000000	0.000000	0.000000	-404.800000	3.000000	395.400000	3.000000	0.844000	1.000000	NaN	NaN	NaN	NaN	NaN	NaN	NaN	NaN	NaN
146.997961	0.000000	0.000000	0.000000	-404.800000	3.000000	395.400000	3.000000	0.780000	1.000000	NaN	NaN	NaN	NaN	NaN	NaN	NaN	NaN	NaN
147.998009	0.000000	0.000000	0.000000	-404.700000	3.000000	395.400000	3.000000	1.010000	1.000000	NaN	NaN	NaN	NaN	NaN	NaN	NaN	NaN	NaN
148.998029	0.000000	0.000000	0.000000	-404.900000	3.000000	395.400000	3.000000	1.010000	1.000000	NaN	NaN	NaN	NaN	NaN	NaN	NaN	NaN	NaN
149.998075	0.000000	0.000000	0.000000	-404.800000	3.000000	395.400000	3.000000	0.942000	1.000000	NaN	NaN	NaN	NaN	NaN	NaN	NaN	NaN	NaN
150.997141	0.000000	0.000000	0.000000	-404.700000	3.000000	395.400000	3.000000	0.927000	1.000000	NaN	NaN	NaN	NaN	NaN	NaN	NaN	NaN	NaN
151.997081	0.000000	0.000000	0.000000	-404.800000	3.000000	395.400000	3.000000	0.845000	1.000000	NaN	NaN	NaN	NaN	NaN	NaN	NaN	NaN	NaN
152.997127	0.000000	0.000000	0.000000	-404.800000	3.000000	395.400000	3.000000	0.902000	1.000000	NaN	NaN	NaN	NaN	NaN	NaN	NaN	NaN	NaN
153.997165	0.000000	0.000000	0.000000	-404.800000	3.000000	395.400000	3.000000	0.672000	1.000000	NaN	NaN	NaN	NaN	NaN	NaN	NaN	NaN	NaN
154.997219	0.000000	0.000000	0.000000	-404.800000	3.000000	395.400000	3.000000	0.865000	1.000000	NaN	NaN	NaN	NaN	NaN	NaN	NaN	NaN	NaN
155.997211	0.000000	0.000000	0.000000	-405.000000	3.000000	395.400000	3.000000	0.613000	1.000000	NaN	NaN	NaN	NaN	NaN	NaN	NaN	NaN	NaN
156.997235	0.000000	0.000000	0.000000	-404.600000	3.000000	395.400000	3.000000	0.639000	1.000000	NaN	NaN	NaN	NaN	NaN	NaN	NaN	NaN	NaN
157.998168	0.000000	0.000000	0.000000	-405.000000	3.000000	395.400000	3.000000	0.875000	1.000000	NaN	NaN	NaN	NaN	NaN	NaN	NaN	NaN	NaN
158.997309	0.000000	0.000000	0.000000	-404.900000	3.000000	395.400000	3.000000	0.854000	1.000000	NaN	NaN	NaN	NaN	NaN	NaN	NaN	NaN	NaN
159.997322	0.000000	0.000000	0.000000	-404.800000	3.000000	395.400000	3.000000	1.052000	1.000000	NaN	NaN	NaN	NaN	NaN	NaN	NaN	NaN	NaN
160.997352	0.000000	0.000000	0.000000	-404.800000	3.000000	395.400000	3.000000	1.025000	1.000000	NaN	NaN	NaN	NaN	NaN	NaN	NaN	NaN	NaN
161.997425	0.000000	0.000000	0.000000	-404.700000	3.000000	395.400000	3.000000	1.060000	1.000000	NaN	NaN	NaN	NaN	NaN	NaN	NaN	NaN	NaN
162.997401	0.000000	0.000000	0.000000	-404.700000	3.000000	395.400000	3.000000	1.045000	1.000000	NaN	NaN	NaN	NaN	NaN	NaN	NaN	NaN	NaN
163.997428	0.000000	0.000000	0.000000	-404.900000	3.000000	395.400000	3.000000	1.137000	1.000000	NaN	NaN	NaN	NaN	NaN	NaN	NaN	NaN	NaN
164.997456	0.000000	0.000000	0.000000	-404.800000	3.000000	395.400000	3.000000	0.902000	1.000000	NaN	NaN	NaN	NaN	NaN	NaN	NaN	NaN	NaN
165.997501	0.000000	0.000000	0.000000	-404.800000	3.000000	395.400000	3.000000	1.044000	1.000000	NaN	NaN	NaN	NaN	NaN	NaN	NaN	NaN	NaN
166.997548	0.000000	0.000000	0.000000	-404.800000	3.000000	395.300000	3.000000	1.069000	1.000000	NaN	NaN	NaN	NaN	NaN	NaN	NaN	NaN	NaN
167.996567	0.000000	0.000000	0.000000	-404.800000	3.000000	395.400000	3.000000	1.128000	1.000000	NaN	NaN	NaN	NaN	NaN	NaN	NaN	NaN	NaN
168.996615	0.000000	0.000000	0.000000	-404.800000	3.000000	395.400000	3.000000	1.170000	1.000000	NaN	NaN	NaN	NaN	NaN	NaN	NaN	NaN	NaN
169.996582	0.000000	0.000000	0.000000	-404.800000	3.000000	395.400000	3.000000	0.993000	1.000000	NaN	NaN	NaN	NaN	NaN	NaN	NaN	NaN	NaN
170.996609	0.000000	0.000000	0.000000	-404.800000	3.000000	395.400000	3.000000	1.216000	1.000000	NaN	NaN	NaN	NaN	NaN	NaN	NaN	NaN	NaN
171.996646	0.000000	0.000000	0.000000	-404.900000	3.000000	395.400000	3.000000	1.039000	1.000000	NaN	NaN	NaN	NaN	NaN	NaN	NaN	NaN	NaN
172.996672	0.000000	0.000000	0.000000	-404.800000	3.000000	395.400000	3.000000	0.892000	1.000000	NaN	NaN	NaN	NaN	NaN	NaN	NaN	NaN	NaN
173.996682	0.000000	0.000000	0.000000	-404.800000	3.000000	395.400000	3.000000	1.100000	1.000000	NaN	NaN	NaN	NaN	NaN	NaN	NaN	NaN	NaN
174.996752	0.000000	0.000000	0.000000	-404.700000	3.000000	395.400000	3.000000	1.048000	1.000000	NaN	NaN	NaN	NaN	NaN	NaN	NaN	NaN	NaN
175.996766	0.000000	0.000000	0.000000	-404.900000	3.000000	395.400000	3.000000	1.252000	1.000000	NaN	NaN	NaN	NaN	NaN	NaN	NaN	NaN	NaN
176.996814	0.000000	0.000000	0.000000	-404.800000	3.000000	395.400000	3.000000	1.202000	1.000000	NaN	NaN	NaN	NaN	NaN	NaN	NaN	NaN	NaN
177.996841	0.000000	0.000000	0.000000	-404.800000	3.000000	395.400000	3.000000	1.096000	1.000000	NaN	NaN	NaN	NaN	NaN	NaN	NaN	NaN	NaN
178.997110	0.000000	0.000000	0.000000	-405.000000	3.000000	395.400000	3.000000	1.069000	1.000000	NaN	NaN	NaN	NaN	NaN	NaN	NaN	NaN	NaN
179.996889	0.000000	0.000000	0.000000	-404.800000	3.000000	395.400000	3.000000	1.098000	1.000000	NaN	NaN	NaN	NaN	NaN	NaN	NaN	NaN	NaN
180.996900	0.000000	0.000000	0.000000	-404.700000	3.000000	395.400000	3.000000	1.177000	1.000000	NaN	NaN	NaN	NaN	NaN	NaN	NaN	NaN	NaN
181.996903	0.000000	0.000000	0.000000	-404.700000	3.000000	395.300000	3.000000	1.145000	1.000000	NaN	NaN	NaN	NaN	NaN	NaN	NaN	NaN	NaN
182.996962	0.000000	0.000000	0.000000	-404.900000	3.000000	395.300000	3.000000	1.331000	1.000000	NaN	NaN	NaN	NaN	NaN	NaN	NaN	NaN	NaN
183.996976	0.000000	0.000000	0.000000	-404.700000	3.000000	395.300000	3.000000	1.428000	1.000000	NaN	NaN	NaN	NaN	NaN	NaN	NaN	NaN	NaN
184.997001	0.000000	0.000000	0.000000	-404.800000	3.000000	395.400000	3.000000	1.399000	1.000000	NaN	NaN	NaN	NaN	NaN	NaN	NaN	NaN	NaN
185.996049	0.000000	0.000000	0.000000	-404.700000	3.000000	395.400000	3.000000	1.103000	1.000000	NaN	NaN	NaN	NaN	NaN	NaN	NaN	NaN	NaN
186.996059	0.000000	0.000000	0.000000	-404.700000	3.000000	395.400000	3.000000	1.139000	1.000000	NaN	NaN	NaN	NaN	NaN	NaN	NaN	NaN	NaN
187.996141	0.000000	0.000000	0.000000	-404.600000	3.000000	395.400000	3.000000	1.039000	1.000000	NaN	NaN	NaN	NaN	NaN	NaN	NaN	NaN	NaN
188.996115	0.000000	0.000000	0.000000	-405.200000	3.000000	395.400000	3.000000	1.328000	1.000000	NaN	NaN	NaN	NaN	NaN	NaN	NaN	NaN	NaN
189.996194	0.000000	0.000000	0.000000	-404.900000	3.000000	395.400000	3.000000	1.157000	1.000000	NaN	NaN	NaN	NaN	NaN	NaN	NaN	NaN	NaN
190.996240	0.000000	0.000000	0.000000	-404.700000	3.000000	395.400000	3.000000	0.842000	1.000000	NaN	NaN	NaN	NaN	NaN	NaN	NaN	NaN	NaN
191.996199	0.000000	0.000000	0.000000	-405.000000	3.000000	395.400000	3.000000	1.341000	1.000000	NaN	NaN	NaN	NaN	NaN	NaN	NaN	NaN	NaN
192.996222	0.000000	0.000000	0.000000	-404.900000	3.000000	395.400000	3.000000	1.345000	1.000000	NaN	NaN	NaN	NaN	NaN	NaN	NaN	NaN	NaN
193.996253	0.000000	0.000000	0.000000	-404.700000	3.000000	395.400000	3.000000	1.420000	1.000000	NaN	NaN	NaN	NaN	NaN	NaN	NaN	NaN	NaN
194.996278	0.000000	0.000000	0.000000	-404.700000	3.000000	395.400000	3.000000	1.200000	1.000000	NaN	NaN	NaN	NaN	NaN	NaN	NaN	NaN	NaN
195.996290	0.000000	0.000000	0.000000	-404.800000	3.000000	395.400000	3.000000	1.312000	1.000000	NaN	NaN	NaN	NaN	NaN	NaN	NaN	NaN	NaN
196.996361	0.000000	0.000000	0.000000	-404.900000	3.000000	395.400000	3.000000	1.198000	1.000000	NaN	NaN	NaN	NaN	NaN	NaN	NaN	NaN	NaN
197.996400	0.000000	0.000000	0.000000	-404.800000	3.000000	395.400000	3.000000	1.290000	1.000000	NaN	NaN	NaN	NaN	NaN	NaN	NaN	NaN	NaN
198.996392	0.000000	0.000000	0.000000	-404.900000	3.000000	395.400000	3.000000	1.058000	1.000000	NaN	NaN	NaN	NaN	NaN	NaN	NaN	NaN	NaN
199.996589	0.000000	0.000000	0.000000	-405.100000	3.000000	395.400000	3.000000	0.904000	1.000000	NaN	NaN	NaN	NaN	NaN	NaN	NaN	NaN	NaN
200.996442	0.000000	0.000000	0.000000	-405.100000	3.000000	0.000000	0.000000	1.115000	1.000000	NaN	NaN	NaN	NaN	NaN	NaN	NaN	NaN	NaN
224.995107	0.000000	0.000000	0.000000	-404.500000	3.000000	0.000000	0.000000	0.600000	1.000000	NaN	NaN	NaN	NaN	NaN	NaN	NaN	NaN	NaN
226.995144	0.000000	0.000000	0.000000	-405.000000	3.000000	0.000000	0.000000	0.548000	1.000000	NaN	NaN	NaN	NaN	NaN	NaN	NaN	NaN	NaN
